30000 25755.3482745615095514581871369546838
30001 25755.7130154589483822813649985971866
30002 25756.3919565899810406318540098681194
30003 25757.0615456610469703361619579801520
30004 25757.5469296489753861231928481692721
30005 25758.7074446366224194543940359167664
30006 25759.1513516666314572696908884604240
30007 25760.0109862087597557903931300379552
30008 25761.0459161393256845608483030664523
30009 25761.4632198519694666733991929966922
30010 25762.3469922744076609029306920799702
30011 25763.5352168625047313008606013054656
30012 25763.9746279337425271796747289544179
30013 25764.5267035624857340325610149967899
30014 25765.5989294742323921509751089245455
30015 25766.3098107745042782430457275740165
30016 25767.0025600286320796114888202201349
30017 25767.7926638759345615927506111696129
30018 25768.2761024915158681894076924224308
30019 25769.0136750541101772644541394889432
30020 25769.2318946830245242738416787004646
30021 25770.8991611567887700747467936029216
30022 25771.8462565371676809638069538337710
30023 25772.3541798687643410495953545382700
30024 25773.0036065420597853517036014047756
30025 25773.9766169418348163906244366853662
30026 25774.5937242674480404629315805829890
30027 25775.0825941964103843934789161473872
30028 25775.7997015658921514977986173527566
30029 25776.7914991542434666900497856291291
30030 25777.3938206763357300705030071779149
30031 25778.2544115651496532331753094582349
30032 25779.0866088224063909718277651487226
30033 25779.4087212480566853736920442477030
30034 25780.7234857111522293261381790396284
30035 25781.1211366264603463801095426210391
30036 25782.2150126817956490411151508257273
30037 25783.2116863033955402669045380673012
30038 25783.7278943178921118074591924387087
30039 25784.3146475548989563705836163595028
30040 25785.1081679796603907972780995161584
30041 25785.3673499531498634879733879750322
30042 25786.7211335190204875911601433581004
30043 25786.9221704151623561640948791416810
30044 25787.9947352861638099278287917270087
30045 25788.5653976944352985039184533948777
30046 25790.1182751704076747309572847295173
30047 25790.5949657224608354219942341929957
30048 25791.2467220980642080460017821819956
30049 25791.6744085226650545898536345413774
30050 25792.5749929482936139180441973760265
30051 25793.2988377321837358416038778261960
30052 25794.2911130993959905266846684883497
30053 25795.0100974457204543148637154870438
30054 25795.6293182653479551898354270175465
30055 25795.9872620473650642098746740616539
30056 25797.0171820407359326500592374117933
30057 25797.6996802044013243819421282422178
30058 25798.5887326130257118725993486519174
30059 25799.8027902427854985201578378102021
30060 25800.3897607173880419141027230257313
30061 25801.0594477903245837842195484909702
30062 25801.6768054429845041072132946004773
30063 25802.6412537612103562262042543900726
30064 25803.2529550294579990788216629198454
30065 25803.5860845599191191365035808781493
30066 25804.2328969207733325580615354543156
30067 25805.4416684626968771038829713283247
30068 25806.3741920881392856976661228613899
30069 25806.8547752198890199333666778493394
30070 25807.8846436975122263898560149921877
30071 25808.4601573296633925974073790720793
30072 25809.2007594747221596877101364698589
30073 25810.3516074808879229619548610350819
30074 25810.7516508757216929007094434572121
30075 25811.3366482023935180549853509684507
30076 25812.4500116203754519714772634928836
30077 25813.0722085756119601089583020098566
30078 25813.5375325802041152982243953732498
30079 25814.4842344708736655685147191055481
30080 25814.7995038250390679043732504076047
30081 25815.7496492889737862913210315581984
30082 25817.0358107222520785572724861048867
30083 25817.8762500735283409168642366142948
30084 25818.5521981162636268114343851846140
30085 25819.3472238291647890437420407064291
30086 25819.6525181462446925809804785240787
30087 25820.3048771704669385140491841170085
30088 25821.3083637059450607209523147634738
30089 25821.9188369213216935894732163563341
30090 25822.9473842397202375712570381156516
30091 25823.5692619041976970423356265858726
30092 25823.8655958823176545833194448293123
30093 25825.1792730736580018313251728862549
30094 25825.9455489091361559200465681954045
30095 25826.8489992029480129384313815044418
30096 25827.0834060257600156274277467091065
30097 25828.1902670339985403125409057874244
30098 25829.4247981598433243126306394873044
30099 25829.6548182026505004679412280108754
30100 25830.3617093889725457798404008667753
30101 25830.8486327228076665773512234965990
30102 25831.6910797941720802362978665254834
30103 25832.5153204744630671151346840522797
30104 25832.9303192586409243222396351652931
30105 25834.3156846928041701870480214412824
30106 25835.1998167268277290357107853315285
30107 25835.6537867597603525525510317677186
30108 25836.8411857306933770556667979142897
30109 25837.1095130237994247340135535915724
30110 25837.8389323120412866386211552475830
30111 25838.6933980746116824222227053773530
30112 25839.3071787337207074055986187804171
30113 25840.1852416919813421360799254021088
30114 25840.8559688414692086274144210053724
30115 25841.8873534920817213126265152689319
30116 25842.3976080221824361759201511461950
30117 25842.6574144009924090185613915764651
30118 25843.8005933492273115063182025431682
30119 25845.3164679080180781474874032810212
30120 25845.5006958108299803120958944277122
30121 25846.4749292280663263381461164306431
30122 25847.0634782260832043978290454743182
30123 25847.6610322197640841973932605113690
30124 25848.5229834869259758190489491186267
30125 25849.2433198190458517704416722194627
30126 25849.6549150674094286021807022640578
30127 25850.4662147720711631292997490720276
30128 25851.3552123364007502835958682427934
30129 25852.5094756898092765045487866495445
30130 25853.1475274207421272625838179433073
30131 25853.8887467820960065936224046250389
30132 25854.7313171378518944984283241465326
30133 25855.2110779337119481561213791983438
30134 25855.8412460413447215248041831862580
30135 25857.1542714968507203061242614822348
30136 25857.5639824484808272170228909282212
30137 25858.3992351538965045367433346727948
30138 25858.9260673197494609086378690113937
30139 25859.4290970697734522607223211789410
30140 25860.3560696421576931969241420766270
30141 25861.3256632040598731088007154452109
30142 25861.9790460594134102306972340585441
30143 25863.0754721133512137423583853963040
30144 25863.9474574868228323927057193739264
30145 25864.5392598347944269023624077028068
30146 25865.3192513487032471490520679898111
30147 25865.7487084688715463443794352098196
30148 25866.3731383073757225713569613787111
30149 25866.9983314879034959627068530670636
30150 25868.2664776395273506440839495609259
30151 25868.9831129454172221274640807333575
30152 25869.2787522791449721391637770982389
30153 25870.3878369598875534713905979706495
30154 25871.1784938932541006064702751718429
30155 25872.1374342044363302355052451753899
30156 25872.5073189798240336315770779798184
30157 25873.6097704047638448957118130121369
30158 25874.4018944886657353579489712182277
30159 25874.8410173506090123402969505817964
30160 25875.6763846721335067227010400001558
30161 25876.6096437656454058998549463930212
30162 25877.0991740491804173121468901227804
30163 25877.4475149954007802388630018262523
30164 25878.4288204724757004591224764599835
30165 25879.1461771271015839050797035028346
30166 25880.7707921375533438348730003120521
30167 25881.3424635896060200937552726254355
30168 25881.7992520192414883293919640980116
30169 25882.1994562419474239807775967959898
30170 25883.4011559560495534097579376793700
30171 25883.9766705350566427846122628359171
30172 25884.6062433864529260848453470487320
30173 25885.4372268121666635107576093311049
30174 25886.0855057436209626277039376065208
30175 25887.0883181720133654233646372168229
30176 25887.5686336432002623645228663288093
30177 25888.3554539750568652212684794065705
30178 25889.3297140298341810291478138527355
30179 25889.8761406582055083536118475593829
30180 25891.0629767983154093873186770702971
30181 25891.7011876412927305278782257355424
30182 25892.6730535616275978308309429128810
30183 25892.9363850639770666484683585280683
30184 25893.8026092154076196943739292111517
30185 25894.4215435945633441183326997302346
30186 25894.8603734800432150662517214282754
30187 25895.8982519207987791116267672211635
30188 25896.7599857036753360439562041132270
30189 25897.5500001754504276593541586122621
30190 25898.3498511630975281933227071662793
30191 25899.3718108775748738576118930685834
30192 25900.1047296225537706249455275903325
30193 25900.7101728359040989991927653873457
30194 25901.0637983161233007986490789559339
30195 25901.8871971118906018257843107695230
30196 25903.1454153306234308907953473664158
30197 25903.7132073046910163961858975418623
30198 25904.2546451344932765067779333871893
30199 25904.9267059443201971745282132541784
30200 25905.6296779766001744695419074818274
30201 25906.2243987602521789680573924334176
30202 25907.5762697721921419956647451919286
30203 25908.3347026474229768792143603422921
30204 25909.1268924392482494518072249652328
30205 25909.7922213872732751307819097079127
30206 25910.6459011464093362575046356240466
30207 25911.0761472995811378598358283651379
30208 25911.6684060719225486252978634156917
30209 25912.7352701627321382075995619616418
30210 25913.1783519469814486944650887676247
30211 25913.7462305690605447753825824894690
30212 25915.0682908074094816177298937363564
30213 25915.6999544933847251841465989228720
30214 25916.6957292374727143999562400386166
30215 25917.1095934296710735501774526530432
30216 25917.8433557197744691822323435658414
30217 25918.8575198302930941669409108261980
30218 25919.5585046473485557698737423030279
30219 25920.5020139033088460370099912164517
30220 25920.9727225419859802780482926274328
30221 25921.4131945343336154821629614248692
30222 25922.4375968413981933230969428772999
30223 25923.2462620249883164206409840928061
30224 25923.7139824958340764783003086854538
30225 25924.1684678818389144319351315102110
30226 25925.9614128744589849847958189121762
30227 25926.3405486178174158574152724344795
30228 25927.4956669975167849059992243015798
30229 25927.7220027302625312463459505860160
30230 25928.5975703917178158697873487614569
30231 25929.0769843659566304486956801079188
30232 25929.8678892588583789259444662507037
30233 25930.6039410662303123926951372949644
30234 25931.6875706179130092581176899269078
30235 25932.2525794497467782284820548388025
30236 25932.8837816522809903864296111209823
30237 25933.4678523899233878589405158137862
30238 25934.7308373605628996595243150774662
30239 25935.4065605580280594149990729528656
30240 25936.1302805192975141728720335718362
30241 25936.9663575589007570603328909443287
30242 25937.5066295837322198893786856163403
30243 25938.7752415995382606673048085999306
30244 25939.1255000013730179522987045259139
30245 25939.6602558707546155039686704050156
30246 25940.3150182406446380583862785399049
30247 25940.8818354750686023631252291044014
30248 25941.9169740029038727782090610702613
30249 25943.0390424039117912288011500483620
30250 25943.6315296349282730990301209356144
30251 25944.7366357382144733393828679243042
30252 25945.2426239181232045191357016671557
30253 25945.7554588436657926940956267626816
30254 25946.7870909373921922950206245595474
30255 25947.2548866861186619797092458607093
30256 25948.0617208267655026048228621299528
30257 25948.8670929027059152196447498473825
30258 25949.7751160355097789156084838733301
30259 25950.1770940636340739235718644393616
30260 25950.9500375610972815264570066187487
30261 25951.9294356647512920247147667926576
30262 25952.3764412753263794597108349946673
30263 25953.3787337849773026951856318994325
30264 25954.9219677582614262786259834969401
30265 25955.0434481973707816441913371599264
30266 25955.7653827895863993033313032305382
30267 25956.2181153024410962192836879965055
30268 25957.2078703529963704450489379314039
30269 25957.7891168529810428043011666336379
30270 25958.5468590731147533396134617560823
30271 25959.2525277887827623446973185049117
30272 25960.0164317748146222699674061428742
30273 25960.8836855116055231925976721172396
30274 25962.2049489305600060602742048993786
30275 25962.4890305743961554794648233474551
30276 25963.3044681398636815874747148744151
30277 25963.8507023566087129908713665868170
30278 25964.7121220074386162295056543599490
30279 25965.7717619711746047914860754953815
30280 25966.1374179528330648087483040394658
30281 25967.2700463431486308395852243555735
30282 25967.5438365716378473019859615963236
30283 25968.3235854479605483766085099246855
30284 25968.8297671703991610562306384727632
30285 25969.7764460639974270030668306175142
30286 25971.0402640066458920955466264347234
30287 25971.7345031269297112922998739457401
30288 25972.4533740572380946316963679987558
30289 25973.1341450012025316372738947805558
30290 25974.0445216531206212324979434259850
30291 25974.6182093974637310884221302522438
30292 25975.1268130023543485340433818386433
30293 25975.6048516622768222394603919565786
30294 25976.7423777207891052354244181386724
30295 25977.6120378887369052412310955347040
30296 25978.3141596410354628604713168591687
30297 25979.1495847380548854816587821104295
30298 25979.4426614489092103183409230649387
30299 25980.8903678968085070192556624327905
30300 25981.4351805693421523154428220100137
30301 25982.0476474439269903286887078354308
30302 25983.0224465873739207141797348598777
30303 25983.9414055084920897421171403219079
30304 25984.1639216183530998848893884573077
30305 25985.0324796202816623804009028101723
30306 25985.8481232491048121474288036617973
30307 25986.2916989633436335507639367361144
30308 25987.1712247707057893075460021720743
30309 25987.7120577240083055515047035817657
30310 25989.2957416630706380607376047419515
30311 25989.9927769827182118746496699868860
30312 25990.4918715066253874306503827986350
30313 25991.3673933177824975288375721644893
30314 25991.7925055250327905772536728633398
30315 25992.2811170888483723119956302721908
30316 25993.5697509289747241094995567003238
30317 25994.4684520488856073355344251667781
30318 25994.5773434948701294015152671013603
30319 25995.4458767269325314565933034282503
30320 25996.3131319875728846377097956702495
30321 25997.3319637973412024513829542389859
30322 25997.6020701717266666939837145542041
30323 25999.0113095532076133935924401910157
30324 25999.2421723924829993825967826506576
30325 26000.7612647425607661253420596978840
30326 26000.9938865002415148277948951575326
30327 26001.8243693870196871553510071431606
30328 26002.4194458974879360304329618014044
30329 26003.0429974982619376829337723294702
30330 26003.6895097963304419954142656876425
30331 26004.4467461419905105805242342789403
30332 26005.3336053336070850763338235477529
30333 26006.3375701947484881767987103369648
30334 26007.1925206363703311053262365776785
30335 26007.7731538975648112747233906901148
30336 26008.5820056998369873016285281188015
30337 26009.5585504859505875782139303184996
30338 26009.8770853520006688075811963855330
30339 26010.7122348725635140180805376178030
30340 26011.3782793815623326391919843441795
30341 26012.4069468772334264190644564404874
30342 26013.1940789334205293749963444797129
30343 26013.6700863244032951428520577744963
30344 26014.1457097292158086541837935479059
30345 26014.8767138831692562789769369150524
30346 26016.0338100788714478967462863788215
30347 26017.2249467397580183959126858322961
30348 26017.8599458652818340994834575215459
30349 26018.3091513424840143368277271802528
30350 26019.2808483222440587254424596826719
30351 26019.6516813233462074912968624636492
30352 26020.6724882311651610353825907154619
30353 26021.1848436708022063035899372162923
30354 26021.6168698982840584646691488535602
30355 26022.9485066110131743163922068783742
30356 26023.4407634736755146931639072008913
30357 26024.1324711528180336907188164727618
30358 26025.5205839116840121826451634054085
30359 26025.9158393268807199258995305316411
30360 26026.5336846624210763033431641800971
30361 26027.1477374265335326945030191773723
30362 26028.5195499494018261915524980243515
30363 26028.8947932798127046137045596954862
30364 26029.9056667897202222496223786755110
30365 26030.1915487113760380854887602794304
30366 26030.8855682324968760219873597529778
30367 26031.6064533480093803559737002035196
30368 26032.5489837579052651736104074770278
30369 26033.1457907214956239574393241313363
30370 26034.1162699481833036055395969940317
30371 26035.1983002214577573338489473979687
30372 26036.1578700798074768361595365353202
30373 26036.5039781972668347684157029769220
30374 26037.1174685554285429873722756652949
30375 26037.7470874234119584812855063290291
30376 26038.6350877496178588052283934453488
30377 26039.1985340232449770883859765200253
30378 26040.1987461971732699039202926049368
30379 26041.1289604017124303165450060469317
30380 26041.4289742175756080927926520499243
30381 26042.2077308784941577840163445381218
30382 26043.2455360868509770215447321593866
30383 26043.8869616136851912813191727177991
30384 26044.9829321146606471364781445244800
30385 26045.7158397215366838244305643111715
30386 26046.1731081536236205546994184264580
30387 26047.0740099799938765764395168096840
30388 26047.8624200027367466628271950523598
30389 26048.3612038688844004279230685060275
30390 26049.2134536232062794461713769827995
30391 26049.7384890632324977268594979033669
30392 26050.0394015116069052705044312420747
30393 26051.6975589436354170650740322050300
30394 26052.7121105482015106547886032281827
30395 26052.9573223752547684148020782600496
30396 26053.8834624187411015659865442963513
30397 26054.5399618386866908054408181470775
30398 26055.3394425748858342271982396315123
30399 26055.9374392491795037990583809246092
30400 26056.7222502011172078924222180097427
30401 26057.7488922125071008281435481139628
30402 26058.0382694548478841889134337823423
30403 26058.9975298282250455745249307075439
30404 26059.6521224095731249791487193237409
30405 26060.3439688348974997076786344511163
30406 26061.1189432697218515303569694532464
30407 26062.2088963179043729161750502705204
30408 26063.0267972190973812510459165335620
30409 26063.7720016978114168788498209036857
30410 26064.7305815801463580055482741875993
30411 26065.2461433861077836738097033659918
30412 26065.4522797773419266871778673741270
30413 26066.2177005879387671443439307903783
30414 26067.3021817547576088807188473634462
30415 26068.0392542625832485011236959386045
30416 26068.6423669370850108928135101627444
30417 26069.5077149631856270581883407519727
30418 26070.4236586762725703815087693966689
30419 26071.4029133344197557434798817322989
30420 26072.0485085343611650043226226079931
30421 26072.5733031603911355406036376363343
30422 26073.1648622326954854926344560120885
30423 26074.2017506686619735965862711645698
30424 26075.2305457354020677040304096749137
30425 26075.7143822768308976284885091096395
30426 26076.0331345981025946302253876896843
30427 26077.1989398136680511584703625256018
30428 26077.4735150643632104308707127801177
30429 26078.2657569526045493992085744631865
30430 26079.4662775607023890408172956717419
30431 26080.5972597361390969357267516734882
30432 26081.3238021039574879667213044864727
30433 26081.4931994546071391413535842495252
30434 26082.5131183966949475608593782509860
30435 26083.2320308485413920406542078170430
30436 26084.0051534153170213914741491356582
30437 26084.3166543832447394814171431077858
30438 26085.3309633756495821195726869786335
30439 26085.9474275402016726538676842948988
30440 26087.2118237028693571394414122408516
30441 26087.5374593972834677757965950394557
30442 26088.4508278160432541248578923018122
30443 26089.1201180766918716967990801211984
30444 26089.9790283722585436747991842017516
30445 26090.9390566636969518996770604710481
30446 26091.8144583753331239738711940778538
30447 26092.2619611555101890891717914179492
30448 26092.7844922967079822250196323131374
30449 26093.8971398993713657726584384041496
30450 26094.4678514328020599770906776299364
30451 26094.7560383263072205132506405994633
30452 26095.7521306651446067601729362897602
30453 26096.5743215391145845951838863436251
30454 26097.5658432594152121714633451087658
30455 26098.6682747029784313909156800585746
30456 26099.2820247120025681853345683501211
30457 26099.8902245333409124124702604892485
30458 26100.3819273566829951115668883687468
30459 26101.3269771786128800109188321001752
30460 26101.6520512507356159186687878790874
30461 26102.9552102367574753593419565284245
30462 26103.7646700571304080977421889457071
30463 26104.0412101242743648985510231306957
30464 26104.9639699584442420831038158478742
30465 26105.2659528860719892035170599963096
30466 26106.8503905419968023841246569201282
30467 26107.4015035716531040461496610512917
30468 26107.8839275367746514130985015374731
30469 26109.2018589340436958649905473904432
30470 26109.7681632970846050288005852599893
30471 26110.3829479653151565695186637277699
30472 26111.2277431385650276281576972182607
30473 26111.6180920622468454184042723314508
30474 26112.3076958883207477843958266041592
30475 26112.9332681592002936447440852255076
30476 26114.1449147763257072297030376766758
30477 26114.7063054873413578169010418538692
30478 26115.8496362750237064047601631508798
30479 26116.5162926188069572444041187387216
30480 26117.1539473119634985829599214587371
30481 26117.9289633897746542438966665813899
30482 26118.5452208625190652266853577358150
30483 26119.5498965173501561721427896103039
30484 26120.1102564560835944548682043008400
30485 26120.8269288435610685129421136941840
30486 26121.5303919646223697069479406615582
30487 26122.4899488225789305212480638300379
30488 26122.9458212860663661002637619154573
30489 26123.6221036695495803544739838279819
30490 26124.2041500834714421571668998874821
30491 26125.9283789980106007317113563990635
30492 26126.4183596803882315151856139238864
30493 26127.1668104170751316277691213497322
30494 26127.7691284969943841312087430539351
30495 26128.2093064425294805469819953282497
30496 26129.2340772827138551347347067652345
30497 26129.7269646669061917568594151371296
30498 26130.5887606261583700894743573409604
30499 26131.2630451683758611279576439631059
30500 26132.0100706394457728384535007971564
30501 26133.0206579246593475546099131185572
30502 26133.7004222809519963779198441907901
30503 26134.6071857444776607081625312886553
30504 26135.2127441984452494529395973131880
30505 26136.2660897428413043411739132202408
30506 26136.3626302228807110391146298155152
30507 26137.7533529285983436046863840028037
30508 26138.4722036654315138784508115191807
30509 26139.0315524191473874716116380525985
30510 26139.5204559021451109718170386336387
30511 26140.0430796231831627220122023803635
30512 26141.1749072609837222023385155220190
30513 26141.5567458902508129811195899885209
30514 26143.0973379632192377031567262948774
30515 26143.6468052794132118717836528817878
30516 26144.2520303926879082222515688814109
30517 26145.4272922044197676139689555264713
30518 26145.9718030421729354338328347091972
30519 26146.3387490810978096722399591647136
30520 26147.0115450744837976644398747012882
30521 26147.8241625795677052669407021744346
30522 26148.8737227588372968942311208316866
30523 26149.6829885715317011839441465211518
30524 26150.0132785746321375532579567436352
30525 26150.8739621649386256978775215402232
30526 26151.7870882847817289993661056075269
30527 26152.4135512349629874498747188098978
30528 26153.5292287608458708084306513573351
30529 26154.2814264921267871313119122673575
30530 26154.9447135237239216610459274650979
30531 26155.8059910926192264751610350426191
30532 26156.1821157506655463090433378609340
30533 26156.9635589745855173415327908059093
30534 26157.7630588628325861703205402532041
30535 26158.5027002569090265474126051672364
30536 26158.8457591763321271737990911703964
30537 26159.8205728401245696503597083449397
30538 26161.1868042466974671699121409213081
30539 26161.9710572733854942979040372355728
30540 26162.4931978214234326175371657443361
30541 26163.0974180663137956141749861270541
30542 26163.5713888657562626363387625302212
30543 26164.7672726343921903600901956923952
30544 26165.5366024954540985013302718240050
30545 26165.9320455716126724087710939108434
30546 26166.9378104112965948377872508634687
30547 26167.5476005013297860055284079803027
30548 26168.0756884918631558594661043513697
30549 26169.0507781409264712727686689073334
30550 26169.6939177914642032299243588694376
30551 26170.6721735656448812048307367912487
30552 26171.6587416097755140624558454373505
30553 26172.4237630007654608084329813881695
30554 26173.1800814124189610811072481729003
30555 26173.5917630239803991726909583248162
30556 26174.5116865657335341883504355873224
30557 26174.9979338991888895850430644584052
30558 26175.5323695530139938977539104369267
30559 26176.3648387724791765202456386613442
30560 26177.7985824067423987231842499510008
30561 26178.0263726266627825927674353466763
30562 26178.6752980398732142686656531103469
30563 26179.9625039908368696038800995945413
30564 26180.5889006059846831421991540705058
30565 26181.2868543362639520984295840000533
30566 26181.9127549102248679373561087957468
30567 26182.6602548017119195654493741310978
30568 26183.5765336919484760883483059870519
30569 26184.2492696892576683725274819963833
30570 26185.1759077108352319990228915683697
30571 26185.6175903727753413516079809425382
30572 26185.8700785356406881347122832908616
30573 26186.9110430126186375493836793033660
30574 26187.9752765261507542716997331551523
30575 26189.0486083544003148205634482268609
30576 26189.7956473929853287319490162285253
30577 26190.5128758223737831419437125203174
30578 26190.9071926099657945310937741516396
30579 26191.8134537561418953707311869381851
30580 26192.2933125438052431937097964782577
30581 26193.2912213136931601185392190653998
30582 26193.7985730238908781365498753695425
30583 26194.8180370698611482580202956127212
30584 26195.1690211386932045370837290044194
30585 26196.3889294865430937876198438309803
30586 26196.9993081051896800741851451943857
30587 26197.9290044889400175139412859125488
30588 26198.3607877435390918243469436571770
30589 26199.2706900919203762549131620996666
30590 26200.4953302305421846221292074946240
30591 26201.0451770042947806970734140647206
30592 26201.4778124537381037144588076247792
30593 26202.2150519602892102166615850237516
30594 26202.7724066967039194272313360844558
30595 26203.7916725245009018488214805701236
30596 26204.3063954998918302141270053330086
30597 26204.9602398341502847968356284419576
30598 26206.1172490936261601999350494552815
30599 26207.3108397204976559860980303530444
30600 26207.7224583851796567186485630257965
30601 26208.2985894264296562509851856020904
30602 26209.5156463285944631272427924023470
30603 26209.6354392428599305862638577928123
30604 26210.1555373468657890123550056304741
30605 26211.5504238811626455152369567114299
30606 26212.1076912887966572478556458840450
30607 26212.7962147413330004602498452308422
30608 26213.5696626819109786380124387437456
30609 26214.1600003157950552266084788801300
30610 26214.6690870307943547507443318800690
30611 26216.1425135379973453277421015831642
30612 26216.8441987928484907193429410042195
30613 26217.6590308805777037754968663394982
30614 26217.9974434304830522374543956129642
30615 26219.1108506473118442390437503465888
30616 26219.8461092186085545340002593701062
30617 26220.3029083996534776327195985027781
30618 26220.8336215465173179210298488122588
30619 26221.5292821287747111354279397455104
30620 26222.4721534671540156958685209133152
30621 26223.3675585884634248037167361448186
30622 26224.4945518972903579440685274651290
30623 26224.9099072843195869766969988718666
30624 26225.7686526989971822115099871400317
30625 26226.4551515501264832699606203942062
30626 26227.3008801355326546850022137555716
30627 26227.7537072398934742705667312124756
30628 26228.8787018835970491081126779688703
30629 26229.6101182466442842980776908560627
30630 26229.9956215615414594366531839178223
30631 26230.7364499787364869403290089067511
30632 26231.6628428747532759907355400926388
30633 26232.1699318367485039212637462971141
30634 26233.0194107687400590802613293114119
30635 26233.8992833464426649440521354340553
30636 26235.1223459251523588263482927209470
30637 26235.9818874606053122139243648848325
30638 26236.2924754797982060310009633083784
30639 26236.8537643053326507632496080077771
30640 26237.6390716564579256006835091093459
30641 26238.1818555851299949084785782477489
30642 26239.2999509009022095089879884617411
30643 26239.7929862698543760689616739736413
30644 26240.8513291100454130097377180855340
30645 26241.1262870830517718155182549138435
30646 26242.2674624712151679030716834256677
30647 26243.2842586885072895011365125459267
30648 26243.9021813816753837748536690254596
30649 26244.2472030648938668785331013139623
30650 26245.4568600644954658259577559368721
30651 26246.1910637994902894885534837767510
30652 26246.7821126964156577643670162000417
30653 26247.6576046992996759086303163532729
30654 26248.2344630890599222001551009135254
30655 26248.8802759124475846935938968053510
30656 26249.3987904884482936372115564990021
30657 26250.0334684241442186417118811467898
30658 26251.5934685000072400587532908232807
30659 26252.2244959959642257799479726273046
30660 26253.0650980905664296556202213981490
30661 26253.6098198292567378439668148236890
30662 26254.3774278837349014799670535667768
30663 26255.0701413873613987291555380584991
30664 26255.8985584750745468051112684300723
30665 26256.4551231938600925425734229095751
30666 26256.8663293566991207143500030813368
30667 26258.5157443856126511266862406032080
30668 26258.6143661589542777087560935860310
30669 26259.4574808324873556403317888427273
30670 26260.0404061345365406298239432765120
30671 26261.1490595724948838060087951376088
30672 26261.8440906525007922273968919781442
30673 26262.8930233720277246750263211098618
30674 26263.5838758788347357888619815891404
30675 26264.2087200860751838326108853134515
30676 26264.9712598283788359183557832436617
30677 26265.3952424913101211523222448264782
30678 26266.3123413832572705180026007750652
30679 26266.8310276248224625009942969195552
30680 26267.6916815530688558668555393986892
30681 26268.3567389317950191128138055657647
30682 26269.4644986792987627927786134485054
30683 26270.2644000819878149078140097088580
30684 26271.4463094635009468657320177307490
30685 26271.7628272840484457912791626728294
30686 26272.0882824356228013382327542702073
30687 26272.9859510235544581876511814546016
30688 26273.9107511077622251949166844120524
30689 26274.9574030678137919775117133996702
30690 26275.4516809085117628772713473128340
30691 26275.9941703320233959037638587560676
30692 26276.5077273943784837722871497140503
30693 26277.5961492053780222481092884652555
30694 26278.2723768268407826624721671652381
30695 26279.0867187068602176828008183928578
30696 26280.3409292893390899024883521305990
30697 26280.7279187140865645485551859723393
30698 26281.6792204701104793599229084043455
30699 26282.4324844219437157912430826551865
30700 26282.9243324451773744497627527560018
30701 26283.4007346020079859682933009277159
30702 26284.3553196173719297202077672007648
30703 26284.8545363296439071933399105783345
30704 26285.8968337746605699189893632331938
30705 26286.6395957415971225195794780212226
30706 26287.6977862538306051260303421722820
30707 26288.2455855076587431670829987758420
30708 26288.7802112829909191774003118714876
30709 26290.0379313541729874023988393369561
30710 26290.4715788291712667920926620478042
30711 26291.3880097655287213478129874043932
30712 26291.8881727727150017481590968335975
30713 26292.7783242784416735541000086496175
30714 26293.5907143810892117024618596622975
30715 26294.0910239058772321603688962983941
30716 26294.8632885521430320756206503461095
30717 26295.4440071106951245650919683674119
30718 26295.9777099251061867830858979389483
30719 26297.9018933837669114027442400142872
30720 26298.2094958800514869312775946313121
30721 26298.8580001153715156880869462302103
30722 26299.6329836983848056927698079790561
30723 26300.2484154527996379276681346092286
30724 26301.0845708397910289262005756837791
30725 26301.4427366824837408376268990462596
30726 26302.4827837452744461460577995516337
30727 26303.4105643427694327636250963263839
30728 26303.8015670206134457796219099525867
30729 26304.6228690095951211084965158347881
30730 26305.4923503967200814015530359187972
30731 26306.4231945272152154090094323024309
30732 26307.2054502008386165876862518176334
30733 26307.6558484592194788330008714066939
30734 26308.6289069944118611169562929940830
30735 26309.7200322097460627072564446955025
30736 26310.3102096880413910983662186125379
30737 26310.6446433676446246861460486808487
30738 26311.5141149495732232257460100630071
30739 26311.9468992980846591540914239788173
30740 26312.7002652156502251389545468695550
30741 26314.0172619507471929837694954173703
30742 26314.2730100186522441858889139812268
30743 26315.5718819279455054057167858753381
30744 26316.3110461865471843196060250267051
30745 26317.1647180080480579817505219490983
30746 26317.5885582058841172306383926503605
30747 26318.3113064415562982903290068951418
30748 26318.8899113903230273449741008537742
30749 26319.9320967972627770628025557820088
30750 26320.5285996783462765198098678337529
30751 26321.4269126082197677171764457215573
30752 26322.0926376670800697874818727641135
30753 26322.7481620950543825994772991585719
30754 26323.1695161118056645253821287225426
30755 26324.4158749642977401138409318501479
30756 26325.2177647524878503958772225329540
30757 26326.2909099387238480806923256512277
30758 26326.9484647816225452866365348763669
30759 26327.4743969947236346570592756928148
30760 26327.8076585024833736383320013153558
30761 26329.1156255588418084014103635956380
30762 26329.7382099133365740719296673440404
30763 26329.9489407471475820518880847386769
30764 26330.7493587260266661145483040343047
30765 26331.8345906249652063046732266702497
30766 26332.8123201774623033075811869523304
30767 26333.7065630747854666935383660703730
30768 26334.2190922763391262090122316526872
30769 26334.9405316685316970863458790114133
30770 26335.6124205272399702309597271906522
30771 26336.4530545103761728625203724286153
30772 26337.4021079361875644349022595948902
30773 26338.0128909125693006270447614268137
30774 26338.5422253188109124833689245048651
30775 26339.4386226876078060030991743175580
30776 26340.1335560728707534079099969745888
30777 26340.4622662712729920280632164899077
30778 26341.5480537502256266561501776042758
30779 26342.5696306604459276083708934663575
30780 26343.3321085159927109058026636170501
30781 26344.2884479444812890056703126681745
30782 26344.9791508797777742517172479619696
30783 26345.5873368577364463074766655518068
30784 26346.3483580674911544157673628369828
30785 26346.5502588477610109254423135695762
30786 26347.3941103712724650920065122297390
30787 26348.6030448278773854718696220273532
30788 26349.2026678816395763473821095330899
30789 26350.0887686506867036940965816162205
30790 26350.2911900616104885846451456158775
30791 26351.6719375814782780514531564618824
30792 26352.3574015935693759909373203722810
30793 26353.1640592954828694966373511535002
30794 26353.7250026549783924950999289125928
30795 26354.5154608290261330018846015509617
30796 26355.4902437034407888776072088282026
30797 26356.2664777568698432574582432747440
30798 26356.5907469855260433745045849937671
30799 26357.2877122947182967537991869364386
30800 26358.1465310608195042859070078078067
30801 26358.6347217859123655485700344782582
30802 26359.4696155987892305466276213505134
30803 26361.0252869979225619269122178329533
30804 26361.6940382685490295876467461053832
30805 26361.9675838189293384433244646641804
30806 26362.9616060268999243683242344557404
30807 26363.3589878942387641336090504172191
30808 26364.5726084377366547854758394427080
30809 26364.7165973092565990932639283229548
30810 26365.9263688579536488079008476385483
30811 26366.3976318249618024773572854416843
30812 26367.1041322393752642338114454202328
30813 26368.1155522732805404928645690376720
30814 26368.7992771927570915612088717888839
30815 26369.4637533781674546383869839758401
30816 26370.0693819426497871771531704741795
30817 26371.4995744277059427702778915728149
30818 26372.1816566963583873650370599848289
30819 26372.5525716983338482867095412912434
30820 26373.5218672527869409957637931413005
30821 26374.1958744440940455601695441067760
30822 26374.4105515122773845725887263026159
30823 26375.5009980827310241322854199227466
30824 26376.2012228644947133081903305696120
30825 26376.7250081798088216208908294458121
30826 26378.0612418779985674923931643750059
30827 26378.5453853432172484641697074712699
30828 26379.8055411007625119690241284447354
30829 26380.1314024485475749979747393420761
30830 26380.9828089660515200822272144407570
30831 26381.6504254590622588598077413566524
30832 26382.0863972201421939799156229047447
30833 26383.1769688209235284749706781703134
30834 26384.1232460080364772891985440157336
30835 26384.7658450956404420500745891250193
30836 26385.1831666020401946038527450578125
30837 26385.6492465269378958270212953954242
30838 26386.6483735385256666116881874398403
30839 26387.6991490999892680301939139194006
30840 26388.8393797092908421539501846870593
30841 26389.0929624162211417049442320156070
30842 26390.1917380128604439501102674393757
30843 26390.7948811920886180050303485880278
30844 26391.5271744181598420577628328017980
30845 26392.0577317098638081245724781170791
30846 26392.7320338329716046928351465134717
30847 26393.3986189172374994676978171912175
30848 26394.1867244076564953769518315019183
30849 26395.3942692540570155834809835433649
30850 26395.7683208487551317507181177129093
30851 26396.7219739160062633187376425992699
30852 26397.7548970301375240643859327940069
30853 26398.1379588763821938926908250923462
30854 26398.7191645788915187014536717664387
30855 26400.0969143280075445182767475208071
30856 26400.6123470605007027952474750077138
30857 26401.1573296602465444297534135112639
30858 26401.8350740440425725889521894357074
30859 26402.5791024713249367997239625440558
30860 26403.5478239027141303535747939741945
30861 26403.8980351877787940019735544066058
30862 26404.5288260826537442669090530980833
30863 26405.7168803015779328655057014429834
30864 26406.8860498820849257793310860305349
30865 26407.6780208798182252655746797569727
30866 26408.1267646065753362998918355826424
30867 26408.6764480260360989199861504759284
30868 26409.2103705606860593654351634213373
30869 26410.3059925650731187296829445978770
30870 26410.8530609223170158358316974359013
30871 26411.7532180849368697455309176217868
30872 26412.3429121239595865690642864255192
30873 26413.4153382799072363585578578965285
30874 26413.6004848540208805901414689545326
30875 26414.7777099306506739005719583025454
30876 26415.6272487144236258627178517004359
30877 26416.4506799096453980427812555153494
30878 26416.9168131562426869502176595559409
30879 26418.1217191570958673932391653138565
30880 26418.5488604312534945157066524099396
30881 26419.4029600462025871524269780651388
30882 26420.1526353150116805129183218497746
30883 26420.5241630657452028327198258842673
30884 26421.0411580941822977334670106310478
30885 26421.9661197020979384842033102502468
30886 26423.1520101867005228347888806149619
30887 26424.0000097869557195867677964533794
30888 26424.7542366722177696902384519122014
30889 26425.2536718955298822021877858198885
30890 26426.2997151671857861988576914476435
30891 26427.0206519386397842780682015695659
30892 26427.3550804134602966366988661116339
30893 26428.0759318418174199901463855166405
30894 26429.1967328988710854550668360018238
30895 26429.8573143138563349252888598151646
30896 26430.5184834491257889593951881220828
30897 26431.1122275952931290890697326904450
30898 26431.9961842445292566250509153489006
30899 26432.4843287894213713174035507419583
30900 26433.7075885935523050695458862998541
30901 26434.5831490831188858586686362544478
30902 26435.5572826681128780243838992027509
30903 26435.8790399459831299230239407504080
30904 26436.6448088641682072249645054044362
30905 26437.2400618422113137772322838826782
30906 26438.0108842158944703279977164247392
30907 26438.5401975567911214868556767734349
30908 26439.7819265879673324736621886165424
30909 26440.0138138235360720238758962069091
30910 26440.7701047814232119316578183654845
30911 26442.4727309213303320428011312779202
30912 26442.6978880477921408684856921554208
30913 26443.3038256883634726174267326349032
30914 26444.2194759149988937447667335875706
30915 26444.6792154898454370560338418489807
30916 26445.7421229816590009070596313385606
30917 26446.7765419200350679659589528038441
30918 26447.0505424744577580055822224532775
30919 26447.7695491765048099023579548750181
30920 26448.4017870958544686474191249369764
30921 26449.2133864269033827314223731147838
30922 26449.9033588226274406374544922933657
30923 26450.7340323147799016272920662949270
30924 26451.9728016860328082662555775823799
30925 26452.8125109136852999998502489053331
30926 26453.1463409087669776658844798111768
30927 26454.0694897356519544589845296800247
30928 26454.8564191843774695859623197888451
30929 26455.2316633704302311831100772016251
30930 26456.1008422745541141166057675691184
30931 26456.4162867954700436805875222607401
30932 26457.8923844114975903063289005749153
30933 26458.3755062933136681085938538903808
30934 26459.1336215910362206932918762555041
30935 26459.8267817746615564831069676130591
30936 26460.5755226319841241636512053671503
30937 26461.7909887750024604507137516860803
30938 26462.2088358481018360787725520098405
30939 26463.0627568669535121953721564023240
30940 26463.8650185154623717521772355911515
30941 26464.3493120261423441980410402903158
30942 26465.4285919254158897324576366274570
30943 26465.8322254167095338105861229632587
30944 26466.6146092485526970176477801897229
30945 26466.9331674552879527838076084415380
30946 26467.8955069332979758401526685909800
30947 26469.2396095688074553340760363303505
30948 26469.9038039901296318491568467164173
30949 26470.8559980508148874859358903230619
30950 26471.3352543899987460684968332385427
30951 26472.0911150591306771234476084017741
30952 26472.3589945653454643809961216526883
30953 26473.5482070967359896361257644541143
30954 26474.2792228155652970758707531241227
30955 26474.9917769499694646122496697097569
30956 26475.5893299209891469789072985269555
30957 26476.5001398036476066831004118161826
30958 26476.8602227947183579225781973877567
30959 26478.1891791286471733897827312431525
30960 26478.7634617182033042777752794230884
30961 26479.3576681475211914663169404254283
30962 26480.4885182161063772022263662289756
30963 26481.4492221904783594634352798971352
30964 26482.0821491973283035603353049088483
30965 26482.3855459051183425145423035186642
30966 26482.9304291615319651805240136706048
30967 26483.9887580689976774502752340731602
30968 26484.5364095894726138952901217304048
30969 26485.2361726117760683997561708813142
30970 26486.3423118081956985448259378142234
30971 26487.0375090200406185621366780964245
30972 26487.9621637312497002353907953525596
30973 26488.7773077917192780330209485489811
30974 26489.5436253833535383268607281177231
30975 26489.7937320824639281768396995551966
30976 26490.8574867328324689573155233335507
30977 26491.5949914276879803598597525949742
30978 26492.1871396649768114565235341394409
30979 26493.2932487704473168937411994672475
30980 26493.7254893659221425482161071223516
30981 26494.4121884496688072143817857376167
30982 26495.0091495785029868972174570960227
30983 26495.6162590416444071522681452426536
30984 26497.1818083863846132165216052046870
30985 26498.0241186504832354586558623426113
30986 26498.5179563360505836913779139568970
30987 26498.9116391733338358613575444746260
30988 26500.1588912208705179489169976052218
30989 26500.4531671487158066904082716191319
30990 26501.2854232104574465669210250072076
30991 26501.9242916096551100398345060761480
30992 26502.4779151975053425958114771011747
30993 26503.5677077968433338490265244327476
30994 26504.3853207493202485035717022408785
30995 26505.1173165243668157245352937112000
30996 26506.0047976475393832883009746766566
30997 26506.6821137943315243671828958937473
30998 26507.2080117648719905980964425447852
30999 26508.4939758546501337826963908905492
