14000 13222.8207354028325869612641920980842
14001 13223.6924264765254387454268585581292
14002 13224.5203995736961522221064693759212
14003 13225.0064885296241425377004266516665
14004 13226.3420221222218470536917391424729
14005 13227.0402877917634679207744605568309
14006 13227.7710823321958809390623152376175
14007 13228.7726561130578492685838430390710
14008 13229.4607800195726073227121066434594
14009 13230.2840880872415584318901499153684
14010 13231.2078092921575766533673278382851
14011 13231.5726008389465085824200572148056
14012 13232.4201769179733615911756885008114
14013 13233.2301544015825487435680808420887
14014 13234.0351778687189533388829675997832
14015 13235.8523458690197074771263387060974
14016 13236.1936769398816132225187676782678
14017 13236.9906635436617689983453670885722
14018 13237.3046713585120936002056149784266
14019 13238.5442362947215786123441660036169
14020 13239.1223248735044097598759166554105
14021 13240.1075268013671649937218276975689
14022 13240.8202517982202255190823591221221
14023 13241.5262265695368424907345368933670
14024 13242.4105497585950728120945612216460
14025 13243.4471637330427287701872841894198
14026 13244.1531557511481535103940122880297
14027 13244.8373082435297415261810326421156
14028 13246.2755670969154384667163289437333
14029 13246.8814089987249871639099329281457
14030 13247.5079433698211959310799009164894
14031 13248.3364325843389717160455270935460
14032 13249.0710535621826504251468558725782
14033 13249.5243483526976657015518817033428
14034 13250.4421884683014998249769070991930
14035 13251.4749562627518590907118904104405
14036 13252.5041139254581998780413193145494
14037 13253.3209022720795840697198728705318
14038 13254.2947962917762052444013839644414
14039 13254.9956541977355316256823685095070
14040 13255.7218608100110516539643450211930
14041 13256.4840951367868772840001788961542
14042 13256.9843594502872876345543539312253
14043 13258.5815630812232466745193936416239
14044 13258.8200752159864605253148601747807
14045 13259.7329675008084264490083510355024
14046 13260.2652948462172492404944927014931
14047 13260.9467460637526827617317350589037
14048 13262.6005699213863156302727920351341
14049 13263.2550713339638125173419377846919
14050 13264.0521030385422254091824434681241
14051 13264.9796478583256329979955356742197
14052 13265.5504970751976077129697863217744
14053 13266.2639824764310695657157781568205
14054 13267.0607197773380218809032333449561
14055 13267.7374545514251955141284248626665
14056 13268.5418080318335975229731240793469
14057 13269.5960279191087306490388706956346
14058 13270.4940036803279864419210644648058
14059 13271.5726665258626913086772163372306
14060 13272.0905737246992271624917991999752
14061 13272.9099569706156064920710225722048
14062 13273.6108674027508690286107393099788
14063 13274.9246287944776744821144741286605
14064 13275.6773371670893227431307054710021
14065 13275.9664655616137725769547264113517
14066 13276.6627159529324661936344406377567
14067 13277.8874569929081354323452805539449
14068 13278.5380815078540848849425009926499
14069 13278.9096657779131212072828694073896
14070 13280.6161412101500813818664703816506
14071 13281.3149589755134054083377599017544
14072 13282.5141047101055512463198458174708
14073 13282.8534757310702343516733745320353
14074 13283.2640180351890885605112967547856
14075 13284.4068635426901759406900044801425
14076 13284.9216833937497987923008911857225
14077 13286.1978252485904123030170883875523
14078 13286.6559940923204940991016578153398
14079 13287.7394812704723587012635294851849
14080 13288.2548813035511754500381401547596
14081 13289.2999976373802843943155096063290
14082 13290.3194676781798863107585361379591
14083 13291.2140850600102404494579658314575
14084 13291.7504688813157547081826499131662
14085 13292.7606195378863639145593585839291
14086 13293.5604554224878602435243628288147
14087 13294.3982799111181936461739158504019
14088 13294.8380703682044460525339498843440
14089 13295.5592973468564078269051199341300
14090 13296.1523793500158491748427720555674
14091 13297.7278133390003339226381782612413
14092 13298.6843049190372815608707997366291
14093 13299.3198314648927132073582428009769
14094 13300.0141582117521933222631313380674
14095 13300.9720672314981075560030160991225
14096 13301.6284908185388311648056060204682
14097 13302.3480072542045403473532481514104
14098 13303.1612009517702975574379070660415
14099 13304.1922128935535532323487894529690
14100 13304.9791189329428680540590140548401
14101 13305.3163930710936532059663245797112
14102 13306.5380808552561744200836255446868
14103 13307.2516289294410499994656257752098
14104 13308.1556964590108540468303802321461
14105 13309.4895700237953790354953219572746
14106 13310.1998376815432724592519452291938
14107 13310.6626766180049781043471577827940
14108 13311.4349025254648449182324721522211
14109 13312.1506968185431009387042022756430
14110 13312.7859014013488075228354428324856
14111 13313.9170392310371150309320680127301
14112 13314.6684019110377087106131242148009
14113 13315.2522703352478074241330272105231
14114 13316.7761595288364059911101104093683
14115 13317.5878573205041776364010736959655
14116 13318.0260786124533558278612494750557
14117 13318.6627688697406021983936595854956
14118 13319.6905379154052031315952269459236
14119 13320.7658899672979232076740011636040
14120 13321.2807056066545208764988526621625
14121 13322.2525112942917985499041016628425
14122 13322.8352386110012251780029848599055
14123 13323.2676349796186021963136157859751
14124 13324.4363244153465656542443302423769
14125 13325.3565242967786059363665136266982
14126 13326.9012167144613751766153233468220
14127 13327.0997834358384252648875321165939
14128 13327.9308065607948933979000372762673
14129 13328.8328247348238680911578650524889
14130 13329.6844385411874687612645080924761
14131 13330.0713201863723693832123662442711
14132 13330.8675414167084981958952066228760
14133 13331.7524091292578155751257353464630
14134 13333.1066053832399846789148410588308
14135 13333.4991456143086761127274989270077
14136 13334.3606651481967504307383557707568
14137 13335.2490062950483861015576851413133
14138 13336.3150483958401334264545174191925
14139 13336.9652293304310008819057320447319
14140 13337.9899352054828566887956349112728
14141 13338.5565884544574178140997769249066
14142 13339.3056538125971300780948692032733
14143 13340.3135850575453030605798380448154
14144 13340.6809319503469370154436083466070
14145 13341.5552941060088196528184294846957
14146 13342.2506470239992681124223128506326
14147 13343.6993176388493907064201979965400
14148 13344.7765737164129037405008429134671
14149 13345.1386333678116631888007132849021
14150 13346.3846145451828326709657991852473
14151 13346.6130442569041242016899771844060
14152 13347.0605648098922705918987490051735
14153 13348.5792015952140528771179254819402
14154 13349.3266835066149775612805403859241
14155 13349.8534663325362854821834671541476
14156 13350.6370956057229439963132483343311
14157 13351.4861640974262553511588737518407
14158 13352.5177544792702488757887944377070
14159 13353.5466200058204574498035170862114
14160 13353.9932301342040001865450284084031
14161 13355.1753636185970252042253563085757
14162 13356.2194479891807836014495288739915
14163 13356.7040304267908253964415981486900
14164 13357.2306652930840067944948155841907
14165 13357.9007582175588130393631405276560
14166 13358.9786924128111569855970149132527
14167 13359.4351177448312523945030421982702
14168 13360.7169517202928452930158645094977
14169 13361.7361846751279463035485353267657
14170 13362.5222971011292016631255287165803
14171 13363.2027282851607919507427644753804
14172 13364.0804604766711019084726798904652
14173 13364.8740722115735900098481257232254
14174 13365.4514973368657952317196646128113
14175 13366.5886154037042261034552475514990
14176 13367.0651854253649194014687745757013
14177 13368.2264015984251328428501004013215
14178 13368.7504915559102989530847158561076
14179 13369.4231275104972707187349361411134
14180 13370.0718008972503065886309936237077
14181 13371.7680773097886028156239862996406
14182 13372.6775320115032279463035198811121
14183 13373.0214943227372947241401522224705
14184 13373.8782693553458824687618616760693
14185 13374.5341028745229676272229330909297
14186 13375.5808517181111670622294256785119
14187 13376.0431146773881913488450436685840
14188 13376.6916009773984795012699784106676
14189 13378.0159394428056154014129911086609
14190 13378.4885901592952341455905373081739
14191 13379.6981980021282327546469177880787
14192 13380.7321510423630999096281332644467
14193 13381.0534946264641282400423977865244
14194 13381.9637706418635212690038739348462
14195 13382.9496733876509523243290617259321
14196 13383.7555293986820514346451282596802
14197 13384.7781619601072057607141809848720
14198 13385.3320432918804555180310363900325
14199 13385.6217854609091014912049293765268
14200 13386.6525865099998149253594768336056
14201 13387.5032455320358002960730951715818
14202 13388.7168425795263440121488154530906
14203 13389.3433150258109541037866737182972
14204 13390.7633476997961314498461036580590
14205 13391.2237557962985375735857896006329
14206 13391.8272529337947497280246065428108
14207 13392.7171207800087975421318901316919
14208 13393.1623117707932734407692060601058
14209 13394.0706446797156681257852852434414
14210 13395.4054455990037657800507380824041
14211 13395.9186389617167648860547592718919
14212 13396.3722167745693523186988706036518
14213 13397.5930447477404332887765788809002
14214 13398.4881494035578879949296658460936
14215 13399.1944809735086740798534588795567
14216 13400.3926063190098069447287390003471
14217 13401.0219106329889232765361555036362
14218 13401.7527334601539459857629591699986
14219 13402.4305525906740484075513851364404
14220 13403.4031072005728912870066648625667
14221 13403.9658151970842612146767424934416
14222 13404.6621357332728516410317196343419
14223 13405.2444655342218716155130397238266
14224 13406.9073703474233305395783368749640
14225 13407.8835338156960135466548825865919
14226 13408.3417524001029820977103678002529
14227 13409.0558356934751599502795948312548
14228 13409.7349812029641188615827037288779
14229 13410.9135308919888027824278599026944
14230 13411.3947759645860123839010234465431
14231 13412.4017050479265136716777084967659
14232 13413.0093708117268979000841885532046
14233 13413.8553687820551875429710680319204
14234 13414.9338352681677227683460143507495
14235 13415.0976176789125642203567109131039
14236 13416.5296432744463388453048480017204
14237 13417.4415052454782827674510354407466
14238 13418.3607596694768250792387745077098
14239 13419.1215204903076052332290409287394
14240 13419.9968648780374467434210757446892
14241 13420.3673800632052997898370167075705
14242 13421.0048026987955860070572197763572
14243 13421.9260032935241167166289159895507
14244 13422.9344139263585381657561855377291
14245 13423.7035209084817711596923505739006
14246 13424.7796594205577890042121159788124
14247 13425.3248094332876498073345018968144
14248 13426.7328364866393361755550038782810
14249 13427.3067936765181356497085530649858
14250 13427.6278960986225255560573011163742
14251 13428.5871992117300939815069356318025
14252 13430.0071153606519407634662559011138
14253 13430.2898977455422136843987715145175
14254 13431.1956951323767278460017264977333
14255 13431.6795910341139463888238170115049
14256 13432.5208997785290607258109967767763
14257 13433.3226256697296955616248959112146
14258 13434.8116286735333766044391144654374
14259 13435.6389785343491873191576234391793
14260 13436.2444363508508689396510697549837
14261 13437.0277021664670746137266627576493
14262 13437.8816927486927021930617209050327
14263 13438.3090338347525119234716736007591
14264 13439.2934666359435318179751560811812
14265 13440.1516242655826518084521481140483
14266 13440.7040270264925091673650687040266
14267 13441.8316989244379039598280689529199
14268 13442.8982311886267675226583158895407
14269 13443.3587225109407257616718493224703
14270 13444.3402926694081272755487943122870
14271 13445.0094161095931359046450140585964
14272 13446.4244611323357615006132841706539
14273 13447.0033148159755585832772371699496
14274 13447.3738474266854357129760202214950
14275 13448.3625958520524056083121076542538
14276 13449.1634929651048071686994781633060
14277 13449.7260034670410756831392593326135
14278 13450.6589140416209350627444864261789
14279 13451.3318739181383345155521309166669
14280 13452.9045281113450801803624257694132
14281 13453.6397741526989912545393303999288
14282 13454.2883461255926688423428209179632
14283 13455.0027593745175441341162176884738
14284 13455.7174292131773216254387181177832
14285 13456.4118313235720984181370141626889
14286 13457.2649370239629073977669347979282
14287 13458.4728263151864834741961533048630
14288 13459.0013610484364723663118533600939
14289 13459.7445660345963671723196712752191
14290 13460.1420355196253051382651898482657
14291 13461.9271488401672961629435137235880
14292 13462.1752791943523487288075509487363
14293 13463.4511148558586572755006206495536
14294 13464.0230140241888655885738217757374
14295 13464.9618808198115159604473335075281
14296 13465.7689206502189038293505573097750
14297 13466.4048184426018611685161510129295
14298 13467.1246643851724243382863050031982
14299 13467.2987362716681075291590813835542
14300 13468.9927546910099193135301940051711
14301 13469.6249354371571097649527883436746
14302 13470.7183565680400613183873374919862
14303 13471.5895503534568455059319329298322
14304 13472.1828143250761388501073370989070
14305 13472.9749737952839822562182256762936
14306 13473.7593221722486135903196189228120
14307 13474.7917779889578711237379354443181
14308 13475.3456846132513754374075254026167
14309 13476.2364284610371751383871179827375
14310 13476.9913991300212742900491926365331
14311 13477.6518891774159122002862887445181
14312 13478.5998448915252070822562038637147
14313 13479.1816877661791440648822539389004
14314 13480.6618737380224313446380613517165
14315 13481.6552336659030996001717161154333
14316 13482.3448762692135593465601566112221
14317 13482.6518469952057619466523721359731
14318 13483.4081499427174803193505382907329
14319 13484.3437068784944032130253111812066
14320 13485.2522281485004731908713905417251
14321 13485.8196768874508343594340766161683
14322 13486.7996783010242207042925066614130
14323 13487.5724408950574869735680414491106
14324 13488.8724159074015785083746786726041
14325 13489.3792761311435363887438243357674
14326 13490.1754368024650788810513123372817
14327 13491.0891252395850715171800593371731
14328 13491.7439601418813385013432518670857
14329 13493.0208432632062455891071269744405
14330 13493.5464336962195997028331860727805
14331 13493.9875184557204021535970193021888
14332 13495.1346400104588562134012694296567
14333 13495.3876967141849739635962887011637
14334 13496.3205669534317288420883824263228
14335 13497.9768842441218627429179855110537
14336 13498.6730834181492108151203539562386
14337 13499.0628073023977739792570366425502
14338 13500.3883980064379625948777468103382
14339 13500.8796421345093643472529210060502
14340 13501.6411005989589382273207692714709
14341 13502.0702831200677019133246379952799
14342 13503.1316726738149541325582886812923
14343 13504.2713250517074975685097867666080
14344 13504.8139645394555788587864900964244
14345 13505.6318723811899155462133324963433
14346 13506.3612678666660242673767739624793
14347 13507.3470364159809858944844584510763
14348 13508.6620385816070341432771208617872
14349 13508.9339269025676572505525885868585
14350 13510.0430366418178157058304939750385
14351 13510.9982375247945710952778487835148
14352 13511.1926999154869472287755454085727
14353 13512.0735315495138571094742083563766
14354 13513.0955393964892296185981105442403
14355 13513.5362678957548274588418781654645
14356 13514.4345035185183529017795398983352
14357 13515.7390657534811755644239476932358
14358 13516.8683909955502604014239694062098
14359 13517.4264894859502349207772739678087
14360 13517.9454565610161882916557745935845
14361 13518.6458723302736456885941316453125
14362 13519.5853091985907281712358892121669
14363 13520.7366591097485297823949660987407
14364 13521.3424820513164186044516255035221
14365 13521.8859109102109050777995643005830
14366 13522.6777946865756283570099716747924
14367 13523.6167413691839889616549580713926
14368 13524.5252677101484261786325820203862
14369 13525.3042464894782792943387291393213
14370 13526.4702437241183357663374964359129
14371 13527.4667241340640209282006573439498
14372 13527.8990904502345904592834238420768
14373 13528.7058173614046700066947486366284
14374 13529.4585246247520768055684501177461
14375 13530.0731824448244469718723223652340
14376 13530.7053865513645169832151908678579
14377 13531.8192178921496376018402995352780
14378 13532.9977059062768974162108053190488
14379 13533.3811533426021844780581807679147
14380 13534.6320192807566122570676274012791
14381 13535.2134062990365508843117306196693
14382 13536.1721382292950081511865442181793
14383 13536.9000310150248187859353757508499
14384 13537.7887403652474695954464299031694
14385 13538.2596472160270143779881487687556
14386 13539.5603704869225829165780552462591
14387 13540.2006588533652480867551292642353
14388 13540.6786593425900480072503199820362
14389 13541.1181651064580263063291016085998
14390 13542.4659986840234053595876501128053
14391 13543.8015341768697218878526064285657
14392 13544.5118330874468501030018022322186
14393 13545.3898841280768846370459587028759
14394 13545.6290110812408818574162796968970
14395 13546.7961628158044739764903523475737
14396 13547.3607246698467008025418621788962
14397 13548.0649228338976067475529784010479
14398 13549.1049233158879805098633775352802
14399 13549.8366174459904497234211681844615
14400 13550.6416743577253704015951851634102
14401 13551.5137974049300434029691025655017
14402 13552.6705650598853582667200832394994
14403 13553.3991125637377100199971513480663
14404 13553.6179236910844143691637233505388
14405 13555.4954513359636202239630470888165
14406 13555.6774234091075608690347491220603
14407 13556.6121275955771936712272107046816
14408 13557.2293237684535292551682970915252
14409 13557.6837419175629445904328422218527
14410 13558.8225605222057231865217875245411
14411 13559.5411770501479514197020799610838
14412 13560.4365151568750041772835602019473
14413 13561.7083703269414670833999505377553
14414 13562.5452723386860137726007496286590
14415 13563.1821471311313297271385623599138
14416 13564.0986374481193655025127146263130
14417 13564.3595598522050771391610065593782
14418 13565.2889867173913966911804879553365
14419 13566.5295378425102021005082730522199
14420 13566.9957913565451789174081850172298
14421 13567.9092170756507197526306567208176
14422 13568.7623401729090308006630120179309
14423 13569.1858551688244556500148270364762
14424 13570.2874610565573321779570799636327
14425 13571.6892725276758274428358402255156
14426 13572.1555334279077380335880800866050
14427 13573.1108935000978710097440654816815
14428 13573.5703773606371334580966267556519
14429 13574.6928015346538541642727808573653
14430 13575.3030571085488443616631195949355
14431 13575.7761665990591761462106560181255
14432 13576.7264294515804414189986032825925
14433 13577.3240485544890177087687706160973
14434 13579.0636073977997236866384693042722
14435 13579.5511140287154460270718212633583
14436 13580.1798738399079232408136966671578
14437 13581.1284008133732004466356926635348
14438 13581.9888255475576270013699861437922
14439 13582.5552568381883412785706051283510
14440 13583.6359214188379189276094969746238
14441 13584.3865784580105546615333448158596
14442 13585.1624073619029351602515836695116
14443 13585.5637590779679831066288536679330
14444 13586.9224096220625783966435569421833
14445 13587.0313212936943366747223206199451
14446 13588.4396591346137067437148424935395
14447 13589.4701777734096066030754297638295
14448 13590.3532601109079235461400007902219
14449 13591.1787751394026305457069721108274
14450 13591.8657064543353458197317208965773
14451 13592.2338229878675272691775519702776
14452 13592.9696162028811263054505789511835
14453 13593.9987817238583398732388580633342
14454 13595.0844834556552997686783257037755
14455 13595.6903285172003741967152514044804
14456 13596.2278019923369763535422904413610
14457 13597.7002708008789353464359484854607
14458 13598.3648839901667869675383454278260
14459 13599.1302789265704188067067915289222
14460 13599.7124879153656980183147747528091
14461 13600.9216807969903495106880263689544
14462 13601.5851734868617616429878639154632
14463 13602.6018619872098633437049263311971
14464 13602.7985316241374309449820254240066
14465 13603.9533857007782670159721546153206
14466 13604.2001951473945020217130587373954
14467 13605.2917824589866645477107627244312
14468 13606.7390994657580379424344994171834
14469 13607.5380982312678785918728681644013
14470 13608.3404048482184082502132324909090
14471 13608.8206198201740408181607972606810
14472 13609.5293568737741613881324715256876
14473 13610.8446773101350071536321493737015
14474 13611.0759099827198593097697770666219
14475 13611.7580815108959584875170338401743
14476 13613.0499031542379932501083083956181
14477 13613.7872801078184629850394619257862
14478 13614.3849048931331281111446564652480
14479 13615.4451731473630449360409033583740
14480 13616.0052588187539862019549498546090
14481 13617.3001072035567388089258965082818
14482 13618.2161933629173487431478449214000
14483 13618.8948202906110876288902251062989
14484 13619.4044133331934228224459117354987
14485 13620.2245948914457141364991621300672
14486 13621.1451061103304563262953817251309
14487 13621.6696065470952004094359481485348
14488 13622.3154204725214694521236490416917
14489 13623.6760870000503338644526822537601
14490 13624.3555360120272374096736120897003
14491 13625.6272528239186185406586636806116
14492 13626.2950828832559120532847397433874
14493 13626.9049396612646856149574043706645
14494 13627.5010445571844725211584033932235
14495 13628.3217401629176206221959507194897
14496 13629.4506825225084662144635551238353
14497 13630.3638526265537988984261302830989
14498 13630.8770841661039103938409876965992
14499 13631.3859429625148471908254850310976
14500 13632.2147795071799106387228597236182
14501 13633.4656757696472075592830938587805
14502 13634.3442909294432490353149994754236
14503 13635.2552224202948966623096850597731
14504 13635.9763734844180007831593518261909
14505 13637.0384928663890693699386851223660
14506 13637.7071516666250574586695498654804
14507 13637.8764930496937931731804550009596
14508 13639.0373646797303317921069534064255
14509 13639.5414212072925554444373295349886
14510 13640.7468789445096764389646525232635
14511 13641.4691776258619156758379956704337
14512 13642.6723143148832282964448818049591
14513 13643.2340168770819096561031987145171
14514 13644.0101470500482210551549008328433
14515 13644.9969999166012634254645016216165
14516 13645.6618867586101797070112595366202
14517 13646.7623460403794403487659983220646
14518 13647.2383819693972196107940920317945
14519 13648.0398162072090899682139984035899
14520 13648.8000430512723246145623643007203
14521 13649.8826063395721235155934478158216
14522 13650.1094786923604009244368819633301
14523 13650.9163822210068251506651957810834
14524 13652.8351172338703089961306541396581
14525 13653.4767110410665799932907242810154
14526 13653.7621027402993079022007895783425
14527 13654.7133377328257366205531179122541
14528 13655.5902747210545175870236529690176
14529 13655.9255139897433488386201280521205
14530 13657.1273251208688991180007489405912
14531 13657.9415485089184668378377975077794
14532 13658.4705572660308306945305413142548
14533 13659.5992231254494871940306343921145
14534 13660.2500938926256747014798201133958
14535 13661.3547235259213497488615084032544
14536 13662.0670964876797743025501654512373
14537 13662.9377043021178960172775255793747
14538 13663.6925662482073301678910827858766
14539 13664.7761335075315574386150820152814
14540 13665.4955368525708750149577385753744
14541 13665.9808439298980240323173642338959
14542 13666.7159843172447286185571296554474
14543 13667.1629990017738243965379915445710
14544 13668.5076923733017259261015686376915
14545 13669.3883334833722904594523884645937
14546 13670.5771985006599154943450913802360
14547 13670.9834704436791423526692200759193
14548 13672.1623853685143102559130681005544
14549 13672.7986544770321791404809823605969
14550 13673.3005280620161624166214879042213
14551 13674.0280431950209315243321644510169
14552 13675.1796969788322280174085685844594
14553 13675.9494695782835836892214508460274
14554 13676.7631836372968211687041859308603
14555 13677.3280355287366993630713969781771
14556 13678.0244778326378723817211975332248
14557 13679.3334600983897009183475202234458
14558 13679.9640843389094965693401057029274
14559 13681.3727522866624991184046692871155
14560 13681.9805302434934588501864350622904
14561 13682.2347140750807546011589373950038
14562 13683.2290324830904756061856202300822
14563 13684.0817793145433151101929005218660
14564 13684.7580857663066822774406684464855
14565 13685.4336619077131215742895333512682
14566 13686.2486895250933597175027615454188
14567 13687.4308080190523835566898146513215
14568 13688.5678199243372071464211301403863
14569 13689.3005715907518319434933885537899
14570 13689.6855610733080721110501824214623
14571 13690.3917112076986346335581879684320
14572 13691.6867537499548891864578563670760
14573 13692.5287986961548173631698090053088
14574 13692.9190571140255236573173362944719
14575 13693.8339504591281479655559596641015
14576 13694.6878394972310087634687594243441
14577 13695.1865521025201640490168599205398
14578 13696.0621364868450436795346404692229
14579 13697.2932118805109740231589770019548
14580 13698.1795675050620757653600336096031
14581 13699.1980731155927122455817182429274
14582 13699.7686433229371952813669622399057
14583 13700.5703038658349879910114254749926
14584 13701.1382092893680013216029714304805
14585 13702.0660906365288082894253899007809
14586 13702.3154120693332855994247205635388
14587 13703.8442508058971441979749176324641
14588 13704.5972656805975573755860584125906
14589 13705.2075881547436429483883605465403
14590 13705.9735345348128840709595740187960
14591 13707.3734487139167477234195244347901
14592 13707.7612980496561737665108926741723
14593 13708.8477246989572430395597405584117
14594 13709.2701572867569368381324071325217
14595 13710.5198417187020314744497753558762
14596 13711.1191094144796126097464221761265
14597 13711.9093758846968696227593316115793
14598 13712.3275079359784566551037436993779
14599 13713.2658015775539389199830741771843
14600 13713.8761727977263930155789237795465
14601 13715.6565379961540853146845361951486
14602 13716.0873783269589307845874067248706
14603 13717.1849902232628500619258627330500
14604 13717.5869113507819295379406324624452
14605 13718.3180912321704771424421778964363
14606 13719.2153702064372660555676768654417
14607 13719.9029140394483312841776704789057
14608 13721.1051773646134046142554499315323
14609 13721.4655046557661785607111699298867
14610 13722.1784914853772749094955102262231
14611 13723.4767173082009775996474008576274
14612 13724.1779580608261534253965005575431
14613 13724.6946076098743882371896327596966
14614 13725.9508255816845404778101160848332
14615 13726.9293893886908089061462593726987
14616 13727.6666844485144225429174710216736
14617 13728.4054121622429827532114382604199
14618 13728.8712561830514814657932635435901
14619 13729.4674249847339265819828452832897
14620 13730.7560958322381731166601941592527
14621 13731.1072839093900454237537902865341
14622 13732.1136304005807449432367499940036
14623 13733.3689714275774797145078519898238
14624 13734.2200973362907729869104726050491
14625 13734.9000004299457776109384393497502
14626 13735.6292134441109477332224364394812
14627 13736.5196239566255961167877301640223
14628 13736.9594124818186103575078547241172
14629 13738.0162490687810343535813855671569
14630 13739.1128015526837059062410747711688
14631 13739.6684390247345019511744087752115
14632 13740.1707588398696392675965015071806
14633 13741.0440462113242490894587933023087
14634 13741.7535102784059199067177899090344
14635 13743.4414668190713680961355045367466
14636 13743.9996874855533873399288707905786
14637 13744.5794907069554828632456727943988
14638 13745.5855311641304301667153679503111
14639 13746.2253420920196379257418021886108
14640 13747.2343520764149806444091068503001
14641 13747.4594496283032921507875257834104
14642 13748.2226354426548003236889151597242
14643 13749.4132786016904947013460441657067
14644 13750.3751950297328188027011689882339
14645 13751.0978528020013516492411634179487
14646 13752.0633887913050488395253977209373
14647 13752.9785267052348427086730101086910
14648 13753.3146431380337254323566112631465
14649 13754.5336212931479741638764353217200
14650 13755.3822705909478739563501551471406
14651 13756.2816845307489470793548567006593
14652 13756.4719090138875312927502949836482
14653 13757.7139883066686681949679517898650
14654 13758.0624438029620836952712909556405
14655 13759.0827013220646520364411105375344
14656 13759.9058147664941281419424117769018
14657 13760.9836721087851250663318507402355
14658 13762.3229969398651795908687801914336
14659 13762.7981554375975755156603944383212
14660 13763.4959704858555646106430640935793
14661 13763.8609858870242169568153221579575
14662 13764.7634398448262968878826025885208
14663 13765.9620296209429737753733700023968
14664 13766.4031451335410877397899457479551
14665 13767.6379462411761010857741874375799
14666 13767.8835899920215142559040414872863
14667 13768.9586163963255020374197733025323
14668 13770.1057930855521535837899548463060
14669 13770.8045635101283591640028872290203
14670 13771.4403966009601639443020167487560
14671 13772.6808088427055992537167291180977
14672 13773.4242406900350946201332930814112
14673 13773.7644809093517010529391642936945
14674 13775.0977035839085819476780471779810
14675 13775.3508177895045735211235597370874
14676 13775.9527418628250391261452592377041
14677 13776.8192816688530239842364267783761
14678 13778.2692900316370114701634603168259
14679 13779.3426854706474697770242616729257
14680 13779.6954724847017139714470902058652
14681 13780.5017229725856010120549792915774
14682 13781.5733190340995846675345472817620
14683 13782.1161106736693811597465393690564
14684 13782.8049717185790783560020458633565
14685 13783.7963036469629632544183743893104
14686 13784.4204057031494485420442956759416
14687 13785.7259380736936466162069023045331
14688 13785.9301378132953750234334657696152
14689 13786.7002406417621460389116217140818
14690 13787.7668702366016219939021898649319
14691 13788.8656772652632148327572112734413
14692 13789.9607028573497768806023386364101
14693 13790.3966532442036352273703083889074
14694 13791.2763158609345070280809991311213
14695 13792.0077036951414202206222635542374
14696 13792.4912275374095326092007986095517
14697 13793.2986597299090186541000721165078
14698 13794.3512868009885248254072539035633
14699 13795.0567163252801963825399709218894
14700 13795.7930318783775126328026080718047
14701 13797.3131095657614965570688639858436
14702 13797.7334802236441931015950230939576
14703 13798.6476679326821846668574766239706
14704 13799.2827774041413158257158654127022
14705 13799.7985905057884359654622604399329
14706 13801.2879788347176096671124684263715
14707 13802.0221335583292225389061415149788
14708 13802.3810926916500674485390854590349
14709 13803.0324389650348672152103373198704
14710 13803.9307095989974492404138714662046
14711 13804.8799940781763565669029317794235
14712 13805.6965730553097163646227913106879
14713 13807.1017176473901236218313424829578
14714 13807.6660359376409067182772205386980
14715 13808.3799320893180581369629414455760
14716 13809.2800316339691883449665436748178
14717 13809.9291378091241622580608512479389
14718 13810.4192280011200113005656295191479
14719 13811.3192447748179154956142020391741
14720 13812.2597152260319996772888838873788
14721 13813.1804743684217373096439792189242
14722 13813.9634288414174972239980245726366
14723 13814.9641161518555111616834262908468
14724 13815.4028904977645325400446709981946
14725 13816.5541506777028834360492874108424
14726 13817.6242234361853296010616762470976
14727 13818.1281847968821149100683660320416
14728 13818.8820791967987996780889259452209
14729 13819.7168407113025327688418593410301
14730 13820.5545941320977344359574781639958
14731 13821.2015388445716400134636467264691
14732 13821.9557078519914076368274781516314
14733 13822.3239714560732485699554001236497
14734 13824.1318511311949202976139672296762
14735 13824.8908554959766021216664108669998
14736 13825.8715139780239061000138924982208
14737 13826.1164361369556909472804681883826
14738 13827.0436190745963408024378252647746
14739 13827.7606998558932103380788966145522
14740 13828.6262804667481823239924840539067
14741 13829.4849373669678476971871642650717
14742 13830.3692428818307676333657233751770
14743 13831.0873252647638388195028814164004
14744 13831.5145426866818001541656037821474
14745 13832.8334209807972012110994882671094
14746 13833.8083415177949504699400763211883
14747 13834.2832800843599925712314963197723
14748 13835.3588873116901958563350322595100
14749 13836.5035513514672573318302098463972
14750 13837.0440755478926480458414668375022
14751 13837.5171635027194362709643549544247
14752 13838.2019257290731311284363795199079
14753 13839.0892600685751548471026051876390
14754 13839.7277836614431504435751531614361
14755 13841.1744104259756372066791089195794
14756 13841.5959079569199004346799880983866
14757 13842.6987345259620265402489529691539
14758 13843.8725961966920747183846719406897
14759 13844.2465045076333275331185312375425
14760 13844.7102404196385118444396921938617
14761 13846.0761266046050824456565474439447
14762 13846.4387994358546103024705526904468
14763 13847.6498801450541407939217186029636
14764 13848.1623469955850464435074146972915
14765 13849.0085975163121214221104892247102
14766 13849.8309152182751725168502266553348
14767 13850.1348641664615985980349112279261
14768 13851.7287801805373189854575338489389
14769 13852.8676512667747376442702095152773
14770 13853.3574452209953836718364959355179
14771 13854.2765571475788230604280378071434
14772 13854.4718208001928873238903489688698
14773 13855.7229515869243444437433370378958
14774 13856.3426451221069762266020840474918
14775 13857.1074936051277708040240803765729
14776 13857.6414413863860867426768132002545
14777 13858.9367097215268806671581661086247
14778 13859.8065158648145121808242852376927
14779 13860.7751735660941393281830776086139
14780 13861.2408037241494564768843130721783
14781 13862.1484498854030550685124505227694
14782 13863.0629292098730789302118573106010
14783 13863.9899085424849684087174090891789
14784 13864.6740955583052511871036789052207
14785 13865.5665575522113499237998509365324
14786 13865.9759155887966577973852188474348
14787 13866.7343203784267679122498615808305
14788 13867.6741210242464981458963378096156
14789 13868.4140900780845852980088004633446
14790 13869.7999349930574120117036372374175
14791 13870.5326801006595533924521940382594
14792 13871.3226122869465734728022302470766
14793 13872.2768289136801376674434129641052
14794 13872.7499500630075663008497135665163
14795 13873.4180069604451209515572796654831
14796 13873.8810565039888575634738179583352
14797 13875.6418015407841976655436866475558
14798 13875.9132388269839809017408603474159
14799 13876.5744957474269750545203572404758
14800 13877.4912140670096973830956263633235
14801 13878.4527005521538531591923716060583
14802 13879.5826039222419056086530413905164
14803 13880.0581182356678246003284304403453
14804 13881.2413464305794907881483148159832
14805 13881.7023789310206810999041662191954
14806 13882.8001791583024701866251647964863
14807 13883.3960137708309822895224535927442
14808 13883.9194847717250673605575188577890
14809 13884.6786625542159956604382943407859
14810 13885.5912412104118753332131679727897
14811 13886.3440643157059495021290433664649
14812 13888.0860422525836530174458690331803
14813 13888.4650771898853587917687420908512
14814 13889.0375080557656427411638816480448
14815 13889.8830075695839344549777832946796
14816 13890.6867219601548973600221363799754
14817 13891.5731869938501855250381248740138
14818 13892.4375365276008925082234563721485
14819 13893.0427265742716617375332967310564
14820 13893.7569520071578890432007085168383
14821 13894.9119903210593286097882642405694
14822 13895.3220231046315760729322025286101
14823 13896.2762253268610479751742815548932
14824 13897.1879412402774212331386484949752
14825 13898.5598420240749344393421069210147
14826 13899.1544616088352005389302002208291
14827 13899.8486038462182727913743502291172
14828 13900.3064598471659622945339281377105
14829 13901.4093975820165092896563546181203
14830 13901.7784073711688008249829025497594
14831 13902.6946449872996585250718500054496
14832 13903.6981664516003949552253112056919
14833 13904.5569852389940788022208829106667
14834 13905.4385562780323987914312325912965
14835 13906.3489158559957505715250049263759
14836 13907.3467106045872763709094205535094
14837 13907.9740533002780322870499360505937
14838 13908.2999790186372442412252797378061
14839 13909.6712726279314022257829821139313
14840 13910.3691762071955536715704587982229
14841 13911.1951205013536933207260453376885
14842 13912.0412410242613611234194579899999
14843 13912.2660743483511694178076859914726
14844 13912.9650640971082469909967526661789
14845 13914.5736017147491099373722071281869
14846 13915.5016002511580038538536752237586
14847 13916.0767397958804567699642387514434
14848 13917.1416225287961264510027089403929
14849 13917.7471970039207344793665621930474
14850 13918.3680063000299678344145012733334
14851 13919.1859518389937498924778745350779
14852 13919.8415523105779180049030889159361
14853 13920.7225221310616061666066287742100
14854 13921.6951609261624404473954727854937
14855 13922.5627633374479866804767022226324
14856 13923.2095730321593526239909271202348
14857 13924.4650711214535238404818434949440
14858 13924.7583763122134103682376553380824
14859 13925.8501343476698138038756572431773
14860 13926.9561951056393719325455515189280
14861 13927.7563288543690384504616829766587
14862 13928.0820609928187532924097219966465
14863 13928.7579860369546565881771345765888
14864 13929.8937691209481302807440716268014
14865 13930.5578924611105629646537253089093
14866 13931.0250519028689093737495267140757
14867 13932.1568128123778958843954706458668
14868 13933.6635325888908586011166247397654
14869 13934.2225783285081452624197917597481
14870 13934.9306676839869904756262878983640
14871 13935.5218876713953985337744351886364
14872 13936.1746048239180802046969034475346
14873 13937.1949693753093023460480117142589
14874 13938.0322049969798746762552302579312
14875 13938.8782824021179593744825758886823
14876 13939.6436842053825681674777261587712
14877 13940.0751697998761077123175674721109
14878 13941.2816721172510122688211184506651
14879 13941.9790286756839749098235569171353
14880 13943.1757017326658112673852631120376
14881 13944.0838715613059878869214372553960
14882 13944.4120035158211689321093929694829
14883 13945.6747587053296137670390554088281
14884 13946.3596671867385248144708122106672
14885 13946.8152770208928088488187981805489
14886 13947.4910282268464036757744426982870
14887 13948.1524104842241204455910859919771
14888 13949.4112067108856396257691462686223
14889 13950.4942397356128792850569849484835
14890 13951.0854094685862356569328790297398
14891 13952.1842884083821379255439303414389
14892 13952.5565151708116355440709750431198
14893 13953.9012473433369150405678512431839
14894 13954.1988309046375363969089939617439
14895 13954.9216984077379397793177638601329
14896 13956.2589050623505002141962669658951
14897 13956.7163086498474951170531952079372
14898 13957.4549320378245876900541078391990
14899 13958.1055831412240322708700775084633
14900 13959.1110248897801527870306298393467
14901 13959.7467813840707621525922507900342
14902 13961.4032761464544470963889410992819
14903 13961.9078162987233639369987830634110
14904 13962.7004798916863496949233975193938
14905 13963.4332991603164764721423447264159
14906 13963.8353870048579762763687113285615
14907 13964.7806777829254108690483087861492
14908 13965.6669155313460399632870105491500
14909 13966.4919574373168086380471800671045
14910 13967.1938876353598195375735037894267
14911 13967.9857290857440823513003351320310
14912 13969.4687032521287415558768925131266
14913 13969.9419693436733040649765576286057
14914 13970.4715721382903376827457457377332
14915 13971.3850504245338531240747442938315
14916 13972.5436690551359593564307578312180
14917 13973.3309957822257407439571387755888
14918 13973.8832582779778224133756443440183
14919 13974.6156026819969133275885187593767
14920 13975.2368544127808474949098413512317
14921 13976.1754355852426060106690691228312
14922 13976.7182464216318105271462906731157
14923 13978.2774462820560258714455884066071
14924 13978.9892534096946334108617005264901
14925 13979.8990091204717284552010951131264
14926 13980.4902802726305480676865047470817
14927 13981.4027113489018321051254385717806
14928 13981.9124795601574571533568192566973
14929 13982.7476167130656003167283986636431
14930 13983.4061588129265350818224772499704
14931 13984.5299626539378778614926278284003
14932 13985.5015189581683151349443914183225
14933 13986.0599263305577950132068676980794
14934 13986.4419269126602430558384378525304
14935 13987.9914570694917771690752597971659
14936 13988.7371641290168398130264299783885
14937 13989.5472705154499392412314603041750
14938 13990.5149433001226271655047160005353
14939 13990.9072688258469441204313094749950
14940 13991.8911492205026551385010552453427
14941 13992.6130543355650785113305072698090
14942 13993.3690454674806674496788808051808
14943 13993.7015958587349821993301904504909
14944 13994.8913157483574969664442765997439
14945 13996.2482444973688570505571972218537
14946 13996.8411273761099554634246220009351
14947 13998.0098418231333220487935785232521
14948 13998.2594181769118619876404571478933
14949 13999.1016085108806435643387589191088
14950 13999.7332382832017522982224229565257
14951 14001.2287257303658364232653667557093
14952 14001.5492491293776089228427089712931
14953 14002.2157065145391705625063261021312
14954 14003.1022174601427923912502332692591
14955 14003.8140212695955643344745297183018
14956 14004.8186016214742095472039818162800
14957 14005.7791649423973356568924018852803
14958 14006.4676495530360311483028451891664
14959 14007.8649003516533998537288927817140
14960 14008.4160565634000199445689004713061
14961 14008.8587736899621477034206191535743
14962 14009.8414520223529801487424528847439
14963 14010.1372258016970834268106192917849
14964 14011.1507126415864082110157011636939
14965 14012.3484613152309640624270295001233
14966 14012.6752601314544100447798965954088
14967 14014.0161762593388504842033055783547
14968 14014.7602907432444734332409698993771
14969 14015.5477143418573784380138600014312
14970 14016.4455179086596399717818697925449
14971 14017.0590893090677559474843513250438
14972 14018.0443143584235367714959338544520
14973 14018.6478989844496559332335272009634
14974 14019.6882917122758583033837912710736
14975 14020.4200695447603242420363836090118
14976 14020.9147307059862450735797494854264
14977 14021.7166092864922699908218048321738
14978 14022.2856037531140574559450530006935
14979 14024.0006365877815447245638748781442
14980 14025.0374415420831171353765758226764
14981 14025.3498190617607272711822422319853
14982 14025.8114014963259095990626513325587
14983 14027.1230252943010949643257712414510
14984 14027.7757078916614379910810102113210
14985 14028.1262823855345291338225526143609
14986 14029.1359766836593067556829105498536
14987 14030.2404113156239183781747698870858
14988 14030.7022777387383367903181596133658
14989 14031.8199209687546313376036195047807
14990 14032.6806500837315134469596550777155
14991 14033.3311888612415355687574749771457
14992 14034.2674409273044005512878683548725
14993 14035.1970340173472302856208766701382
14994 14036.1230979502918898275546345733130
14995 14036.7439962765331608927859272340458
14996 14037.5375223142602680485411172859716
14997 14038.0185526301711549112553379368103
14998 14038.6566919323419708921747743546173
14999 14039.9195076099318563973958005217219
