25000 21942.5924301325946844641589829186728
25001 21942.6611012977870528178578208523692
25002 21943.6274338067717963108634381906164
25003 21944.8316585210433792248191057297963
25004 21945.7650102123914459203937837927292
25005 21946.4647470750576452879204425181767
25006 21947.2457786582223175475494584638377
25007 21948.0859634403876496250160660914021
25008 21948.6282805528131322823848127327454
25009 21949.4585872769039893155697869343041
25010 21949.9989203860680335622992213683093
25011 21951.0779064834764386237811238074461
25012 21951.8996332679170216794017644796029
25013 21952.1577018240998885446542962163831
25014 21953.2603643810487661052670139660456
25015 21953.8752365270234512721112935771999
25016 21954.5555536358204405196230881302214
25017 21955.5086978389115517554041020010892
25018 21956.9852357926023767654992847106368
25019 21957.2681822594649286478070751869628
25020 21958.0502894624843515582161812380038
25021 21958.7436193654582867991758886722127
25022 21959.1767171738418834765444920983039
25023 21960.0477198416897008228396525056583
25024 21960.9439044233903411328175533846754
25025 21961.6117224506162826621262543646685
25026 21962.2241156670732150251478352256995
25027 21963.1778927231586726366328268346879
25028 21964.4872083120393140748746874274810
25029 21965.0769430433831981983275288893439
25030 21965.3432659587944366076574644158431
25031 21966.4096822777839190581276649159067
25032 21967.1994872958500142924913395093204
25033 21967.9177401770400119496424846443883
25034 21968.9723459096137248160719378990336
25035 21969.4594836709285248131008988559089
25036 21970.0568304447694919591752777266513
25037 21970.5937279423717945235509008707873
25038 21971.7400168880727507724395558326500
25039 21972.0178682227853172249237887117506
25040 21973.6712903806553804297149279781968
25041 21974.4435953914693806419035762715609
25042 21974.7336821955178585749118682348946
25043 21975.9701312261983080606055402433060
25044 21976.3327172669984546577645143340485
25045 21977.3212377491002656370992983782586
25046 21977.7082070339761435321554772307620
25047 21978.1666456021812365991195209612025
25048 21979.5726821740627750876043946306649
25049 21980.3336220799474588060704842520157
25050 21980.9025789489531278690252570379788
25051 21981.5217001068945292547536701561925
25052 21982.5798455711090322838568756521574
25053 21983.3841392584402101241178223196419
25054 21984.2728875210103548621109163105571
25055 21984.9895821538451830783198680018547
25056 21985.6797644371250468614676016896164
25057 21986.5553511073220202331159987515023
25058 21987.0803315500131725474982349832063
25059 21987.9001657273013246380472946522884
25060 21988.4217511096831093956884937885968
25061 21989.2296235336711086226934500869021
25062 21989.8252937501763012472040272959223
25063 21991.2301191655197639712476513486016
25064 21991.9757876462253855930990753049141
25065 21993.1067760621269594743432781774587
25066 21993.3455239613530218148638137172636
25067 21993.9182428110916805727300624531490
25068 21994.5812843296234115358893749605622
25069 21995.8328159992138889884156800726548
25070 21996.4107032625878312657143625864999
25071 21997.1315967929864918086304294834983
25072 21997.7762700934518089158060626761129
25073 21998.4923849737740556571553518528001
25074 21999.3764855356100927821631407554509
25075 22000.2350385659777008657310812135607
25076 22001.0731644298926226259901225561303
25077 22001.7259575504723440182154359681988
25078 22003.0230962939912130414150430058280
25079 22003.6493139071245920216184854029546
25080 22004.0954382236838728197308302741441
25081 22004.6447724541706358674470264614108
25082 22005.6403564563751574175788057822933
25083 22006.0953686464819129631792413736514
25084 22006.8509610013013078420121055704294
25085 22007.8744853531703019929800108992695
25086 22008.8618666172571651837071497717607
25087 22009.5552611147045573018821311694956
25088 22010.3022371328595227513653896973342
25089 22011.2910042199690479333015601025308
25090 22011.8541144613464684390459165370835
25091 22012.4269396071215103346714497745577
25092 22013.4687331725396430654439073264072
25093 22013.9790660750640317094003782295029
25094 22014.9136115288061133416413522061518
25095 22016.0078623183744777061330917272209
25096 22016.0523141410326578412874216887375
25097 22016.7770314178426521542734425145754
25098 22017.5039570010740175388408093214812
25099 22019.0746382958770099187234099303245
25100 22019.8456875323465604514891862216349
25101 22020.4570759233230433764092211516556
25102 22021.0754216640173357946811096929433
25103 22021.8313446323471849718443095058881
25104 22022.6793394090901659310015960619749
25105 22023.2280869516383339815510028165213
25106 22023.7122693083492582523420233737192
25107 22025.0346890498905067082701221917005
25108 22025.2974851798196211755677825573604
25109 22026.4455110097197472006752226205343
25110 22027.2064712452747932115740865436183
25111 22028.2138113530652630034060525932176
25112 22028.6342820742982963542414694001951
25113 22029.5450278326845495673306817123553
25114 22030.2042701060426613477058373029144
25115 22031.5562149992111811003828814929340
25116 22031.8311243072144035256585795745502
25117 22032.5112383348532919934729399802638
25118 22033.2748612262705007691207190489642
25119 22033.6290800712842856253572397842404
25120 22034.8389996678606462573796822224311
25121 22035.5316435921580908199788747791967
25122 22036.1616323602902212978199417720794
25123 22037.7575534726410723921556458447001
25124 22038.1572717775175172857884107774688
25125 22038.8605519437719415890596663476753
25126 22039.6306699844068372550140660765162
25127 22040.2700636057160783144673380619419
25128 22040.5981415874420799819536584648715
25129 22041.8515083251320585754714792932045
25130 22042.7167735910661760543254037310217
25131 22043.3486400770137586341757705857645
25132 22043.7802080746134609683362072840781
25133 22044.9185715984365454429340171348675
25134 22045.4570196041114376179644978693453
25135 22046.5298989667708978305346834701300
25136 22047.3863366592588157444690759293948
25137 22048.4346476310062061858688682572164
25138 22048.6105636645700723275039307014098
25139 22049.5093236784140891906243744159389
25140 22050.5466801923876421836419452732141
25141 22050.9011377793720991960517422319068
25142 22051.6636544493105815532112945722945
25143 22052.1034530117777820776309996709160
25144 22053.0481658809131969846769612121552
25145 22054.3816222429161587235830556809818
25146 22055.2196279064403954639960834510812
25147 22055.9004627129055809041539570547986
25148 22056.2336163567645678860488057016807
25149 22057.3263608842564944750994042567011
25150 22058.0921479213648255628047219412924
25151 22058.6165150533544689836558477950012
25152 22059.6430526126752211255400081066378
25153 22060.1541389195691729996486176791311
25154 22061.0630551338896387398554831685679
25155 22061.8181537277823076309780346227441
25156 22062.2054288271510108253841365707294
25157 22063.2105224173865246887830941990269
25158 22064.1315487854903044031765106420369
25159 22065.1451663226477027992688029549717
25160 22065.9286534369039086799406240957448
25161 22066.8243427339670043893492690709030
25162 22067.3662345003606559512332939637926
25163 22067.7651756465372452602204914730874
25164 22068.4585782810810424716114467338806
25165 22069.4580586531230405823271549891988
25166 22070.0404369757893726696853625826787
25167 22071.1999329938084265891764551769338
25168 22071.6580609970357711593214079850334
25169 22072.4110849988951850945659991851787
25170 22073.8643238865353088746441470495639
25171 22074.2749591250287796709005996093069
25172 22074.8522871355306300402835172511323
25173 22075.4580888851312669753853739590230
25174 22076.6248523289253135910164187288179
25175 22077.5866963966016194044864191003535
25176 22077.8799429413479463319775987652269
25177 22078.6825710657037226807111775572332
25178 22079.2705464250938404253930760854610
25179 22080.2087644278441208535681203092085
25180 22080.4561703270093849234200756792143
25181 22082.1725177551757070461523082005326
25182 22082.7734804076731874613919484406736
25183 22083.7005725652625332324872403116935
25184 22084.2370988165491669519792182403282
25185 22085.0427514474634492952356363378138
25186 22085.4995261530030274646896437789570
25187 22086.4902408134566597800329886201136
25188 22087.2328234331999034741609683537565
25189 22087.5399277027607231110581403201492
25190 22088.7656749122773087001789122863555
25191 22089.7460841921332584578937641591648
25192 22090.0576711240101979664334989779822
25193 22091.1478571262487319442160058635507
25194 22091.6294314479356241691966724738982
25195 22092.7735850997829910984427112816116
25196 22093.8482867873571347333219748420119
25197 22094.1307446076728688850973088650508
25198 22094.9830787842110869259532150164844
25199 22095.7344535874493518698540783471766
25200 22096.2270515125354523187544189985587
25201 22097.2431355381816390570431421815749
25202 22097.7366582076787637227383571512740
25203 22098.2765443757991693197552903218462
25204 22099.6078910157678913676047035643941
25205 22100.6075993448107998402402212965120
25206 22101.3336172009431778868695598858974
25207 22102.0728492138143772509732681424113
25208 22102.5489398835936913385078831267695
25209 22103.4670346853176100243333725888086
25210 22103.7945002387675925501212343286083
25211 22104.9518805817364285155362853963061
25212 22105.9945201911548663471133299554136
25213 22106.4977936883075611694028430029572
25214 22106.7921883722015367308897807980215
25215 22107.6775088205828915643033652172247
25216 22108.8327578347133672086180951616707
25217 22109.5670934938807674518150144824221
25218 22110.4434816085653255828447664446490
25219 22111.2833987334107707317874165831868
25220 22111.9691100414704166257890124163163
25221 22112.9084898129138809105551874986861
25222 22113.5037923094071880042674258953531
25223 22114.0130653160422124807964335628668
25224 22114.4120280840068526991187395687583
25225 22115.4737399197138038102238386708038
25226 22116.5704686436894813890148308487409
25227 22116.9768164294023946336945021061542
25228 22118.3095862205330489095658336949488
25229 22118.8291210978402546107061731733807
25230 22119.7192180549065851103380108493308
25231 22120.1790567905603239179670125979211
25232 22121.2586769140850069806963665970478
25233 22121.8656541793457489247239297840751
25234 22122.6027080647660560461351106941174
25235 22123.4954760051567587606732158093333
25236 22123.9961760388758054277668400069008
25237 22124.9049841829622467079864007742959
25238 22125.5427017341921725294273788453130
25239 22126.0798913885885773418754071671660
25240 22126.9831082506370388390086073596836
25241 22128.5605047724945711137459669746149
25242 22129.1930496251391601229687400765645
25243 22129.7548671695148975488466667397481
25244 22130.0247613079581806986108791044738
25245 22131.1769567583274736809615817073850
25246 22131.7061710501171641546994523850155
25247 22132.5499080639695631021526708523040
25248 22133.2011454464783130823788186823204
25249 22134.0785489868233506048414885694373
25250 22134.7525604207282449406683968032679
25251 22135.8323070662175890900577574781912
25252 22136.4485270333026234944887985767850
25253 22137.3609644825222392066823372039673
25254 22138.1940916727968985365928963304467
25255 22138.5094070155552067694939730107902
25256 22140.0104720730556702159848506140336
25257 22140.3297785996715333125841705706830
25258 22141.1106692393765835210696464885174
25259 22141.9125255371791258546282969544232
25260 22142.3685262849793474240639221797631
25261 22142.9038453270369020992700655193021
25262 22143.9159934925856941792064242045021
25263 22145.1071734002452243482882747079721
25264 22145.9139960220412806980977853700258
25265 22146.4844884436052192757689382972187
25266 22147.5889216551731676751360251821806
25267 22148.2672269216488416981259296098867
25268 22148.6576661702518193713613480054331
25269 22149.3164120761200158683593866157499
25270 22150.0930424735498638707175175062760
25271 22151.2687974710227491298724700178318
25272 22151.7553459234304812026700804908866
25273 22152.6520126948616303779768127667788
25274 22153.2715263381844559976797977668558
25275 22153.7159333801766937741934212729663
25276 22155.3273068539811257105711889795147
25277 22155.6030571888079217112312895521320
25278 22156.6678550193428903364157458697985
25279 22157.5916620843548280929901723348377
25280 22158.1529143825304276615052389304256
25281 22158.5698848981800618981876925273532
25282 22159.4593771212317323133212270626485
25283 22160.4338005123774703640116139920904
25284 22160.6572000982331862004641600917487
25285 22161.5444465250863869682097736737868
25286 22162.4149082070834168468621037693551
25287 22163.9845257083668322504000200423700
25288 22164.2018085077963983470126001371417
25289 22165.1290060160614491601635417414904
25290 22165.6578093278445411970477251020982
25291 22166.2255592502575909947477905540179
25292 22167.3909630351056129266810537779288
25293 22168.2342651974081190101881611664826
25294 22168.7160423566909270003577666884020
25295 22169.3414981230346923006807490659545
25296 22170.2378651900256532877854909822761
25297 22170.9016575036285835366215171927227
25298 22171.7282815061367328280382151575656
25299 22172.3612900126924267287450900600674
25300 22173.7542017801014292480797282068026
25301 22174.3217727222959414845636208898288
25302 22175.3544254911763726319270430176077
25303 22175.6476383972100166276591672253518
25304 22176.5892550149094511133887422494910
25305 22177.1280295223103334889334123753984
25306 22177.6736310817485775113778972865186
25307 22178.4637366911944596570206709102471
25308 22179.6768435126740722072374516138333
25309 22180.2962098408537520727072006694885
25310 22180.9145953041177719018188093263874
25311 22181.9686119626108431224491035270012
25312 22182.7104480423267707211811841980370
25313 22183.5513433718939337214704356094144
25314 22184.2913691160898034092038658912206
25315 22184.8575300830295631176047801931528
25316 22185.6054758326171968992228245697980
25317 22186.9047544986301593643645958574800
25318 22187.2278778253494011641571454278900
25319 22187.7425184800762411839070245180400
25320 22188.3972308106173324647688473584095
25321 22189.2043426047531600883915971691991
25322 22190.1864503752989034516600859944978
25323 22191.6716134608330176200681191555327
25324 22191.9191228661758373803282653801602
25325 22192.8805380388803515821841650048711
25326 22193.3487786427324291925501261405374
25327 22194.1846454329956636957781690934001
25328 22194.8635038686602261770385202523798
25329 22195.5435456609352358986742344616842
25330 22196.3343369716281957759224028353310
25331 22197.3766173888357328867098165800952
25332 22197.7118397315746677111415809629641
25333 22198.6081008021285778843219727908505
25334 22199.8711346437179317840823058776044
25335 22200.2924922060060529627721703814616
25336 22200.7304421041864435746180255853171
25337 22202.2570484213855708962202626539127
25338 22202.7936187688126014815678013354980
25339 22203.6854247367374768378886611881596
25340 22204.1619139325522927081797453649517
25341 22204.6091636372142563545530863436026
25342 22205.5393243653907780328215469700150
25343 22206.3669049050746161891256087437270
25344 22206.9364611595938502382690621789591
25345 22207.7788514640613875893240115463442
25346 22208.9802955010161706703999405292870
25347 22209.8318539276531966890356842954713
25348 22210.6244925742289486973867060804130
25349 22211.0909674995411416910806065211652
25350 22211.7428366729439247379585712020777
25351 22212.5129983052670339775088215660427
25352 22213.3543778592987700028567055852963
25353 22214.1628809450359907248516183599878
25354 22215.0497490730599521736014283119958
25355 22215.5786506220254392833598347127726
25356 22216.3932969576928686987269909772659
25357 22216.6813515604062608491699769377003
25358 22218.0109534630940954881033605990622
25359 22219.2075604468127065205761054880950
25360 22219.6240914577297947187647549589675
25361 22220.4067662571936168650832276374181
25362 22221.2007754722191151867691682313064
25363 22222.0080733211364547453757669465599
25364 22222.5969419460216119385294762170524
25365 22223.1279948874143988446978005006254
25366 22224.0472086303802633169107070849068
25367 22224.3097749580456959019221202396482
25368 22226.0362643349552554330785419348249
25369 22226.4392795477894264868290733725944
25370 22227.2430168029928005020349561231421
25371 22228.1608642038442451777579410343741
25372 22228.8203178125046020360791926000388
25373 22229.6066011396303622061804922740326
25374 22230.1588248116721185107226219805225
25375 22231.4174896254534304050979347884191
25376 22231.9103044088518947876280308708867
25377 22232.2999923953110414558974496360669
25378 22233.4022341780585050488125609044831
25379 22233.9651066914299312602416143980497
25380 22234.5905734352605755314847913431249
25381 22235.4935860564028821845349347676953
25382 22236.5698220210927381280766059610346
25383 22237.6027970224842412698998620257713
25384 22238.3269014171861578228587076138280
25385 22239.1406436018461375889708940010564
25386 22239.2332932820533871382815204694841
25387 22240.0769735053111175347266218509952
25388 22240.8239994093070905623107510199757
25389 22242.0433841706546352566869149011961
25390 22242.4525086145102612065574916771036
25391 22243.1540365797529253616809650339537
25392 22244.0206598877522000964036605646973
25393 22244.9940793436784331455829798424214
25394 22245.8498333261821564746190592399821
25395 22246.5492898613130985825643598831730
25396 22247.0555514342647967483150944538174
25397 22248.2356321939856668259759726724560
25398 22248.9347010844867430232334348001839
25399 22249.5681978884300252801346681176670
25400 22250.3955324592246863338466079717094
25401 22250.8083833449282927591039707881999
25402 22251.6746252115729120743890410613763
25403 22252.0545259391791375590392678558326
25404 22253.2716318352882716461326610415859
25405 22254.4270763689481719272143380037476
25406 22255.3372439851859932308655959115215
25407 22255.7467366446159975759483310629249
25408 22256.2476025148122040107467236105549
25409 22257.6696418406524287169413856735435
25410 22257.8661157952890467450766949039868
25411 22258.4609787376589386628859912130732
25412 22259.3641062648991686268656316256097
25413 22260.3762789894530485042669104390699
25414 22261.0391494441025387570821949352526
25415 22261.8453697782640094365805963333861
25416 22262.2279129691984246315929550837559
25417 22263.2801116615497735436164509284209
25418 22264.1630382513933447722317777807620
25419 22265.2974565504691951640902887663706
25420 22265.9304233763369772608418589543685
25421 22266.5026458343238313832357931995051
25422 22267.1166264222408993165116960535104
25423 22268.1388578630122572066238183862864
25424 22268.6454343224272004983337276481592
25425 22268.9725879723912478475544014903044
25426 22270.3072926222860992502760204043559
25427 22270.7952782353250697000017450977277
25428 22271.7420283003461030089658982200602
25429 22272.9822675380134128276004976459290
25430 22273.7414295513592079922446969441619
25431 22273.9958768695530726437191023654114
25432 22274.9474695351747266267639623681746
25433 22275.3690655444862423340392648403982
25434 22276.5810552730173897700067337784114
25435 22277.4417585659931644815409261328167
25436 22278.0134896909358325215196404344489
25437 22278.5367759369559783832186822329925
25438 22279.0854701350920741178164831284587
25439 22280.1563476294989554615743567506536
25440 22280.9561785361034513118046349552198
25441 22281.9118087273083536044158997385329
25442 22282.7171604034362111957314892124854
25443 22283.8203616135579453144549139805259
25444 22284.1872607010048585182684218846576
25445 22285.0171115630122286494534158802690
25446 22285.5034827026729988800085115827732
25447 22286.2804773642230956594044180987386
25448 22286.9018186377868597702271663290267
25449 22287.8093863192311654367982352191176
25450 22288.7317207529215682648563028654224
25451 22289.5296580440417296370790825229281
25452 22290.3249151595958910022918585419717
25453 22290.9891771088530526524076055734314
25454 22291.9433707103237512915196310659521
25455 22292.6133262905749768660939192338970
25456 22293.5089908304515156076129408645139
25457 22294.2905193296776241928179139910134
25458 22294.7357939953788534900284061600681
25459 22295.6998746371933204988878694161731
25460 22296.3493172123412356140718259044607
25461 22297.2227578886537040965064806806714
25462 22297.6473770862542495126284985204119
25463 22298.0183861697541932382699474776416
25464 22299.9996312144476008425179593130378
25465 22300.6389146768272808577311600747102
25466 22301.0024520156830090820151204871786
25467 22302.1489679151510573351328359958531
25468 22302.4599100392868798368292395345587
25469 22303.1083706728264768646526751347152
25470 22304.1778473157554251759356563173375
25471 22304.7375641076710572261301997489735
25472 22305.5373304148991281746311555898548
25473 22306.4677129582320050031745896897270
25474 22306.9238593778601578411458801340847
25475 22307.8840696568767351955868477143893
25476 22308.7360962020353070285111378153876
25477 22309.6501478201663168204966705028617
25478 22310.2486975978633878605897737825347
25479 22311.0306687387449520260912543673919
25480 22312.3488862968259342356018130763994
25481 22312.5924279431570268593951066310795
25482 22313.3929851174939533145938485348632
25483 22313.7037342311023902288363820710104
25484 22314.5230875832422275490557956875534
25485 22315.5514668016967760317710465111668
25486 22316.1288221883437238606495718301870
25487 22317.4602655149349830186386848418990
25488 22317.8357430732259088602775344416475
25489 22319.0620294039532573444085619895846
25490 22319.7422434330332787813520883016342
25491 22320.2372629325524848647347322538429
25492 22320.8133898450841471181776599476941
25493 22321.7002170952570437305758764601536
25494 22322.5721474689448623201412680651983
25495 22323.4237201019596217181790751556299
25496 22324.2210039836886354823598043709045
25497 22324.4305625569208141134244791966093
25498 22325.5189228632640132668262435498820
25499 22326.1176338161286305016582571887889
25500 22327.1379609910417923834564544631230
25501 22328.4297672349924404280407725975472
25502 22329.0957561763203480303975006591824
25503 22329.3118087064818575138461969285360
25504 22330.3682439732714410147527460560764
25505 22330.8411665301470116656370973303693
25506 22331.9183858451192497954083173504019
25507 22332.3246328985793417406225767348752
25508 22332.8702444352859482974298530420078
25509 22333.9619954094504361194445440010484
25510 22334.7860995686558162256606331730406
25511 22336.0855135557005008377665034122309
25512 22336.4352507793682537817843143584090
25513 22337.0505875739176646927465431956586
25514 22337.8337130613441440321558499976672
25515 22338.8580051039998180210316515181808
25516 22339.7448871854551811384106924333767
25517 22340.0372942842260926894549969745799
25518 22341.1070657755125022706459847967178
25519 22341.7665149161478452000760214321843
25520 22342.1881967795623308243842462662704
25521 22343.0425558983805218746172740629456
25522 22343.8697654716586371324545597305254
25523 22344.8302795760481936346131537483739
25524 22345.8605992053658844088933541678561
25525 22346.8538999344103570496522021955693
25526 22347.1212512769960775096161647440630
25527 22348.1533635383007738221877859266314
25528 22348.5880797754009350330158146774533
25529 22349.2995380496930618942174021221066
25530 22349.7380968608314267079129810627382
25531 22351.2080877545105383131489536939663
25532 22351.7739053743798764078486869528216
25533 22352.4171675155388052775020599989245
25534 22352.9188021283530623583848820842332
25535 22354.2333212407005078467357284875260
25536 22355.0743622887715797268762769381866
25537 22355.5626379967360541365446143187454
25538 22356.3933855385990012004777384143379
25539 22357.2563173493127246982975180458409
25540 22358.1786798707827482782724305876285
25541 22358.6224552365011088433199306209665
25542 22359.3793356854136198545216901708246
25543 22360.1252012290061925623125933840676
25544 22360.4250021533095969319809464499658
25545 22361.4815947654105550697074164533996
25546 22362.5482643844297346351039085369226
25547 22363.7093294891109563867039525068554
25548 22364.3751458580772347575184096609801
25549 22364.7211565477061480326256820177725
25550 22365.6748299420613128930615622211719
25551 22366.2575510656349295244489636957723
25552 22367.0412146225454694620077085687811
25553 22368.0201794051677040643685799818676
25554 22368.6742668512745912116293729056536
25555 22368.9957094287767314284459600573343
25556 22370.3487359981474003951970093222207
25557 22370.9533332335959290835832371346373
25558 22371.3900341579842872577185864282536
25559 22372.4657907741199258763596336555038
25560 22373.3635295524262557078769466734831
25561 22374.4787994923462143280789303089043
25562 22375.0283468164704656820654579040246
25563 22375.7220446806193480334570707277220
25564 22376.1352606111175981788407790072069
25565 22376.9293548448659568030389037892681
25566 22377.8500697507353802485206363375543
25567 22378.3704809372888384724836629227259
25568 22379.1356299251775828885061968989722
25569 22380.1585618481959258857788076731854
25570 22381.2209995889381362082222170256242
25571 22381.7526491812167934020765032563723
25572 22382.7183708765723743737957322368948
25573 22383.3924129709848142177730277355717
25574 22384.0274006485993313294681769225087
25575 22384.4293942783239273022732266631073
25576 22385.8879896092601964317317957529377
25577 22386.3894905952994796450359922430468
25578 22387.0633628403030827776671729707992
25579 22387.7099558551810880314518278708992
25580 22388.3735725385875293462005523043825
25581 22388.8749378764747341178841962006673
25582 22390.5434392538123224245495589656637
25583 22391.0421861994405670072363628249478
25584 22391.9871334780088410905285782369819
25585 22392.4674630286943029603295065945890
25586 22393.5696492588630528017461043054958
25587 22394.0514965353996980170861463456802
25588 22394.6280449083349652630968063076163
25589 22395.2107237104482817852759622129527
25590 22396.1076949087845375811402581808827
25591 22397.0718503679969760486051894610593
25592 22397.8548959400422507659660253604494
25593 22398.5431353478353331211384460473334
25594 22399.5356130915895594003824026347204
25595 22400.2776273276064517669196649451406
25596 22400.7544786821710481989906061165656
25597 22401.8764115946490824600953532185773
25598 22402.6903476008640624594291736125744
25599 22403.2977849249452168632444187711284
25600 22404.0875092596752083890995420426085
25601 22404.4856274050861782494688215768941
25602 22405.5400497367487175536621932570650
25603 22405.9963861204458009466409695885513
25604 22406.9846585049950511691270958557543
25605 22407.3746415451058984306137561541911
25606 22408.9993055575367739536857266878068
25607 22409.8472244668840317269294069642535
25608 22410.3964151853706006101561439288579
25609 22410.8985745569896989619911648489456
25610 22411.3326987432353788394427735524606
25611 22412.7158419696753938251982854783049
25612 22412.8526727218471786701289063106465
25613 22414.0656435422847232358843333802629
25614 22414.7077041129611919035517008059904
25615 22415.4620937086786992533323905787241
25616 22415.9285934223307908410983266836698
25617 22417.1632266824177424829753506892471
25618 22417.9357482786332649644563079985535
25619 22418.4516583042407557235305352932257
25620 22419.7564049306121564846467549011416
25621 22420.2070090860669603949362434639640
25622 22420.9211062061088213024458550014454
25623 22421.9212724573669712288647845845528
25624 22422.4759819867788397003545326559915
25625 22422.8521415255839596804241826886640
25626 22423.5842499816036999647590616319800
25627 22424.3613890796702596249082459262415
25628 22425.8159795318951512171224305975260
25629 22426.2911289207390377357577409028003
25630 22427.2006295280724683950235083585005
25631 22427.9033897450879626122375752824348
25632 22428.8086530395230769902763127570071
25633 22429.2580875768283688493290623093593
25634 22430.2646674123533995287553042339983
25635 22430.5770043962437436100171042698796
25636 22431.6577768494495680269139351974980
25637 22432.6253334104626532475223073486028
25638 22433.1937440439685538622302716940695
25639 22433.4980247456125242602695549408744
25640 22434.5909456565224403550557159948449
25641 22435.2362712602911647611336638008816
25642 22436.6224147567748559655150762112236
25643 22437.2188452446572571947698330609154
25644 22438.1128348454607140143619877224248
25645 22438.7024713215166602279898505283387
25646 22439.3367678701930224196789001815465
25647 22439.7896532235003379176226140496559
25648 22440.8338349326895666226707131966950
25649 22441.4559053301629922130680902110860
25650 22442.3533557657761626993921717446354
25651 22442.7990019267615209055787022915374
25652 22444.0889348253477045607152287214704
25653 22444.8862573314548275788239399975211
25654 22445.7656625424141632173783084432888
25655 22446.2737114003796208703579188112415
25656 22446.6926601558214300499953371937815
25657 22447.8820288847924573464480565646157
25658 22448.9698768951963609594930136018718
25659 22449.3880745750158088098766082178110
25660 22449.8635815016567302409898694226741
25661 22450.5967124877612418118774642101796
25662 22451.5095592940589045116395097072025
25663 22452.1610832509484487668111259917851
25664 22452.8197601413069613063943960854472
25665 22454.4628621569671476978051484141806
25666 22454.7274039170590694392671766658879
25667 22455.6467753743998570449865944520063
25668 22456.5260400584834465137315039243504
25669 22456.9382962470765792583865319743281
25670 22457.7478054922658898059314959489729
25671 22458.1906870974599018455854703392789
25672 22459.1887169247611430260790373152552
25673 22459.9870937766715734176944157851194
25674 22460.9175402787671900255534856120862
25675 22461.5809184573820493310873905492888
25676 22462.2294426979006143935636585536635
25677 22462.9332561625919928312934964297061
25678 22464.4078387271403516330108468686711
25679 22464.6406678937906664627968534425056
25680 22465.5358404092682463364123536819023
25681 22466.3681698548034699189974971399090
25682 22466.9117868736758080400714291359654
25683 22467.9073559382745157488909974578426
25684 22468.4366947419219771975417288051301
25685 22468.9918999118764618036550590560500
25686 22469.5779661968231074046662428927445
25687 22470.6182843509269272128882916843996
25688 22471.8977797642188848401254589601807
25689 22472.7409233548352369879496983942489
25690 22473.2041364121007705408276206002463
25691 22473.9450585632794564011895751972254
25692 22474.7022808714017579941420154546474
25693 22475.2548611178166842207313246603891
25694 22476.1225241177388394194456388560306
25695 22477.1420240614131129676005719356152
25696 22477.6870754554984401783829429048182
25697 22478.3333579839441212515340311074521
25698 22478.9867369535236205366165000646267
25699 22479.9584499341833445712144500022146
25700 22480.9246703171279099980873993985966
25701 22481.4615675343140240934243398282551
25702 22482.3563657860874913933490017750525
25703 22483.7374593353620984241507723960417
25704 22484.0662984092477131221761587359934
25705 22484.4840923200380469958235356902502
25706 22485.4221271148662141385363119051965
25707 22485.9570531745398450340893107697979
25708 22486.5422254044714493223636882100626
25709 22487.6590932589273056989278249613741
25710 22488.5736544450102566047041865627341
25711 22488.9177231166729549260465367959237
25712 22490.3659833345846238301389377304461
25713 22491.0116456031665570171828137924825
25714 22491.5457259285904763853440353577990
25715 22492.3114407934297774485110707283431
25716 22493.1099301567466471315685822686541
25717 22493.8357512188585489675887884937755
25718 22494.7107706812178156823984071168997
25719 22495.3358413677316093931536561451037
25720 22496.3352798169985791210280101679494
25721 22496.8014043478057849425357412491540
25722 22497.0883269818909831644769539019844
25723 22498.2134340864709867617126342001410
25724 22499.4524967579708876308349922297771
25725 22500.5087166702615612449984557552819
25726 22500.9970561130199093044216220339594
25727 22501.4227600429939459097640556961975
25728 22502.2836492141385163126912641712087
25729 22503.2065072037262719874827043087690
25730 22503.8523144571032259826656137991349
25731 22504.2212836374256017814153806699093
25732 22505.0710213754853480915891192084963
25733 22506.2704733792680796201170600585694
25734 22506.7947734710798025065474756476676
25735 22507.8027600270591131414542986152081
25736 22508.4225741321553350784463011137780
25737 22509.2737083853802244897145704208299
25738 22509.9730221773972049901395874852318
25739 22510.8711712481786556301166400350471
25740 22511.7647967572679117015682824788858
25741 22512.3624420681387073661108509826593
25742 22513.1143034719708070076645470896512
25743 22513.5224061903965475438038705749852
25744 22514.3614585119940156764209294135758
25745 22515.2044047030620019249328492913776
25746 22515.7698880323865902222579339106064
25747 22517.0516673851421104247658787395429
25748 22517.7803285844021494684184165596343
25749 22518.8136596482183739027457939541196
25750 22519.4316921455035628285953869422900
25751 22520.0579973692440703746171953357730
25752 22520.6059093244984469319718454555910
25753 22520.9881127083562950717591990049161
25754 22522.5575434538297876468390877907150
25755 22522.9898838417196314431908565022860
25756 22523.7294932187856632379914521292185
25757 22524.3822020775318343674825403007077
25758 22525.0518953355541198681184619961205
25759 22526.2367241092586533577772004830715
25760 22526.8337156128797880007245490067636
25761 22527.9079379801079435681381097317457
25762 22528.4553540214009734883961249481377
25763 22529.3203297241316595581787522280824
25764 22530.2006431036217356980602239302209
25765 22530.8366183766602249809739329691328
25766 22531.0209872766763377588721828478838
25767 22532.2782644358247927981459804296813
25768 22532.6862373045540719096609556395757
25769 22533.2632577280611492092555378003907
25770 22534.8502215194055202239878271905216
25771 22535.7002666324940762707142971065942
25772 22536.0689378153444182726602356100668
25773 22536.8530565670101420704482816881507
25774 22537.6781546615453109570124812756501
25775 22538.3547617809486780241994147812481
25776 22539.4113475865554173404480002079716
25777 22539.6662884311895177614126816447629
25778 22540.7392878210040696078278653841930
25779 22541.3130420908460486156929765722662
25780 22542.1950989629312795728493102241214
25781 22542.9920646820159052658739147821653
25782 22543.2547219483780766064573292556597
25783 22544.4324610519255873120333214808416
25784 22545.7964938133124298115715814398301
25785 22546.3042079934146368456676194020700
25786 22546.9379268405759690933920998313785
25787 22547.7046938077440706311214280538623
25788 22548.4042432953799844253150582725982
25789 22548.8153791451747904546998963695968
25790 22549.7501529726693518136205869150671
25791 22550.4677967747940229984449115371096
25792 22551.3955876426277586506878645858560
25793 22552.2374294899001125350845890697980
25794 22552.7080583242724972905450101557010
25795 22554.1336225506789966479425178681502
25796 22554.7213352950163627080686547828225
25797 22555.1460843369920369553560119487795
25798 22555.9471700154781157788169197126022
25799 22556.8704790944751835288414802902620
25800 22557.7456191423212817285106599478055
25801 22558.6022864816300391410755609974606
25802 22559.0430223693011109144858745221294
25803 22559.5404420293727954235303168718468
25804 22560.1681937071131011222927233047691
25805 22561.2580137815791010434948543694857
25806 22562.2988498979124386871612036010617
25807 22563.0899422529117462103253019764338
25808 22564.0192300342413823642490998862851
25809 22564.8137585877213875222950904750100
25810 22565.1196549768399108827431532933930
25811 22566.1225844769806495435981237174656
25812 22566.6148203595155344895257967988091
25813 22567.4090057971243058137777050165449
25814 22568.0680353180327395943311417346079
25815 22569.2903816601868295025115772270568
25816 22569.6459912520950142696882203491985
25817 22570.5780692452425531722170294730113
25818 22571.3593156108344121545888395583629
25819 22572.2059502003451048856647275346013
25820 22572.7957793062754608579643984839923
25821 22574.0863039125785653919982375274371
25822 22574.9242492560905993383068332453928
25823 22575.0576673591127566325361778369597
25824 22575.7702003078048741045795434736051
25825 22576.8644815664146903530505419860091
25826 22577.4394213683755835052531095558786
25827 22578.0529788678074621705684201489664
25828 22578.6229680240627601565212921881655
25829 22579.6748333064653131101855508052014
25830 22581.0308289725826267471297984675519
25831 22581.7414609300140955781329508120419
25832 22582.1594634222943391266798528647619
25833 22582.9468828086048295000753135576406
25834 22583.5085740512217104805821115324628
25835 22584.4434485729714428141754238673316
25836 22585.1115833123238204298336398786541
25837 22586.1946980270956700272023015599773
25838 22586.6279353833726749586695360271024
25839 22587.2731304001137309726275820349014
25840 22588.2789538832697690828494314552242
25841 22588.5827130497543530887314777527608
25842 22590.0498612688813220829846049981260
25843 22590.6832257432361369275308356343896
25844 22591.4382225346488224622034662078099
25845 22592.2823371887871342931510722662804
25846 22593.2586997525514821183229174633946
25847 22593.6262669987991814128310202570393
25848 22594.4143519983909749051948256975551
25849 22594.7772383710586010160777237112423
25850 22595.5188668313146692297358512094448
25851 22596.8251341716555957399354095583375
25852 22597.3435282663616264726300142417180
25853 22598.3869462051776542816036454447126
25854 22599.0974290270602005962800444768288
25855 22599.7828441093923903046709784540991
25856 22600.9788571179127461568518736837278
25857 22601.2894415048576338829711811175501
25858 22601.7498256136648632499676039425648
25859 22603.2259405301145649016060401618719
25860 22603.5207835035837017185414509101717
25861 22604.4656694645743701558117266522025
25862 22604.8612375564258956771713042445215
25863 22605.9741767098089378611591930254797
25864 22606.2639672068614951951411178634009
25865 22607.1070936744104370647350482215732
25866 22608.7011644620139778678713198392691
25867 22609.2818690975872880138680855443703
25868 22610.0142334268308522542033673980388
25869 22610.6470261068515485991757195530063
25870 22611.0656613387330660333205150565115
25871 22612.0260473392215711600954987254541
25872 22612.7092523336052600486385548381560
25873 22613.5241626902793617826545922777934
25874 22614.4264652973870216787588507271113
25875 22614.6161072899978889887809229070385
25876 22616.0979104256356760177820614197805
25877 22616.8061961492673803005973344749311
25878 22617.4219674224134848720721185316205
25879 22618.1508977090190353203469612244085
25880 22618.9727320516662414564101980231986
25881 22620.0256926930579076770807348781237
25882 22620.6405386602970716135699653725707
25883 22621.4970023254570953881110335772725
25884 22621.7402578430724490546870624113600
25885 22622.7955187878665166666906176527582
25886 22623.2030175278081450025551219503488
25887 22624.0133281469081379872372352331814
25888 22624.9907553040924086358277691345922
25889 22626.1618200968500527901084636318150
25890 22626.8300354112029108981173847889972
25891 22627.5656244522275490583402214145790
25892 22628.3673927810497175260742904464452
25893 22629.0922265743915930015068565553605
25894 22629.4732678640694834006306464199460
25895 22630.3654683689289012707978619093405
25896 22630.9533590129963898345388526201019
25897 22632.4516820751485412312151440543686
25898 22632.7014322630750231508140560551149
25899 22633.2678233556218298619657876376438
25900 22633.9125533778780443294763267845706
25901 22635.2393108877089877150234859625676
25902 22635.9219877113354367451922918245949
25903 22636.8704224085931344837566390228774
25904 22637.5307189263458779526551510618633
25905 22638.2796931819834465731651067904405
25906 22638.9259931544054075605111713673202
25907 22639.7689746367116469789645178295091
25908 22640.3270231678811981778947454441508
25909 22640.9142550530994805825164225587287
25910 22641.5840891740936131113280502883919
25911 22642.6887176847480423453014691747120
25912 22643.6216898225509274616280705782970
25913 22644.5035238466639313332820570601502
25914 22645.5157633611507505747708958985442
25915 22645.8346647841524238920789996307825
25916 22646.1970012182063475702548507908440
25917 22647.4271740378538751444551679552605
25918 22648.4242985662918601609225306588766
25919 22648.8030394954562019497212870872790
25920 22649.5749164876710667024045770271788
25921 22650.3328769932842512847956174673770
25922 22650.9377424750583144528856783817923
25923 22651.8407458539163191776641596663001
25924 22652.6771292285654380184157949390661
25925 22653.2770525418543925121164699991884
25926 22654.7541737006103132468608967848413
25927 22655.2474596309503244996912838285042
25928 22656.1436827983413103632991227655595
25929 22656.4900363539610926860812929323060
25930 22657.1271075778810686268201801510032
25931 22657.9100236200206104368175057726507
25932 22658.7627846301517323571920186879948
25933 22659.4093265612175732890217658977913
25934 22660.3632373699669486909916717892878
25935 22661.2495184242954431328856761480151
25936 22661.7489049895241934176136227439471
25937 22663.1453947968788261207334569314231
25938 22663.2725117579525607875450422778480
25939 22664.4768567818690819711333307350221
25940 22664.9299301582529950765485873407036
25941 22665.7594393840156961959141056063060
25942 22666.6535302466537975107307090691694
25943 22667.5175964594610070664922685401688
25944 22667.9269926579359707714731151285775
25945 22668.6455481994167447824957907620125
25946 22669.1886272346890038978503094217683
25947 22669.9291551203419276173644030855105
25948 22671.5959592965183005186481275039965
25949 22672.4057525134270278145381061683748
25950 22672.5081868971699489561285528163051
25951 22673.4943503283329107052946733597010
25952 22674.4732553319729611795262215866823
25953 22674.9924640697091522250847544596027
25954 22675.3941035008915745790563627503347
25955 22676.4096818814762670089975033760270
25956 22677.2628758550372623481412386342431
25957 22677.9248129110804249416032257781736
25958 22678.7318899936620574724617806182148
25959 22679.5825266315968758662822186942656
25960 22680.2587310272606453049491964422392
25961 22681.1517623955530564408546763733593
25962 22681.8925508079231470461000466791072
25963 22682.9330747914313437709445642323774
25964 22683.5756047879739370757875113086957
25965 22684.4909735192341591402974033446562
25966 22684.8616650611499543962975455692610
25967 22685.2874827473368784613760968813444
25968 22686.3127235995610231316064517051502
25969 22687.2708157931873894697851286114992
25970 22687.6208176177556272609191275340015
25971 22688.6466960915183221535798782011653
25972 22689.8808846176880716158725412469278
25973 22690.7474283427667660910589533873438
25974 22691.1700848573453860007689752687253
25975 22691.7472405945856295014002950776304
25976 22692.7030716168215747369049642535883
25977 22692.9623069267829245365745539453350
25978 22694.5344633501128989154072581833338
25979 22694.9294366747458843629013354370924
25980 22695.4161426251339950328855170689443
25981 22696.4833447527301342118531062152090
25982 22696.8188599155181007004952039476284
25983 22697.8396867867805287383831853108252
25984 22698.8147212762627751499290159561758
25985 22699.7926763488325100763445768336051
25986 22700.4730065483072990132474970016857
25987 22701.3717268889647353614548006725820
25988 22701.6584593047589982793894770979298
25989 22702.7053658613169250813126671851019
25990 22703.4492887659941401494614191824385
25991 22703.8403844372103591845757091354218
25992 22704.3156009150531468685495113434683
25993 22705.5993173679652898035099241183234
25994 22706.5752462157890776539179752589728
25995 22707.2822842482393371146051555221959
25996 22708.0664959490346916597169078091751
25997 22708.6763025366248991854068923224366
25998 22709.5946218095492183827538375303296
25999 22710.3272716862145390434598244595395
