45000 36832.7601310935447132053407686998706
45001 36832.9586866488567693530290655996859
45002 36834.2565911922902377586127631310378
45003 36834.4928489083290714870518931303633
45004 36834.9272207966937562792496157276246
45005 36836.0320163493220196196348063669013
45006 36836.4999269706696763957603938357022
45007 36836.9721813773071847523879933436192
45008 36838.1638238108469111506674453768959
45009 36839.1512801691398687016956635882697
45010 36839.8066928908909219923783230286900
45011 36840.5753948133258215084487813861972
45012 36840.8458098490829077618172122019799
45013 36841.7574773081000834612433311832969
45014 36842.6890502727129943199734127393789
45015 36843.3960395038505704388871491142247
45016 36843.8857623432634868843845002710149
45017 36844.6249003240530308671042173064941
45018 36845.3182498165676455896932790767133
45019 36846.2467112213073464946131650077371
45020 36846.4560330146065007557300860943255
45021 36847.5194976006132282063580467337142
45022 36847.9206571386468210290659375664271
45023 36849.3550660975046897401381619614592
45024 36850.2360987219280523796720042490565
45025 36850.6282267185796263622605002436280
45026 36851.2588069867883066352156008998824
45027 36851.8991476467134535943457155428849
45028 36852.6407744711228896440864710603140
45029 36853.2116640171808999476772257945586
45030 36853.7558844289804908139570642830837
45031 36854.9068981314110973910621926687242
45032 36855.5128345259628210264434190406796
45033 36856.2921050600427628616194679883654
45034 36856.6286936297523056546935321427000
45035 36858.0804122929939524915951745549535
45036 36858.6154958244151807100001131277553
45037 36859.0462038734941063982252137220232
45038 36859.9812888468721790959267984353285
45039 36860.6239407068320938639840845815756
45040 36861.4350648260454276315676405964521
45041 36862.3772806399389620281800588961941
45042 36862.8089715577710062080008892974032
45043 36863.3260518429884745213849982987109
45044 36863.8612272164825739648938561184286
45045 36864.4810492245786454061400044558792
45046 36865.7841737219712161883435962181335
45047 36866.4624447073987228323179856657591
45048 36867.3693720613585445997884499032177
45049 36868.2330378649897402683868312984269
45050 36868.5514967059891196333204570230380
45051 36869.4012700085520655427346968073690
45052 36870.0255225285033042783108143615236
45053 36870.7227932134854112989634908738056
45054 36871.1887925827994777900105524829278
45055 36872.3107341519150922474613248995505
45056 36872.7972981280935111517950036069053
45057 36873.5988052030940073356241241198744
45058 36874.3257321443426057561541402340576
45059 36874.9804607019192427394158929280363
45060 36875.7995554723391435810576714109294
45061 36876.4666186567470747213299397044340
45062 36877.4475138462983118028230469474956
45063 36878.4450798168204270732137583683117
45064 36878.9664501272543401861715657434727
45065 36879.3457396548101298513634641652864
45066 36879.9510053656394632944311104273355
45067 36880.8720282026471039361043342449880
45068 36881.5441594641739778542002651175251
45069 36882.1601407740460451743764899686050
45070 36882.7046196970980682759451834872979
45071 36883.5831270998252894830283065122527
45072 36884.8844240952405186172937802255010
45073 36885.5132821850424334568016742700507
45074 36886.1317034276028352347917392220604
45075 36886.5985287448809069968918326696395
45076 36887.6242601234870450173100986934987
45077 36887.7614938720955552131077938552121
45078 36888.9185439912518051920006896838051
45079 36889.8547589447627278287002197729230
45080 36890.2512352955501849968339878185070
45081 36890.8015670287421715425249395486847
45082 36891.7135211036373337083358118086607
45083 36892.2985359698099345572699385161972
45084 36892.7518302925589390351190462614726
45085 36894.1931687135171965818442243366162
45086 36895.0058360578438078787050294613696
45087 36895.2681415486923412632026069891169
45088 36896.3334460362476788302210563491006
45089 36897.0296293288226084234101813105577
45090 36897.6873193856220736443374535129092
45091 36898.2095932001717168660311171548129
45092 36898.7326863243246505618716661322540
45093 36899.2667333590654579064161028309539
45094 36900.4535882238615198941022378297306
45095 36901.0923363325863505299255396166446
45096 36902.0625312899789852554097124203650
45097 36902.5379981441893114227585356670526
45098 36903.3061041364589839381064354250208
45099 36904.2415011819736136543747171341525
45100 36905.0301174668233462724767334319872
45101 36905.3963534566555846260016658655560
45102 36906.1713307928325648185619377412695
45103 36907.3045691342127290553305412542348
45104 36907.6170163454038531945491818555414
45105 36908.2645800658873360478203815236288
45106 36909.2637476513212341430317592914692
45107 36909.4003666027730248318228079314608
45108 36910.5856083325229039715734753977407
45109 36910.7265548598407551068226106955357
45110 36912.3032047966250576144505746996029
45111 36913.1304618673111247879794824981974
45112 36913.7974685442603745951365696429160
45113 36914.2896190700224436110388188306554
45114 36914.9580954487903645989207817724938
45115 36915.3136874564606546285462554429854
45116 36916.4230545387337785412844836740586
45117 36916.9873825909436316706068005196701
45118 36917.8173457934615049004365045074687
45119 36918.5035836196216383991466891537970
45120 36918.9410692829663609289085191787438
45121 36919.9465938613597137602959995602192
45122 36920.9900436167956781446819022056866
45123 36921.3804529324236787686229179526190
45124 36922.0837519656600335417161995746354
45125 36922.8583968003246868683934206978340
45126 36924.0797708988629880574431062981173
45127 36924.4935217542957554984327079626624
45128 36924.9339188629577647208324917324602
45129 36925.9885361582605642297624382842431
45130 36926.3040124863303446999355632501843
45131 36926.8683496349022698050693479363885
45132 36927.7375714483013548008305238276315
45133 36928.3892293506495608639870929562709
45134 36929.5623101846172264656130249039395
45135 36930.2677580820110584072739913433517
45136 36931.0703268656150409587756744321812
45137 36931.7279283514605858969415736980099
45138 36932.3674929592105428662591827651388
45139 36933.0776971862572051457088055776735
45140 36933.6891199610969633581727653883525
45141 36934.4168848273716982588746220858552
45142 36934.8612469899719699197248355989554
45143 36936.2862396419501258744720677602664
45144 36936.6966423590998483246894132937997
45145 36937.2215295251775005140369548341006
45146 36937.5246621798750637555139665989633
45147 36938.7958763981187114439207286631726
45148 36939.5344787584244589058488987483548
45149 36940.6299550680825380785420989964243
45150 36941.2860079382320348816102068203121
45151 36941.6490544245156450565925739896355
45152 36942.6608610938444744596202937987922
45153 36943.0395306665894352563186619160635
45154 36943.9732212897895286819971835768313
45155 36944.4537372295582818024901019982036
45156 36944.9217189370573891597529052579895
45157 36945.8844808961585255186538866089494
45158 36946.6659008843702104211035559111566
45159 36947.5780127394249414248132055227633
45160 36948.3697295742492820806070798743231
45161 36949.3348883338552752977770814959053
45162 36949.6840451329331160904164821441828
45163 36950.2165845484356653292321741650092
45164 36950.9728541009798628988726083263944
45165 36952.2545772388582927906588726171022
45166 36952.5444205875679937454114969877009
45167 36953.3740928400171216843233935571439
45168 36953.8837541442678735283067426312571
45169 36954.4220110986292317909057388717984
45170 36955.3023374205754003620397004290706
45171 36956.2780417177191040010507464618087
45172 36956.4791615962344052477338881923641
45173 36957.8135483647528614039301400775481
45174 36958.6321289844511187570099547074859
45175 36959.4453490553182088131965524507514
45176 36959.9328670460740624317980805433536
45177 36960.7113528986801407653426098574148
45178 36961.0371442005504136021599861276769
45179 36961.5950244140733969860877925378158
45180 36962.8605883960515623510355673661120
45181 36963.1301878072100276730077798002785
45182 36964.1697539266638625250495676148542
45183 36964.7834139988554638762159252495306
45184 36965.5910534992309965945135777359845
45185 36966.2828050065437801820144803319913
45186 36967.0891022005795711738737163836703
45187 36967.9533928168563579997016547423782
45188 36968.6545187846039517707815872115807
45189 36969.1426505561397646455463728813663
45190 36970.0725455183505351611476538170470
45191 36970.7662918144500757797806935861824
45192 36971.4135014971177705887759567750953
45193 36972.0733573418117249390262219411745
45194 36972.6348549970570384750952424707391
45195 36973.3036323691804162511125776256625
45196 36973.6654730846050164886322300222258
45197 36975.4146809929638679481139269945123
45198 36976.1109256499768458714212086706935
45199 36976.6348467068806926350882828784605
45200 36977.0157424473489623502443209352163
45201 36978.1084915867771165016310309307995
45202 36978.7640022226630250324780164584357
45203 36979.1183839062716206290598630671964
45204 36979.9463519392956068622666787453475
45205 36980.8364660291263078342079567126150
45206 36981.4669829376456078721367727656926
45207 36982.0932064626955552495497509279057
45208 36983.0011143339785069769820262446415
45209 36983.4969102435441865769876428229922
45210 36984.3650251997561968340302632243903
45211 36985.2043583803963780957249008178491
45212 36985.9097129722882420822967736939510
45213 36986.8422795377620612029388268003095
45214 36987.5960376806699611930140794001738
45215 36988.3426922592923633894826616004887
45216 36988.5522319730916351498138760662605
45217 36989.2994244210716948854154469779924
45218 36989.9546290382545556716795452117294
45219 36990.7380538164541903736438583836295
45220 36991.5903922777873270713327246873069
45221 36992.2859365967495497593218555899216
45222 36992.9401118361451559930666448059865
45223 36994.2402736956184326805583614420023
45224 36994.9220853503710383715939863855829
45225 36995.2039638767064705390738776547583
45226 36996.0172072626796802118044460360198
45227 36996.5423565815476015147745659028145
45228 36997.3522312721639982197821281875590
45229 36998.4804431240713271321639124864427
45230 36998.9133150585264467947605595747753
45231 36999.4873563296187571218407269759600
45232 37000.2264152226063460591835317589976
45233 37000.8320313242462944778944057685053
45234 37001.3941305064766005971267398578391
45235 37002.7489136960559577938894432051094
45236 37003.1910010122822435048391266883061
45237 37004.5274796846030415368334646355430
45238 37004.7896239924096239752258985774336
45239 37005.4023194446186481251456140803914
45240 37006.0418220999543999414013223979578
45241 37007.1951474081245521225082770058578
45242 37007.3185138475824361690084590632850
45243 37008.1154348268230649090875395354176
45244 37008.5051060447039009808528769617846
45245 37009.9639219320971174492759254570828
45246 37010.3681755490763290144433376640968
45247 37011.3264944593952646241050435937701
45248 37012.0790785738666074725796328359241
45249 37012.5106630232591815629695564934919
45250 37013.3890046625500375221171282358048
45251 37014.2491180974407649342088239172854
45252 37015.0429759371629440712499306747011
45253 37015.5716043302347170656827691749579
45254 37016.1547253521280945852972393460393
45255 37017.0018898421426049019730449108920
45256 37017.7506796616378694257175716642541
45257 37018.2458772237136355831814434982969
45258 37018.7412120064477110525288378321933
45259 37019.6201737062980280342397331274687
45260 37020.7894960822068326072938623419865
45261 37021.5111936790537388535892554096310
45262 37022.5184333195918979964803356976837
45263 37022.9719937437320459099924828556120
45264 37023.4046579267604003294892643674048
45265 37024.2856140976714528976468298274370
45266 37024.6626575736760075597382369965643
45267 37025.4763311883820820409543843485864
45268 37026.5436425361908775685962147002922
45269 37027.1841098180110904728893522482712
45270 37027.6579426903456504934373477451516
45271 37028.3050766749449396847479523386040
45272 37029.1894645900373140072404037437468
45273 37030.3866946582162195687518730158945
45274 37030.7432085698164864315513452105838
45275 37031.3536843485076782022550173797713
45276 37032.3292347203801594139145355551631
45277 37033.0775308784778769052799655894579
45278 37034.0100204785437471271212899697255
45279 37034.5215211390274680437576823588249
45280 37034.5992150591877622555061297864591
45281 37035.6186543387205374724809326140183
45282 37036.2807547977147637682473705344460
45283 37036.9737523130602884403145164788818
45284 37037.9081016440928849381310184661624
45285 37039.1526684988699527499566149210346
45286 37039.4986290096511247766782492986114
45287 37040.1834504401043386339137363772287
45288 37041.1346047315071819531083317692732
45289 37041.5194221194420861943499412272105
45290 37042.2324611652876651850980460474082
45291 37043.0706798486401179186767016804197
45292 37043.7041228612136901415476850525414
45293 37044.4749366249900751224264253764248
45294 37045.1211313357993515026956415332189
45295 37045.8918011746316619622088688855549
45296 37046.7595966435202160381308767886249
45297 37046.9668419593338095849646413533925
45298 37047.8289435213719637044257293631148
45299 37049.3322406332996430867676933567650
45300 37049.9391730401539245295573885604592
45301 37050.2719246920789743482576255894501
45302 37051.1603596138485533822865346755390
45303 37051.6312928431436189050247220540519
45304 37052.4992538566882359227112098123857
45305 37052.8929739887848668249581062044310
45306 37053.9045431148158686842885622820613
45307 37054.3571018169476262992215771551150
45308 37055.0113234501459566226540740714285
45309 37056.2359380398683202094845102669138
45310 37056.9841773618738409611938009217151
45311 37057.5612324959890747415350266499324
45312 37058.5542836242233048917181960370666
45313 37058.8307491029555208643597126852600
45314 37059.6114885340725592443645130446352
45315 37060.4120208729412243979852523984196
45316 37061.3054242736751158637177575952491
45317 37061.9912303495350353227145220733359
45318 37062.7201289808030751844011028054727
45319 37063.0318429665710189867932780580063
45320 37063.5677809918584486015465656689581
45321 37064.6085818984863641496503992500366
45322 37065.3576234684461824440833856049666
45323 37066.3924411996495727156213820647580
45324 37067.1952887573134522181648602508776
45325 37067.6540443263377675901908603546778
45326 37068.8442077807344484516887285937580
45327 37069.1186992882291401627238277945952
45328 37069.8322213163563372184174877168241
45329 37070.2646913418120309910979778846971
45330 37071.0065940358297641591793679426868
45331 37071.8204372043593515473667882665054
45332 37072.9980395658236678868991921271535
45333 37073.2964395014327665046885301865032
45334 37073.9357895560501986575736750149500
45335 37074.8700604259180267278403006766784
45336 37075.8215731484749080142445339115152
45337 37076.3510765010241892918079202191362
45338 37076.9698787592892911787629065505071
45339 37078.2573157088507973292161614345446
45340 37078.4873898385882305189430079147359
45341 37079.2072952113374609139516730493769
45342 37079.8721890219155850043892102656418
45343 37080.7304689555569911599149566886108
45344 37081.3856009334049799556485669587906
45345 37081.6451356175372053739347054741160
45346 37082.5500776573159485858051540992868
45347 37083.3749259338807439574383671723871
45348 37084.9235170755371181678467621770639
45349 37085.1418308974039727000614999240755
45350 37086.0321456788596692298874148360357
45351 37086.5304001202628640135644300259692
45352 37086.7396650344575460918639522378113
45353 37088.1343139215922698356363803715995
45354 37088.5742690083149373974786762313605
45355 37089.3248855255436978583181310341483
45356 37089.9165327052357138356472108680667
45357 37090.8356252097001446487522873747982
45358 37091.3519561985269575473429352684866
45359 37092.1411090651382358130887976620014
45360 37092.9008109055424840060752751445002
45361 37093.7652412813182210723728316657184
45362 37094.4238786134878798325681778104860
45363 37095.3704320491772561826100226593969
45364 37096.2311721703462960127617801019062
45365 37096.6914338909893622611546955725017
45366 37097.2605716361269209295767735884328
45367 37098.0468073211213452167630802308707
45368 37098.6754219533850667766875918617902
45369 37098.9644323803461256010420449017782
45370 37099.9970589239143600421785361336063
45371 37101.1248595667863355358484580610187
45372 37101.5597118774352855733893263242543
45373 37102.4659946702182248664940449440912
45374 37103.3071238030853487451846564923975
45375 37103.9301358681385332753803943761623
45376 37104.8537764874301226705740895259685
45377 37105.2317897211135788310819433754120
45378 37105.6035324365828430751823971460681
45379 37106.8525570718675746888129421676721
45380 37107.7576052275167138374981599104597
45381 37107.9786702663130426069093886267551
45382 37108.9446832448643252374958195634969
45383 37109.2635954708815225377709200261970
45384 37109.9694974310716136544199764509501
45385 37110.9280440409074987256834389523972
45386 37112.1547232762581726095407056803852
45387 37112.7421446997296578555561313245254
45388 37113.3669969938474224087567185850929
45389 37114.2288799132351197388345244673323
45390 37114.6205495629456199102583919104793
45391 37115.3822195611290387291421591452888
45392 37116.0258668604718916260264080262295
45393 37116.6205733044093876567041640772439
45394 37117.5008494611689641679475066396268
45395 37118.2121696994287993596778169952502
45396 37118.6871004490832048902334376873863
45397 37120.1114083420271932389104460397606
45398 37120.6239365251932366831340448285363
45399 37121.1105918187334223181814502462103
45400 37121.8420666359626950831983029439541
45401 37122.6969386560204049465709700139474
45402 37123.4739484682788207867981926547576
45403 37124.3608180183290974386423823734454
45404 37125.1199500548823998019996627287424
45405 37125.2209404389955248719173684834460
45406 37125.9417152077619279336445560200042
45407 37126.9890956306955872653565865602170
45408 37127.7032156527548767308837273433726
45409 37127.8762404679791801993149483645287
45410 37129.0834669790270197277974614956758
45411 37130.2616067981138732643780541578663
45412 37130.9766344819738062194169293293959
45413 37131.3719548874153098499393350368280
45414 37132.1530288856177170194104406603452
45415 37132.7930352446259898890845703631622
45416 37133.5410996592345645802084118420198
45417 37133.7072654635734104720092342137282
45418 37135.0882639766765717966520463467533
45419 37135.5657014159597058828547165164210
45420 37136.5549042811681280546786532310491
45421 37136.8627742645498201533187816943943
45422 37137.5841873598925433953818103532395
45423 37138.5598688826729040494839009460078
45424 37139.4023116225875496625662779598945
45425 37140.3017174519064334339125347921907
45426 37140.7373860237481193536876875851242
45427 37141.5113402972997178353972820117362
45428 37142.2760280383008965580440152137099
45429 37143.1151569479730738429997140742657
45430 37143.6257995593518845421968370285683
45431 37144.1526167001414612750363078426079
45432 37144.6941242122033341272051052663752
45433 37145.3396458193161088931740029388889
45434 37146.5790838241786767693987046512628
45435 37147.5187665996664907927426328148596
45436 37148.0233136553363594942869315908572
45437 37148.9241452828087206532893896634741
45438 37149.6118215119973082350635568377951
45439 37149.9263119381322789394818521951540
45440 37150.9611574423496283996984217771113
45441 37151.4576778749130841871365305350084
45442 37152.4780971556609075780425468671238
45443 37152.8453946053596754183946314133497
45444 37153.7813325628349899322507216284405
45445 37154.3970970118828870838577403179745
45446 37154.9398856967670370443044368104530
45447 37155.7600951629485196852122068365652
45448 37156.8447075874696319142794889362210
45449 37157.0375265938621733863734024730625
45450 37158.5000043052884445057959840633029
45451 37159.2667818276629799111689034876989
45452 37159.7467226957691827282822373361789
45453 37160.0952165260095548120980163309503
45454 37160.8830198626210398755373151535328
45455 37161.4386869329061518982053875021094
45456 37162.4793306418723917021926392705981
45457 37162.9426721048313981459408589803603
45458 37163.6415160709990808655617074049256
45459 37164.7136744483346400453809616685440
45460 37165.1277739933914084677000734503007
45461 37166.5119796575923741029602322424216
45462 37166.8915983806902846549516591543431
45463 37167.5466225995818105383676378672870
45464 37167.9173996727620617905371165672547
45465 37169.1509788395279351375686077185676
45466 37169.7764517932369814271829053668792
45467 37170.3670253996855492270560587139132
45468 37171.2261641942333389384809924408639
45469 37171.8530738873923281055324659695034
45470 37172.2170558513567899420202665915414
45471 37172.9754778473692456692883611148631
45472 37173.6382926787174359121076118160235
45473 37175.0141956224960927272613861662051
45474 37175.7831001035577301629939424300165
45475 37176.4325310493979605738979924085115
45476 37176.7822037239994722877593056720598
45477 37177.8593007086737069890136530304268
45478 37178.4688829821576419845895108683345
45479 37178.9177316173945493642109328364550
45480 37179.6746767746092519099596671917137
45481 37180.1623114350100798863243589183777
45482 37181.1834779978165273957441268394468
45483 37182.1063363735166699440323263145913
45484 37182.6895548829382094272795549464540
45485 37183.2312645915870045198818574130867
45486 37184.1129950511473673970014545453601
45487 37184.9290590448366142135436009742933
45488 37185.7087256503245645769945130297566
45489 37186.4929201903333418561433520253704
45490 37187.1292793937951285453022603857073
45491 37187.8479890421025105008819958193795
45492 37188.5193152201675489755666858308216
45493 37189.3173314509648135123957914742571
45494 37189.4086758036043551110519845770356
45495 37190.5899754122868037932502614592870
45496 37191.1928128625232361542887322761166
45497 37191.6718346233745183942283198677042
45498 37193.1210534101270879855714731190629
45499 37193.8483768078831296317958882426022
45500 37194.4996151452830594671798995240626
45501 37195.1924226981267439154440010214251
45502 37195.5871575458371912562814662029335
45503 37196.3325294726437705804968227032304
45504 37196.8450240993831874322010855223659
45505 37198.1800873404538205105690190848297
45506 37198.8084109870103335582501328525476
45507 37199.0430142543655386109964523922828
45508 37199.7191763165706902742429056649615
45509 37200.6559372023118752245724382988959
45510 37201.6073297629305298781666537228481
45511 37202.0700194731537780942125722930469
45512 37203.0587983067659215662028585320685
45513 37203.8140588311443492935094076216897
45514 37204.6326562448761833891903485767559
45515 37205.3036410100590560793622238965215
45516 37205.9696520455227555971454222808509
45517 37206.4793017227685085875639586599443
45518 37207.0990495627959538629301887111137
45519 37207.7332369091828518648824532255371
45520 37208.4288168301753187398637454982671
45521 37209.3878247939415597039940750167401
45522 37210.1450710020002593323946397636808
45523 37211.2752243098932297645279157060014
45524 37211.7278362553527705401053152586578
45525 37212.1748039000373822839395842681119
45526 37213.3331508663130388301089542427535
45527 37213.8072355686712009945058838182176
45528 37214.4964340172897302769093673274279
45529 37215.3034194130558265848856414747526
45530 37215.7559023960790721286619406084554
45531 37217.0215921074885939285648729515807
45532 37217.1627467965443657326293714739091
45533 37218.1326582314339294458495393882259
45534 37218.5882621355769740818281637141744
45535 37219.0117231653583469256568115942402
45536 37220.6326870689631220885860969582172
45537 37221.2597817001123596068456847484048
45538 37222.1099166884138022178847882800826
45539 37222.6328233338807468317880624141527
45540 37223.1307799017143408067100219669027
45541 37223.8180520591033944286531662602689
45542 37224.7435390648840873908744752443929
45543 37225.2144352225695418505186634102452
45544 37225.6962518385917461053366615172185
45545 37226.9475403086468440707268454130785
45546 37227.3664886518037333912159683797777
45547 37228.1217272584815958516223389434669
45548 37229.0699445356414726490474471256116
45549 37230.0711887070551888654922391540330
45550 37230.3715927726526814660443780561645
45551 37231.0999555366097579359046875036093
45552 37231.7166398790129577362008764410627
45553 37233.0718041567832846334475593725011
45554 37233.5519277719231015039992736095741
45555 37233.8672867228072640623953879610133
45556 37234.6416122237134742214261682842725
45557 37235.4064884013342842396315512324411
45558 37235.7478092784397098234835698995355
45559 37236.7463689870016405133208476517859
45560 37237.7774322374724892175758896774162
45561 37238.3681064055833188069803827927547
45562 37239.3226469849177095433686858385540
45563 37240.3038567787987879309567860029839
45564 37240.6379469655873278640601218350655
45565 37241.2996508782144145272844375116581
45566 37241.7218751102627769318182659577847
45567 37242.7623575912769268291476083527289
45568 37243.1882534517485779783966591196033
45569 37244.2158838636256238418735124119951
45570 37244.9989200360225709451373594623247
45571 37245.4133213946334607688841453909762
45572 37246.2783660388008360555556399529000
45573 37246.8586129232405867569207689798578
45574 37247.8250574674689101185886676020076
45575 37248.6508683838841425569212120761049
45576 37249.4538719949570864418257046736871
45577 37250.2551008029408081031184865580248
45578 37250.6813688437503978363875265340733
45579 37251.3311775817624905918201891234668
45580 37252.1107607559005320202738986339725
45581 37252.9688604665081996315061168547652
45582 37253.3315575690578860049897179565589
45583 37253.8955740954401094295405792181719
45584 37254.6143051400021630830641930723237
45585 37255.9846582539071873038314161012874
45586 37256.8713286685971933003808208530818
45587 37257.4252252273829748415083676375581
45588 37257.7269480436170715777664603924870
45589 37258.7812316241285706043281515322280
45590 37259.2473793337427322018864267358295
45591 37260.1456072719625821626039511669464
45592 37260.7587168164687666178213043672796
45593 37261.6428934343573593857238351217970
45594 37262.1830583717854918346120407943047
45595 37262.8609817713859725148374037543993
45596 37263.4740228582328533911371650867366
45597 37264.2863505539330574219157883728772
45598 37265.0214189873204523909587680856180
45599 37265.8528170487080557628840410052062
45600 37266.9330833736694766791289752697366
45601 37267.4993957989828756429158395303286
45602 37268.1222085311907130309447773928398
45603 37269.1983045179392736163961406370875
45604 37269.5386445756360259419553696583367
45605 37269.7776461475855265352410901984374
45606 37270.5266729102266607217829837142127
45607 37271.6115101239929883859991270449411
45608 37272.4356203303108846409522010395029
45609 37272.9626337621992112169664184468909
45610 37273.7107250965531211856183337385127
45611 37274.6360468576055993353744082413509
45612 37275.5471402812384471529339910724377
45613 37276.0765389826583964849997745564076
45614 37276.7446350978852378894252629768506
45615 37277.3597921806950246312508748176543
45616 37278.1202208590144327310142294710505
45617 37279.1776506770485441397098373629451
45618 37279.6421985114622306924920973264954
45619 37280.4508797251234870631281576245084
45620 37280.5877490249061168881979007322247
45621 37281.5670488822649947703294152539510
45622 37282.2610361364776769637829249265073
45623 37282.9727084935339699490566147986831
45624 37284.5218808945196490335940799678651
45625 37284.9453835867972132206854617299953
45626 37285.4761134880536287199397465555038
45627 37286.0730442130226449982082307458489
45628 37287.0448089121234607931306169883876
45629 37287.3006174578851290369235966662992
45630 37288.4383849532119799533293347133793
45631 37288.7085283608505996369703151634856
45632 37289.6857910779008358884246221353687
45633 37290.1610862174944227322778318400532
45634 37291.4798705850424919927491954022751
45635 37291.6877933046122837270196282626563
45636 37292.6753017743211291041685421482852
45637 37293.4661819999798868800405423448346
45638 37293.7738595575646553798156417554404
45639 37295.2070532293243119835641448547756
45640 37295.8650309361521850928530590270740
45641 37296.1190153850915535547532290880419
45642 37297.0979097762695343956362980088183
45643 37297.4862114513226292450538645407558
45644 37298.3341928180165559102375262197509
45645 37299.0389243678272604667624172380625
45646 37299.4334781711403749107146081023211
45647 37300.3490033083560403209355131050143
45648 37301.5503887233577681051835778333095
45649 37302.0688240099174215216526432618731
45650 37303.1585563623857512360251802930316
45651 37303.5831046195754603622429022826399
45652 37304.3072077784861476039144458936599
45653 37304.8756632716456535022380488547299
45654 37305.2995723249148511529151005745470
45655 37306.4250056204712004558948791364713
45656 37307.0797572041585376798072404590964
45657 37307.9751022725152982194883522613838
45658 37308.5090811448699557160262582598446
45659 37309.0076995901403631622246026418125
45660 37309.4670205188453518556429463909219
45661 37310.9424197350826622559378780424411
45662 37311.6479139996637014593232177679050
45663 37312.1135382036578469506968881466437
45664 37313.0105861340630497783861690564495
45665 37313.9736539565601067557649054847123
45666 37314.3006808785140031565377066148398
45667 37315.1281763026067669928021520534926
45668 37315.6189853818494158649015367496916
45669 37316.3386825906450877350401913486882
45670 37316.7751400761688834512103027993684
45671 37317.7481622720187946334426590080971
45672 37318.7852792232693274760635326378559
45673 37319.4072681066724009838228064631703
45674 37320.3068791949445300848038588062776
45675 37320.9591726965735897993452557133551
45676 37321.7171045630658635883138417451890
45677 37321.9879159028067481572414277971378
45678 37323.2280919616953250900557488880266
45679 37323.6865055862629061897597402203897
45680 37324.7120780973087226379470858551894
45681 37324.9827009558334763403836043724000
45682 37325.6008157722732579780445068881929
45683 37326.9018933870269096035009706364058
45684 37327.0039832177988934465185219392748
45685 37327.7043393168140008105510789835480
45686 37328.5735704022671019654561595113185
45687 37329.7959624943402266503633382942764
45688 37330.6992246886065988825250083781104
45689 37331.2448591088717961713050994998837
45690 37331.6670847280900273527938626612322
45691 37332.2411534739041532887018572821416
45692 37333.0443992776138147049695361643288
45693 37333.7818138032020386945983052743203
45694 37334.3178072145640591045640537750127
45695 37335.3860932869258408819198577482828
45696 37335.8036368041728428491328925720151
45697 37336.5511277461490101650254227155755
45698 37337.6037460983107170586636248921836
45699 37338.3161021042977856080108235210727
45700 37338.8291136021608754474297123901916
45701 37339.8170998075666859280300374889189
45702 37340.4019879581954496612873714035224
45703 37340.9709445056225586228423948609635
45704 37342.0636069679829554029581063672729
45705 37342.6657548362367081557465633975768
45706 37343.2890790186358130394400634376162
45707 37343.7795224915990524584152302116406
45708 37344.2611987069846944112421301917068
45709 37345.0911047951036210641545406874358
45710 37345.9715369204042623943390571008062
45711 37347.2968451360699147910585217621977
45712 37347.6314997541157048800125679504124
45713 37348.5188973937716424056912133334866
45714 37349.0336508772359554186143982766593
45715 37349.9334553275468787929386399872517
45716 37350.6684524110613029559965963638576
45717 37351.0251656664411351074184947099260
45718 37351.4350952866682169139606754066038
45719 37352.7935423557804723766917404201973
45720 37353.5242574557225100162422379333472
45721 37353.8622039142412908004986107332285
45722 37354.6099314835867499068084557518026
45723 37355.6440157517299626653955073114386
45724 37355.9708894037282549008003986061464
45725 37357.1185861460185250919061566274798
45726 37357.8589742932626816154800360182199
45727 37358.7488049089397700468189315798305
45728 37359.2788059747437635163741420395451
45729 37359.9641600751924022108720527206026
45730 37360.4557021420674342399120762155813
45731 37361.2085226237343620834637627038170
45732 37361.8992482135937148114277910382024
45733 37362.5571167944358303711351312694785
45734 37363.3367210324097081447979260383122
45735 37363.8676422347465484790119893222773
45736 37365.2166336897523826631376556382609
45737 37366.1115294218779255140398029223613
45738 37366.4885617585031432127367800637516
45739 37367.1634869344710314704326564820434
45740 37367.5554317138932718379496979020377
45741 37368.4639757451730119716333654782971
45742 37369.5477126618112015699867754033103
45743 37369.9769970576789474620243194214823
45744 37370.7872597400124491818981333963746
45745 37371.1646045031366647476581091634480
45746 37372.2169277192715937514671927191915
45747 37372.4482211495830167161481442019227
45748 37373.5822081824128132675056178897933
45749 37374.2030201235007870711722452824589
45750 37375.4246151669474398825999342393177
45751 37375.8279365567913537245380500815121
45752 37376.8489455687906255526459309030314
45753 37377.3171212378671263099980439227027
45754 37377.9949914963858711193800981474824
45755 37378.5300917189034504703904717077849
45756 37379.4249183421705189938420483865346
45757 37379.6451030484827270629735927394227
45758 37380.5574161951410826229360284747510
45759 37381.7746098657580137843057112509396
45760 37382.3608277723499162499878755534650
45761 37382.8821742781849985571489770899787
45762 37383.6614162375677656485213256860680
45763 37384.7642640573576824794159843537442
45764 37385.3812278514982385231389962847551
45765 37385.6442663546635350329650000009956
45766 37386.9544140247522367718743655686348
45767 37387.1986470142291235495924940834502
45768 37388.0276927534386503654376423989667
45769 37389.0307840281832200901107102027454
45770 37389.4354415662292335353120646647484
45771 37389.9052497546907736535953725446634
45772 37390.5528159958518024229508053386299
45773 37391.3947989221848516970167000712679
45774 37392.8541339826740325101372222362578
45775 37393.2827446676196719562306549720675
45776 37394.0863488321419889106094843613308
45777 37394.7930437468527242931657359555855
45778 37395.2967123338529221724614341588480
45779 37395.9003390975827716479460061235433
45780 37396.4942350907537670084575650111833
45781 37397.6006999549716388787075348040001
45782 37398.1106883227779615739277709853630
45783 37398.6654528652835172078858429105998
45784 37399.7814748814165674221237912932362
45785 37399.9713679808010495333395491136841
45786 37401.2585196191801408131846217027128
45787 37402.0601435483632747963647537526658
45788 37402.2932801671236432929053115472111
45789 37403.1741490429249693148130442942033
45790 37404.2971079117298244099606512396714
45791 37405.0358992136375419294143238282620
45792 37405.4732499616107891315148418473749
45793 37406.0804535111364328323351783891616
45794 37406.6265662766730237811803714383293
45795 37407.3064005746520647072467612740223
45796 37408.1747134120410935493554462365317
45797 37408.8860492904704873205053894235996
45798 37409.5106943235986919281456824524565
45799 37410.8740213731581949730566953484377
45800 37411.3886542997334496760301805581839
45801 37412.0265965907346306720182355800530
45802 37412.8005322369166674968645493709932
45803 37413.3842424074023480162825131127754
45804 37413.9839700441447486925179837809925
45805 37414.6560313974732490327487818588806
45806 37415.5153371673685248220592701059882
45807 37416.3578178438432969565626080732498
45808 37417.1251185038135727117694770487182
45809 37417.3845763838232240384714745264389
45810 37418.3107961983776448697788868504514
45811 37418.8129268155691285011058123292316
45812 37419.8845908890883777133186972282389
45813 37421.0097268861250253616479979645015
45814 37421.7074778952756705423322467873494
45815 37422.0109065972915417421004525987007
45816 37422.6077679647595106822163480337589
45817 37423.8920053862855946606188734043884
45818 37424.1161965441594616723139961481040
45819 37424.7254895968033463499573020028591
45820 37425.3633187397591738455444478855344
45821 37426.0432060950755793924474472482358
45822 37427.0893400145921766370336904608741
45823 37427.8453744275089944819458998045432
45824 37428.8491000201217306445362028897299
45825 37429.4859936058964851651047636547726
45826 37429.8152576672133059533353573802985
45827 37430.7858113647160976593418143164158
45828 37431.5351283097980648402505666517286
45829 37432.0676624967492318441595203651714
45830 37433.0572944699406906954299369439094
45831 37433.8632380550093224026825454101266
45832 37434.0812876892097377896898637450311
45833 37434.8363785858863556626587186036459
45834 37435.5835547630209193973300550844828
45835 37436.3133622882260913289402855204398
45836 37437.1222990434533201226232973625613
45837 37437.9443200326672253991510992336521
45838 37438.9015274960556927181665362381628
45839 37439.8378856573061774287214011587642
45840 37440.3516941133602278748165540119815
45841 37440.8344456403376578944655820592196
45842 37441.4183297591531467208460390943760
45843 37442.0649092811221428236693770649262
45844 37442.7336932080176081116770663771979
45845 37443.9298730299917652258276932428980
45846 37444.2831985145718659187865288023135
45847 37445.2088163712723475005242642315809
45848 37445.5307210818131692315298859770422
45849 37446.8855960475953153325567719548920
45850 37447.3526236261051245950956056260012
45851 37448.2577932356894888305320508024832
45852 37448.6690043930619863561345234875728
45853 37449.5968680872946971467167550340137
45854 37450.5013940651638442799602064359734
45855 37451.0025625295609344998255078577554
45856 37451.6547607161032732886356893955323
45857 37452.2677311095085606121502694010108
45858 37453.2340483962178557641730710223762
45859 37453.4892885237432882051470139562526
45860 37453.8723893365042540713850945147152
45861 37455.6450702755947380696873177593011
45862 37456.2295758224433889501922973289494
45863 37456.9823598336911374672940114172551
45864 37457.6823861112750700052175333579085
45865 37458.0158969866144087758154292829631
45866 37458.9693356074552656020022120042794
45867 37459.6608525288330003487852729859610
45868 37460.3475732980953031724026086266875
45869 37460.8460452950114832343230822031401
45870 37461.7136907835296816906185822415589
45871 37462.4644690533866333125716419820667
45872 37463.4405762047669150853495781684320
45873 37463.7658269875016141882783248520832
45874 37464.3340180164446621539699185789264
45875 37465.6296416014288399809511966284123
45876 37466.1310264667663088262677826055409
45877 37467.1639459775526857914540568670581
45878 37467.7826712277046531788906449559422
45879 37468.4999938536798418535988651753096
45880 37469.0190029536263000191861273731051
45881 37469.4926049733597246700260466945703
45882 37470.3832610396353051289920768126468
45883 37471.0523348173467111413587594058539
45884 37471.5228508901649502121971397374034
45885 37472.7046731058667410676380485694852
45886 37473.2682599985780672866540694142391
45887 37474.2306122347645086874303077308274
45888 37475.1354749246802954892026901378416
45889 37475.7817154651985063779678563039150
45890 37476.2352253340412782135324840065091
45891 37476.7652199044182452987384278410796
45892 37477.5012448558811636717517467086287
45893 37478.6997050778869112651288312988928
45894 37479.2986789376463741094310065675206
45895 37479.8709398674686488427223712852463
45896 37480.3143190847335310624009201331525
45897 37480.9573239663550677715752239480214
45898 37481.8816874041910029089252118981669
45899 37482.7053948180891369878661295055884
45900 37483.6484657991587606883478346418731
45901 37484.4215339942706214457592434344396
45902 37485.1515726188526450335609707928032
45903 37485.8095392052755009774485424930017
45904 37486.4269336388862920512012821442061
45905 37487.1463266743773964401377641531019
45906 37487.7221534362224907044662799430309
45907 37488.1343643470477754941222819577347
45908 37489.1675681574170542106075141245072
45909 37489.8478771087166081978063407950369
45910 37490.6299062357674201619811043643791
45911 37491.6767111368396586916465313460232
45912 37492.1326290980178488850679145389201
45913 37493.1050510705342148201249624200628
45914 37493.2772911348610695384381176552108
45915 37494.5462919772732397201492407638730
45916 37495.2848313940652463729609983050698
45917 37495.8881961094966711943690188272870
45918 37496.2353657824698066033432782986191
45919 37497.4282849672221398653044830740574
45920 37497.7686472929846925004801714799809
45921 37498.4952759534242614307458853980560
45922 37499.2694954506007635474752520690677
45923 37499.6769199402045947368701648749875
45924 37500.5985936092138838916215703929715
45925 37502.3230644846476199024738484019714
45926 37502.5349864694755313422971600633294
45927 37502.8380563318507707690357970411261
45928 37503.9098984645009373587578653386267
45929 37504.3492089444168750651964100401061
45930 37505.0736221711203136760870049468334
45931 37505.7287801914418909574457276345044
45932 37506.4948931201457220072834344101953
45933 37507.4255016015334292401853199823558
45934 37508.1025425500505243945608658971474
45935 37508.4059293487337168520824962381987
45936 37509.3847821744651811840389640181170
45937 37510.3457203413849578248785043614298
45938 37511.1806197108679809872373791189159
45939 37511.5163934250516250391565209596295
45940 37512.4960830022036685290714127028247
45941 37513.2957741171747940226110988118209
45942 37514.0053353577195418116933357580990
45943 37514.7412053028475082334625295987907
45944 37515.3086773827107889399831912805569
45945 37515.6735589875108051632026902452049
45946 37516.1920702283881577391902053293344
45947 37517.3991407346908266106597792988708
45948 37518.0166366939623873794236327261666
45949 37519.1557767237087006843364597282457
45950 37519.6701937634663600467693293497358
45951 37520.4623213960053719374773846869122
45952 37521.3957161418520685954915552757393
45953 37521.8698897484885496777154441866791
45954 37522.2496662680190655124388934917165
45955 37523.1533134782073547489432821646976
45956 37524.0318243971760299663892324944034
45957 37524.6013973371190977944592293559767
45958 37525.3708302442597522473248544693108
45959 37526.1616286853156123817345042641837
45960 37526.6417222911361760571236036932303
45961 37527.2759617336255135289448465056247
45962 37528.1614989411451210212072368200983
45963 37529.0974049882753912363862354458105
45964 37530.1702089279155981421496293825832
45965 37530.6337102775945971851681864083509
45966 37531.4475738805946177097081881910693
45967 37531.8664538864270579327029451171720
45968 37532.2834863510860140624466794756208
45969 37533.4485381542265718913480627327352
45970 37534.0297632873327439357049805442375
45971 37534.4971264161780509790822546226368
45972 37535.1513784312731701054976462440222
45973 37536.1792679978527165942626615842622
45974 37537.3652591631413649588615919013128
45975 37537.6723951127857973667717222300419
45976 37538.5914739302944822824340286356488
45977 37539.1183813267535149570270302420675
45978 37539.7180279996042300515294743494095
45979 37540.5573870452674891181122267204514
45980 37541.6661311928916452116131890516427
45981 37542.0657942215644377048064503170936
45982 37542.5221599188670183640926262868238
45983 37543.5048868312826940148951691668851
45984 37543.9315633231835165258608096503967
45985 37544.6978972994750876086362950920848
45986 37545.2320020647022699056385225466271
45987 37546.5694442427603537244965047961403
45988 37547.3469007559509261090958860023275
45989 37547.8316012847128303142935040950582
45990 37548.7773132044849748846602752859038
45991 37549.5537801063838449075359242861727
45992 37549.9048476643414479767652956482936
45993 37550.5638332747458265162709074110438
45994 37551.1815775927882532721504381822522
45995 37551.7548871501360040406169858830846
45996 37553.1466732851374375188524586738807
45997 37553.5153270331504748206060631345824
45998 37554.1625257245471142136204329023011
45999 37554.8374117125410387276623192139193
