37000 30982.3961427799982656978662775183315
37001 30983.1880056101373284440667558498241
37002 30983.8710199998693176294498062337948
37003 30984.3900005181512800233879557483469
37004 30985.3156494053853091151007572087319
37005 30986.0799356955637782474470724957582
37006 30986.9649568511108399365099143423319
37007 30987.3265753127406929670357242456443
37008 30988.5670034619538218959040674501770
37009 30988.8106678497752274591926966343175
37010 30989.3774417766638437298409147526496
37011 30990.2208290405112849849312899807276
37012 30991.0782211980792471260098947874367
37013 30991.5192804170408002837624964642951
37014 30992.7228665245935758360700212731178
37015 30993.7991084089308797110784809195382
37016 30994.2858208996197322860013693387744
37017 30995.0542581937065470341327030462965
37018 30995.7865587169742143740643148016320
37019 30996.2634415918222235633552153601709
37020 30996.5741757351621867867056745641933
37021 30997.7439683295911381892591521751731
37022 30998.7665675744322796210221319109389
37023 30999.3532500117494637329858615125286
37024 30999.6696075096267221954883802198917
37025 31000.4928338918237446210023666327164
37026 31001.6991623747558536415577628431680
37027 31002.3276202165964533420179307127373
37028 31002.9747754320646531799919937362605
37029 31003.7913565577332225577362535226440
37030 31004.6908029844745758321889655371031
37031 31005.2671802285759552376144194361571
37032 31006.1877557084245050216442730207957
37033 31006.5743816116970882725925979998854
37034 31007.2879494156343997397120537950100
37035 31007.7241725186288405857305686624450
37036 31008.8409039480091981306651859252664
37037 31009.1437772901315836294536014586991
37038 31010.9483002840197558789522679870584
37039 31011.0903412093868074395245365712583
37040 31012.1081627844276296788030548746108
37041 31012.5833418541847675360241276837276
37042 31013.2870830998695119093311110900981
37043 31014.0662774820702700975971816832802
37044 31014.9120739520238964935397082185026
37045 31015.5540115955715975599828484949730
37046 31015.9531853125345486796371117778608
37047 31017.1261773609552358302087045043053
37048 31017.8178988412176613649798289047524
37049 31018.2542520902658782860651321643956
37050 31018.9988343310876383323600838406628
37051 31019.7989433250608171741139504881783
37052 31020.9069545864200760559428120419183
37053 31021.9050139812288306127575671007093
37054 31022.4052184292383272846192062299070
37055 31022.9501846461144380289833546679912
37056 31023.7284439908391820570159424406265
37057 31024.1688469863683257600286295232670
37058 31025.1516997651770712373177011368503
37059 31025.7190100246544900376304206430844
37060 31026.2111449382253868711554706026297
37061 31027.4506938227152866118504755727909
37062 31028.0242199661192317809064975539660
37063 31028.8821168272001624346619183801708
37064 31029.8231003845274217258240642614194
37065 31030.6466972995713450951272388194150
37066 31031.0790117077405175961444039510276
37067 31031.3602505372654835379510708795076
37068 31032.7384890007839110998511000639592
37069 31033.4496903349598138514754481568830
37070 31034.0557547514679642101675028737465
37071 31034.8056218172592665449020869830110
37072 31035.2515280512133726989924297581968
37073 31035.7579369608403250962019237566793
37074 31036.7228718827779380099585094672405
37075 31037.8695767585686725148619451188102
37076 31038.6010962103116290175604768797536
37077 31039.3229896383645462483543934663226
37078 31040.1364742920315369769128479328703
37079 31041.0800338907434068053592621623849
37080 31041.2659867893304734035344710808134
37081 31041.9642233820450738630185725691348
37082 31042.7478475974896053701513185692332
37083 31043.3540898474638143267654743686527
37084 31044.3041283888303121261648607438947
37085 31045.1750964777898144468082647927777
37086 31045.6377161373084445016106640746216
37087 31046.6909497386279979666523159036906
37088 31047.2409749902168895256107754338636
37089 31048.0533890407737306676354166033799
37090 31048.8686959258414605053007636241643
37091 31049.7134867753370839626851974032208
37092 31050.5315413100924705571200864014541
37093 31051.0246806505881380576597235824770
37094 31051.6061050772708968006956169694846
37095 31052.3842599760817372248194905392046
37096 31053.3275856530549442774205689701917
37097 31053.6336735109693807193069230224652
37098 31054.3324914218967808648293248413097
37099 31055.1127022605102304378718179814091
37100 31056.6975242993141735157037102783073
37101 31057.2950062724582204989422407192972
37102 31057.8776189212635356384009083418896
37103 31058.1066426351478832052775404438986
37104 31059.2308447608157302276447755089960
37105 31059.8190891175685106163115326877218
37106 31060.4000128267549344942443333845341
37107 31061.4850251347275738693478065997250
37108 31062.0630719687265054121631127392165
37109 31062.7157591049178979721827135581688
37110 31063.2723271352226880495611386547577
37111 31064.3298024584365358902841653866559
37112 31064.8901851993636530145387112901487
37113 31065.8330769185119307555217826276244
37114 31066.7191209662744379876696830287288
37115 31067.4026805494696599168005659987265
37116 31068.0600601092202307876903985124586
37117 31069.1929851864183337049696235966157
37118 31069.3637552656080804898146401120631
37119 31070.0959138159111751131660303347074
37120 31070.7471446607339958030801846316133
37121 31071.0714663572781904348746532228281
37122 31072.6707547547573571187112640323262
37123 31072.9697678976899039851343922474039
37124 31073.9253049915073508274249394246781
37125 31074.9842211995456770604517421802745
37126 31075.2979242158790621660227629952470
37127 31076.3817343740939877734179572917721
37128 31076.9258428614434696873836519061761
37129 31077.4777817203335417603552581348941
37130 31078.1227650336777535447710333523354
37131 31079.3394777879945295038398194441658
37132 31079.8769956304093312690134500263428
37133 31080.3899850278122381455019690952947
37134 31081.1247030956871233328402598972522
37135 31081.8006738209905069437812499238294
37136 31082.4133896720930883993127991155905
37137 31083.6332867927091790896857327148722
37138 31084.4928662832089774385464344329446
37139 31085.5456732946728871197271949432548
37140 31085.7439516323449911390679169616496
37141 31086.3748280758146685707389762460359
37142 31087.1774639477032450433085779140759
37143 31087.7643816578296142107583554287360
37144 31088.7811989197140713857821783281627
37145 31089.0893262464297320638718553010811
37146 31089.9745188204529414940021361795716
37147 31090.7347730586836200468748570255771
37148 31091.7193472322159458229992015197969
37149 31092.6111210045647665463097744782273
37150 31093.2664764413580753046400452192721
37151 31093.6645393425046165365798213756604
37152 31094.4777552105350743949691484059609
37153 31095.5881232346083392036609879234495
37154 31096.3365470692836516183584723354281
37155 31096.9009613967737845755022495446521
37156 31097.2568006993870888800846118875656
37157 31098.1888033380577595740437333800757
37158 31099.0667150491096153674474564602478
37159 31099.2504927123852249239153123742674
37160 31100.2049372649644058895458786888799
37161 31101.4117955170722932615914931312724
37162 31102.2880797466386337107830673162682
37163 31102.7364320130752653825410040472530
37164 31104.0053052682288274176496739251532
37165 31104.0823205572269966509155637027636
37166 31104.7975319767671987309610893900829
37167 31105.6219642114249315671345073674437
37168 31106.0862801658849487695462955656336
37169 31107.1021101474450675445536294274302
37170 31107.9329399990280460704335207642854
37171 31108.7746792588899697552295906352033
37172 31109.2078406531688581543429026687353
37173 31109.5719031367613827867983320595674
37174 31111.1568230732077790488100260521740
37175 31111.6862312121372411016997130015293
37176 31112.3481334928714896636064986066286
37177 31113.2851817460797215057029541665512
37178 31113.7532586381102587538695348412866
37179 31114.7205258668865820393127745796238
37180 31115.4153959277724078899656450284998
37181 31115.7009145610223364040932562717817
37182 31116.5850332145315657787705670170841
37183 31117.1036973908946402889040547169381
37184 31117.8758949822015120486945070844797
37185 31119.2580611852617387802706862060506
37186 31119.8591728965255149589881799746931
37187 31120.6065301733790797660182196139751
37188 31121.5621742880639408161665023726049
37189 31121.6484761523842833588806542588259
37190 31122.5709858125749285697062347488349
37191 31123.3273382519521379643603246503984
37192 31124.4813171196735082246647381032869
37193 31124.6200883190297227671406320178771
37194 31125.6332356721867346853468018702684
37195 31126.0379705831867406831407601262427
37196 31126.9745396302298943828387721616006
37197 31127.8083265028960984275692083005554
37198 31128.4214938716719161123247925832947
37199 31129.1270715698744197265642089879821
37200 31130.5705405734567343041419500888261
37201 31131.0135871876643981031132314472367
37202 31131.6625938122172664421142614801466
37203 31132.2415474064650284246944873583522
37204 31133.0448776803089327449535264320462
37205 31133.2777575826324950837446752264807
37206 31134.3383524042999946695720085851310
37207 31135.1900071390640850415598911166825
37208 31135.7199524025049520139687251157534
37209 31136.5581495622522482689517768297849
37210 31137.6545463257403635003857031083651
37211 31138.2171309139972365879951299910499
37212 31139.2328217867079839412472709239508
37213 31139.3985572082009968027451636930302
37214 31140.5493939645945235451521927676997
37215 31141.0656805745192605325975194286499
37216 31141.7576488394884046203723521031970
37217 31142.8749066826800415521190366861391
37218 31143.3787736731491654589562868442328
37219 31143.9569845137923740514713464720684
37220 31144.3542798310395563640577086252331
37221 31145.2252948999541518709931841232139
37222 31146.0677824631699418012387738065360
37223 31147.6035789905751767794245237492315
37224 31147.9351785111525929818773016600273
37225 31148.5625386612679318957421503016137
37226 31149.2219862409280187972813636715030
37227 31150.1312665988294810813791132127142
37228 31150.8573699154706476029212845683937
37229 31151.3321303905585443456077408664894
37230 31151.6647802297162814557612203799375
37231 31153.0124054770135779096626116780661
37232 31153.5468523534774793073108426131521
37233 31154.4808618203052452086873773844189
37234 31154.9517891893806442553988390891624
37235 31156.0282132786510536584797971287791
37236 31156.5568196588074179992474160685252
37237 31157.3914063869949451995166170820855
37238 31158.2188632256588940054232912401462
37239 31159.0840186805723248792362437235692
37240 31159.8359098445543793136245564406179
37241 31160.1662436938546922922262204113462
37242 31160.9887436671997497072581439944333
37243 31161.5198070644833825722502620415977
37244 31162.4342888195845757808812935042229
37245 31162.9551765889479186027339923579658
37246 31163.8481282414930004541150174742181
37247 31164.7318448892177134224285013052043
37248 31165.9414480938939095247911669831032
37249 31166.4971244591097499425208359517627
37250 31167.1597606621603399471120399191538
37251 31167.5992289134425920106638814950921
37252 31168.0981123291856845794098065225192
37253 31169.1198551778789112421625814010325
37254 31170.1616881971107102994085305259837
37255 31170.5457036924192814341927535120897
37256 31171.3583858158417043267728502830911
37257 31171.8463745194032209124494783335785
37258 31172.7691322649802996258152737891098
37259 31173.4131423938507862945641162172319
37260 31174.4680910357851435853198351259272
37261 31175.3366894410588166638536383840797
37262 31175.7285490217926698605127854625537
37263 31177.0752136141803787588098964082334
37264 31177.3456232092944289224614509957883
37265 31177.8715527902642192207039149512420
37266 31178.8110372028704526530431665069189
37267 31179.5125393772426360006926474393043
37268 31179.8297381645912621420913427393808
37269 31180.5047570540538107187394759221410
37270 31181.8552221399481115859323510478288
37271 31182.7098504373345704164487233337494
37272 31183.2592853628739781941847606965358
37273 31183.9824996573734333825981049914752
37274 31184.6982999637615971633670124399256
37275 31185.6276679276116159674928216762037
37276 31186.1176364008499811402627627692449
37277 31186.8213301471010575133828642848858
37278 31187.8352990036949525650813525836440
37279 31188.1221427797054165360336351556429
37280 31189.1611953839800345900102557571585
37281 31189.9292140292666308693926923902681
37282 31190.2958705749811055484934035062390
37283 31190.7932458320193403209861759360221
37284 31192.0905685661986974568040680303797
37285 31193.2787208797825485597738537761799
37286 31193.6058414891365531292346387106110
37287 31194.6517111748904952712986562808377
37288 31195.0598980505909137731968046063555
37289 31195.6980586282907587248017972308845
37290 31196.2743268010822631668254910669631
37291 31197.1560165048287339909227522464079
37292 31197.7182649498775021815819548624850
37293 31198.8092774176998154721669949475497
37294 31199.3414570550987368923823672087677
37295 31199.8363602874104614350693795448648
37296 31201.2112210662478334371577713327797
37297 31201.8444207544844531204912394877628
37298 31202.3915264968976638107522045343622
37299 31203.1584650179204015012212233639331
37300 31203.6886120194006794717522208342624
37301 31205.0135214815555269932757890387314
37302 31205.4885881522516105011673983968060
37303 31206.1340144075979205265054382490535
37304 31206.7748257767473790936063440880929
37305 31207.0470209675177086763890252339385
37306 31208.1226953357178590695275027279146
37307 31208.8732791906427949044449770602568
37308 31209.6769915679044948691307251063700
37309 31210.8083084405501062852108805447308
37310 31211.6346832922602101849632780652504
37311 31212.0491413735733936401140702540117
37312 31212.7883367764954261282995856029898
37313 31213.5623044832173465694838703439011
37314 31214.1580715011441509944142510436704
37315 31214.6614177505315608829961932014951
37316 31215.5966776177589770143679227104910
37317 31216.4315083290102355635352932170183
37318 31217.2708919051666685677317203692606
37319 31217.6611776703319203816489756090157
37320 31218.5582164601062218142419537393037
37321 31219.3739550180378528246642519488768
37322 31219.9009965161484925600262163166717
37323 31221.4408879761797689774608441693074
37324 31221.7239320809842725205157415959370
37325 31222.4086530850312376032766697463601
37326 31222.9028842847316701948163629481406
37327 31223.9509188172844698636320876219229
37328 31224.6725690873049436149275272164149
37329 31224.8676069822937072962340492200929
37330 31225.9515202086477067920082864481664
37331 31226.2056358909849413792786317761294
37332 31227.5050701701371098398168017612980
37333 31228.5900487700984957494612368195774
37334 31229.3825836148382561724555324990064
37335 31229.5670485536005968971598345976064
37336 31230.6251672197857816864599325324292
37337 31231.0283287021880573390624912875174
37338 31231.8611689393967502222955322411091
37339 31232.7607795755799424194355375106418
37340 31233.4020352203198910510682830308537
37341 31234.2635609119548756733934322950529
37342 31234.7350564066274498860684472555317
37343 31235.3052706746864263653644834405050
37344 31236.0783760232433199832870493867991
37345 31237.2523023610701654231492364720876
37346 31237.7527390669057857224863956435793
37347 31238.7398290656850031056043518864084
37348 31239.5298909189180729147012220864138
37349 31240.3054247808155264820230955405676
37350 31241.0932293086775553538338877848088
37351 31241.5028450639388684177263074800588
37352 31241.8231062723389605225221739249082
37353 31242.7366484562859167236963014193066
37354 31243.6465065683574188385368375938984
37355 31244.3838587298141880432768564067534
37356 31245.2832383189892786110540981121338
37357 31245.8687949638223112854947440502643
37358 31246.6649512215347887060180516815358
37359 31247.9660844981760742553397750489773
37360 31248.0905533505239394522472251967191
37361 31248.7196986136550317310074192970189
37362 31249.7066199777756957689594023423373
37363 31250.6319232775565955975482346739762
37364 31251.0482012855160435794700935724186
37365 31251.8606173921548517276246663751662
37366 31252.5098657241343895279647581602474
37367 31253.2524274866368244942968936856674
37368 31253.8366428883252320919059276632860
37369 31254.2083343354783856925241437292305
37370 31255.8938599024229870661717719450934
37371 31256.6845231903552690508932336253579
37372 31257.2420906917680406826680928558604
37373 31257.8813272172834371108930027320099
37374 31258.3884448439846115814186063411769
37375 31259.2444953553977060227450395539573
37376 31259.8383972896493709513160506412271
37377 31260.9015088322143280993694375386308
37378 31261.1461994013713229548792273443504
37379 31261.8839208422747785829191782472897
37380 31263.0894169468198618379096778989970
37381 31263.6240839566121589186609441341220
37382 31264.3807715570270410844321290851792
37383 31265.1296531911438043061237760011578
37384 31265.9274195689752038373734284310617
37385 31266.6610572847367915693225076286827
37386 31267.6592786778341863496667906836567
37387 31268.3074710161172371029859536646343
37388 31268.8029852492175238678438424097435
37389 31269.6354651408085309305739940863893
37390 31269.9998708190728902593896522528703
37391 31270.8978070731041183201126777580163
37392 31271.4329580434585581652696825196222
37393 31272.3670967505014273716558345088803
37394 31273.4425040402951074913411499208139
37395 31274.0919842956122023303193977536942
37396 31275.0040820643936820228475119885662
37397 31275.7198079695819828858302508344024
37398 31276.2994709839166116757387972988575
37399 31276.9282117879632174014169310942307
37400 31277.4181144286926915106785841064024
37401 31278.2041436398225809436315266783481
37402 31279.7018595643639022560525127489694
37403 31279.9334745626365053152531636119061
37404 31280.1580563998421941585646491863616
37405 31281.3168850791125723958259011883815
37406 31281.7209656455911471855430615747195
37407 31283.1392187112639777569266297574447
37408 31283.5662425998141591952128879879592
37409 31284.6123595066715876902733258848086
37410 31285.2635518188790548721459991234147
37411 31285.8858940909708174852475735427276
37412 31286.6296204616556639978192281442266
37413 31287.3297100013315389949001491651677
37414 31287.9061048360534850160765370888914
37415 31288.3980950404183054728310900019557
37416 31289.2234459430788739000891083791023
37417 31290.2240519172970651380031795463545
37418 31290.8166455748102188298957626461634
37419 31292.1949601858384516179722141009704
37420 31292.7367470801267141309868799524639
37421 31292.9845991597358229651364330487502
37422 31293.7592704986610400768436170749610
37423 31294.9099971663100373172163564600839
37424 31295.4302001409853424461425099620912
37425 31296.2408746908228023810624933366364
37426 31296.8551695088414159183829939400618
37427 31297.4877494105115009482227414081044
37428 31298.2174990823450967184816939873777
37429 31299.0129996021110417802927093725808
37430 31299.6977266934883536641432163264048
37431 31300.1657366923602107200239692028457
37432 31301.5189766409224573032605766375485
37433 31302.4635521249530496730559723575843
37434 31303.2195314411143383524921832884346
37435 31303.4964227463453189962168061239199
37436 31304.1235391916208885585053909038432
37437 31305.0065658033717371176031539125516
37438 31305.6814655742279076390890945741204
37439 31306.0674716076868928736519321390463
37440 31307.2481496945247990780225274855071
37441 31308.0814933075109275656227495025870
37442 31308.3644165928225735686686146439257
37443 31309.4481630816865242661848993823521
37444 31310.1974823910442640078603662905687
37445 31311.1720452788881258408885482264607
37446 31311.6546751541987994529022949054628
37447 31312.3958828517099616869906125883741
37448 31313.0686534872726555678248604824728
37449 31314.1339993703671540727228903218809
37450 31314.6883877366884732335522915103942
37451 31315.3990781474576925297796672307811
37452 31315.7891804870094411581827027965884
37453 31316.5590958975211894294036185987285
37454 31316.9764340433598621768351862238410
37455 31318.3841452806542297999303008494439
37456 31319.4999610510001236600459570284382
37457 31319.7051518774221036356989188417235
37458 31320.6369554856381171581166871469930
37459 31321.5039009505594627246546616267502
37460 31322.0373616498209735241297601954449
37461 31322.5198776400392632099487665726780
37462 31323.3150199591067997077987867744948
37463 31324.1814886743268601913352676188748
37464 31324.8110664264060672480944348211092
37465 31325.6494101240363336718272490183184
37466 31326.3311282467076370968291988645413
37467 31327.0661930750842977587296333268327
37468 31327.7137587046514566839565352715257
37469 31328.6725874295149577496263792342719
37470 31329.3565264115669880318965822361979
37471 31330.4059012465704282869753064944808
37472 31331.1037448157127258118739211518861
37473 31331.8424451366822811678137184624993
37474 31332.1533303058337950088318453399991
37475 31332.6569059467236792005569858626786
37476 31333.9040532563535347720137003338627
37477 31334.2885978781304707794444303329445
37478 31335.0697650328488671103312478406911
37479 31335.5737106334303039553820801698888
37480 31337.0187474734004023050930412002404
37481 31337.7915060344523784729972170022707
37482 31338.3202085328073820427098855386776
37483 31339.1703993362861554501928421359421
37484 31339.5854803035139311990919442889962
37485 31340.1006976285362931514360749035299
37486 31341.4145896562594666783107348067483
37487 31341.9682155287171485324886309409107
37488 31342.5503218557265160931826958151081
37489 31343.3775142159536156662210169617511
37490 31343.9672279141518600345225233252256
37491 31344.4805321548050692969284154898969
37492 31345.4368077142676147239691556410150
37493 31346.3264511101138865008488272281788
37494 31347.4899833288916033909334731930261
37495 31347.9268345263466074029057885160888
37496 31348.5756651619621230340892485440465
37497 31349.4563481357415908338623984716303
37498 31350.3025559263351571271887735259102
37499 31350.5373294160845235258612989467979
37500 31351.2788749064427630367643936155517
37501 31351.7818121445182045904194425995263
37502 31352.8811793278002035189658488196554
37503 31353.8480769729153793426565110753532
37504 31354.4902402211222368484478356101078
37505 31355.0511774878632156527079196354066
37506 31356.0906549663156527663080596853473
37507 31356.6909737532489116177335180805451
37508 31357.4926600930960836433470135779724
37509 31358.2689638872585339220435551066896
37510 31358.8124890782624259470296722996239
37511 31359.6800685282696022872347245945723
37512 31360.3647803107179871672333973797985
37513 31361.2523668165712727400056085658705
37514 31361.5278968010881956228910033729570
37515 31362.0978222604084431513947858103626
37516 31363.3043153870067465462447652260759
37517 31363.6831663010749149553779167807315
37518 31365.2305756776894589013847856840286
37519 31365.9438842712197926491948795824659
37520 31366.3412809707122501267138054294045
37521 31367.0138078616715699474705423223091
37522 31367.6629047139365651304305296917989
37523 31368.2419149603825723362944034283989
37524 31369.1665678043914776576149750804871
37525 31369.9021300095353790382482304419905
37526 31370.6863645505576163829559016412490
37527 31371.3204770631721444071378965814621
37528 31371.7505745285791069906947723791126
37529 31373.1436091697173255500526082765097
37530 31373.7717026562448212839637073056948
37531 31374.2845011981050165214094359481466
37532 31374.9178051733783652416317589031591
37533 31376.3537012311021609390624288169704
37534 31376.6317849596685556183033900657541
37535 31377.4453476242204413253432608494895
37536 31378.0625717533876105454824102126553
37537 31378.6187386224780228045616622863826
37538 31379.2962006883173023938415418223357
37539 31379.9518090084237637666321272225195
37540 31380.7789515493243754141017906519883
37541 31381.7647523339284378161182117264580
37542 31382.7503193690196427234211566764251
37543 31383.3904613478205730566224947296080
37544 31384.1827671565835922206488678685803
37545 31384.6056310359385154156410846479713
37546 31385.6558311264152395378356310422667
37547 31386.0736759077113258399110437640187
37548 31386.6296867591466042602940583639870
37549 31387.7001382993202994081337373727028
37550 31388.3505293219795268478345797993093
37551 31389.2469716617277250790127890256263
37552 31389.8628591566934712553890090990989
37553 31390.0892116367476731220265307423360
37554 31391.0686036893376613518102129464510
37555 31392.3633510799960346096353259183945
37556 31393.2069455027400981533776681175600
37557 31393.5624254815518925682036893608318
37558 31394.4375732098249059995691084835891
37559 31395.1758048762793382667416523506943
37560 31395.5892612220152268511455096178361
37561 31396.6199391850426574694024538085346
37562 31396.9551906406279921460349199917250
37563 31397.6701474889370101488251247678225
37564 31398.4511721805098571581071233351800
37565 31399.4923869197184638871373495818384
37566 31400.3378812106452756441114121160620
37567 31401.0702542767165978043620716907691
37568 31401.9237501879015693000181464618993
37569 31402.3055863780872183615959635861164
37570 31403.1697981505159614209878700596009
37571 31403.6438177799667253785268815230914
37572 31405.0455560030738676627564906374287
37573 31405.4649682551549385517412508539417
37574 31406.0659415644378503173762048730122
37575 31406.3337429283822580576302387607375
37576 31407.5320578344049385034531178010157
37577 31408.1763084301522570689828693136627
37578 31408.6695845026246499995936492561904
37579 31410.1460617253643023363372369671881
37580 31410.3922413453894584384802324261080
37581 31411.7125569365578828275330872757077
37582 31412.2967554248004889508969107127651
37583 31412.7842608157707129235255035339807
37584 31413.3135205163842633816733384741180
37585 31413.9507181388034716694341649609173
37586 31414.7258222999075878824145526626045
37587 31415.7473149747795926889827087970944
37588 31416.3087616637578018727363569378116
37589 31417.0706789097175875249012131097189
37590 31417.8050379633437980595560779645419
37591 31418.7299149114587758213027532745995
37592 31419.3182318077060487672991947557713
37593 31420.3476818036357793721291837625664
37594 31420.7976511891356263625871288851086
37595 31421.8768814118042877437634420451569
37596 31422.1924569302628861452057181864246
37597 31423.2656229973749489802141444687964
37598 31423.6978579721662570588550940346021
37599 31424.5312462235804992798149056097225
37600 31425.1976567542617320879889621697988
37601 31425.4895000921692470266874785438620
37602 31426.2929768515618452876040627650476
37603 31427.9259670786779580241540437945106
37604 31428.4682248560183759746085381945989
37605 31429.3089036394814915936745240518167
37606 31429.5732884050620876995362334247494
37607 31430.3484048620151404261797342952164
37608 31431.3294979002958814033673710391253
37609 31432.0038105063882323314611546599510
37610 31432.2747421405430339750819303229473
37611 31433.3872702558096031878089272441032
37612 31434.0914470621291615646589510966116
37613 31434.8980523603129408679157800846237
37614 31435.2856835695067344035566951256947
37615 31436.3332902865437839808812174534518
37616 31437.0694278358263155119121692192064
37617 31437.7539951778984854645669177396961
37618 31438.7434164203623246910824434995547
37619 31439.7083737370468118861693787745109
37620 31440.0998379378836869736165285258182
37621 31440.7479475088853704961095210616877
37622 31441.6342637923298961258965472592288
37623 31441.9422756945738535625277001249704
37624 31442.5213676125294723865867774636340
37625 31443.6808945352957339821248870439717
37626 31444.4057606162228356556605892294587
37627 31445.0226304944477426356113092317708
37628 31445.9976282120114556445989743977268
37629 31447.1148501925188697717677696903743
37630 31447.5931935606289735736132001423149
37631 31448.1372545719333035072180155135805
37632 31448.6076305399644507683947725823272
37633 31449.6055780589616521691823574343901
37634 31450.3690531685997749763934231098611
37635 31451.3135607983040764119591260442585
37636 31451.8224369148535586835506604021227
37637 31452.4663219576409329821733436204108
37638 31452.8207002223329511021068229454294
37639 31453.8545758670593642741708396664316
37640 31454.7547296452487362050881863797456
37641 31455.6048193725466311325367829127642
37642 31456.6859551473546375310017774073421
37643 31457.2501017695368797642973669565476
37644 31457.6088884093711359687697968969653
37645 31458.6224895483595826201889096921537
37646 31459.1493624275175578038721739931947
37647 31459.7967464150767393008984028068739
37648 31460.5851241216822154754065408992672
37649 31461.0139906755409214969674845452324
37650 31462.0097153837989129077319448119015
37651 31463.0859829526193955985781534865279
37652 31463.7031116754815117539658652968657
37653 31464.4606411102740944092280909367095
37654 31464.9603561977952689978192010310055
37655 31465.9823042326688977047983181608643
37656 31466.5446236123063153637829444007873
37657 31467.8079277353375246541563142793545
37658 31467.9615171231474002529699108718583
37659 31468.5730780076002331898697837576385
37660 31469.6700793958573180642715288207717
37661 31470.0482529791814858743527247064117
37662 31470.8998490411728654115966733655493
37663 31471.4267789134219523373091585971776
37664 31472.0749887199339813687238111641104
37665 31473.6591037714669328429916917802518
37666 31474.2524318749984916044448237633873
37667 31474.7203038816655284063951684833154
37668 31475.7889757259796209919048724504655
37669 31476.1921679693320782348350642388818
37670 31476.6795720142906343399423431738509
37671 31477.3141746647763520111321361163035
37672 31478.4449023948420555891539448936246
37673 31479.2066325222907590340250294217065
37674 31479.6770157341196925476987136226353
37675 31480.6005031215501138419611375722618
37676 31480.9788052860739673333248642228362
37677 31482.0861383305316752051017585808189
37678 31483.1426776694785089557446802570596
37679 31483.5358173585466139531615647522519
37680 31484.2188892646843494364786481769035
37681 31485.1044556709576414150913699438205
37682 31486.2305997499941842655976451866429
37683 31486.5483327960955993155131875245134
37684 31487.0472300288902871589993076640166
37685 31487.6898519985739175024246342849852
37686 31488.4363920012332835774257514930683
37687 31489.1178381742163364293661163635160
37688 31490.1336081087907470759949172023151
37689 31491.0788719609141987037565918549218
37690 31492.1246235466717081087992183516422
37691 31492.2393302829446601991433256866311
37692 31493.3094806830999477847393527602531
37693 31494.0365784609062640786719508631243
37694 31494.3277587758643606808434131438369
37695 31495.3857214454703926573016425912202
37696 31496.0677664721646745425350210790754
37697 31496.7853973361669341516565047161798
37698 31497.4205987979802546113505130994092
37699 31498.3312177949932103349043277690687
37700 31498.8228076442653430638862096684104
37701 31499.6578916620525732665056360346440
37702 31500.1787325089440700466432718931756
37703 31501.5731659220156002531774264720112
37704 31502.3945057383673883295701282707376
37705 31502.9574639090674561220711036531204
37706 31503.4933965724960240821369406143306
37707 31503.9600944101317347218758668071820
37708 31504.9094255804806347601164233646378
37709 31505.7166309343501022888489258522396
37710 31506.0842517534953037383337535393439
37711 31506.8389064249967055516164199225089
37712 31507.9020004290620409935475489420855
37713 31508.4346987531331098067998439910080
37714 31509.8206315654745764578284294013277
37715 31510.2310669803282147321124547265572
37716 31510.7023321489667211506752442297104
37717 31511.5879530521557641016316699254889
37718 31512.2842736109691693833090574148643
37719 31513.1054124377710093233327175515454
37720 31513.8627114582546143526528324943402
37721 31514.7036611437930205108039648539207
37722 31515.1604913534969713388834007696947
37723 31515.7907596456268287032541028536806
37724 31516.2813893232289284962090901614486
37725 31517.1937828291645707781764228079641
37726 31518.5649057431248517717686382916669
37727 31518.8441682462131100339358127026608
37728 31520.0290586194494841978787249184111
37729 31520.5106358331458153592773325575235
37730 31521.4323104749517893449455355067202
37731 31521.8411857862574828474203676277498
37732 31522.6169830857314192198725050258822
37733 31523.2014418965712601130676848269033
37734 31523.5613542451076771187248623427138
37735 31525.1457360712628654947652664664526
37736 31525.6129027786307582651358330033335
37737 31526.0269925885765367040019835995161
37738 31526.9144655603494076327388167836604
37739 31528.1297962355614806137825371212850
37740 31528.3456636855007868981828076266503
37741 31529.4050375241418597346526373228261
37742 31530.1246777741439781607674130268703
37743 31530.8758699151885536421522671116605
37744 31531.6354396556607461784383793034573
37745 31532.1337508459363262365822607036079
37746 31532.7881316531313982032462826552711
37747 31533.8005524183998367526541697637888
37748 31534.0391691357088126003476687046060
37749 31534.7632447693759983586418159432281
37750 31535.7323081128150423542786360030763
37751 31537.0241710076666492830025406461675
37752 31537.7872388413685620864710918361169
37753 31538.2902896032913821338089570465754
37754 31538.8388583750330176964959921817443
37755 31539.3473862544387808399152423358685
37756 31540.2903538818283163402823963655406
37757 31541.1304075728834092512474174339553
37758 31541.7936560053389731798100710521070
37759 31542.6449102393968325605024775225271
37760 31542.8200928181042261052581695565633
37761 31544.0460363707222896959564781502444
37762 31544.6774728838173488238645093424864
37763 31545.3453047359599059923837164011780
37764 31546.2326930774323048719952315896358
37765 31547.1111543112592914309014686033763
37766 31547.9061244601866715453726331478497
37767 31548.7108746122501455440793126836440
37768 31549.2426949920584213925418057380358
37769 31550.0896323688437252753906546166064
37770 31550.3477656974666919094536689255287
37771 31551.0571045210168780268874320295694
37772 31552.0818811808264137618024633600333
37773 31552.4213029405951291437531951579147
37774 31553.7507991248548632315598432462370
37775 31554.5210767370087603708833801278058
37776 31555.0301165523107560160121028925272
37777 31555.9045533285762570773577436829287
37778 31556.8575883321955270730856343452122
37779 31557.4374130086741445424526779752721
37780 31557.7149409444285636964389248520031
37781 31558.6186928076992424076191228698204
37782 31559.7112119616376140036254388730930
37783 31560.3018903193031298465173889123878
37784 31560.8927505154430535977139357618394
37785 31561.6420413682870765712941398582336
37786 31561.9812070169684033268216739349947
37787 31562.8634844948710540378464387001724
37788 31564.1156207238768025937042651252933
37789 31565.1539991874307111475858529351493
37790 31565.4408932030866712107179114854052
37791 31566.1933113565633358754367341863363
37792 31567.1494694203269904479838688838678
37793 31567.4639655850230357962394495447130
37794 31568.2762947540381633025444682046585
37795 31568.7786674501792309007099356541221
37796 31569.8061250063073663932902498094891
37797 31570.3855535796235437969634927393128
37798 31571.0299287117201871213832526099271
37799 31572.3015376822777206645222698080431
37800 31572.7125424901244707079622881504650
37801 31573.8617815248665573768102826948762
37802 31574.1399480566073320236023164448939
37803 31574.6656526617160584116860039249040
37804 31576.1654311423821379671892518349160
37805 31576.5585788657264555205850778571596
37806 31577.2972926588668029099441885687882
37807 31577.7713969709701862701045775502105
37808 31578.5624442856778226307591942665708
37809 31579.0651131759754107709327415681118
37810 31580.1610226075632460662720851582364
37811 31580.5077158495222818102229833905504
37812 31581.5013199013284329635716163283398
37813 31582.6999841714075267890406129691145
37814 31583.4779871737750972642849065646573
37815 31584.0200516291767560753009761493347
37816 31584.4983759433474865219777345986386
37817 31585.2962180963539856178250316610762
37818 31585.8742859895664039467071957065926
37819 31586.6129332254176609935014548950028
37820 31587.4243195907022333182727386251202
37821 31588.3262979396508148519788747864769
37822 31589.0417346884152063546576981596225
37823 31589.5057280234620941264790822748532
37824 31590.1349668794776260416353675364883
37825 31591.4951244027998109857071785980236
37826 31591.8667645681934569740236484224165
37827 31592.8611250846247251058619798481069
37828 31593.6814105721514817055169782678927
37829 31594.1396579241317196010344102277454
37830 31594.8103347944130465975403447893119
37831 31595.9147626561204510515014371751232
37832 31596.4418571816721351733968819711892
37833 31596.6626487514858920944566642284069
37834 31597.2781570900459567106688606775370
37835 31598.3828329253747924946694792047810
37836 31599.5439058540293332029358258266697
37837 31600.2560900527538947879912368449662
37838 31600.9006607570421257559398415618535
37839 31601.7002705258626843388914661725426
37840 31602.2091803854022319707239050042520
37841 31602.9768270885382480610148434342063
37842 31603.7668415621255809677632155359719
37843 31604.3860796825206272975454475628785
37844 31605.2452633144241823857737120386232
37845 31605.9005350342660534489898327174548
37846 31606.6456468412462829038587734936258
37847 31607.1320038032908993370756234320388
37848 31608.0254884248866712116212933918298
37849 31608.8027123727634631102020115917469
37850 31609.6136707048812589132430511697417
37851 31610.5551635798751887429509097441297
37852 31611.4988155783578179057510270361510
37853 31612.2850319917121135826967250630336
37854 31612.4086633517271167621264131764362
37855 31613.1605078021877319120533406350563
37856 31613.7768578773876188259917810605423
37857 31614.6760316314132863872024941533004
37858 31615.4072130436933603134984085665705
37859 31616.2857452882286710949648792831226
37860 31616.6566256585610712100658612796065
37861 31617.8367223108201862057643734613212
37862 31618.8413829953358073804070610006090
37863 31619.2461096045040266038170218273894
37864 31619.9996922507812992682076927136406
37865 31620.6119223805051684879173541766488
37866 31621.3129058977119971197606783505630
37867 31622.4317767186731023269477383602231
37868 31623.0945876038785174506510401774567
37869 31623.4985668792203743449352392255840
37870 31624.1223950317935205595579512395056
37871 31625.1882231043452306383454885018640
37872 31625.3249564411398263958660577650492
37873 31626.2244626027957381357075174925590
37874 31627.8009296896531350621601458288132
37875 31628.4208946478835130296928675156728
37876 31628.7210442201107296243453210574040
37877 31629.6598861466923602771357397930031
37878 31630.3616222098672256815413210075744
37879 31631.0966304665265433878522050748635
37880 31631.5705215263635280997873092141518
37881 31632.2960138584283448183325526933947
37882 31632.9064596240336690212075114836573
37883 31634.0826383809090800218230577063728
37884 31634.5750696993739352717936248676884
37885 31635.5313198041806321274919148765649
37886 31636.1409763879246362695043290490275
37887 31636.6303412992630417256024073532336
37888 31637.9117025638788811242135251030819
37889 31638.7095221478763269918112909744691
37890 31638.9340043876406725818594899869351
37891 31640.2130862877758869486792019277021
37892 31640.5594761688121809232191455742474
37893 31641.1450347809324149856485680998450
37894 31642.0796613613577094211564008524762
37895 31642.4600741949833826950126827302732
37896 31643.3785307420645332191307736033016
37897 31643.8817338794271475730672752557761
37898 31645.2048618626318474306840768022818
37899 31645.9384530168427011062171524081770
37900 31646.8985902521926280869047384904332
37901 31647.4229699325277577202190785003534
37902 31647.7869253521110168241313967478628
37903 31648.8106599405590023906540414004453
37904 31648.9546908904556835646183324853619
37905 31650.3709367905332985625672201673307
37906 31651.0024294506797918326868468707590
37907 31651.6491313571370202153708927336365
37908 31652.0978826298198009984227869494762
37909 31652.7557861531228282884406842897060
37910 31653.9362646386966049857747708446493
37911 31654.7123682818183458654004802361589
37912 31655.2335051675176598670274922345871
37913 31656.2405067715103508638526011335215
37914 31657.0548127078786814755217881377409
37915 31657.8322504735326950426751180599048
37916 31658.2652690521266220522773315680153
37917 31658.9374937015996651671861578629578
37918 31659.5484126227933063375970772322777
37919 31660.3780131463511114224937429521093
37920 31660.6793949005554665754807782165192
37921 31662.2232149934540306051129391128283
37922 31662.4724287176245532355136469776248
37923 31663.7804413099092026751496567751341
37924 31664.2184559233463884223429827281148
37925 31665.0189708317674956623987576008429
37926 31665.5658942828923145608806769792974
37927 31666.4646627956303798690656125247948
37928 31667.2568724639470365680360032302929
37929 31667.8890839902834141243376601272939
37930 31668.2831447226772188385088263529246
37931 31669.6430821700027037677908555371588
37932 31669.9456437602133196643553184092777
37933 31670.6364866958999143452967203423455
37934 31671.0514612277011117177666112649849
37935 31672.1054028325827998217718419745745
37936 31673.2898343116070401887963259672448
37937 31674.3466055869609030657519244223563
37938 31674.5675962356331496395669651913922
37939 31675.2612266345200283137651515765954
37940 31675.8205560138124141293195447606318
37941 31676.8647926401997409528506676306065
37942 31677.1830253254912060160344354937921
37943 31678.0549008270672815572733863013641
37944 31678.6772883227538597827185671910821
37945 31679.5997782914585045790460243208390
37946 31680.4432134270628671060853711481971
37947 31680.9255508857231380295369993118046
37948 31682.1855199207676469197781035959015
37949 31682.7032024092994247050746681758124
37950 31683.2731379503979241892936410005514
37951 31683.9267961657469397246844274019840
37952 31685.0956281886904691295606332505373
37953 31685.6822188791821612179228632146549
37954 31686.5548162103524698435438827170332
37955 31686.7556732314671660771924898573355
37956 31687.6505425855657185530730140035760
37957 31687.9451847408037078811290162260541
37958 31689.1580729129035174382213265843407
37959 31689.8344565091934173996152878729345
37960 31690.9115308861450540901521179483625
37961 31691.6183368060971240706900298991574
37962 31692.3892888854517052209690440437006
37963 31693.1273561019478396850213740074709
37964 31693.8636392806610732192741407388944
37965 31694.2272691728717435533976846851245
37966 31694.6516481558496408438739453576996
37967 31696.0491607682151838098897106916549
37968 31696.4855880317673533218295164980081
37969 31697.3702241609939947808740192963385
37970 31697.8832656959790769501771499957730
37971 31698.8085150169142729021580945835816
37972 31699.2941528212761718198515601217590
37973 31700.3838567039265577305304480804918
37974 31701.0947076950850097405485603533954
37975 31702.1423188232103764792465139307402
37976 31702.6342231722525800812255872172468
37977 31703.1681052040625735156392131040749
37978 31704.0822013880384297829719917105657
37979 31704.6204916044911005714161611759745
37980 31705.2485112915685631182145933583508
37981 31706.1820989944839446810771910579557
37982 31706.5027431479451066919946327628653
37983 31707.2141822550784352632821976480311
37984 31708.9350040387373031609407498574168
37985 31709.4493630661516093101739456819276
37986 31709.8170874309431556839659577719482
37987 31710.5911220697462733179824902790265
37988 31711.3429883590827662314253666395142
37989 31712.0571881252387149095500915831465
37990 31712.8074869106345078853686497835628
37991 31713.6414797743243290115268941096376
37992 31714.3220399005546943953173385225556
37993 31714.8329933385121597988324694752303
37994 31715.5706829526850536032603452010159
37995 31716.5974961728915589305793966302880
37996 31716.7657362028773779107287956002637
37997 31718.0054327844209369079581542580230
37998 31718.9141268834499905226372806431388
37999 31719.6394431324030893673710956860121
