23000 20395.3178645019255063507073725163931
23001 20396.4717462283847781872855535713486
23002 20396.9804959877105958544588337455831
23003 20397.7288946013337743666873422537958
23004 20398.5212641591242129897045988269265
23005 20399.4055616626991601181999255035105
23006 20399.6170885460220058802241163700108
23007 20400.9319619728202348896573196689150
23008 20401.4570872703006975258616245980198
23009 20402.2889799243798238524173150570662
23010 20402.9754181859738778666419833909311
23011 20403.6963720665174524191061111086749
23012 20404.4822103472733415802332098585575
23013 20405.3517446249991668350341714613362
23014 20406.4167142758478992571228466580641
23015 20407.4871971641680124415090349439065
23016 20408.0115589662817216879302746563951
23017 20408.5166904214482092918172127758414
23018 20409.0334297037053244993046167622674
23019 20409.9835847654048339459762070070576
23020 20410.8919450224716054650136952835941
23021 20411.3317601789755566535855560907066
23022 20412.2691270809130657706727696453011
23023 20413.0369994253977837990310938156141
23024 20414.3873583590426581252003077774831
23025 20414.8196422567492845103119292932169
23026 20415.7033149179168839418769050955065
23027 20416.2491859674771351444598516909330
23028 20416.8579538600156589086159597996374
23029 20418.2632923387600036083487672207355
23030 20418.6863965603943762512580902960558
23031 20419.3174075318393635270295937879189
23032 20420.1270715589387791655064792495122
23033 20420.9103101216028237072977759915599
23034 20421.2466327528895809938980424258551
23035 20422.2321743057041590767739050875529
23036 20423.8434032080203232715435077344204
23037 20424.1395588399342276846282422673269
23038 20424.9273112886332991635616676034402
23039 20425.9207065415071857198222002867623
23040 20426.5415449087846127851220254440907
23041 20427.0760706822739912623549787502206
23042 20427.8327779566875944501981816103295
23043 20428.4124131035456937922825778493236
23044 20429.3494389615168201693539373480654
23045 20430.5498213583562969806654163582172
23046 20431.0903494799662773221838442498046
23047 20431.4910552922815886767566553223695
23048 20432.7364685875713447005461007285816
23049 20433.4505140536440022145394437069979
23050 20434.5201637713876716215614052114653
23051 20434.8433545461038219044951474584449
23052 20435.9889413931974237236909656727975
23053 20436.5325447717981789957219594317087
23054 20437.2867098029255582281792536594801
23055 20437.8730580268202007137623470545408
23056 20438.7264293703980847226127910323865
23057 20439.2436113513168232037038241046655
23058 20440.0828243311716228058683933513502
23059 20441.4077874776336056960803697523754
23060 20442.3623094385104744355068280763499
23061 20442.9417076906421814737212557896096
23062 20443.6424964388084346813064963478363
23063 20444.1710217244725196723887618434197
23064 20444.7396352845469251057071076750888
23065 20446.0547137102124940246178364680747
23066 20446.5030878301238605595628046218108
23067 20447.6213653877718873067336322969178
23068 20447.7946630367054167145760927581102
23069 20448.5894839465607690487306497903140
23070 20449.9641698102961598910526857378500
23071 20450.4000695593400688488102982918737
23072 20451.1205088656209638104993095698463
23073 20452.3376167154476083821587144126363
23074 20453.2392125155547632454938247074577
23075 20453.5596816031839302072259893872109
23076 20454.6596173542136025187769658817650
23077 20454.9797630845252009826511548514225
23078 20455.5726333652899160428802942067502
23079 20456.5220487360673849947051715301629
23080 20457.2035627611100898641341848404966
23081 20458.3040006695048928038830146429040
23082 20459.0838514729802152735769636783580
23083 20460.1085439886210136508945013098954
23084 20460.6669301585993221461438509765166
23085 20461.3441980067099763848754628262866
23086 20462.2946338530677984760828254151569
23087 20463.1373531908005582110519798985538
23088 20463.2999600418992135613020692089913
23089 20464.5498956466040036478380834810922
23090 20465.5173240047679050957791457796784
23091 20465.8855343818378311814429826649576
23092 20466.5262506731186601233593784399891
23093 20467.1553082482951909371567701897826
23094 20468.2225808435366546024553407195589
23095 20469.6223513824533864002273756468752
23096 20470.3245686284880532333049713174369
23097 20470.6460623360218060427457397200362
23098 20471.5077736102567302615872695433848
23099 20472.2966099739057730039231081502661
23100 20473.0891248985584165227938000713765
23101 20473.4718574329118842142381675137631
23102 20474.3420641101882681124608769231451
23103 20475.2961324232794097737325341125018
23104 20476.0429708520966055176764759788496
23105 20476.8691489162180017827738214743566
23106 20477.8949399423464087865764169838633
23107 20478.6334891060492145158102714359388
23108 20479.1428513146692969265820691625473
23109 20479.8897360289064420555870293436384
23110 20481.0701532550981651627037441855163
23111 20481.9113390149516629064091775095216
23112 20482.2437370785465877621713501403945
23113 20483.0687218309679379603650482379846
23114 20483.4461657590981727714393197711844
23115 20484.6821356144769597542174974823410
23116 20485.0306828274119646428211130379513
23117 20486.2828378757850997801813496110808
23118 20487.0768614663183846344079761191765
23119 20488.1937940293773746497411641732359
23120 20488.8484916053209603728087118052199
23121 20489.4108460306546378576576635974358
23122 20490.0385301378724507615780554851674
23123 20490.5302282345111628468052982001094
23124 20491.6138777865836602123611748607562
23125 20492.6244994159295618786108454174763
23126 20492.9792547443459701092387815010822
23127 20493.9426199544055298828294852172165
23128 20494.8510360591229532734222524143005
23129 20495.0993199471602646610593478780558
23130 20496.6796789921898378772326595813789
23131 20497.0856854158826480207689637079320
23132 20498.0683984292983954069283804936852
23133 20498.8952955349531583961622144320984
23134 20499.4422108523203416632080292581265
23135 20500.1386393980422731970798119156683
23136 20501.0697519531866907629768545296306
23137 20501.6232189349966845169186329570607
23138 20502.1818675157954312924427195854092
23139 20502.7464676202489702911543525147639
23140 20504.4391554697093327078571915015995
23141 20505.1732379925744673999871506757041
23142 20505.8308914943643979658755833356969
23143 20506.2641853826172439755336697283349
23144 20507.4329021765872452675796049334739
23145 20507.8407030619716489707588594244003
23146 20508.7495888335011115865625354817827
23147 20509.5433014760558331385285852663894
23148 20510.3815865349724843649545647104647
23149 20510.7975994997253905048384808525951
23150 20512.0427841619508000088460064762483
23151 20512.2399240169272391103327039486930
23152 20513.1504238694487112013916805768823
23153 20514.3389770299406733188244792800592
23154 20515.0559433837604936665428771881307
23155 20516.0969946689755375858577950034778
23156 20516.8093980556397904452199795086549
23157 20517.3612954444000533638560747119801
23158 20517.9339524585118930824034533238093
23159 20518.7637907399523407540770182798086
23160 20519.1057660606331839960816762574683
23161 20520.5000168239716958501251423570660
23162 20521.1963758117330152774941383240702
23163 20521.6024129833683129192582591798974
23164 20522.8556580572494725461648908722634
23165 20523.7803336259076073601798355245030
23166 20524.6077557650029752188112667411112
23167 20524.7963147475916311848757910357467
23168 20525.7875119924762227792298739714329
23169 20526.6524661697808263599468529598659
23170 20527.6193990449682700669473313423784
23171 20528.3370731643699112320664792088597
23172 20528.7054152763771910136980555202343
23173 20529.4182431697429788217147795756992
23174 20530.1559748484747398464656743875236
23175 20531.0792960834939053378253891898010
23176 20532.1550614222370210155978868143591
23177 20533.3519720731059399291793518440960
23178 20533.8187031731912558459167174926112
23179 20534.2936173307609390949052774940661
23180 20535.1770149322629442738555674104352
23181 20535.9609641998417599651889556100117
23182 20536.7870680240627001989285032904201
23183 20537.0231055211874040761368382382505
23184 20538.1277457312228115246147727456957
23185 20539.1245037454566359707668871607919
23186 20539.6471621345729460925150945175470
23187 20540.7418351370144906519229251565494
23188 20541.3578338473378614080447263243398
23189 20541.8910647447884082213585381064809
23190 20543.2082120464458311888157062457679
23191 20544.0737057211934458197548372763990
23192 20544.4954492146634131247420196845028
23193 20545.1337785985725096199186343084578
23194 20546.0559025810582842499444827612317
23195 20546.7706406326735663254788087599901
23196 20547.2335384916659220346982920455337
23197 20548.1295526748375398980544172160457
23198 20548.7792506614165309547214392224699
23199 20550.2008873892692906365422215790628
23200 20550.9239549871796478682774105739707
23201 20551.6954015825895670032032462836067
23202 20552.4813586125407049750240098595423
23203 20552.8663016899441807258997985676784
23204 20553.5820121683701688530517181924060
23205 20554.4812323836376887886364774905569
23206 20555.3717986870114184586320206811636
23207 20556.3954863151146084784301817338473
23208 20556.6923330788373391021695553652309
23209 20557.2861704084731497770217443042978
23210 20558.1905353556108234312249481765081
23211 20559.5385238623667454275362798738646
23212 20559.9161601233749939662387428670086
23213 20561.1203339453525170135325791915481
23214 20561.4116648918684550781875561148766
23215 20562.9226614145080952225034577546685
23216 20563.1556050060724657313078962199161
23217 20563.5715404513568786600526932515036
23218 20564.4505868926844096824274729826868
23219 20565.1747781694546562759755419481073
23220 20565.8941821152445633826867819250620
23221 20567.0375581364002674371739522356894
23222 20567.9335944813253194060524530962111
23223 20568.5985620349135465739877280732579
23224 20569.4444799013088462493321526439971
23225 20570.3475103400312973841042874806971
23226 20570.6308306896908178380057533830086
23227 20571.6817912565400824701176818793169
23228 20572.6365271064693900028711792214686
23229 20573.1484043762704423903905929535400
23230 20573.7399641178735266485290130463751
23231 20574.8652875793342771007356581468559
23232 20575.2936699488299768815657343024493
23233 20576.1650556054142333461350578749336
23234 20576.5424629497058844459612905600296
23235 20578.4250768583657609631878050631610
23236 20578.8909027452746331182002733627698
23237 20579.5836625208841836016425185089749
23238 20580.3815057950289385376003482075654
23239 20580.7232789663728534643102614140306
23240 20581.5593650211757541876911202118828
23241 20582.5511162552636107196858465950674
23242 20583.1498973531113959706334404785938
23243 20583.7635259733018341090617793495918
23244 20584.8244208199246542074166398073818
23245 20585.5892326340951841551250022318121
23246 20586.5801595990979819527858800826681
23247 20587.1725640076910085238000230729174
23248 20588.0595155392551263246110436934523
23249 20588.6464757243658434074224285113089
23250 20589.6074757523670913076607597755985
23251 20590.5137365942495234265855432972128
23252 20591.1555350806324877932549989296120
23253 20591.7432400730236804310511889151865
23254 20592.4406410696717065538880081876994
23255 20592.8684127283967006852631052389891
23256 20593.8929249649126826939992398842560
23257 20595.0849149869031107211060421598046
23258 20595.8869999544691235189827558240140
23259 20596.6979099575008521563450857127731
23260 20597.3789032627148994571605907516011
23261 20598.2606311586832547973895468428675
23262 20598.8680081016825216518472582288320
23263 20599.4377860496713504668261310388549
23264 20599.9186267440766018397944145999602
23265 20601.3130568236753423435832979686478
23266 20601.9517557648067712905650199701726
23267 20602.7018876368165561381037339518150
23268 20603.0525714879859261982922588734522
23269 20604.2216870005858073087376227338016
23270 20605.1203370652308082797805507925379
23271 20605.7726183257206427312961356102562
23272 20607.1294464975317475862753781740015
23273 20607.2906295006005228258025273500203
23274 20608.3692998760233642591483187368570
23275 20608.6168168068103428792507629082375
23276 20609.8333142665927143760927621583393
23277 20610.2148802520422875186978525034342
23278 20610.8131575925258936395546700970234
23279 20611.9185839177468721563280655613739
23280 20612.4913971390401528398168715896500
23281 20614.0463189539812553969225050729868
23282 20614.8205696627817901957138995463214
23283 20615.0374751556418886841293734102009
23284 20615.6034327957712033667455610321045
23285 20616.6971423645534402083179786871317
23286 20617.4772256575263225004190361681401
23287 20618.3812304970544121751866247429694
23288 20618.9373808923679094765640053623879
23289 20619.5853134566869208053632065691378
23290 20620.3943678453485259743936650260236
23291 20621.1814779692920749579447981927762
23292 20621.8620008331591707522575869720048
23293 20622.9304779129726739809102347514532
23294 20623.7421170869235398506240796871904
23295 20624.9204923489568481339709970447132
23296 20625.3913660642925647350191038185379
23297 20625.8491465675353887104786922741510
23298 20626.9943732714825105216534987548771
23299 20627.2793982221229450628329875053638
23300 20627.8764409501363848963410806484769
23301 20628.8881799227858553780621962966344
23302 20629.9113738721558286644824525755782
23303 20630.6836044551130830618802992851388
23304 20631.3004183641859151331167361419377
23305 20632.2684969742343519505198540698637
23306 20633.1127382573420838422180494702799
23307 20634.0810717175194879864416266109305
23308 20634.2752067562960373072164678171351
23309 20635.2163301624044867710771569586997
23310 20636.3128215351499290015198291590210
23311 20636.8441069986863772255762335822342
23312 20637.5879833981443001149275080289219
23313 20638.3055729718923779108511599976264
23314 20638.6571785846263501352648689040279
23315 20639.5355766841877544295727834460492
23316 20641.1490278609018486152253961368134
23317 20641.7440988735590606808321942580641
23318 20642.3723441407407584833490979146092
23319 20643.3999299338848073510079629259598
23320 20643.6750327337496946917299756508445
23321 20644.5937225778152736481083547351622
23322 20645.1069069993198242035966726736177
23323 20646.1799780925849515969046829984568
23324 20646.9041785677557155253216687845230
23325 20647.3845288646220769874637977077586
23326 20648.4563679964813740315266535112648
23327 20649.3789143231688637168432828225399
23328 20649.9531311452457542693604153759635
23329 20650.9763653282703059823963258811206
23330 20651.3553573726013491134430415415355
23331 20652.7290690758197869823474960866847
23332 20653.4417769757770015301322682752981
23333 20653.9675579697525997095104269043062
23334 20654.6773703103618537175369262647844
23335 20654.9430353319940761293339973233984
23336 20656.2625698757230012304221614780340
23337 20656.8870856805837768638607674696520
23338 20657.2824050295421478295213648452657
23339 20658.8158845833957880415760850901282
23340 20659.5718348260387109395236448597597
23341 20660.3658718725612368715743031980440
23342 20661.1252282537786088736020936028363
23343 20661.5467007092253977719401084698629
23344 20662.3317170189934395831121996296691
23345 20663.0826307144694777632551535223369
23346 20664.0519406186690136833810398130246
23347 20664.7798225214074224178894996563025
23348 20665.7598606982916894868904594891643
23349 20665.8957871368384970211546880003542
23350 20666.8328082059226862284594289092566
23351 20667.7321193357435625533761073801076
23352 20668.9243202021740481415057919970289
23353 20669.7836139541307002886856038028323
23354 20670.2829308504612837396047015216047
23355 20670.9405434637272975613000881383766
23356 20671.9483654068133936828142418052074
23357 20672.6560547541984408786398064439291
23358 20673.1000271009512893396940237986729
23359 20673.6905912979124475075889069183702
23360 20674.4670286976733493192124358173151
23361 20675.7289663120376547710979757472002
23362 20676.5724283564287488558616131584772
23363 20677.2254182020648110617792719554874
23364 20678.2528375224885118293881530278714
23365 20678.6409442550876902899668890985209
23366 20679.4545430615576197033921901131025
23367 20680.4793930614952951168386084598477
23368 20681.0797806799323111569206061410675
23369 20681.7865415635228794130427842173441
23370 20682.7571167611531546444101452411782
23371 20683.2994411476264867732819343700298
23372 20683.6734301880164307131043031602340
23373 20684.9879089180564410270919341875556
23374 20685.4187804652976564777879382397997
23375 20686.5362766644446104929187838482314
23376 20687.7294081276532450010367055692562
23377 20688.4255096255715849964482418877246
23378 20688.9453217501937745511544058111739
23379 20689.4639972038368735321343163976757
23380 20690.1451946794298121532110372816771
23381 20690.9819984997607475265450875006605
23382 20691.8438773238623979746715643803103
23383 20692.7307686146769057913330955705223
23384 20693.4270835154783801725828509497907
23385 20693.8728578449998496395703330977379
23386 20695.3404826834979020623009701787815
23387 20695.9651963004053709968685288083846
23388 20696.5340929659413093909343251722376
23389 20697.2333815359007285836858287680066
23390 20698.5845463378837483350097435594333
23391 20698.7848717344397452564376408712199
23392 20699.8964022776419644244755505712237
23393 20700.3476840799125583426485412499296
23394 20701.1114263612283535703755361765576
23395 20701.7536865118750931912479224085515
23396 20702.2405823464680510830819430324194
23397 20703.5641430845022355136904249677293
23398 20704.8349061038130010503303699109525
23399 20705.3232472387011956398379695390785
23400 20705.8296328156366060443885623278941
23401 20706.7695950706082284192677854516526
23402 20707.5872862441040305559898850285296
23403 20708.0668165350670175210636114212404
23404 20708.9225912130787845320890870032241
23405 20709.5120106623090340149861221471891
23406 20710.5804680502863234023105804432746
23407 20711.3438527541579860945668531088117
23408 20712.0719854540831947765055986171467
23409 20712.5649355575709084246263367140183
23410 20713.5024585940885078233494506522429
23411 20714.8875889047552276220190401827651
23412 20715.1850533872746552944125870385379
23413 20716.2443822219833197386513134722605
23414 20716.9501582752221404746399359866100
23415 20717.3829818241467808745608222899786
23416 20718.2092555017748873542873964623741
23417 20718.8937747104614392972013711910109
23418 20719.6062735983055336619999197977757
23419 20720.3953272066230086697122810024097
23420 20721.2548618193588579281786382113113
23421 20722.4154969369961910414600917057280
23422 20723.2505421650218614424128423190234
23423 20723.8330023403080261788954490143977
23424 20724.7391523374994356584387583162461
23425 20725.0865215135882275375499238488011
23426 20725.6873447341783245293710366276570
23427 20727.3558499132194848911266908997879
23428 20727.7686788295290358391813679495488
23429 20727.9835588564834743653309300958828
23430 20728.9412971616769073048329591938214
23431 20729.7301460506987796551476071082114
23432 20730.4842288276600025805414188528408
23433 20731.6099212371963765340837294578110
23434 20732.3670908984527021261233806581428
23435 20733.2955864339061286668435089326503
23436 20734.0205821156594361091065725077832
23437 20734.8321861218242623116413696854245
23438 20735.3318521012597911874556939287020
23439 20735.8431643434595766251943635888408
23440 20736.8164023420327192389243678481275
23441 20737.2955040874169512635290799407426
23442 20738.6031956087927675635166821424526
23443 20739.0029042345046267291788791472286
23444 20740.3195716493462506578549180178393
23445 20740.7684933555171210639736431205656
23446 20741.4618921707982885617785229196413
23447 20742.5534562042922473036681476335406
23448 20743.1558355696158538390519576631268
23449 20744.0786262652633478225250448117730
23450 20744.6437768136110470071315982872861
23451 20745.3232392805881455857308247816179
23452 20746.3285206206102300876334904440861
23453 20746.8958769352126471412610176926344
23454 20747.5913647201216671953702071877125
23455 20747.8882915589692766860994620202055
23456 20749.3926259717055733215623365642214
23457 20750.7141435997282234357485824714284
23458 20751.0351801207511825809604501165586
23459 20751.8371198945432652541807601134891
23460 20752.1962196024080444894171706517457
23461 20753.2490910770420788646981371356203
23462 20753.9777683167394392939612216267663
23463 20754.4379593086222716323281376240377
23464 20755.5412651106984887086083240639100
23465 20756.2920706920965632350307991004955
23466 20756.9430428496552583398921578783909
23467 20757.5719564833227007043232255448615
23468 20758.9735598956927289129328747154246
23469 20759.3936725544327880924566248389887
23470 20760.0354935114171936005046787347727
23471 20761.1634416884373473324333322938189
23472 20761.9684171031699348032271628251984
23473 20762.6868842437940375988510263015660
23474 20763.3117426192931951142259542776719
23475 20763.9136852423731932348302980853596
23476 20764.3874593706944177406333705909689
23477 20765.2563638670976924065278177065280
23478 20766.4390165441030142960512415366373
23479 20767.1558970662299132097784987604559
23480 20767.9844781275740381503632671275645
23481 20769.1181497711420122553875657381494
23482 20769.6417476139758233040952360397919
23483 20770.2909979562493220445404922160992
23484 20770.8209428048565488052014998934012
23485 20771.7947221594020319458303300269506
23486 20772.4533759924919747775149563372785
23487 20773.5925404073981414192006126018842
23488 20773.9789658519617683504434787117266
23489 20774.8793342411790855419936473902631
23490 20775.2685646969711924590063292118324
23491 20776.3897838771277840709210078124549
23492 20777.1834962511254350937159057910913
23493 20778.4796674169246986216287525620512
23494 20779.0604365209790398015668049079480
23495 20779.6075838283342410045741859608118
23496 20780.3019981193815606836551182114164
23497 20781.0798060932264067565978341261947
23498 20781.7765350394163428070332719480678
23499 20782.6578807542094892260087481270525
23500 20783.0377034883822334841351247510244
23501 20783.8381429548167972548395137089764
23502 20785.3368071844343365016165515701767
23503 20785.9108954511390360428490530638754
23504 20786.6451439357072080503406552749845
23505 20787.3806821832729617616020923183296
23506 20787.9067428612237705863740790206440
23507 20789.0127196794257508263125214433842
23508 20789.7920367617552036058137685530604
23509 20790.4041440319853272317696555261213
23510 20791.4023774129275384991372148861050
23511 20791.5543835449500913459757968076343
23512 20792.5917717892022247714629780705687
23513 20793.4197368797381741043901465406093
23514 20793.8399272310640811641012336722774
23515 20795.3981234179175502768969231179479
23516 20796.0981650887630211511294040139241
23517 20796.6940437986599040601985365427829
23518 20797.7047249736289611648239351047149
23519 20798.4131736593740772242564987930646
23520 20798.7799498914560706937511874512398
23521 20799.1968210077579725727546101693898
23522 20800.3920673462383627979034575745193
23523 20801.4390016207731002573260674904787
23524 20801.8603643632253461532390245794183
23525 20802.8725096076510025484759389060880
23526 20803.2654096766132829063844810145017
23527 20804.6512412335361232248836264027838
23528 20805.2422328367236891811189115274328
23529 20806.0514145945762057376925817840701
23530 20806.5871153711964376351567609671553
23531 20807.6409257053434207029833079314226
23532 20808.5022525112890162052497134262952
23533 20808.9897912524883207329503943173965
23534 20809.5907672434653872091938408083168
23535 20810.2544867643190089580579538171680
23536 20811.1015454220774202727859342487427
23537 20811.7627084546420957851535507815976
23538 20813.3802775516313689643634124825279
23539 20813.9027109254177595941542110976493
23540 20814.5932441755429460440145026496090
23541 20815.4128924410595064430159470887250
23542 20815.7189672288680079405187193182164
23543 20816.8670881656298380240389153919713
23544 20817.4526963083026462009858802072269
23545 20818.3097092681423681368495077140258
23546 20819.0475490632746473590871987239632
23547 20819.5861973588896753928975853158848
23548 20820.8192885739112564608599882934721
23549 20821.1910549959175184092723311134361
23550 20822.2156291986726160100385587155830
23551 20822.7933426471627025664680019859038
23552 20824.0913792533288716314636809388347
23553 20825.0242271126484998563244125644598
23554 20825.4001148923928903890208452013756
23555 20825.8083186292878430834197189946155
23556 20826.8809821108238056400661652196979
23557 20827.4724447221267991525011968443698
23558 20828.1040752000008669006620381523009
23559 20828.8952491196423055067483534962899
23560 20829.9932590460860519576104196511228
23561 20830.6504931742918775758342876932934
23562 20831.8886086825904840971703599469614
23563 20832.4380122860053848930014556809821
23564 20833.0406530133915158120378491946577
23565 20833.9632466042029218970508562023622
23566 20834.3333626930923661693535493135790
23567 20835.4296025198716247484375113477199
23568 20836.1758559944977225118753759560950
23569 20837.2161850853271221533000209209115
23570 20837.5381725665749242859742156821044
23571 20838.1016323746935292716547505137338
23572 20838.7388368887123165693028015694318
23573 20840.2574408117522794299823127087319
23574 20841.0341892629032417753831425939448
23575 20841.6641285782134288996042558247831
23576 20842.6711951767264360349283688778379
23577 20843.1782009279168344924616900664304
23578 20843.8999267117283851892090394476034
23579 20844.7949931675590039582285554048480
23580 20845.2384964958609575265233708377711
23581 20845.6601088765526144242973968158673
23582 20847.1927849257923509898827494699230
23583 20847.6018937160764575085933719801801
23584 20848.5583656111977285598802975929742
23585 20849.4870829692609670279583135828065
23586 20850.1647455886424424789283143547832
23587 20850.8497191105985141653644685923786
23588 20851.6546353581491301329148629646798
23589 20852.6192435272055798263877872084662
23590 20853.5605811273890080869107308939161
23591 20853.8304841642533468432196701317978
23592 20854.4624175902024446190908561823877
23593 20855.5801843892037225162712144440235
23594 20856.0423605019011908350093780887675
23595 20856.8279301550711996358408598404350
23596 20857.5330587489814449881263388247264
23597 20858.9782209468284616017256946380107
23598 20859.8663652016030348329248947313700
23599 20860.4481781101044956118389416183471
23600 20860.8372870468266223846658226998614
23601 20861.7018835531861112785294661622309
23602 20862.2008757761172884082538692812914
23603 20863.2876030445252300421321938062759
23604 20864.1423222166808956757230151241692
23605 20864.6681216723194795575197991473863
23606 20865.4083078693664220235671004633584
23607 20866.2914435776894648453453735525248
23608 20867.2120671597693381982529470041279
23609 20867.8238632044918564828279392418587
23610 20868.9917319246381563503349927551596
23611 20869.5260352869078056689338956582215
23612 20870.2799900129640362642906405120111
23613 20871.4175408919652488360950603084426
23614 20871.7288326682956863869136576203657
23615 20872.6659585059925801497467391804854
23616 20872.9205221794053120695473957488272
23617 20873.8369906809966564257132564831999
23618 20874.4958746251180747345178481127883
23619 20875.8930692157971104989209509594094
23620 20876.8348138306214111018798098301155
23621 20877.2101132995403994523940707833160
23622 20877.9429302853387202366239258721393
23623 20879.2730313308524067241595961952404
23624 20879.4270257813689982257052028251784
23625 20880.0583159741367680686328837338432
23626 20881.0672497403821046948802222538795
23627 20881.8858597036107133991767851428133
23628 20882.7956853079373565965267127752771
23629 20883.2105151314013083570766544939366
23630 20883.9732705600575697799871886858927
23631 20884.7624612256714145640669195167643
23632 20885.6313978976788257062990646760734
23633 20886.9410286739790808807851903684136
23634 20887.5136704035904978219446697163075
23635 20888.2800020535964515043019611906016
23636 20888.9178425879655541840327655474407
23637 20889.7464716556882440368926028468073
23638 20889.9461126318362992067917770478508
23639 20891.1009074750250922471431147712188
23640 20891.8396100129998167145654852944101
23641 20892.4817877177602738593534172832790
23642 20893.3520999206381904725753137182013
23643 20894.3804867016060098454615855017767
23644 20895.5405497885451326473903651015476
23645 20895.9612862316289277263920714910156
23646 20896.2792154783116789783037651590947
23647 20897.2489511931726514705816620093323
23648 20898.4692702850882297510290943525371
23649 20899.0372789497713846317179775592966
23650 20899.6920342927564092009595007723930
23651 20900.3449847434954190752399665897780
23652 20901.0116770341226908661140006678552
23653 20901.6793427419254621992744380213855
23654 20902.6747214890911606969049398880673
23655 20903.5121263566706107269867528869113
23656 20904.7394075144679113251098140344404
23657 20905.3248440834884249860506448660038
23658 20906.0891664277359317060990649437193
23659 20906.7223358860170293088028630023251
23660 20907.4076831153164935935464642508529
23661 20908.0750648750740905588572743145732
23662 20908.8739429580911816460821035069780
23663 20909.3493265711957929722263387911356
23664 20910.9416358173013901118814736652071
23665 20911.1771721491887624969831875531486
23666 20911.8516286838665225480572765973390
23667 20912.8236782231539269339944989685097
23668 20913.8719590725635229978961863934001
23669 20914.3595807741537295309213925271739
23670 20915.6007747694234912231573122250160
23671 20915.9987612100663544221149878177116
23672 20916.5621231297049478865965958364086
23673 20917.6922554012750499172976960183507
23674 20918.3306256582140896574411764120807
23675 20918.8252430687918765214292290662585
23676 20919.4071912485725725281251206441561
23677 20920.2018022466727089489200776698589
23678 20921.7579531190482143945971674323161
23679 20922.2888115815562843030531749518122
23680 20923.3778225716907002236228324648589
23681 20923.7206036544381672128176226951123
23682 20924.4193717472528300856242668691638
23683 20925.1939746440907791534546726768375
23684 20925.8726873232348878467441400876102
23685 20926.9808095966087938575002566266321
23686 20927.5220004477643585000729805667341
23687 20928.2687543984118098806968284482508
23688 20928.8714391264223468057026767827749
23689 20929.7583667414787257429797727811109
23690 20930.8038994239578918733807181540006
23691 20931.4600850654697848780975155936379
23692 20932.1815224329378982221540766956403
23693 20933.3575102487404300114636042291710
23694 20934.1263948147319777273952296955206
23695 20934.6547895933920678229868168037085
23696 20935.2875066944438626575029120482139
23697 20935.6908735763488854105074557472052
23698 20936.6496067916514166554276669613757
23699 20937.5568279337517005619865213979409
23700 20938.2921573206291706516526490431653
23701 20939.1122974815148734813156634377816
23702 20940.4382954453064193923127940942893
23703 20940.6726082600981022000733643834885
23704 20941.7662851689578506732030299318672
23705 20942.2755732861002770860279902066759
23706 20943.0580767319806103885017483145311
23707 20943.7126267909059924052879076160843
23708 20944.8015500353627092039607683664217
23709 20945.5346708985949175684605468888415
23710 20945.8885074179927652913608350634424
23711 20946.9362654574724048819704371599107
23712 20947.6266280959895541163638642569640
23713 20947.8031076539462744754380821883538
23714 20949.7226804128708216597859201115783
23715 20950.3913241082432014610965750262626
23716 20951.1425177886884772546077502630595
23717 20951.3946474877090062739224498475746
23718 20952.4397732443106467562944597699844
23719 20953.2553103441493722005461105500373
23720 20953.8572658431659246290624956307566
23721 20954.2524427531403680454376217754553
23722 20955.4295766057357922265569796213014
23723 20956.0076614748230829129134158958359
23724 20957.1223710929627715958925676285426
23725 20958.1808367609873046832181852011232
23726 20958.2641162218719653619633240764023
23727 20959.4265603563247736869187736321393
23728 20960.1893997804218160172069259906343
23729 20960.9438904066909437333906769334046
23730 20961.8457117198557369624027631248460
23731 20962.6736127531743943789029026844939
23732 20963.0993367481965365199025184259067
23733 20963.7190670256403288150597105069766
23734 20964.5772166853866565995046905250002
23735 20965.2262233969181769863586577900780
23736 20966.1894991116676659402348715903612
23737 20967.2145217732508057033146200448586
23738 20968.0267701359623688111731148882547
23739 20969.2256027674020639615136948589491
23740 20969.4198689013107919944130487182708
23741 20970.1463955080897579967835490959633
23742 20970.8762317257257217541637451729825
23743 20971.3256736704226770620198837571139
23744 20972.6111194062757996585730006875429
23745 20973.4205126729724647494562712532596
23746 20974.0350680476787055588476761007686
23747 20974.3972361875342578884082786131770
23748 20975.5221746069351874364377505474193
23749 20976.5162231738185137366760322407402
23750 20977.3311596305998893388043996112519
23751 20977.8302733890389400518589963471080
23752 20979.1215926233018480831365141870778
23753 20979.5488523310346243128091377660189
23754 20980.2537414256272066591374144071309
23755 20980.9643648543131243769685898175338
23756 20981.8688073707351785459821108378914
23757 20982.2369093658160711923423063330376
23758 20982.8117722547895030209034854882440
23759 20984.0695547108287777345649791336358
23760 20985.2207561375919193889614743835460
23761 20985.9498524922508013548049908150464
23762 20986.5170714737791908771487356938360
23763 20987.3368110317152201956765684631323
23764 20987.7196815180541205893865316969106
23765 20989.0851187909425649532686467405313
23766 20989.5335729872741226850813796009553
23767 20990.1077980959048736694075114705875
23768 20991.0115285571144441078813393971179
23769 20991.9420926410484757146222264914045
23770 20992.5948418398507977415535779952744
23771 20992.9923830981573648231748666135705
23772 20994.0855892385854518505262349636946
23773 20995.0418219475773128282967004366590
23774 20996.3029417985900006321705718328864
23775 20996.5920917081417175026319332391899
23776 20997.4854508482708310902946816646647
23777 20998.0358196011556008082856005061731
23778 20998.6303113937124003312651941322472
23779 20999.5127159292936537925904325793264
23780 21000.1006760715013975782635640095162
23781 21001.0097218826562169747355173745892
23782 21002.0736197874937399405588721084345
23783 21002.4743126871593689309662275925492
23784 21003.6237824929676224116231415528436
23785 21004.5771486990665048157699170897109
23786 21005.1724258832893208980095317132153
23787 21005.6440163841075467297278202415219
23788 21006.4287468603155041261862512319529
23789 21007.6442959834621135467286467839724
23790 21008.2327992824503629611290523666069
23791 21009.0359164203695710371032008568069
23792 21009.4769692592815470464101011382648
23793 21009.8621506772056591718453897031015
23794 21011.0991920077461815606913176565025
23795 21011.8497131286319123371926083000907
23796 21013.2618229641935083297050274875123
23797 21013.6810719863053514262837701158080
23798 21014.3519774773279541308323182649116
23799 21015.5500978533569059692479326803765
23800 21015.7167984331452725391895006838566
23801 21016.5154271416689766548594339182652
23802 21017.1319662282309265786492269549091
23803 21018.2285255054436733100491197022131
23804 21018.7688702364301048234286792848547
23805 21019.7210173339196211608522702315731
23806 21020.4850319565575570874883613721473
23807 21021.4117836882045970067485805528405
23808 21021.9371537323465978922991459991863
23809 21022.7485789403942862305206536682536
23810 21024.1359987468511323100714187099529
23811 21024.4309411915170388399890403549468
23812 21025.2106035125072222413839268241488
23813 21026.0266103119920581924036727136575
23814 21026.4686335346294651387923310368838
23815 21027.3809389966879056210192889898483
23816 21028.2280983611782353277489865673101
23817 21028.6082523499425290382697383310982
23818 21029.4562232824369621390790508188319
23819 21031.2409784710069250290538732274673
23820 21031.6118167576947054491347716094288
23821 21032.0765233939526986227128307114671
23822 21033.0307390550635238560948233834579
23823 21033.6073030738736667299057265888678
23824 21034.2710608722142160487181010554593
23825 21035.2184300678427438358381798892690
23826 21036.1576756953058840989404175085422
23827 21036.6402164511260405233206594655764
23828 21037.6128359500531145973820176108287
23829 21037.8327083086374233620933078988000
23830 21039.0509971373476053562074753052125
23831 21039.9179930291885753617274307511848
23832 21040.8463184947267349143530257719715
23833 21041.5553759109416396452850334674160
23834 21042.3043976979230130312292597267858
23835 21043.2530437077395823839022564453205
23836 21043.8642704586903836773578935283111
23837 21044.3654940767860831928654209946523
23838 21045.0367584674892142732762292641051
23839 21045.5317948902568929940676752546145
23840 21046.8552825646929431532370877429399
23841 21047.7752481842882743062190713991805
23842 21048.2866763890364308647979363852526
23843 21049.3273053431352625390001002171409
23844 21050.1414851946799919311283526377441
23845 21050.7707036446396270341249054573542
23846 21051.4745539083563153497855369277016
23847 21052.1579276147590526285987470213064
23848 21053.1985209574005177896856500581856
23849 21053.7782318648185213665798686430485
23850 21054.5089857844845986854682325174854
23851 21055.3803587792586359773162785853270
23852 21055.8432891144164242339441043243266
23853 21056.4614441886310314155009396521769
23854 21057.7104544235885215846949354138459
23855 21058.6622791841635931027138403091215
23856 21059.7250489594081234284807725080880
23857 21060.2967529157420297629054613558761
23858 21060.7474290064580772807903209900475
23859 21061.1554866896773002305572499255909
23860 21062.4851874252529725261301509284144
23861 21062.8934693262512245331027128662116
23862 21063.7559043992334071919322034081727
23863 21064.4019464968797713955646823350661
23864 21065.3388405652349212020152763719630
23865 21066.2168697925348535627716309890530
23866 21067.3178953204426204904760289347735
23867 21067.6735790599318138231090595113243
23868 21068.3932113004210158394961703775655
23869 21069.3128461585863919640064865261328
23870 21070.4017676038145740672717999033109
23871 21071.1563600960690423942490870456958
23872 21071.3211046919200686076266404420481
23873 21072.2867825138700568963831646877215
23874 21073.1182119782812788525180407702869
23875 21073.5158163298712462717428126450410
23876 21074.3109765155261740127056831320826
23877 21075.8108365246045369547241081104036
23878 21076.3024834082039465856215254665711
23879 21077.3533870448701348314998720555062
23880 21077.8814630102341917340404133436521
23881 21078.7649405754932470328334248273611
23882 21079.3095946360122984258915522647984
23883 21080.0843897437927338738209709193872
23884 21080.4137147876422643217637302890566
23885 21081.8552615541557021267694229894247
23886 21082.5550152729048845664552820401416
23887 21083.0140177783058970911502413419592
23888 21083.8688701159638652298561040827745
23889 21084.4501708990428011851462116308066
23890 21085.7844510517717884611250955162890
23891 21086.5466087176347975566296440839136
23892 21087.1787341047960815934414337416493
23893 21088.0167883654574114506840084910532
23894 21088.6650559523594229156795391799735
23895 21089.6349327248718037365594112594117
23896 21090.0047363337156453181825678270755
23897 21090.6006144750855203419457755584873
23898 21091.5973415713477571274582643895766
23899 21092.1186789216570542318585810068104
23900 21093.3026746239716718022136996906667
23901 21094.4988621547522169038221797035819
23902 21094.9957833287865382241480855862300
23903 21095.7629999326029510080674188188002
23904 21096.1430433103968133825989912730321
23905 21097.2255291555258046833153670223862
23906 21097.7788085699722800185713324115605
23907 21099.0527695501331441308107799507376
23908 21099.4374997029039144255575458839252
23909 21099.9640521263013127537319490136487
23910 21100.7281011580683172816267712169993
23911 21101.8303921776012489993288224645850
23912 21102.4830751536432399942656376696255
23913 21103.0546972099244826471962297864971
23914 21104.4868656558694984591137788833462
23915 21105.2318757397945949263761566473909
23916 21105.8342279865045146851306384666203
23917 21106.5798103195494229081755956699201
23918 21107.0429404188269618000496906374901
23919 21107.8597895791366380681280757399131
23920 21108.3592453513286492983756427420918
23921 21109.6652941854625992380274511352672
23922 21109.9980098347397988305837905602528
23923 21111.1095163448502631622581522974341
23924 21111.9076626572403286024210660354946
23925 21112.7227389540917625146258043534068
23926 21113.5357251559973665664520208754429
23927 21114.2406409168277805212310498238485
23928 21114.9414018315434742716249104311268
23929 21115.8860611161151251494359036234794
23930 21116.3001391917154688983771792795169
23931 21117.6597776935769594339570330073618
23932 21117.9892465624658166685612921561505
23933 21118.4426061205743700784437182118445
23934 21119.2887992421110940963565792592093
23935 21119.8754130040371688162266164916812
23936 21121.6499547602972797937014819880948
23937 21122.1008163888655963274590910803700
23938 21122.9493664511010843926761554368879
23939 21123.3558500289069257657649273825077
23940 21124.5916808697429948442416105699687
23941 21124.7462052063675546840913258172442
23942 21125.7214634034658205742936668369644
23943 21126.3931881267175813967647955509702
23944 21127.0916130973286381152584162691871
23945 21128.2091978633495939607913171159417
23946 21128.8413270680172114809926557311305
23947 21129.4093875333276916291693604783046
23948 21130.5991789609967665191285441308287
23949 21131.3368540750858549727192644594282
23950 21131.7229469807400424917627523604323
23951 21133.0916242040498229925786278773786
23952 21133.9079752042475395599791647755194
23953 21134.2876509871138006422158104697207
23954 21134.8659709698531762950407052578383
23955 21135.7177107465812679930944400076408
23956 21136.3255416621379609651894287819290
23957 21137.2848224410391861978534890145051
23958 21137.8525698692662701970618000351228
23959 21138.9831965664300372322896591070488
23960 21139.9277071810612903125137582238275
23961 21140.8918923856255949222161543690421
23962 21141.4888298860005242977779778878799
23963 21142.1111585326312421887627591083579
23964 21142.2340849776273501995510215786735
23965 21143.7011323506394959297926098839704
23966 21144.4330074873578380565884044370652
23967 21145.0525393424355477011861615774100
23968 21145.8899235249011368053934982299137
23969 21146.5142321926434485415071146398593
23970 21147.0745725131922715054907811546107
23971 21148.2007368447106215768772347806164
23972 21149.1084931525025268948575938094617
23973 21150.0443362669334642691271117692694
23974 21150.7023284146645765220576539169591
23975 21151.5046804883742792029970972093955
23976 21152.0290467064470392185941736477207
23977 21153.0263337096878674943720889009142
23978 21153.4121851004091800887008759363497
23979 21154.3406607952601864435627647287886
23980 21154.5300292714099839302237517759621
23981 21155.9632012283218958499432969301249
23982 21156.9477802578789397801703001421082
23983 21157.7318018979538236496504640020935
23984 21158.2189589978398282256802452801467
23985 21158.9981144247546747836940974738883
23986 21160.1142692752917217130347982746717
23987 21160.5100212823847987191972779494752
23988 21161.4147606563324611180806701839552
23989 21162.1347912989932723716678677292474
23990 21162.9658714847895659929063695600020
23991 21163.5696268140773531731071759851863
23992 21164.3448129735204028695930212177605
23993 21164.9327958213619540934019566984176
23994 21165.7077654341407890658242468223014
23995 21166.9266431074780336904867082573727
23996 21168.0789202825358879422266956584640
23997 21168.4684507617518433696975861049887
23998 21169.2364757804237267036790297195082
23999 21169.9945482497787231458164032420395
