64000 50336.3534310556516153785761370254707
64001 50336.7723729097910269423007385213173
64002 50337.7019789703106232685725295519662
64003 50338.3657591856134190686331756325552
64004 50338.9066450419499872550902827615826
64005 50339.7757364951664869480511934373581
64006 50340.2285598119945801655001418135546
64007 50340.9033613628579160338133416910658
64008 50341.8509851926339474205363830729131
64009 50342.5908649102560533561767515608756
64010 50342.9847710991153610119905105148670
64011 50343.6250264563366634596228783953058
64012 50344.2840406601363482576059836039358
64013 50344.6839881888082980801900525228812
64014 50346.2093075864755845081673213305410
64015 50347.1277456178246335101083493113786
64016 50347.3409342654380272408366807849309
64017 50348.1073044633515004772152423619269
64018 50348.7919449024575580199597745146044
64019 50349.3606031519785666231156418984283
64020 50350.2283331449471007500819294078225
64021 50350.7224296938557165521256155132788
64022 50351.0601125407943156639532001844122
64023 50352.1387167153693217680228288702208
64024 50353.0851366982698138410645837330670
64025 50353.2790431252332424612777728863488
64026 50354.3303776941815559902306244248545
64027 50355.2104549202696596050241025969454
64028 50355.8456882196690399737486537604072
64029 50356.1899980985861856902223078930055
64030 50357.0816187150555782072554799568644
64031 50358.1056552228224048210379928763773
64032 50358.6647495530389422044964894820907
64033 50359.2426448015608017438845453368565
64034 50359.9193457989825570839039023258386
64035 50360.4573197043017479013439535210033
64036 50360.9037726372801043966380958131363
64037 50361.8041566055753103931305126132739
64038 50362.6976696620388360321151233832157
64039 50363.1363664269199701794523445900230
64040 50364.1235359402520704011607020449365
64041 50365.3052745623672895310480610699650
64042 50365.7058517139504283715952648680023
64043 50366.2715515068077953122760516774753
64044 50367.0159514355463705196586434809556
64045 50367.2023439849582126563419888952726
64046 50368.3034860513575040582057976895668
64047 50368.7573714659589826957904849678565
64048 50369.8424288715662786617657648929262
64049 50370.5167409100474267996701174333073
64050 50370.7409465601618207946703385514947
64051 50371.7292054765635736705485802331991
64052 50372.1738926734105554524907810481424
64053 50373.4396216934776312831992027035781
64054 50373.7272518059838287589409842675728
64055 50374.8001024190904852294976727473931
64056 50375.5303271443109810696343004906879
64057 50376.1337449716775270918950760718406
64058 50376.5414381164099850291092859319661
64059 50377.4681709725411001795671050387837
64060 50378.1586017826744343768592910764716
64061 50378.7044341545418558382702342565633
64062 50378.9901091061945081514563677867791
64063 50379.8050516564695126522828417564255
64064 50380.7060820859249361241073948543697
64065 50382.0108628325446704803864344675072
64066 50382.3924586695115568245729734050331
64067 50383.0794733703659335902003184941994
64068 50383.5273569300805289807614652409938
64069 50384.5432957879069038231311371209248
64070 50385.0954319680701651698408974410345
64071 50385.6151806065974298447759914312983
64072 50386.5980645111291950403590139267545
64073 50387.2313985794620007233235348959213
64074 50387.5376568074105619840185193512187
64075 50388.7499876381456960794333701213529
64076 50389.1347831816948552940729757228671
64077 50389.5553359699231907635565538449071
64078 50390.4850104130085900117599053916642
64079 50391.3106544347904314871717392355737
64080 50392.3685242018829662520477761273627
64081 50392.8999072810010556082899954641049
64082 50393.7138054512029827989279864807534
64083 50394.3656139156679918056344684272037
64084 50394.9154902768220631440102084408951
64085 50395.2833974500415139521333094459080
64086 50395.9172918426517091611389919603889
64087 50396.8332888178707351387671723574320
64088 50397.7026317816939686719296336983490
64089 50398.1884575674132402682509398416299
64090 50398.8342146821787635407284072211716
64091 50399.8104295149837034193846452200650
64092 50400.4821086333344196538403909140336
64093 50401.4333142816297045074289902038257
64094 50402.0301700047763803232149989454427
64095 50402.3565489015334649732661495768621
64096 50402.9730444883936264152652971670432
64097 50404.3317044278862650713670891423206
64098 50404.7700442621394132790153507978968
64099 50405.3996313095663621002994406848617
64100 50405.7444617374184944994798465351173
64101 50406.5607598716696847441255933620091
64102 50407.2545964188800765812699111174555
64103 50407.6836137584741072016692152918490
64104 50408.7932169770863177851994610062014
64105 50409.8104369037715342467312321350498
64106 50410.6008989768091373595010599026247
64107 50410.9725757909522422677808382973241
64108 50411.6464395975628673843871283053015
64109 50412.4519384673842465335649857931895
64110 50413.0390863518996214346335015857219
64111 50413.4630785491708957792904143760517
64112 50414.4656826376872330645146666004609
64113 50414.8150135581676826982838301656279
64114 50415.7249776038299854163757699685510
64115 50416.5399505450829928162110929528816
64116 50417.3036291379790683973336811143435
64117 50417.7025294106954726563120730274345
64118 50418.7539565399403261649110457602155
64119 50418.9763753430648197688208862976507
64120 50420.3693832460238108634395186816187
64121 50420.9479370756820494762615282185339
64122 50421.4634865014907841171226602428952
64123 50422.2896342390186569653326341567735
64124 50422.5531704548585421363492767519786
64125 50423.5257605791691237770710639503394
64126 50424.2683114362416063905128405273269
64127 50424.5085121557277664569395984664987
64128 50425.2920691853447579757007788073634
64129 50426.0481128325621363000694184283887
64130 50427.1304436710128967237862512232442
64131 50427.9203450523573813216068846268741
64132 50428.7338589047364135396258404327629
64133 50429.3789221459220484785204013550294
64134 50429.5156541193362022387564263600977
64135 50430.5163449900116659517628775676688
64136 50431.0922600065795769563697162290668
64137 50431.7309970431076825740530719835701
64138 50432.7072366451605986592923735429508
64139 50433.4726880010836850769161883489352
64140 50433.9890748266852017628882338965904
64141 50434.2285341196462915942870922788199
64142 50435.0259801639355611349259665501184
64143 50436.2522711579440152312262250294093
64144 50436.8056505171002373720533118879780
64145 50437.4983153825379750661262398801762
64146 50438.3452773577614196060868234997375
64147 50439.0709168266635271935013209315387
64148 50439.8332318105330197942643676198484
64149 50440.3294184670565390703392961926369
64150 50441.0186811856389189486487838205344
64151 50441.3423684491742133357859825575205
64152 50442.1282005672258519738587219451491
64153 50442.7013050645074668132443225406607
64154 50443.8941290953743920242950141842733
64155 50444.5289321306973186838990470595544
64156 50444.9526665859532948207725726959866
64157 50446.1861237028556756433998433936257
64158 50446.8013363762341845694029974746336
64159 50447.0763793919741513872054508127954
64160 50447.9550556121392404743080023382400
64161 50448.8136433122829414867590114405371
64162 50449.4007162502036511206978833602739
64163 50449.9780485632498177080134217136909
64164 50450.9169545558209171204132574084630
64165 50451.2254732467003830007853427151989
64166 50452.2186769329377682524784159718897
64167 50452.5914014145369026175442107226713
64168 50453.3920492631547528874420217746490
64169 50453.7370448773337359590885481518333
64170 50455.3499381283108147376087041841217
64171 50455.9865364997623219104479530183301
64172 50456.6260630481063775185652618733428
64173 50457.2405983525401476394816906991123
64174 50457.4906698722787155168271234143137
64175 50458.4069896126131372934404284539605
64176 50459.0331225119090775583163809205435
64177 50459.9689362320211225731242226838665
64178 50460.2170802649251181694218282247900
64179 50461.0991955956203971663526515017686
64180 50461.8357064187565126551006145349620
64181 50462.6209629774725522564087752240347
64182 50463.4378236045513710357555444042505
64183 50464.0417358391722471875871378442945
64184 50464.7780776015033863894403833389350
64185 50465.4969013188862838543320202666728
64186 50466.0938717264502735321758672231957
64187 50467.0112717806105246450658610655009
64188 50467.7168272559877801935465023476613
64189 50468.3978323049036429900538834125727
64190 50468.8310284496937394843820612673417
64191 50469.3221902972858633959488583329518
64192 50470.0603618377206026074566500361605
64193 50470.8233904872734356378044302455219
64194 50471.3988649648938419803053614852869
64195 50472.8602625453713728899582708902156
64196 50473.1727342934453887597627068513284
64197 50473.7907117119863035691360506747328
64198 50474.8329374887834519449464678366121
64199 50475.4297113685042195100220101336840
64200 50475.9544525960196659504642551600942
64201 50476.4398254842609825750673208359003
64202 50476.8817292869940809597202923565379
64203 50478.1650973392540540524273673814814
64204 50478.8510554536266812701914798576356
64205 50479.2196471693598221410921045303262
64206 50480.0978543840389520429425372321362
64207 50480.5659490334176034612212606686487
64208 50481.2549609658956197851690765171791
64209 50482.3336535597759255282522996147882
64210 50483.0716576934113878615758033123643
64211 50483.7127260626687920585458893677338
64212 50484.5779283586399470009477520808966
64213 50485.0614729668638605426177114145708
64214 50485.7521597545368750760322797551222
64215 50486.3460197726679738279346935691149
64216 50486.9558900969108900483739040127039
64217 50487.6337328476552806261163850030230
64218 50488.2953832173271600157978097424930
64219 50488.9232070682988591509384523087475
64220 50489.6243430251773895766592501401204
64221 50491.1617679467222984676787792265857
64222 50491.3608456098341060260662252820091
64223 50492.2063773081879070155037405949546
64224 50492.5262319149347083740059832841007
64225 50493.3828284663988511636258416503949
64226 50493.9006306599938682260267561938350
64227 50495.1518691700564494376846453236110
64228 50495.5160767168355359785440294098325
64229 50495.9570334066272477527670510330080
64230 50496.9534997272907192201918749840070
64231 50497.2656169781817747121983084315614
64232 50498.2595165349146878368612589618243
64233 50498.7084777294904692974069221863864
64234 50499.5274099977939967545174099078902
64235 50500.4106174523668976063533402547095
64236 50501.2879123014928742521627283527262
64237 50502.2825433092451441033964990273811
64238 50502.6667076728343609519631062688678
64239 50502.8884718936743891612191780024839
64240 50504.1064473765584238947648806175103
64241 50504.4743577801346143480558687703479
64242 50504.8386542825464827163180415417681
64243 50505.6964214705110712174756064272026
64244 50506.6982051870831054321533014396104
64245 50507.5050802753477143040154097553640
64246 50507.8224970581565273649642087552212
64247 50508.7293102497101233699900017648388
64248 50509.5043964567145205731033973634876
64249 50510.4826041026557122831817927828219
64250 50510.8529972187533031524992236294690
64251 50511.4440684693403795901579227815439
64252 50512.4857663044667473255343043985588
64253 50512.7752683095993646091265020441709
64254 50513.8228927633521861539989046476565
64255 50514.4270246866098542915882667055676
64256 50515.1311818359595484948213680908499
64257 50515.5443826770257824204606467872843
64258 50515.6625282958807286526356692507239
64259 50517.0785258539179651237980926037882
64260 50517.9203730072351635948155403766716
64261 50518.8650309474073210703400997952270
64262 50519.4976500935404741486676533166354
64263 50520.0165536310871697773776817953411
64264 50520.7701743682879640023780096409879
64265 50521.1894725124483096858539756022581
64266 50522.0752715452706365594624217710575
64267 50522.5738835616374934927809865598665
64268 50523.3072596569727172540197976303530
64269 50524.0773567991094774673813116869438
64270 50524.8152206443780383725804348321720
64271 50525.3118130809710107195222200312009
64272 50526.1973177197233143338238321607706
64273 50527.0161613076447455582436821048713
64274 50527.6306881082867308389713178536852
64275 50528.1828811715620719674465903345208
64276 50529.0678327904319061031841997143076
64277 50530.2873973590766473700207774908646
64278 50530.4829715924956232527494971462781
64279 50531.2076961951304899618431267698243
64280 50531.6021852290312691649095728836266
64281 50532.2925871345232026838245425853565
64282 50533.0954061342162221031865488305110
64283 50533.8857913633215886250087985306776
64284 50534.2160371030724949314208796683022
64285 50535.1368527162681077629964541674753
64286 50536.1668532114316066558903882286445
64287 50537.1164098328125214517524086989196
64288 50537.4814585921491105755028029761106
64289 50538.2881023486569267072259023879657
64290 50538.7309326211115381831636211581365
64291 50539.4393244641030063346368314077010
64292 50539.9665450081826548085510263148249
64293 50541.0707353469138469671062788181654
64294 50541.5717789811155953783640346818547
64295 50542.3979537147938908085095295867612
64296 50542.7889876490156731023034533133513
64297 50543.5197588445184485349545426887039
64298 50544.1757472537212564561320008463513
64299 50544.7960817482367412444273846578496
64300 50546.1508573403476815402240902662384
64301 50546.8061015128076142512576292038093
64302 50547.2620878487575453974167074895601
64303 50547.7609103298786336577094087625763
64304 50548.9644811725960480599901294148892
64305 50549.4342986989097844955930723522287
64306 50549.6643955877046872440907426812142
64307 50550.6204525618469825037556471085303
64308 50551.0697543323070171207275658354489
64309 50551.6650397987192784639184459028207
64310 50552.8993260488229002456495574961280
64311 50553.5606152409779813262028223688626
64312 50554.2596033766840020476397697669480
64313 50554.9547636784820193470561863329058
64314 50555.5218076524100494834426679302276
64315 50556.4240970970418260843247204037268
64316 50557.0303850837997473908778588009955
64317 50557.5951219777219094074259609664427
64318 50558.4192429162277514220005599057109
64319 50559.3107854419556511045138428125532
64320 50559.6981582346769155152078714697156
64321 50560.1430384232347527850909702180861
64322 50561.1318975495984391724375701471785
64323 50561.6326532771918435406683620591764
64324 50562.3255490354593761241645389387718
64325 50563.0401212395003899410745979247705
64326 50564.3996824399279095064611953092342
64327 50564.8035803692402969364307607847075
64328 50565.6856590594544127124574895127296
64329 50566.3219706051187323339227126712583
64330 50566.5812722478564210386022704955112
64331 50567.1351000864344475261341566025910
64332 50568.0201685970315250386092945213967
64333 50568.8298691344930779466579152265310
64334 50569.5202579751050416911628588039711
64335 50570.2380612593968602889391437869043
64336 50570.6884683315965133886677281156803
64337 50571.4354208882927102436315501851451
64338 50572.6394273574901812007767735054965
64339 50573.2221691744773734245822544601116
64340 50573.5563683625288374541467939281596
64341 50574.3703332002195926798381028952275
64342 50575.4706049822814551937895224121788
64343 50575.8239105193169614089939632325303
64344 50576.7722691209027076659983773530220
64345 50577.1722555314210475715964571662668
64346 50577.8673679318478744479214163820208
64347 50578.4014035121620583454821192703699
64348 50579.1941703652837745414018439688474
64349 50579.4140398170730422513509090828668
64350 50580.8454636488106792481953806158819
64351 50581.5725516000824428960737022080949
64352 50582.4426120180476891876835261558994
64353 50582.9415764527160656091391244987403
64354 50583.5270100170582964761306797484533
64355 50584.2041434802680526150854889139817
64356 50585.1055309799344092805172357831175
64357 50585.4756231093720279172157944900922
64358 50586.2217410981204207559418417398267
64359 50586.7071041128837398100702547281431
64360 50587.8401513597112105436041153171649
64361 50588.6115024394668722342419499372631
64362 50588.9266031355889817250701024903138
64363 50589.3824122577093317029918315579108
64364 50590.4601168854927013394649397798764
64365 50591.2298260283034988321140786585990
64366 50592.0799776253124210563925605174089
64367 50592.9888251174231182138118927975084
64368 50593.4205143840711210938370220207858
64369 50594.0204715034846487617374095925372
64370 50594.5798377563484495858348125657586
64371 50595.4605301008821214223072631163297
64372 50596.0856058235807912332986493781696
64373 50596.3143236946794851773656014436332
64374 50597.3189631868503316113185613076840
64375 50598.0699326092361622416285296390929
64376 50598.8145074900021849327787493205315
64377 50599.7659101098181981048333432887966
64378 50600.5356204545546508595157277899094
64379 50601.2966493774715319986013929681755
64380 50601.6215474333767531752211456916551
64381 50602.1533129983030252956098869150515
64382 50602.9474951160168408483929353297780
64383 50603.9642353603970813234192015414939
64384 50604.8830578590753533045399406427491
64385 50604.9610261235647419263659376608280
64386 50605.6609867794820967095587104150315
64387 50606.3531373461487279093824826297555
64388 50607.0257927479485402925552195963716
64389 50607.7943989513401494404471172560422
64390 50608.9048573242822922835433206599567
64391 50609.1912647142011824419177839189540
64392 50610.5460909446988532057757538644920
64393 50610.8110934733305545749930270422474
64394 50611.7310458587804224229114646138335
64395 50612.1942552952643704302094989193017
64396 50612.8039178503914525171798919506709
64397 50613.3167564839201799603713914205191
64398 50613.9284028048764770374816625288751
64399 50615.0215511970729831390397611238637
64400 50615.4749502877496492860456756505241
64401 50616.2280702788741909429756847970030
64402 50617.3494657992763848226735135521948
64403 50617.6227880574656298929100144261659
64404 50618.3459489121411243704203851011108
64405 50619.3106472643457475754796972879575
64406 50619.9787571393831374206925619818749
64407 50620.5636344344065901210455603896541
64408 50621.3656531554229168384804352828720
64409 50621.9914274214859670651131491586939
64410 50622.5299728955756841768337566250793
64411 50623.4264026322333210073842212460878
64412 50623.9389886442313658577442623794378
64413 50624.5346988998791273152793835098055
64414 50625.1401679235971138962201457786754
64415 50625.5995770003552010525292052254979
64416 50627.3464130857092875221072660844441
64417 50627.9987923979950975032263110450137
64418 50628.1976938745450885428313856052235
64419 50628.9430096365310254556644628796283
64420 50629.6590106084295599841373639201551
64421 50630.3303412465167934891209018318190
64422 50631.0528037128489339473171421565792
64423 50631.3458688410413172508804845783986
64424 50632.6947250960247934138920398986097
64425 50632.9175326998454076093445203420859
64426 50633.6009013933078690147273205041680
64427 50634.4999330887723213684681570872627
64428 50635.0919344563456305414548106427079
64429 50635.9319557067143757561080409805841
64430 50636.6559938535514574604336856838740
64431 50637.4239427252003153170739772086119
64432 50637.9424525214149292363680423478732
64433 50639.0811266818379686213252735118732
64434 50639.5253024654490729862911173219825
64435 50640.3225573944784447618395694721855
64436 50640.6169232339903060079831975290036
64437 50641.3079100456023428511105851270810
64438 50641.7165996034981111406022939116210
64439 50642.8714798007067251859891329796918
64440 50643.4217141043088776411425659276718
64441 50644.3507807529320287089866923361202
64442 50644.9935849389446717896871008407940
64443 50645.9307954958449766106812381000940
64444 50646.7135658389364696657115848410129
64445 50647.1626492779882782393817710170576
64446 50647.6986116496627313809387876886604
64447 50648.3074527527223730820190696546271
64448 50649.1651283517423062419879347695230
64449 50649.8528944450236360540260402871777
64450 50650.7915913306578505644470536847560
64451 50651.2128864475226376852562872272555
64452 50651.7872664894834879859465095241265
64453 50652.4337392386630199674050403424507
64454 50653.1242621576838788872876246051367
64455 50654.0316989646446085366389898182684
64456 50654.9144094224985417744688744223408
64457 50655.9143880263455984279637777192304
64458 50656.2890858103587949855689287144386
64459 50657.0635533117056326199023431595269
64460 50657.4394597198287584420204139484846
64461 50658.0913527627501549570245000810252
64462 50659.2745316554753474696580106885346
64463 50659.4819603151890947053489942856127
64464 50659.8612019991681434143975543593187
64465 50660.7933880002291445800243818868981
64466 50661.8403275383144858072419849429067
64467 50662.4975713148021389208633517208036
64468 50663.4042377426872867877429277851192
64469 50663.9297583328950655542779515683078
64470 50664.6582588289467376722868424143470
64471 50664.8983233330659942700444184236566
64472 50666.2631934132664201965075871578245
64473 50666.7386945964048631577011510103345
64474 50667.5000530694349188824962653316118
64475 50667.7869706013762673091872481754866
64476 50668.9453231714201622908612035479547
64477 50669.1885981450752009318934589989525
64478 50669.8794006409933498497610284952526
64479 50670.6892195438922031133435701912315
64480 50671.1654278918257454663699760784474
64481 50672.5917278903533316429750125020306
64482 50672.9616767794713005650630891242493
64483 50673.8845272616221033880603168032913
64484 50674.7139393384932510285973853847681
64485 50675.0416373104974257504154877991072
64486 50675.6807719543664526112283386808345
64487 50676.2365987683219019700050419640396
64488 50676.8738706912020096870917340856417
64489 50677.6736739399735625814856375875713
64490 50678.6389511647305778631892704977468
64491 50679.3327550165416665845741023779543
64492 50679.7571284525952416247321747873986
64493 50680.1839874984850228835084216707951
64494 50681.6869791404748696310776165024134
64495 50681.9644283050727277848295338491279
64496 50682.8413130648039039381098289298832
64497 50683.5132598868346745207749755738761
64498 50683.9736392558355868887530432170548
64499 50685.1473210216934415287206222571091
64500 50685.6002388917314688627329476660852
64501 50686.2391853170341314777030492755014
64502 50686.7040313394498127176433355729727
64503 50687.2878715681962120891628185367224
64504 50688.1484781515895244809324636715852
64505 50688.5642670542546428292598232586347
64506 50689.7472730997807548471248683353970
64507 50690.8049407633768939713313487233875
64508 50691.3892418191688786583754126053798
64509 50691.6977040578690112146367823822848
64510 50692.6573171028915391871381129574393
64511 50693.1248262918650181132440621349275
64512 50693.8056794509230353746581973098422
64513 50694.5583603613266738157071680257308
64514 50695.3269232969350452756407326750422
64515 50695.9436407733462322931925301596467
64516 50696.4859287333975167849675402820880
64517 50697.2468469142078772928646882573860
64518 50698.1624910565538641232006421370706
64519 50698.7584671932303355625093387679925
64520 50699.1079014164980480069629593900057
64521 50700.1553407607154282045393784208035
64522 50701.3382851726211411323486921780355
64523 50701.8679592711061040668119371103640
64524 50702.2511819573228469137487819434153
64525 50703.1803199409321554890773219253762
64526 50703.4748691715476744762944313283860
64527 50704.2388632681532009436836761647375
64528 50704.8242093121072303608544605649982
64529 50705.7737394081004781486679637097333
64530 50706.1205179946928990253671312866590
64531 50707.0037317751899016218364903409806
64532 50707.9190032527195948562786770433951
64533 50708.8667012602185807225966686928686
64534 50709.3762718303615880458410981816974
64535 50709.9060646187443203368866445487311
64536 50710.9489197461209648430558543710628
64537 50711.2359305916776064706826804724155
64538 50711.7380174319203236672708505368845
64539 50712.9713447265756596793824641094648
64540 50713.5931137290555458765855173196656
64541 50714.1017460492563340354044520036509
64542 50714.8360692167155114056050063576484
64543 50715.2687957978412339517304863595449
64544 50715.7003626925890577169309154270930
64545 50716.8817485397622508569610335228363
64546 50717.8913035023718563348068140068955
64547 50718.4689218499448503049322558843700
64548 50719.2886984838335087381947412644089
64549 50719.7588804427032441732179769502254
64550 50720.5552133307435239943852281421001
64551 50721.4008931705323917687748775538444
64552 50721.6648121757554534142588378140657
64553 50722.2512793250675425832610611951898
64554 50722.8918556203651987533718528493033
64555 50723.8528031447829949511081893216452
64556 50724.7112191915422918483360590632585
64557 50725.2148045096122220350073196739509
64558 50725.9879766650640417559347486806806
64559 50726.7522249430611000084591311928808
64560 50727.5632963699526362455219003707733
64561 50728.0969674167152841882735723138687
64562 50728.7191424901511246257482388517510
64563 50729.8237537788795868173657926820364
64564 50730.3950385358228708860044377274374
64565 50731.0266800020548866687692853771550
64566 50731.1991325876678945645750610518742
64567 50732.4466636281570019362095529118636
64568 50732.8108395163297724372045634564631
64569 50733.4693521027009309344548954124062
64570 50734.0370699129895135448813931732209
64571 50734.9785553638378730549101617882425
64572 50735.8979886092952337806448175750821
64573 50737.1926537972971697473705873769881
64574 50737.3812601356694477891734983891417
64575 50737.8112111379249027344015466400803
64576 50738.4866720875301894904220032800680
64577 50739.0802036047938518811628342031429
64578 50739.9824202632992969914740117825197
64579 50740.7240208472984834423287636687307
64580 50741.3447448040702788196755802505284
64581 50741.9135029755163900875143310039874
64582 50742.7521770207348548616089592173990
64583 50743.3215853696065817326913492070821
64584 50743.9964600911322156946499320416609
64585 50745.0174146594830225886717739229972
64586 50745.7026077590179787977866739784848
64587 50746.1401660145054878459375217277440
64588 50747.2863236240701670742743633173687
64589 50747.8527391408906674548454526840779
64590 50748.3713405477904988224594399535150
64591 50749.1834396033236586656376116051247
64592 50749.7221272979510987442390204267510
64593 50750.2331585195896748297719785658919
64594 50750.8754316033517107886119783185494
64595 50751.3571916435151623719840730233018
64596 50752.7735466573303567437388972243908
64597 50753.3030156713492419318363792957283
64598 50754.1726021796057989128483082439811
64599 50754.6026260703853170225753240512283
64600 50755.5057889860087560282600022192674
64601 50756.2161302724290623640733804297163
64602 50756.7928710176874165424369800392904
64603 50757.2776307454156399640005090701074
64604 50758.0198791840325542862161487153800
64605 50758.8577613100519739612072736313281
64606 50759.7451599888231630217351779495660
64607 50760.1209281944637855062712982494255
64608 50760.7300935475493216997744889409235
64609 50761.4608449623166174042095787475776
64610 50761.9846865083692223140375843680537
64611 50763.0356101408383790229131287634895
64612 50764.2210325852595292805758994745802
64613 50764.4833326677186803533955029038587
64614 50765.3761867627536626732954595228208
64615 50765.9228527169820832652933701349067
64616 50766.5165508999186151767546394081302
64617 50767.1197240953739260486347525828867
64618 50767.6812458844477731650489581477689
64619 50768.4806133759296969513519843506658
64620 50769.3632788062487785177853007041371
64621 50769.7321930300916892143630937492955
64622 50770.4691108482321025784937862361433
64623 50771.6367827306886052933755844994384
64624 50772.3427842040162624016634697522984
64625 50773.0403779903391697231744615628099
64626 50773.3182048661546691402814913819566
64627 50774.0379740071100470299601349235632
64628 50775.0930982818109700702769803741163
64629 50775.6374659806825837982102629705153
64630 50776.6498707796838189002628306541163
64631 50777.0471909684320308554104123561482
64632 50777.3660178608486912907900027209920
64633 50778.0277065423019761766478787538980
64634 50779.1114339783409218711241220809976
64635 50779.6233301300985261363640755309337
64636 50780.0962387004176324911120049686027
64637 50781.6198050217979690101770769484316
64638 50782.0426722583643965563409466770312
64639 50782.8018058800770801750026873093454
64640 50783.3441292498523989853780802228519
64641 50784.2558463620189949093322916415871
64642 50784.4750556278031462858506554599159
64643 50785.2551527991581399361597407915956
64644 50785.8681231923287256298121449702842
64645 50786.5481048554556625141817700121095
64646 50787.6584689768300103099379854325095
64647 50788.2272991608120304913708202226028
64648 50788.5556427114842093105088393383070
64649 50789.7349924288534511663206282038227
64650 50789.9287022597557140652331548125840
64651 50791.1787098444458440932362031027917
64652 50791.7906348525586319563815977522688
64653 50792.6231459573584268984493670665462
64654 50793.0730106647835575295548719232749
64655 50793.6576854779746619164628136639382
64656 50794.6487912521751325585520094017494
64657 50795.2263405039610819031899398385739
64658 50795.6514425580662120568754518995664
64659 50796.3847420913596285931583243042228
64660 50796.7617949090026562846417559202462
64661 50797.6575209378071197920126328900259
64662 50799.0277773211576765145599816170540
64663 50799.5099832901488093106436723299527
64664 50800.1596189367791426051401609516316
64665 50801.0300642682059135321591535464688
64666 50801.4716319191095893944716850176905
64667 50801.8417541981428342975427339375888
64668 50802.9086380117295477905464658976000
64669 50803.4989953225683015925592138848793
64670 50804.2104706351188547850154585610415
64671 50805.0592621157007669129971638208147
64672 50805.3711086179316844224294688045385
64673 50806.2785541043654599519556199684240
64674 50806.6878059625501664493737222635600
64675 50807.7876921609834043770164999541989
64676 50808.5387507748231715140356388728759
64677 50808.9405890208827083971289094761930
64678 50809.9786604720041530359661486138786
64679 50810.9852403462835966607943398364995
64680 50811.5157829768364472438628750522506
64681 50811.8623951843514253481641677722943
64682 50812.3217696373716360226624082745443
64683 50813.1798406089835403372458497512518
64684 50813.8235303690491677785985510754274
64685 50814.4549635423449886176730736185004
64686 50815.4124147963639371723429151194427
64687 50815.9929688362683494893596174699581
64688 50816.7754227196604710464360772421626
64689 50817.6978378533875741531212797782108
64690 50818.4103436935694720842073324418711
64691 50819.1411095090068498009607632561252
64692 50819.3753255271972102014835003192193
64693 50820.1718329650858533244426832020603
64694 50821.1696453897787201929816798476168
64695 50821.7420357653208607140146782691279
64696 50822.2979700540015503344482778717234
64697 50823.1384107465433471127906593203286
64698 50823.7907543158059571562814808819027
64699 50824.3406548466898863044870920025546
64700 50824.5580561659258536695107205764737
64701 50825.7171627765762538565218296994561
64702 50826.9712903002857426850033335706401
64703 50827.5577053229086960391902817265282
64704 50828.2079066576222516963180520264047
64705 50828.6753304586576908697463557577583
64706 50829.2745782171214801442192461306024
64707 50830.2866658052047788863056514917341
64708 50830.6435530689805384992853877362496
64709 50831.3946489950171864102892732858375
64710 50831.7644643888801949633586906284092
64711 50832.7748666023861694120138564250165
64712 50833.4974637702825902437741292923418
64713 50834.3235456677016056092897379026659
64714 50835.1123316879293181043455217600110
64715 50835.4830022035006617929624955389231
64716 50836.3865177487611445555394612554113
64717 50837.1682108554295777593304775519190
64718 50837.7620543142853251993841557966081
64719 50838.6365414881869164184242089792883
64720 50839.3064664258464539442992953585640
64721 50839.8934111630638549244772830358615
64722 50840.4897580442986476075623141712966
64723 50840.9886504572867901681445997693425
64724 50841.7994419993191280154182018669145
64725 50842.2800307506155553825431710086042
64726 50843.3610394305935661235952162748900
64727 50843.7670571221057206298276249850666
64728 50845.0836192165795535287031182801878
64729 50845.6895459194819169898453360755746
64730 50846.3650009295595119375435419134990
64731 50846.8410500441796677525052779092279
64732 50847.7074570572147180172503206907168
64733 50848.0693967978161062322580121815375
64734 50848.3570453074626097479455031590235
64735 50849.9843328964888161449871889702816
64736 50850.4043720310170126098382966270529
64737 50850.8241567402935320797979518233474
64738 50851.4870949564703600929666972419372
64739 50852.1583508415908145687058339725612
64740 50853.1818714890375270842972010195642
64741 50853.8577212403438649949059743656457
64742 50854.4887756941185603619574591967282
64743 50855.5123110212273942236643230166500
64744 50855.9130611903313884132024617369738
64745 50856.7960854800654873391258999762331
64746 50857.4259285408562297036303568014768
64747 50858.0012144091299724714406901124049
64748 50858.5508040445249511740327635263547
64749 50859.2930665366247703607233375842339
64750 50859.6220887623837545645983804952246
64751 50860.6438585628163736386932939406952
64752 50861.3099206628569538240762429468058
64753 50862.5673046715155598938009440231107
64754 50863.1316150966409659607746680226768
64755 50863.6785894197781345044293340881069
64756 50864.0833049613882831093369278099181
64757 50865.0940085566116977315227232081133
64758 50865.7267804066118768151105121767208
64759 50866.4658925604121070301876004462889
64760 50866.9463838999363990752401088801968
64761 50867.8142764942927873005061417803755
64762 50868.2910053616931693220182001618341
64763 50869.2427473048262418998100927450799
64764 50869.8454221111974263748928483906891
64765 50870.1814193318910030059514643594103
64766 50870.9923617198476835967390137121912
64767 50872.0030999994333246217049121170305
64768 50873.1028347555624904223160545725893
64769 50873.5847074866157187272498783599415
64770 50874.2502411729653890304673064468956
64771 50874.7659759493621218571791429589509
64772 50875.3892968902950623197515716380345
64773 50876.0751004067782758519653526231020
64774 50876.6080380518222939349099297553509
64775 50877.5619148120403805668131246638009
64776 50877.8563188468227894225277218758470
64777 50879.1320522482982046975184530488816
64778 50879.5437247360242519976262479598181
64779 50880.0930942507222598835554596664929
64780 50881.5596693193188203619649815913607
64781 50881.7391708971275513748951121778356
64782 50882.4854296314112552401736016886357
64783 50882.9627542565596908858773200616431
64784 50883.7594960367349982402019500858849
64785 50884.9309966339135418690649971201230
64786 50885.2331266823923253085044110824106
64787 50886.0033305764151669142605419478681
64788 50886.4817641390247761512203553620592
64789 50887.0027625710998350865468630883843
64790 50887.6579805638655624630900697059838
64791 50888.4776425493154245008388690188455
64792 50889.6274447594805471998529866743174
64793 50890.3652138825387308098728017491757
64794 50890.7666695226404323876682118639023
64795 50891.8958580182824859708862015585904
64796 50892.3942454665348949704118449710797
64797 50892.9100225502674261463257691252125
64798 50893.3243470551843840839253352647539
64799 50894.3618304138018230850155965036900
