60000 47530.9505206200868374386382494860260
60001 47531.7651472809297911077286100305206
60002 47532.5009024372505758579694423787975
60003 47533.4422128409889804297342115457172
60004 47533.7993843793667339979763023550899
60005 47534.5016930328857206355298465857189
60006 47535.5687024933595641981201468153906
60007 47536.1637589718291071122841046533343
60008 47536.9151184542252111114039940709170
60009 47537.4567070690986762683013443384695
60010 47538.3878538957332237742874782060803
60011 47539.1506842777539399776077232491354
60012 47539.7238715548342981233865845990065
60013 47540.6265351096624939245776240352634
60014 47540.9071223235931523796767847712333
60015 47541.4359211806019543493194252631606
60016 47541.9533607096831364798099151931049
60017 47543.1052393342888117452942517538006
60018 47543.8936350101837361871255508621838
60019 47544.4973066595825034788870145187556
60020 47545.5447922776352241513756607733707
60021 47546.1385133228420287548077053484632
60022 47546.9384104423283022033297754237377
60023 47547.3795380802963159333078997424870
60024 47548.0229911543058895434036213378973
60025 47548.7848302945375798792476277986179
60026 47549.1427082154471227343072640901748
60027 47550.4068601043504719046103746445799
60028 47551.0156778309665282302204559701591
60029 47551.4464033574654421548616765701902
60030 47552.0105333887497847341910467577747
60031 47553.0665056412907774256837243617091
60032 47553.3342076736430641143339633695745
60033 47554.5725455820995462563465143971427
60034 47555.2363842691212386022498611471623
60035 47556.3066425423103191548657569375078
60036 47556.6119178789399239999833001352884
60037 47557.2979887043243765754773566832888
60038 47557.7299950463705074512082621304564
60039 47558.6465628317643792219593741794872
60040 47559.3870172473715927179553489691389
60041 47559.8027880683268047246560540004267
60042 47560.3612840654402150013880518817090
60043 47561.2742173653776474830464528599255
60044 47562.1596618512304926235983766213259
60045 47563.3412298568616248379911208288016
60046 47563.6972305927017302674380071283064
60047 47564.1410205610853593548658189820067
60048 47564.9636702317039637445216886371527
60049 47565.6260258244026654602275996079148
60050 47566.4155617033882526845257979839094
60051 47567.3675218698567254582473529988876
60052 47567.7814496380832956018368534107407
60053 47568.3003388679647003319626402982838
60054 47569.0927144732823568481633435143381
60055 47569.7864113420008675601951149459437
60056 47570.5413395773714789364938382863642
60057 47570.7602048264617494140324362122705
60058 47572.1443282005970906961054695588650
60059 47573.1661563535165207393784566280672
60060 47573.2675546240386112869795039708352
60061 47574.4479917335381761187960234546983
60062 47575.1578242932023724958136133745811
60063 47575.4288439853235973273427280936182
60064 47576.0006861085595756708392924602185
60065 47576.9286084599036227552631995005137
60066 47577.1327619658869410296069042457428
60067 47578.4394901648811516887635423530764
60068 47579.0546247433458495108968504067459
60069 47579.6699367749822071635073985637863
60070 47580.3453165114132455170616710287321
60071 47580.9883456781832836985889660597154
60072 47582.1302614766643442204315798531302
60073 47582.8224775028074426135057288200851
60074 47583.1585760718807974891237763554002
60075 47583.8573704640384583940968511256503
60076 47584.8340466579936164495673525519689
60077 47585.6910184861546057593703203735526
60078 47585.9660852362638540605554531122494
60079 47586.6179985808203901580678712371738
60080 47587.3760518691410448866603278454078
60081 47587.9286397088140397249925338592159
60082 47588.3723250372784339171120970158875
60083 47589.6226168385439889143463659956156
60084 47590.6702649108265778288175044991565
60085 47591.2067437445042517203936766289935
60086 47591.9227940713164647554938260801432
60087 47592.3692777295260440640523672268192
60088 47593.2276207998794536320719751783122
60089 47593.5453085425684203230392323202891
60090 47594.5142566741842348286799600260961
60091 47595.2918841017708481132101925419080
60092 47595.7999553014773221065079733335852
60093 47596.4326067628320212129395449589157
60094 47597.2844162858333229392500345735011
60095 47597.9055813243736541241991377936336
60096 47598.8528343593268205109510577126794
60097 47599.3526084831335382695151241372806
60098 47599.9145212107947806950722923643188
60099 47601.0763716310151107658717529644213
60100 47602.1485606524141564144854672918688
60101 47602.2083555578144644227773107748688
60102 47602.9610127304327193347358340288835
60103 47603.6360733291902929745621607397876
60104 47604.1806368425886488177567954844673
60105 47604.8957368548396615266149525410150
60106 47605.5644164101339195990232291023587
60107 47606.2702234915808735122301653217017
60108 47607.0261046243264525679023293196253
60109 47607.9277441321674740754703526670204
60110 47608.9685629286656525427871988667603
60111 47609.3287663504047478029208297696428
60112 47610.1986353214064413659891892556732
60113 47610.6014239248699292445360849107892
60114 47611.3960618067801025738437042659664
60115 47612.0297714789372914395562508945578
60116 47612.6635212635975979679630687051739
60117 47613.6625178517881621953551480400059
60118 47614.4970973148853954710107893605665
60119 47614.6757062551338259890036742161293
60120 47615.3983840886343548915867269899156
60121 47615.7286227108900980499599233493291
60122 47617.2318919475253145015312668728991
60123 47617.6375377787646206351619190080323
60124 47618.9205215389828003482279676962800
60125 47619.3165936194876196050740565657789
60126 47619.6805976448670523104541061398950
60127 47620.7194003496809454709340585432503
60128 47621.4612428410936705591771015845125
60129 47621.8587339674303804672639540360020
60130 47622.3529667831914289647594819961841
60131 47622.9750441326218616033504518287650
60132 47623.9665187475522439767789812350842
60133 47624.7792825784124154792328270742210
60134 47625.5120540098193656662795990162294
60135 47626.0756757379347252352403479686344
60136 47627.1345496406844939533434664722102
60137 47627.7237629116808691977254978534240
60138 47627.9904086052691538983049517187807
60139 47629.1248709483573172046805034582075
60140 47629.8020078736994359551530244862762
60141 47630.6504874046346242357531075115862
60142 47630.9627432025594145602019153110082
60143 47631.7270746193415868530040186803019
60144 47632.3682616036562076533703371112444
60145 47632.9842677326441407822829635080707
60146 47633.8182973757009743995614236972130
60147 47634.2856138335783071265320207094408
60148 47635.1414854633109726623104280689370
60149 47636.3676176271485063723432028752501
60150 47637.3092607873588007797992325581255
60151 47637.3786460617787254831261849097513
60152 47638.3162388017284424667922208530326
60153 47638.6797830889317088568437768501809
60154 47639.2077326847529165956535413617726
60155 47640.1808600139724781814242657746511
60156 47641.0619726010654261262980271645551
60157 47641.5402122678468922275750925195444
60158 47642.1239810837485363233867010811081
60159 47643.0517169966117984879219434437241
60160 47643.5681259813718267222037154233417
60161 47644.4809811335037805584363336587057
60162 47645.2434775688584119539916953530710
60163 47645.9605543219937398623841031238262
60164 47646.5673550712114185119510116083695
60165 47647.4082669144750722810777308750804
60166 47648.1924023724002722687227580294111
60167 47648.7028234220962430208073954005174
60168 47649.5466872351812362889321331535432
60169 47649.7662797847289392700303491070902
60170 47650.6752190161232992471456910604057
60171 47651.1404703105024283491848272517478
60172 47651.6999381295798624749816292008700
60173 47653.2224196537697882684568526864691
60174 47653.9614607970374760122755961361716
60175 47654.1943195574807544274170127520723
60176 47655.0649293025422200356659336679470
60177 47655.8564044421332291013719434103753
60178 47656.5477435165460463358116773549854
60179 47657.1473941864662756455799604935878
60180 47657.4934756033059624342987718467077
60181 47658.5011432650499066382641430648585
60182 47659.4017881864129259950113077508773
60183 47659.6723209573590640921126799537959
60184 47660.7789074872377852640185468007044
60185 47661.1825453477594739651618435116620
60186 47661.5938467942938579128260495299372
60187 47662.6544643619880798888108766438214
60188 47663.6875207808089502092564704500220
60189 47664.4008257985496509731556030379847
60190 47664.9389970973663895499161092476281
60191 47665.9624357236462682340479853371508
60192 47666.2484791825303622561864319544179
60193 47666.7038507801917503103093301292788
60194 47667.5837917572671067008779184642270
60195 47668.2056737169647754234080110738602
60196 47668.8330967753376180579138705317632
60197 47669.8160485880501139735029108994597
60198 47670.1462366566182884797900982012047
60199 47671.1434478495240017750145712473130
60200 47672.3090040467342867190651678641594
60201 47672.7675343155099851542452935453715
60202 47673.2869894407855972864057316150899
60203 47673.9105066734378258561475306059626
60204 47674.4907554278791210179987224636232
60205 47675.5841819365293101141043722408378
60206 47676.2874484120074790115939441287579
60207 47676.9766463501237193981661467410414
60208 47677.3392773865940364312615874975460
60209 47677.8723125591545073075239995920752
60210 47678.7319248969309356879816989084167
60211 47679.4734564707842456718982860368995
60212 47680.0756145626694788761199482761910
60213 47681.2689991756295816195351958157103
60214 47681.7972647492799481711678547216620
60215 47682.9167620180982874060769669170474
60216 47683.2888972826703910780339375785656
60217 47683.6503504109158641314446986115598
60218 47684.6572220645675245435325285255904
60219 47685.2375969302944178583209605397327
60220 47685.7304937136981150333824616636652
60221 47686.1879802696529946322996339082362
60222 47687.5763173377847862913549370546932
60223 47687.9608634711461396216172554043334
60224 47688.7183297097608206337811279721184
60225 47689.3554024833238327746410741866512
60226 47690.3616117994389419747189564847660
60227 47690.6308985594220829166226611333875
60228 47691.8151437114840809553375783614799
60229 47692.5059136154272481703599049558280
60230 47693.0068654162970655938446887688777
60231 47693.7476356445960454437135277908891
60232 47694.2010735450896970760526979013173
60233 47695.4755709112855417802276542995010
60234 47695.6160354467426314115934842306649
60235 47696.1707235283781176462732470712750
60236 47696.7946346524639509177064264950699
60237 47697.5935904916308683746597017606139
60238 47698.7769155615340906246454505391379
60239 47699.6912717889879413373009084113567
60240 47700.1938349688761374179851097470907
60241 47700.9272854063830682538192519419774
60242 47701.3441716521634876164067182852909
60243 47702.0214194687138384678054965542425
60244 47702.8092279720611467915764141321120
60245 47703.4198881560896751256450899056217
60246 47704.1752947000524593279456042434935
60247 47705.0949404670122587234706501943772
60248 47705.5427474223747781182598286982356
60249 47705.9837342242933325295941175539493
60250 47706.9185927625275452593756077039937
60251 47707.8397483962417758952223437681724
60252 47708.5164079307533664372263339361639
60253 47709.0981201855706013492153548780818
60254 47709.8863663725473370340000796701589
60255 47710.9997275838547178313176698581793
60256 47711.4403726377890167108405475367571
60257 47712.0629426314988376295377675508989
60258 47712.5801821853725102491725919547941
60259 47713.0140159650379342573489945142160
60260 47713.8134694555410284409460130591405
60261 47714.6836049343361826494261879213762
60262 47715.3411593511533405319639683185643
60263 47716.0816969214638490507860124766191
60264 47717.1484738768331436138415426076238
60265 47717.5912664072375203331393695158786
60266 47718.5898362783182771311329978526112
60267 47719.0777850880448589394340758413238
60268 47719.8199132960741697681597041905476
60269 47720.0247265157179848563225882777045
60270 47721.3010060416580592954564091455176
60271 47721.7906545000002410923064491714395
60272 47722.5087254009734578550276180193660
60273 47723.1685127471428102844315754488733
60274 47723.9083445532643271083768883216202
60275 47724.4147089005847698031242757451510
60276 47724.9403832187381065310908568329060
60277 47725.7784508730761736899079768657907
60278 47727.3905517624599974386866352763655
60279 47727.5601887105697020331126861317955
60280 47728.3220344382763997782119011992400
60281 47728.7484747452460215883945501180510
60282 47729.7073763972845514485059426031268
60283 47730.1786032554559936106812777036995
60284 47730.8365158118168516584569247929160
60285 47731.5434616950551479919583531938119
60286 47732.3292278106459298816076003182284
60287 47732.5203801322741297797835096980980
60288 47733.8895817948634197238082229681052
60289 47734.6241472919837111101799529624472
60290 47735.2224365678519548649488558623940
60291 47735.8128004796170305748908767391875
60292 47736.6829570880606915099388719032337
60293 47737.3069960027636297724442921386090
60294 47737.9316598949007719809842869997844
60295 47738.9797150117024992111543592505188
60296 47739.4830238717941186125174063118054
60297 47740.0370640603461952437163386923592
60298 47740.7972766239944586190540883344370
60299 47741.2517888975590926280387487806242
60300 47741.8620512634765772566571181369446
60301 47742.8552165808285984737994289976244
60302 47743.2995617780091654256751718347133
60303 47744.5624016114629752549535885149195
60304 47745.1417498471900923480893980395071
60305 47746.0371291771106814425915018521075
60306 47746.5418269987802373192934915868173
60307 47747.4798375438939815558811255655595
60308 47747.6853497310864051001454823306933
60309 47748.0648007470729490322095824415962
60310 47749.0838894314708544903969892360011
60311 47750.0328953243823433260859598439660
60312 47750.7692862323592330978562892073695
60313 47751.2451179298506077062337970305424
60314 47751.7573559476966811850143710891753
60315 47752.5257081268857909457304984343362
60316 47753.7125483701811050982019663436446
60317 47754.2918751077752385012852553106066
60318 47754.6735539004218551024975633838825
60319 47755.9244377015849387596575586902164
60320 47756.3275359974173296416777848249507
60321 47756.9882651017240995691446804105517
60322 47757.9392727311054800666417018797380
60323 47758.1484545638370930769310537069368
60324 47759.0143856324613847646460878866715
60325 47759.5993156506101480416955704690870
60326 47759.9410342273108746013408936505761
60327 47761.1073864193226608172718736403233
60328 47761.9239734444293490761595453752259
60329 47763.0296236315564077860609163367383
60330 47763.5798784330965544736447470142291
60331 47763.9864126977171944983203369272338
60332 47764.4613860377484597357982679371660
60333 47765.5170367203153978641741809594660
60334 47766.1619541681632966534737227885205
60335 47766.9055340774029049915670536437801
60336 47767.2993800711942082560496472313465
60337 47768.1368127761890968451986579455607
60338 47768.9532986939972046828894694682348
60339 47769.5552963538373915203249634126455
60340 47770.0872988607719416548244934917144
60341 47770.9215708396638054363474988827448
60342 47771.5534218133565301351239742510401
60343 47772.6355359880746966534046337722960
60344 47773.5203589228029657574708047726059
60345 47774.2293702403190977679574463514112
60346 47774.4747244139848223061547001658110
60347 47775.1351009653321371545340009917153
60348 47776.0128849609405788993657282372660
60349 47776.4577914068249456120017603338859
60350 47777.1294227817383863860107145868902
60351 47777.7693686285368422198057518705428
60352 47778.8962996014853046049312634403893
60353 47779.3603481583608406409772274532917
60354 47780.0369234520571137016643036935836
60355 47781.1693994268357429779887475980262
60356 47781.8248092121717831650711720217929
60357 47782.2045532933951113759385675827193
60358 47783.1498770471945204725588026826346
60359 47783.4130447785716998595457096839789
60360 47784.3636573370746332911456515613259
60361 47785.5540162977772101205538889372784
60362 47785.8202810614562666775616722463467
60363 47786.2461841752511369103426258352297
60364 47787.0320689248462080433497187043704
60365 47787.6044672496219118057595378072338
60366 47788.1737907134917064174422660722548
60367 47789.5646980287060722937675736478990
60368 47790.1847665014418322623210034491994
60369 47790.8558446774247693254723852782919
60370 47791.6087511941809953496194183434827
60371 47792.3015649636905393915970368554523
60372 47792.9160487823950108743470502648978
60373 47793.5005416475628004038070051888738
60374 47793.9394821985792169340865360847124
60375 47794.8487739098521756115826147889092
60376 47795.4359587963401437438303349031091
60377 47796.4797994608281061335369599538437
60378 47796.7431902048188575616198583459591
60379 47797.8935065756199410873835300847290
60380 47798.5072520263025206812859455183811
60381 47798.9933821106140041001804201426561
60382 47799.8834600227148680343481817794088
60383 47800.6692622478784479409693601231656
60384 47801.4634531587026386027744234563322
60385 47802.1600910528860776220835438556739
60386 47802.7739551096455451985849435573087
60387 47803.4789813660011377505130484309421
60388 47803.5477693751230880364090908024870
60389 47804.9275571829358861856545116479029
60390 47805.3790028671360645573840645326987
60391 47805.7952859144014177416235894621845
60392 47806.4366711984990017480899404872184
60393 47808.0027062889303365000781055475049
60394 47808.5894394743744359734794370029636
60395 47809.2046786892242078702222920436411
60396 47809.8331031127017673553067285309823
60397 47810.2682649445199700606287721010030
60398 47811.1250151662649880468105935484343
60399 47811.5713973461890788781489588117529
60400 47812.5412149955923200476280304179186
60401 47813.3267049363000828141673010245546
60402 47813.8758757870184251450905423914629
60403 47814.4071150986478203457487641041126
60404 47815.2206927887677028924983869295150
60405 47815.8420971791411899164436987907124
60406 47816.6159315044246953659894771579889
60407 47817.7341791889481781654536910153127
60408 47818.1303970876612546576608043721914
60409 47819.0792691949569418488118970540058
60410 47819.5183102625694874884306722719998
60411 47820.5991028277394572658974472197064
60412 47820.9432973407183464157703311964490
60413 47821.7677468920499132866505113492284
60414 47821.9587734616896719366886988009088
60415 47822.6160041353980411461426252601797
60416 47823.5533278838075190641181161692276
60417 47824.5452798912901796952101205552468
60418 47825.2513218064425033183931571971005
60419 47825.9395946058781864546315778657813
60420 47826.5973201273637879526005915110065
60421 47827.5501172906456539596333359745230
60422 47828.0250882019327117353351420048673
60423 47828.5994245044482752081874784723609
60424 47829.4097605168558521440469514152474
60425 47830.0293540989157954728773466271241
60426 47830.8197426705863396158952283953898
60427 47831.5439880415089232026390832152219
60428 47832.2579736872185729009400003144277
60429 47832.6409459654271074311963495946978
60430 47833.2147005591643385226857015094706
60431 47834.2770539850289675770982348432568
60432 47834.8015835296140722382494929659771
60433 47836.0092630383799892884387090816640
60434 47836.9533386465362552064168907528135
60435 47837.2073050752631512386256343089264
60436 47837.9991590481523516313109718038053
60437 47838.2035514330806730195188311318685
60438 47839.1656685191301979651426657538554
60439 47839.9167867380713831959935511881280
60440 47840.4427405429161464367652389118637
60441 47841.2196196656871011121898258383730
60442 47841.9374243333096702112919375671975
60443 47842.5022331246426995642453527200857
60444 47843.6037333337672224614379183202321
60445 47844.3161932415657661362331750374969
60446 47845.1373120072870869859983632511065
60447 47845.3571952850694362496834897787895
60448 47845.9763151124430547988179169411008
60449 47847.5823487407512347236295030795259
60450 47847.6958552739656121834407190424073
60451 47848.1821302899884015945184068543925
60452 47849.1926328053921549823621892609690
60453 47849.7056307025526890236305631392987
60454 47850.1632779659025480620793712510118
60455 47850.8658419719061140539210263178096
60456 47851.6546442946230316245187272097656
60457 47852.5412225125472852187792984954624
60458 47853.6292692030067442508290305178416
60459 47854.1805724734993004244517033757851
60460 47854.7724499008280818888384956094663
60461 47855.5874678238354971882739251520641
60462 47856.1754949325114099372237766552233
60463 47856.7708354296011084319959539850869
60464 47857.2865132970487589631461569360381
60465 47857.9573999747953630357739509231980
60466 47858.8759549164839223271532720901571
60467 47859.7379873088343141726044057247663
60468 47860.5371663960162857126410678885349
60469 47860.6016896769895738417819344609749
60470 47861.4439351564578571374190570603513
60471 47862.4837150193003829151371125032100
60472 47863.3304495011853598801039647643884
60473 47864.0322175818538629712201601940224
60474 47864.6061409998369921251828560420868
60475 47865.3010984076947574434573847955954
60476 47866.1016604540722580217399151044840
60477 47866.6214490522226429295790800375099
60478 47867.2956103800381981420024587240732
60479 47868.0135196814271867446681254306157
60480 47868.2197796433488868683208151166406
60481 47869.3977658528910914066988715616312
60482 47869.7752148247228885662872125141495
60483 47871.3842900989103717743825487427240
60484 47871.6172327610618229924913414115721
60485 47872.4173004794800509561639496430030
60486 47873.1276234362662837428366563653441
60487 47873.6305389504522519338588167339508
60488 47874.1943272255679424469812080236380
60489 47874.9810430771413313914239683817688
60490 47876.1279355129578285352160460351566
60491 47876.4792190379920297003927013826936
60492 47877.0778618538725687801858421084310
60493 47877.4910402850535613858797060618175
60494 47878.5603132571796732376980583330534
60495 47879.3152223446136418586579693884590
60496 47879.7390150548183473504716912397501
60497 47880.6651177562879564378103718953411
60498 47881.6652742958558568975002097797867
60499 47882.3107689417875890231584504656876
60500 47883.1439866879494642560248495789187
60501 47883.7331930042592765263486116992105
60502 47884.0221124344884336829354671157662
60503 47884.7646726843282427261775099795828
60504 47885.2899275627457091742016695646104
60505 47886.3793259275571441418475412701932
60506 47886.7215815657618719922127095222721
60507 47887.7799515717845198813419682198023
60508 47888.2605150546035577120580989581745
60509 47889.3760692574913901964282886647023
60510 47889.9307413660687008657541107888541
60511 47890.4854859301108913844215350960023
60512 47891.4630623951422745213094432387258
60513 47892.0108525083053082605709656719943
60514 47892.5022714305026632117128066642599
60515 47893.3988401222042071157951566062038
60516 47894.2203559968530971750616460172946
60517 47894.7314737663927626962054126806414
60518 47895.4585436198217659567859993900025
60519 47896.0092863888222666941575348213051
60520 47896.5008092178755642607292491426826
60521 47897.0518586802357666835617328473006
60522 47898.6309270268126909791362090154203
60523 47899.2942665583522744136676121053613
60524 47899.9455423123939748640586223394275
60525 47900.3250562729784383421761437739664
60526 47901.2518575572159677448906378771252
60527 47901.6519702491092020243975048085363
60528 47902.7338790792547754540348778469468
60529 47903.0029010256287820805882247615973
60530 47903.4909470463171936852807207383941
60531 47904.5710195775056715743008623447345
60532 47905.3491331104704856258310078933133
60533 47905.9443050063396069010587194982031
60534 47906.5034782019839997415824892426541
60535 47907.6589640938174617139889158084168
60536 47908.0874021665149722522703881955208
60537 47908.6989477221611236623596072609590
60538 47909.6510353728360227036706144432745
60539 47910.3939205962540218120325133515796
60540 47911.3649825870793227951143764688623
60541 47911.5346603044312055816614105072015
60542 47912.1916715391073679576171020853964
60543 47912.8709003621621586770994444253748
60544 47913.5644081978454111044890270952224
60545 47914.1627227325713871223592201113340
60546 47914.9511420665837925705241864084243
60547 47915.9503321768441179222191102875084
60548 47916.3850701151043713657951108085755
60549 47917.7001684480471680179146722561949
60550 47918.4536687988488593668347335285249
60551 47918.6651861034558701959424129738109
60552 47919.0466348288757194906261609392676
60553 47920.0545276486534735122328385646766
60554 47920.5456803193940020936087698515441
60555 47921.6010224176141788133105412435457
60556 47922.2230192037312466424723372133670
60557 47922.8063261214811445307217997089457
60558 47923.5874005809189096652243603252959
60559 47923.8477603348789478913349962058456
60560 47924.8439032543882169056847142424787
60561 47925.8337035078469781089324063385675
60562 47926.3580397259428014797211910514112
60563 47927.3211925976590509686190644150891
60564 47928.1649646568662512873511639810265
60565 47928.4350742375291111110512177139116
60566 47929.2860656512640180492615985288194
60567 47929.8929867768928557827131499429890
60568 47930.6100952220172660245171042946524
60569 47931.1576800002222091223061046867227
60570 47931.6758314468453260811626063056915
60571 47932.2600689890294181055141758820634
60572 47933.6007807844387076637338988390515
60573 47934.2686320147342724795040338496541
60574 47935.0283152780332304043477608332048
60575 47935.5719201173819241503907026206845
60576 47936.0968666671676737748404668089393
60577 47937.1735959727496520869850904320523
60578 47937.5436015258470832097257386810680
60579 47938.4761010499957585538977875739711
60580 47938.9882789440901062184389124493466
60581 47939.6956105141905029708827647533142
60582 47940.4376394748397203026393997736459
60583 47941.1156768566940085886500849756647
60584 47941.6567923124264140159455518609806
60585 47942.3455018064045913569834153486691
60586 47942.8838203200811991978654624292559
60587 47944.1295063748033432851377286886822
60588 47945.0614607798483762508637101346843
60589 47945.5492393046841591909388267878560
60590 47946.2056279168467359214777899505525
60591 47946.8938908355968160356526992139598
60592 47947.5716172296641158011484517080613
60593 47947.8944259537424092446250716966071
60594 47948.4615069285300252520164307676830
60595 47949.8097479920570230655392812564221
60596 47950.2079392115200587960164051941095
60597 47950.7016843213703682727268779931776
60598 47951.6818407922700590375982396751859
60599 47952.2736815740180996601641576274762
60600 47953.4142201127535018747852778221345
60601 47953.8925203496991485471444241538049
60602 47954.5403966944675855850090864464072
60603 47955.0321241719217268561252212130755
60604 47955.9646738354737148254103025751766
60605 47956.9571299928667103276160430135065
60606 47957.4451547578039792676630935188030
60607 47958.0394469732916755808793870392028
60608 47958.3775872576054096481553818300694
60609 47959.0520057369389774549123155125413
60610 47960.0631402439775158214770627383326
60611 47960.4819178598419883714576138578101
60612 47961.5789906235494707143078679558096
60613 47962.7809198261642631879807281538922
60614 47963.0383939251921564811550768038593
60615 47963.5534018521670100991763051362995
60616 47964.6794721455515710001791912318382
60617 47964.9394768163040358501453944352179
60618 47965.6462297354913729616759087904741
60619 47966.2860693951281494379056425918358
60620 47967.1408181597794045938322466374610
60621 47967.7060699055989982662219420985109
60622 47968.5332209236836933534122315277536
60623 47969.2537328708028412533397960764450
60624 47969.9868454918497457195296550645121
60625 47970.3928060786185508411527089785030
60626 47971.2976429119823962072609439324748
60627 47972.1483178670890006813298209022209
60628 47973.1850632377740724238675763446710
60629 47973.7023682878853044086722848294999
60630 47974.4041338152481203749092479071382
60631 47974.4876838077603958932975313014838
60632 47975.7412270913650972808284950103690
60633 47976.2678669704596018570954036963963
60634 47976.6700283415394091013556033965430
60635 47977.6267477640450360546147435790879
60636 47977.8851203438948900381371003677346
60637 47979.1234589898076399352170798916072
60638 47980.0721695970807408597630261940320
60639 47980.7083552231234118908108146107565
60640 47981.4432615232407015945873522981534
60641 47981.9093854123160617170920018050013
60642 47982.5489030632292536487585411233297
60643 47983.1544793623905648253784910088962
60644 47984.0953104301445803880944614705640
60645 47984.7763982391955063058551115954615
60646 47985.4413961979019147100567485226201
60647 47986.2720353333223682992732843444828
60648 47986.5767884785741807272306602723859
60649 47987.0932458561983918784347252510024
60650 47988.0615446911400437709506747508351
60651 47989.1351868271550641755922523590613
60652 47989.7496809108509275206769853106089
60653 47990.2938129386210454586043065169578
60654 47991.4040153307518345268263148981907
60655 47991.9718304061487193742494202229826
60656 47992.6348374395154534772013989340994
60657 47992.9747394609574930135432721186250
60658 47993.7758267966730241423451017834756
60659 47994.3005171061296067488370790145111
60660 47994.8379281939838424716978856832532
60661 47996.1649431933249626154884064170914
60662 47996.7046127099534381213654305106582
60663 47997.1179602269899999755624745383823
60664 47998.2021314026560615038639522169741
60665 47998.8988447243970072567431598321821
60666 47999.7616735755672385834767812892717
60667 47999.9564343089657873322199946836050
60668 48000.9229355101765004416562616788554
60669 48001.7980145404453913824755053472188
60670 48002.3110876636646293134533485157431
60671 48002.9339719368434887828963506496936
60672 48003.6696668320694657162971188965047
60673 48004.3418863310523847762643963613153
60674 48004.9761489200332142303944758372753
60675 48005.4822482007177897520958676957605
60676 48006.0520733999637691182505887554828
60677 48007.4771538354146851272064486906843
60678 48008.3800785167179784945402600377252
60679 48008.8166864810219686739383074885181
60680 48009.4662990770061774025035236590513
60681 48010.0192035092287362332447688619432
60682 48010.3853835119741409241307168335415
60683 48011.6979028014550123730080335801006
60684 48011.9316860697377948399104855089462
60685 48012.6240148851133851655646883995525
60686 48013.5750219425007947982859351008402
60687 48013.9860749939792682623012877389768
60688 48014.8535403699212670538367027249162
60689 48015.8771916631236726614568763772616
60690 48016.2312886442919458200729865560257
60691 48016.9481551671945358015817379166374
60692 48017.9100550972851761977084041827186
60693 48018.5441412162429999353013203763873
60694 48019.2664388138132882261212860279207
60695 48020.1373677944866328585259031948569
60696 48020.6389391108638165657997766129444
60697 48021.1781053073490429736484907847637
60698 48021.6787437409316602411336277496843
60699 48022.4418813308729472755543896730426
60700 48023.1034485972836884176921181723907
60701 48023.8609526240125961878095255852535
60702 48025.0501111253109716444215523390023
60703 48025.4901343787799382714962538485163
60704 48026.4900320277985320407874034346281
60705 48026.8487538641833978576843823176200
60706 48027.9544904210496163780805826936905
60707 48028.3170293186770454552106179316445
60708 48028.7842844398420653325524219124600
60709 48029.3222937179347757648517139511154
60710 48030.5427091335791723156866916437230
60711 48031.3451515528673435122401284941162
60712 48031.8117726128974634963078391402392
60713 48032.0855806419314427100949466187794
60714 48033.0678290873961251960146812605399
60715 48033.7106500707929634220049289935629
60716 48034.5829493115381873534067161781724
60717 48035.6867790516621836705442764688373
60718 48036.2040108946400067385041998571581
60719 48036.7526479663260243792496415324480
60720 48037.6252316616190851546310207309603
60721 48038.2149747651903461869007886416928
60722 48038.7537183339987570002576132900535
60723 48039.3337728061351649472704219081359
60724 48040.1606149245395536006245574799894
60725 48040.5927810419965402194502339156891
60726 48041.5437390018103550732245701085981
60727 48042.0991728257751840312122173094948
60728 48043.4630426720789256634397392180118
60729 48043.9355926650029975168932425304683
60730 48044.4817834877278702409038199174624
60731 48045.2393685759878080784370647580133
60732 48045.5397072846079285571516642706073
60733 48046.8123843366318936870813837295884
60734 48047.3016554791490453755457525969627
60735 48048.2250584832205305329178546013698
60736 48048.4838043427504013478430152315932
60737 48049.1274608449418647910531422582827
60738 48050.0588456884004059345837954814415
60739 48050.6116881945298602315599581541015
60740 48051.2168476831168082019361463568157
60741 48052.0266746470416433708258845433177
60742 48052.9238563135992987978760039017049
60743 48054.1416992985948533418558325908107
60744 48054.4325929048816499827828611541727
60745 48055.1453815427588838933526375294614
60746 48055.6490376840256831725401742188265
60747 48056.5458578447607235664968287028102
60748 48056.6717436339991449652728726551562
60749 48057.7872182794723747394214642449191
60750 48058.2064433234360282741595489956297
60751 48059.2334567182171680589665370353358
60752 48060.0613651809895213351095990928453
60753 48060.4274375733247233251577698238379
60754 48061.0725333996735294145283869319974
60755 48062.3240062924268592092233061805589
60756 48062.8508679603862809386776813823579
60757 48063.4055552132258908645014255412002
60758 48064.1196173945277423559158191381966
60759 48065.0040752710864194092269780621000
60760 48065.5362720206994135905059493241108
60761 48066.2841800046239050000143055218109
60762 48067.2023839625914938215357240938243
60763 48067.4393786136754639027705758004061
60764 48067.9323198816894679072534229509317
60765 48068.4876919107657870454796557046877
60766 48069.7657199150654790218079926658962
60767 48070.7601262649129312965797609764908
60768 48071.3168602045582373884695077813631
60769 48071.9916378327965328916993826276113
60770 48072.7693423786394658682393361963446
60771 48073.2171564174555317693729010591368
60772 48074.0372446130238146710131718821174
60773 48074.4342530312989522286907082737711
60774 48075.3495569628755063659517230526782
60775 48076.0891694749012554433745208327519
60776 48076.5732742506150868947370811381383
60777 48077.4574105608955043078644401329606
60778 48078.2682355964351342911442846444953
60779 48078.5041853857162928144245265995672
60780 48079.6746472886827223362484214904681
60781 48080.4783720891983163218678231856076
60782 48080.6298496254693871015891069915280
60783 48082.3102368007346644963837793545878
60784 48082.5110113450199923837018745324904
60785 48083.2115754968323196477035560940400
60786 48083.8467626075872463364397806227692
60787 48084.1731827344145441205227354507327
60788 48085.0774798709617309930451055197425
60789 48085.7469643131560873893237612448555
60790 48086.6094753129051210539726205459965
60791 48086.9094915702195293341090055067827
60792 48087.9270572161860568568276924587913
60793 48089.0372622539685188654046330347829
60794 48089.7107420039670670715760686073706
60795 48090.2062695115097945697663986200641
60796 48090.8755629027954331569166065262633
60797 48091.4187130898506236777261594831521
60798 48092.1136310570666373797997534373015
60799 48092.9216191440845554890456579983693
60800 48093.9578653984034372725244977206613
60801 48094.2096964319236508071887666286572
60802 48094.9356546250379522939415329270147
60803 48095.6222671228723243857318563720799
60804 48096.1552459865534052692094872668216
60805 48096.8675634020641171075250245219424
60806 48097.8466629164012569218404690867750
60807 48099.0454248451496809792060573942916
60808 48099.3795345235370353794548115779964
60809 48100.0443424227140448506950217053552
60810 48100.6005712982401307271644666737312
60811 48101.7642799311593769099037807012784
60812 48101.9943146934621807111225384433081
60813 48102.6104729846651130300012142702933
60814 48103.0582021488332633210498771978704
60815 48103.9187878904442479663493857529652
60816 48104.9378890518576130069037903443136
60817 48105.5166799962581705597193713783012
60818 48106.4724228198585364673943435982722
60819 48106.9607832518132391727814205304235
60820 48107.6354167753911727539397769607192
60821 48108.4569632785308578475752604831389
60822 48109.2759078400430201311363322819727
60823 48109.8932016117021501605544354829751
60824 48110.3713532070923850826892944957952
60825 48111.4139197390197901627059623070209
60826 48111.9726941733348585503185826772768
60827 48112.4191494705329359956312750392584
60828 48113.1101031120142359424590765845179
60829 48113.8386707409470487947394286367433
60830 48114.5296478688705808668996624675643
60831 48115.0475834997290702014457914262129
60832 48116.4985716616281568736723469883566
60833 48116.9562811519254545256946870927773
60834 48118.0308906135585180816735285362520
60835 48118.3771351187430941651689575924272
60836 48118.6899417909841322301884310524344
60837 48119.5785373306942784828985600671903
60838 48120.1038696946145453300911988383352
60839 48120.9319572236550551159854948847982
60840 48122.0085719336611645331185412239237
60841 48122.2604651047168495694404140117427
60842 48122.9574871784379111014432678798439
60843 48123.5416730851039421810488671478715
60844 48124.7255500637007876386776040415537
60845 48125.4532682348847573156521782523165
60846 48125.7873718059373911660819577542011
60847 48126.7054535582721455150071667056063
60848 48127.4047300610159024251614455667878
60849 48128.4997417389477018371010291799249
60850 48128.7878482534836554872228995564606
60851 48129.5747675167959668771845469692297
60852 48129.8648162191526717593247175148084
60853 48130.8853001886845446280368627586054
60854 48131.2639163462268184995047825647058
60855 48131.8084449776316499619258750056815
60856 48132.9430725008832762504407107895975
60857 48134.0076337875022911345137959318840
60858 48134.4133570060282237134638708358903
60859 48135.3075102652442478434216419944447
60860 48135.8925557200857961680010417425860
60861 48136.5149443861519015943818621867427
60862 48137.1218958147161790032924845307436
60863 48138.0323384006774316028942053488542
60864 48138.5052160799132625001179452612501
60865 48138.9881772334801455021378209243360
60866 48140.2066074964868054547596508332237
60867 48140.7432203342197213454840806611875
60868 48141.2459247874274356967796854539759
60869 48141.9972097543653232485756856214344
60870 48142.2987707167528680902367748017231
60871 48143.7207524805760704725156600786184
60872 48144.5527524693407176927823902848755
60873 48145.0016002844881767475606042251649
60874 48146.0582432504359452156988131678628
60875 48146.2309962521862227389337814651851
60876 48146.9178736194345023770207497431321
60877 48147.6922672845697842874264944236193
60878 48148.5040246827478317221421902640059
60879 48148.7989667376398579308800703961179
60880 48149.5050076017013668320485099293181
60881 48150.4758695755791123692045215067000
60882 48151.2879061199532113876633087789081
60883 48151.9346973114804856345501615980147
60884 48152.9540596718883769487125320238492
60885 48153.5526607162591692406574102316552
60886 48154.0448668746339669688200807398494
60887 48154.5460788243571752952044176616505
60888 48155.3675734878197137282268532070837
60889 48156.5310796538939936646822191761994
60890 48156.9865792172380908233500400973164
60891 48157.4533420370467294793270105341013
60892 48158.1773677106250944760292399300274
60893 48158.6457216066531020376043972134132
60894 48159.3675408813065584187768917641469
60895 48160.4424914936488639448813019678224
60896 48160.8532032595962513553822754466128
60897 48162.0882671654145099009728336037936
60898 48162.5637165026214067050158781803519
60899 48163.5194598950249104122453948990940
60900 48164.1430815071241462591080563252838
60901 48164.5281864338859466700367206996552
60902 48165.2607566434753725955676478428078
60903 48165.6482905878198680037429650300938
60904 48166.5041792225518091778539042526171
60905 48167.4549377782886655481113777671391
60906 48168.0308932705897949940129749085384
60907 48168.7154815187874257049848282459286
60908 48169.4182993207142435742277442107210
60909 48170.4684221254837072277038445429083
60910 48170.6241997893589307327995762154126
60911 48171.8374277670676948735020723359717
60912 48172.3304732504215675172185620098821
60913 48173.2924731637173717069510026608029
60914 48173.7812020457064968119617592383302
60915 48174.2947453733725675205863236656383
60916 48175.2399137089755971155619774907310
60917 48175.9441536764240101334249573965319
60918 48176.2232784788445318584533709247013
60919 48177.0516006570026802907549081717878
60920 48177.5572259590350711839196136229638
60921 48178.2937190984975761657933941648584
60922 48179.9137381778903111374617125830347
60923 48180.5055491448856383315691466043869
60924 48180.7288507244064666334618327206217
60925 48181.2321486477196285346424840999941
60926 48182.3319428483412850184558400854276
60927 48182.9060034755188589129232630994061
60928 48183.3151265788307353760513822512606
60929 48184.2623032805086716431177746085568
60930 48184.9331562570418595995794375468659
60931 48185.6320394468419256017284989792940
60932 48186.2119307393347938514429224551015
60933 48186.9769110529210135986297085018780
60934 48187.5958684112450932856702703861400
60935 48188.6011242078782456076679152557458
60936 48189.0547418674959614546623849466657
60937 48190.0047735398438542271268661312447
60938 48190.8480261016605782772992508198230
60939 48191.4549844679940959196040833416099
60940 48192.1127119323117572241594443895181
60941 48192.8604230360055010990364594493027
60942 48193.2552995227058250884834255999380
60943 48193.6445237355435330776180006030003
60944 48194.4966170438506808722472735993411
60945 48195.5334674902919030179377334035819
60946 48196.0991215035450771193960771197102
60947 48196.8286914415562236657581795668837
60948 48197.6998122508598883172619564083884
60949 48198.6093005569788254393002064582474
60950 48199.1259000518070866875332161849717
60951 48199.9870125079992802932252731420422
60952 48200.1654170909398452499986182685153
60953 48200.8466297090166470630405178030340
60954 48202.0943239382349901791560750413594
60955 48202.4864778575045003665588862238239
60956 48203.3181981499999193151504989677027
60957 48203.7845812567608836705531337043062
60958 48204.6095256491498037619814305345482
60959 48204.7887836405620637914430381843888
60960 48205.8760302404870466393713618998993
60961 48206.8357298557881166201064915960073
60962 48207.6842765385561208280592955666814
60963 48208.4545883727906751690123249648416
60964 48209.0837883560212358845070816965785
60965 48209.4840417596066961247306541887620
60966 48210.2031853926366537586315950644349
60967 48210.8683921895001330003351016470098
60968 48211.7391173676641460096212536971017
60969 48212.1192288387707434464187520042932
60970 48212.7154836802105563601465617127635
60971 48213.5588891604657844258800749305353
60972 48214.8228408490325180893806255858998
60973 48214.9979907015544253522797416999364
60974 48216.0860968304829843236123177589933
60975 48216.5331692330623718751446467602698
60976 48217.1827981771872449946303005902427
60977 48217.9696413272588850940517677411676
60978 48219.0096212295836804816569923021392
60979 48219.5443988572294097562421369167012
60980 48219.9853530413783304133275642727563
60981 48220.7328640621287145875646282373360
60982 48221.2678021825124954076420246757340
60983 48222.3653727764497207078603493634149
60984 48222.6228412306820667708001282280012
60985 48222.9710072707387039756233449338038
60986 48224.4659329246217445936180961252972
60987 48225.1326834728199169450464563274898
60988 48225.9370365839412663405487207338173
60989 48226.7266403074907200683783965704168
60990 48227.2019685775894206769507230388852
60991 48227.8745696661481306640883377892319
60992 48228.3060603210532539536972003001823
60993 48228.9759364400260455523614970224001
60994 48229.8101765881200469178020124450798
60995 48230.6524275731585615692638798114372
60996 48231.4692974873492995430192350693285
60997 48231.9929310893250996508494182933934
60998 48232.2379948760997015616577831495014
60999 48233.3803534117145295202999620589493
