36000 30242.2458347308774669070393728850651
36001 30243.0656758680825464507835762928997
36002 30244.1494826061913008882673744655821
36003 30244.4921008799209301825899245205312
36004 30245.3966346292965190567527284964560
36005 30246.0379511190248042547532516399923
36006 30246.4978806087397897592400931624496
36007 30247.2809601845281978041451225884398
36008 30247.6734616595732870961874219713652
36009 30249.4569538743033422713915640217181
36010 30249.9846092994827634374362913434069
36011 30250.4857432221323215117567549680468
36012 30251.4427698918684047745756333303885
36013 30251.9844915403144415693661205752179
36014 30252.9504042325988269355278583075656
36015 30253.2696959670822929050815570500652
36016 30253.9150901719872602863158788135220
36017 30254.8179661080364026498656846979375
36018 30255.6875132289758475118501820967772
36019 30256.4419553736622717894615422178259
36020 30257.1633891099022722843227253482037
36021 30257.5448965385245039273563998518933
36022 30258.7037463431339947915807049654216
36023 30259.3891679704090683433367781599581
36024 30260.3132171629761926352659307128116
36025 30261.0736583999320445121070048265219
36026 30261.8758230094257945902181416196873
36027 30262.2833754689642534884217002074151
36028 30263.0454308704774287547605558048576
36029 30263.7332446133730294687556453347440
36030 30264.2202124244032364810643512470275
36031 30265.1869677262281713880661033933822
36032 30265.9350231378542779506451860167741
36033 30266.4451378757086536543974839763868
36034 30267.9970051698361540417815966610747
36035 30268.5983455062401149398440002722485
36036 30269.0434513163552637388377904208167
36037 30269.8640363216961013789837151035021
36038 30270.2381788033408462399886287807841
36039 30271.0907795623820630479075646798179
36040 30272.1685179170401489332260071097055
36041 30272.8927437196175241947177012903778
36042 30273.3864648067882305224188259823032
36043 30273.8989708190298570244691911748357
36044 30274.6634154084397814532881752238210
36045 30275.6526229970814506802129858503562
36046 30276.3259735082248553481885397305838
36047 30277.1584150978983162079632643613634
36048 30278.2615296607317223591113597312121
36049 30278.9131025405053076877739591417250
36050 30279.4435732670377185387363217851440
36051 30280.1089000329446131514157055598641
36052 30281.1183766294463201103758842410058
36053 30281.4630575785994082121253513179946
36054 30281.7508198894247036046932602943276
36055 30282.9660700012773621687386714684911
36056 30283.8049023563330368141055598227535
36057 30284.5208101721361279190024449335635
36058 30285.6286691496735681855661884055502
36059 30285.9665897143152306748114540076119
36060 30286.6974650250971513181939813825689
36061 30287.8946517223779187537214186062739
36062 30288.1856445017654280373232355179336
36063 30289.1515663740246401525673529172244
36064 30289.6724711699714474915758947764024
36065 30290.4493265537850471527354887733007
36066 30291.4333259671486003392949069825321
36067 30291.9129714466208682228247462288216
36068 30292.4161681293221587290593803450191
36069 30293.0141428879886801014780438671644
36070 30293.9866028905102474764964758959360
36071 30295.3609258290415044321561698321412
36072 30295.9766747686101116531692359738173
36073 30296.6153569570293698465206288466560
36074 30297.2770907712107836365065064371113
36075 30297.8300799951185176409180438966688
36076 30298.6525130277078720114127146804411
36077 30299.1071796744309410424083948484254
36078 30300.1411425134597649656189676851261
36079 30300.7381958195637566062144087728889
36080 30301.6779212726049566434714203213548
36081 30302.0399238780590564332120525723293
36082 30303.0348679921329844182097419817611
36083 30304.0642521375606377621991504078369
36084 30304.6287210362075711035192361594163
36085 30305.3419022659369919196981795049517
36086 30305.8495367374697257827142620385077
36087 30307.3349160870948183097376104712393
36088 30307.8266615147292949979899810234389
36089 30308.0740962518951859705409057266735
36090 30308.9097579510584850940433927805438
36091 30309.4272630010348720963796546510478
36092 30310.3820465122431852235273764290483
36093 30310.8807077390208647974738012385321
36094 30311.9668990070521646648366465882549
36095 30312.9103627226251044725587139568027
36096 30313.5905895235943191494716952733355
36097 30314.4817780011178248697231866467537
36098 30315.2599090392154766816716797504881
36099 30315.5482073070070098819771986521151
36100 30316.1458065680098678673472261624712
36101 30317.3240722217584579026130800575720
36102 30317.6884823022125459656714981841043
36103 30318.7258989923749894774473534925369
36104 30319.3097107992950452695640154742585
36105 30320.1751704917949929663964505167814
36106 30320.6176912795078262468051694254180
36107 30321.2661991914256184495856339795598
36108 30322.4431304449068875227536604173797
36109 30323.4933458483509677803818716375477
36110 30324.0515260894400253846313753208273
36111 30324.6254060810079751522181279556796
36112 30325.4056015949549557132371195536669
36113 30325.9989909380895438207347410116272
36114 30326.7240963312247087797862832324511
36115 30327.6127057115217698812664943279920
36116 30328.0044538294758922359910709067907
36117 30328.4118074095169990323913045906187
36118 30329.9080814702308297243769308557068
36119 30330.6623699058013759630884001683941
36120 30331.4350836865159412171625438660010
36121 30332.2084865837843171884150336605477
36122 30332.5150182548090500815927516382754
36123 30333.5929495029402544867586914708244
36124 30334.1118798391420561436061290765694
36125 30335.0885686154394874264842038466352
36126 30335.7122488269980826576374425524543
36127 30336.5238649899617283342999046737778
36128 30337.0667427368498140089879586383763
36129 30337.4877558806212740715269976357771
36130 30338.5564331675360431042012783557049
36131 30339.1960009383203931165480529983923
36132 30340.1149743389444087172957627649762
36133 30341.2255420592002052662909726370468
36134 30341.6881574548988188522173492801343
36135 30342.8951660190769415528674746157339
36136 30343.0165628634752811801403313224359
36137 30343.8888235186108995902927443439180
36138 30344.3087868889889100081647896849698
36139 30344.8942297808173955388042093554695
36140 30346.0838544154406674338777941311766
36141 30346.9161018628639621174886177484698
36142 30347.5127751103150906342148819255889
36143 30347.8461832306673493592223137422312
36144 30349.2836431428124879520344262804475
36145 30349.9708780076510142632762192114615
36146 30350.3913707304960790196785386660909
36147 30351.2758054542900261277150457120939
36148 30352.3210226160323287737480501594299
36149 30352.4929395115039851219027248094721
36150 30353.7427191941460905837465012621985
36151 30354.3810350521504101104757037402953
36152 30354.5428242005643077083051397670473
36153 30355.5916142206858522004929910466332
36154 30356.0461367920939350216516132741886
36155 30356.8138949370226558062778455565339
36156 30358.0371170758876626845316204584159
36157 30359.2816144461901575388831252272008
36158 30359.6134937636668472485919107544712
36159 30359.9653526271292663639746101737154
36160 30360.8124647177683285165607301149534
36161 30361.6979770027848333921942539337963
36162 30362.3576089231010352978365062518643
36163 30362.9596225634739003410382083773735
36164 30363.6785394896813730734821870855658
36165 30364.5125811556287282960561460903377
36166 30365.2329460944233259143973783303924
36167 30366.1315139736804538919635401149471
36168 30366.5822935890984250695764662399644
36169 30367.5569074828124140844418661259396
36170 30368.1564434528316437836750869534278
36171 30369.4251756079542580031397864515063
36172 30369.9775493041129316913399232239784
36173 30370.6403950031486102309068923006185
36174 30371.1781893409660474653869900717662
36175 30371.9855471479402552626516107830540
36176 30372.5235183995812173314826882444339
36177 30373.2206275093145149238188222976443
36178 30373.9228481428299820154772700647484
36179 30374.8158421440444399203975000623768
36180 30375.7796529525495021608835646805485
36181 30376.5286466710146131257867904840826
36182 30377.3847398064974767599264745432117
36183 30378.1999262161258657629517764252501
36184 30378.6896091713166291466212143235300
36185 30379.2751296823218379787345945424607
36186 30379.7733665901154713634941745121941
36187 30381.1877810265053891645500985300783
36188 30381.6661185274128091617652971686119
36189 30382.2936846755086138383105491353490
36190 30382.9595169175320375061479642945273
36191 30383.5837862456876548018817554520159
36192 30384.0844277068942545033575182979137
36193 30385.7166883732316362742256595430801
36194 30386.0649507039666880287083798491113
36195 30386.8914051841849766974723241105589
36196 30387.8682875612208748502102842582814
36197 30388.3455678710677302222884368803278
36198 30389.2276327193059634375143969092074
36199 30389.5213269063529889721793438656579
36200 30390.3482404186685975046819113007119
36201 30390.9675145829350540618618538610922
36202 30391.8421442144868103154584140450459
36203 30392.4962296036832944742696529028396
36204 30393.6975163564263102469404932334225
36205 30394.2619837002698841682303329300614
36206 30394.9532887079633154020491527731116
36207 30395.7828860851366059962894984524290
36208 30396.3822883140263422049505558657985
36209 30397.1392464732250586307813302145766
36210 30398.3346715838321577504404954168217
36211 30398.6455834952887683261203956754531
36212 30399.2219168632501040787102569894954
36213 30399.8857317744088636841385583264589
36214 30401.0845978434592432767024608008869
36215 30401.3546695931639110101168874053574
36216 30401.8891467965518878939471891914228
36217 30402.8447185373198218631183686757921
36218 30404.2253563873616078700358278967737
36219 30405.0420741798314359176759853459231
36220 30405.3987024031626860227706051023255
36221 30406.1281271977382841991765010453959
36222 30406.6725134377250114365593960657558
36223 30407.4389237667326594096924125555264
36224 30408.1241515208897661393001624668337
36225 30408.8977413677324414675333277775654
36226 30409.8675246759545783729916493808232
36227 30410.3042355061231428247434427595335
36228 30411.0750399585980056095876001800845
36229 30411.9341647864424323686614659047856
36230 30412.7049291460623835576196452757491
36231 30413.7684061372788126133430298720195
36232 30414.0645614698963154495159432596416
36233 30415.0822847643849530994758983425010
36234 30415.7572808180374748493146277584481
36235 30416.5664939726476928640876822217905
36236 30417.3829365216651150042379220919156
36237 30417.8760147260812107282517454168536
36238 30418.2202744994346836378120661100565
36239 30418.8689512731753611867444920739074
36240 30420.0071419838144587907895685025894
36241 30420.9378112013102908869877818773637
36242 30421.8189775886584637019993764459277
36243 30422.4580598678505428212126381160817
36244 30423.2859688169602569236781917388660
36245 30423.8593724725340651968527805335605
36246 30424.6218746426388019998994883160577
36247 30425.4106134577090167101961112752432
36248 30425.6399934699645862728901453706213
36249 30426.8103743395590509017625625481278
36250 30427.6641737191080740137415694290036
36251 30428.3188701096944706286006299056475
36252 30428.5736140839561260368824286231040
36253 30429.6380493393686474695271800130270
36254 30430.5137520806731275706102769479118
36255 30430.9641750248673627311587913754475
36256 30432.4539106620171051977322820994802
36257 30432.9543630059060989220484278299685
36258 30433.5956455995842313554594522020279
36259 30434.3565475362053070933496046919653
36260 30434.5727341409331493146359110708805
36261 30435.6722520184499856402674393734595
36262 30436.3076315024013815960569998027651
36263 30436.8384450006267687146303770015670
36264 30437.8582893818694883989799624362794
36265 30438.2711583329141948396019777004720
36266 30439.6471290845167751607391527127513
36267 30440.4466783244533160182637256200691
36268 30441.0955866625151295429388058313247
36269 30441.3405938184939090998807950812949
36270 30442.1714726062056715658088933102542
36271 30443.2694232480525260900691766125182
36272 30443.9259120288624349347673054059079
36273 30444.5794247310446838062496461340390
36274 30445.3107755639469927839971012509409
36275 30445.9255377818194318188125829230399
36276 30446.3838201973447180461343387507884
36277 30447.5224231452501362296887880584357
36278 30447.7981299382590130975309726444566
36279 30449.3737552566477747562222215577537
36280 30449.9273953581584474129806014437723
36281 30450.5684371382289732541512752839343
36282 30451.4363105371194727698927434016124
36283 30452.2355480869067127818761749621722
36284 30452.5197420557022456297861595005686
36285 30453.2630633961608709217682095175282
36286 30453.9995522263591872831084146404987
36287 30454.5628395125200168758238148949808
36288 30455.8628866667063266353127281598301
36289 30456.5040742386137567363783339903040
36290 30456.9009625235802242503453792882546
36291 30457.7648253451303392575807441754834
36292 30458.7609869685069560567303194199852
36293 30459.6017023404421559560422133841664
36294 30460.1423820105990699626726357993379
36295 30460.8142338002171755658368921047845
36296 30461.7355093238817940155494706593656
36297 30462.5452194329312393792088076823352
36298 30462.8312052994964239123577960718905
36299 30463.8409158317442211953445965410001
36300 30464.2739600030711771744688642006613
36301 30464.9275913615495018398925195626300
36302 30465.6503222609313019196796840512902
36303 30467.2100109854893089238589317955902
36304 30467.7033477365019982550164028429195
36305 30468.3962284454541843217164999063242
36306 30469.3433532352299133369619439019083
36307 30469.6376790341230077838283288426689
36308 30470.1443417375585854235931902489019
36309 30471.1597368230423759159308766998892
36310 30472.1123328700932462657535843184196
36311 30472.7512304225257478993954331095997
36312 30473.0617804691359328133988031843840
36313 30474.0849217553158217227525535035450
36314 30474.7757574957011175214487648510567
36315 30475.7967950145455821841331175223611
36316 30476.2697220459072610739420633735600
36317 30477.1200302778236600447850966652147
36318 30478.0047899623632383771332568358219
36319 30479.1327408676603482327056243567501
36320 30479.3960070180167107290189215000564
36321 30480.2459010968644445684462916021069
36322 30480.4596505017435047927431275680684
36323 30481.4751784404036105076820496667145
36324 30482.0059188375951190541637956814570
36325 30482.9144072981550794172853603353698
36326 30483.5953882591011980671855531766980
36327 30484.6700645791959520296630854405557
36328 30485.4763949912533277768277717298977
36329 30486.2382399929175674259068899793356
36330 30486.7204289746040775167389833147131
36331 30487.6563087615017190242522922181071
36332 30488.2417124129416483480070831141412
36333 30488.7509805057918989395018108199489
36334 30489.7812885395335366479534373342530
36335 30490.4534435050006701148378176686811
36336 30491.4149705031911584165982046623759
36337 30491.7517487455430423680814729859115
36338 30492.3622841593390239719408848310908
36339 30492.9540618037884345888101114170251
36340 30494.2974746821117687400323120213518
36341 30495.1752640012758546324104101108083
36342 30496.0714613797234539790370492790628
36343 30496.5452100544745268234459960060807
36344 30496.8126761639001981213626719119213
36345 30498.2337958545017655067757010032106
36346 30498.4933826772121350026310752798588
36347 30499.2122121676867975863038468777507
36348 30499.5863738878661400142940842574031
36349 30500.7614383644471310066554089807376
36350 30501.5980533991602643890156491485938
36351 30502.1276169927046868128893955964745
36352 30503.3746189853920144011254795332794
36353 30503.7935095300745934869319432127832
36354 30504.5711351765197705755287462925319
36355 30505.1342444747548493194878801288961
36356 30506.1152398208917228227453477763375
36357 30506.9319696707970017675807610849520
36358 30507.7854581810060912604564112133325
36359 30507.9666916929932445625348938358894
36360 30508.9840671052862267979856534588642
36361 30509.3449122618978060613909161050166
36362 30510.1732187234787384697415045521591
36363 30511.1526001620618676910255091552850
36364 30511.7466713413214197873221403267420
36365 30512.7522821216874922659791130088734
36366 30513.9883495889730147122889629419796
36367 30514.4356081217130173248102935125600
36368 30514.7745650742986912286369973454213
36369 30515.5957676754720880003169250701356
36370 30516.2537951355832376957816594391507
36371 30516.7434329700692663455049672551019
36372 30518.0775954474479152133475992615401
36373 30518.5355382838302726088057235994311
36374 30519.1136461622923964617590503221648
36375 30520.0327086888448970790197112537136
36376 30520.5767637805005140022056733885994
36377 30521.7628172159285251750591061418266
36378 30522.2755474064069541665604642709565
36379 30523.1177841199867135084811513926980
36380 30523.9748422438960357071910815565098
36381 30524.6491230278351351164813932059254
36382 30525.2492595333404993123124249216178
36383 30526.1253815374718861701053415212890
36384 30526.5495930728282422313607278309701
36385 30527.4613630079775024583463615656319
36386 30527.7909596218234265658929688343283
36387 30528.4005204917958613597555554650293
36388 30530.0201769382562533703613752528730
36389 30530.7267633066449120719185672794532
36390 30531.4073248043315576153014007943752
36391 30531.7380381601323323005013237843879
36392 30532.8388710231348681979062247399183
36393 30533.3753673585151140313034742834673
36394 30534.1060229143631700158474783390687
36395 30534.8024986024038908645328823344879
36396 30535.6487651915929598720760060658796
36397 30536.1603319753375358113336501733497
36398 30537.1877590621006746200987108684366
36399 30537.6669628114839098000317846073485
36400 30538.4462790594719208398030422587343
36401 30538.9385559277163465228451798009465
36402 30540.3929326955779778909076058733138
36403 30540.8723772903109343764688687091274
36404 30541.8104393642509582691719964532143
36405 30542.4998588675232542647830658861617
36406 30543.1805763962709135900647854467444
36407 30543.6349900346433152732208978333438
36408 30544.1110061638075147119904541942622
36409 30545.0913289892060394102250356161225
36410 30545.9844803616308119321525394465119
36411 30546.3958309826781636289108766794800
36412 30547.5373068881354973281878730768751
36413 30548.0615830870146607602827805284866
36414 30549.2653080477947197186475241600923
36415 30549.9061476700349959801793233713126
36416 30550.6236734592773313414326858706589
36417 30550.7457981197522163357050239928319
36418 30551.8500193761487262048619788408297
36419 30552.8603695993635027175265412248108
36420 30553.6418621528096063321538370971628
36421 30554.1009892859876969922571969830819
36422 30554.4598419116295678171826780048342
36423 30555.3542128203776078873334766909913
36424 30556.1377079917848907053303962324753
36425 30556.8336312149996136135488880506667
36426 30558.1328442383323970020327001151460
36427 30558.8172772436425984210750177668084
36428 30559.4455885918790961471237535920341
36429 30560.1906190202615883513877236316408
36430 30560.8882729170251194096518439910024
36431 30561.3440988757496643890571652499327
36432 30562.2734700534722638963242485097482
36433 30562.7638112858779809802849577460021
36434 30563.4173640912229081002704035586107
36435 30564.6087939102160519922055577641425
36436 30565.1191597717081766490941082659372
36437 30565.9664444260188879396582877979471
36438 30566.8105334308206407049875974764667
36439 30567.2888980494803172003929036333605
36440 30568.1344086234568490791224915360363
36441 30569.3551704001809423426700524479575
36442 30569.8898125899259917137863369146900
36443 30570.2218209677291488517160321733909
36444 30571.0877344843205127053377866035727
36445 30571.9875613811082266583912453944499
36446 30572.5011511417608035837605298359365
36447 30573.0970744142273978857421504349232
36448 30573.7680130931366099469159389856768
36449 30574.5340169099918716604732872498513
36450 30575.8497734005071596184982177551883
36451 30576.7238503297029635701776760297657
36452 30577.2232027648076632530519957776693
36453 30577.9462685460042328376516065366316
36454 30578.4179507528219585323881607828235
36455 30579.1491169797516957296318910734750
36456 30580.0694182573367219840414379952618
36457 30580.5019659676928328422131133260465
36458 30581.7542091188048272655030644437340
36459 30582.2635811021634067909621233407437
36460 30582.6784342711132680096258869741976
36461 30583.3080432719499218617318796106858
36462 30584.6972970554117057901920489336821
36463 30585.1994145279722715086940799763440
36464 30586.0073351998497346814102265092616
36465 30586.6965600061507583534197838256223
36466 30587.8462764637798793752220054225065
36467 30588.1878106536599242391938466823593
36468 30589.0871914259582418646354880121355
36469 30589.5665700258166899678419158237551
36470 30590.0215115407574049046841724544324
36471 30590.7124621703578336487583955536398
36472 30591.7342978073837891732801908509939
36473 30592.7284144027332549912760633058302
36474 30593.1991367735096821890910296934064
36475 30594.4378922096861747142799649774360
36476 30594.8251072175489836255306288182082
36477 30595.7234679161390512403419204052465
36478 30596.3856713267984390887990528261912
36479 30596.8191327109398751385585304239783
36480 30597.8972318454568219752221947861225
36481 30598.5701645411285104547201120330872
36482 30599.1679898093216704922992137372132
36483 30599.9472796502560866461653602161001
36484 30600.7223595731780012748272694969930
36485 30601.3176110760936136300967874173360
36486 30601.7709786247613311444470689492948
36487 30602.8479197336922225163856824873373
36488 30604.2277611783174601588939697875576
36489 30604.7438067446496166508711837026629
36490 30605.2608320027867763421709399170387
36491 30606.1187599481075859005484692771987
36492 30606.3433235199500933068589724342155
36493 30607.3678988718589639651109440239330
36494 30608.2083496052721519419308202839230
36495 30608.5358290063293704967852915137124
36496 30609.5811826652273244181516136370718
36497 30609.9838596814084389044385533303322
36498 30611.3551952997984416012397885813454
36499 30612.1152630320318828575978787499637
36500 30612.3082228565938948327126175749711
36501 30613.6507150485775680010337087789766
36502 30613.8935343918574344031768294700775
36503 30614.7497499915901202543237895938351
36504 30615.8211753671958592078137022305700
36505 30616.5162817569843307056639018646780
36506 30616.9040240803933250971039119119505
36507 30617.5393638225379830778847116262129
36508 30618.4551058611342430675279569795691
36509 30618.7867993374112421048756651727277
36510 30619.7029186809854654975863750696497
36511 30620.9267822672480599696139714486138
36512 30621.6527984057744240233584933421555
36513 30622.3582879251757231665544790455723
36514 30623.0589160383456040651188479553210
36515 30624.0177932336883790646427139156757
36516 30624.5202241215735286649877040144363
36517 30624.8215105754561827659180089034409
36518 30625.4768395630486815882804741020539
36519 30626.8543217800029785007746968933189
36520 30627.3035888242885452382476639120369
36521 30628.1994502926249172256912303205070
36522 30628.5719957824295524948750345779175
36523 30629.4131551175829424131761092105150
36524 30630.3734791980627356410208814858400
36525 30631.2836417467519993934155113623906
36526 30631.9020484267342042720922747731315
36527 30632.6612312175532223427559002590786
36528 30633.5533084964020952817975459933437
36529 30634.0675156851201149262083041262135
36530 30634.6772452629906744270868944759725
36531 30635.5619064560267278683240447304998
36532 30635.9634528291815271059950208298233
36533 30636.7098798546218033809761009420621
36534 30637.4287214251634561846949641236550
36535 30638.4213097358613826211622497642808
36536 30639.6800729392141847400634538917564
36537 30640.2786031519321979912382894218255
36538 30640.7452650008951704212031224264140
36539 30641.2705778851754324652219164217987
36540 30642.0403058063797274621469332949626
36541 30643.1199865167045345389035480392501
36542 30643.6220877348124969157054179855050
36543 30644.4087323283581038853223389899369
36544 30645.0446473362584149761196182817893
36545 30645.6444567574586081078485896430074
36546 30646.6645090762132384818599703632617
36547 30647.0253123091019691590072908657882
36548 30648.2392339812067862058593727608537
36549 30648.5474243357793146985005800678202
36550 30650.0118361927320408276763424610681
36551 30650.7019770641551843988940660249433
36552 30651.0703516927806319337004550246884
36553 30651.8359804139605569515039112174101
36554 30652.4486844796508456207413326699259
36555 30653.2280660086775577582529614639449
36556 30653.6471646227195818380854715896873
36557 30654.4741482155785308980388904736170
36558 30655.5722370481427812157023990799415
36559 30656.3402956094473256178541115323476
36560 30656.7168415299401119445892324617829
36561 30657.9806504381635697624643493862842
36562 30658.6999195038069897835640294501694
36563 30659.0895410540970276690473906022844
36564 30660.0244837555382822383728858337725
36565 30660.6596018480618642659643649464528
36566 30661.2805978108385548914387809385625
36567 30662.3952182985016409905567476422361
36568 30663.1472634311434652593006308027511
36569 30663.3157244163457930289847134227936
36570 30664.0960564751123458443401313298716
36571 30664.5800276760437348771876277409346
36572 30665.8028285255638480303534717050464
36573 30667.0599919536557204820915284874135
36574 30667.4067149115508110083280102446436
36575 30668.2974117665170625588954118728419
36576 30668.8817966166322770263366255981906
36577 30669.6819570835767726012606057976903
36578 30670.1440578391271644809618564250067
36579 30670.9213751170381449405828606535843
36580 30671.5953548749469701334651019245350
36581 30672.3882129487047388265415114736785
36582 30673.1567703289401004887281419083373
36583 30673.9771749522885189136989547315549
36584 30674.6210198111750946315098638574127
36585 30675.6968009247841569245469362886216
36586 30676.2110049053596398301489017037878
36587 30676.7261045562680082297783346419843
36588 30677.9349205568633388479037435969982
36589 30678.6919938973551778180845555082679
36590 30679.3573320689920111120977512440243
36591 30679.9447158811515398249874685917392
36592 30680.3604703697815479358061081323427
36593 30681.0871546920246175903680569042192
36594 30682.2971041784499703509838452217488
36595 30682.5536132069492786436606120725633
36596 30683.1103660372469153222793247302745
36597 30684.7554746825217922894543630730155
36598 30685.2297931157408918844583175448167
36599 30686.1389713933567598429630761764297
36600 30686.7991515484434106444988270745495
36601 30687.0963831858809748943375463235902
36602 30687.9844214693830439926425069324122
36603 30688.5177097591643517769760251820278
36604 30689.7765300251989373453689831091879
36605 30690.1704133255661779052133361746263
36606 30690.9324422723324954940038430810341
36607 30691.6024149816493782567480086276488
36608 30692.3511704477873655318797396988849
36609 30692.9238398517446806706990908792915
36610 30694.1105125941689116412983217891132
36611 30694.9668432359998245181365249987306
36612 30695.7604564632773551633788886722331
36613 30695.9834782402786718338336741953864
36614 30697.1687592472472295255008390016112
36615 30697.8430985046875751806149849855005
36616 30698.2899963443682323501058642880219
36617 30698.9273184568485763174198038779814
36618 30699.5201768033250755800552802064342
36619 30700.2576821517775124507037239037352
36620 30701.4241810142690177019619932315263
36621 30702.4100419927015533831838221081087
36622 30702.8845724057220584100222110276852
36623 30703.5590012269498672118468597560349
36624 30704.4253860569324365850280023347447
36625 30705.3173428064066197935632964643539
36626 30705.5476472832330899899704390798384
36627 30706.6277364150802656569328319729307
36628 30707.2632688274987954983123160812892
36629 30708.0892497666825006419681819922002
36630 30708.6661597126197263897434733987270
36631 30709.2919823533216508593954142480309
36632 30710.0744203669153043120314563894481
36633 30710.6797627678408338359229316696923
36634 30711.6756867428810213721046375933501
36635 30712.6612158704215315709736332926374
36636 30713.5854410496803446614569441258386
36637 30714.4211003332111738745568838277946
36638 30714.5524254461898244634199889034106
36639 30715.1789194052930687205847690418812
36640 30716.2082981132969018709729142088733
36641 30716.5013944183748834816962637425137
36642 30717.6340229184649694747044227579142
36643 30718.4546746829756840646024164204669
36644 30718.7992171613649756755400479213132
36645 30719.6646064287467072323695198520672
36646 30720.8374217642568726291235818781901
36647 30721.7172267624655584040900331091986
36648 30721.8905075438208661125958868846658
36649 30722.6641174365872506570591238766649
36650 30723.6102910139023442724816558465410
36651 30724.7466894159010831066491837463835
36652 30724.9948483796945887223276121983300
36653 30725.5979774752200090721748125686507
36654 30726.7495318524052357933124029575760
36655 30726.8857749240468769642296845076967
36656 30727.4480691525266017873170416749848
36657 30728.5635361567948228954619342761983
36658 30729.5641310315820715245379131675003
36659 30730.4877331206515579469422268762555
36660 30731.2571668230542388166278634168155
36661 30731.7777127466023012522366094411578
36662 30732.3232325674156740335414488471041
36663 30733.3893298935816902934569054203785
36664 30733.7876164450770667464469347428103
36665 30734.5275756204054489155240631228295
36666 30734.9987312428146567989433866754320
36667 30736.3070576294335970316449999529188
36668 30736.8992044254614376174360146527132
36669 30737.4547476601383240168523868741749
36670 30738.1799850728112547038564316593632
36671 30738.8768773048218339576264809280270
36672 30740.1422278475465941366890998905623
36673 30740.5857640802119125068495026798346
36674 30741.6664260446863012159055783213462
36675 30742.1526637153933266312008486858336
36676 30742.6386125769220198563230039766421
36677 30743.5769331526375976060709544293440
36678 30744.1971206589554777803306679757500
36679 30744.9120043888892416105882255379297
36680 30745.2020823827547151910808656314123
36681 30746.3641147745937245584301172550386
36682 30747.1189150061445326645750197775565
36683 30748.3308871804058611708521292109615
36684 30748.8519841733615396627741260449757
36685 30749.7466588189466631549328784941524
36686 30750.0459347332662672621864465843453
36687 30750.9591389309106115850419929394961
36688 30751.2620612750882246801128737888857
36689 30752.7690246340187478181661362140732
36690 30753.1520029831988735005540307594614
36691 30753.8915066130808595819299707083362
36692 30754.2543542331236961671386602777070
36693 30755.0909179742463850922836288700335
36694 30756.0497761162464067684064658019406
36695 30756.7407389240306964261393768018932
36696 30757.6532931893127139713652294385981
36697 30758.5169940075548327145343012215566
36698 30759.1892585289189967341020826865610
36699 30760.2102755917993053667860090024781
36700 30760.6153447578548024599974039447985
36701 30761.1303183819574739542781088543880
36702 30761.6637252778245212742146258392863
36703 30762.5552667599799430951616650789491
36704 30763.3813429909462401366707135062842
36705 30764.0733524737463160946816906198471
36706 30764.9612180753458308637951614004037
36707 30765.8575944245519422734916356166864
36708 30766.5292307361013631317142165102962
36709 30767.1384836793707004109197260616523
36710 30768.0743852137396241525383101728260
36711 30768.8059525984147953799733300999778
36712 30769.2893321911749876507044997260738
36713 30770.3365382173116773817233741598851
36714 30770.7528191735703865219613944211775
36715 30771.7473516452017327215855096426391
36716 30772.1866469330791951228741833080324
36717 30772.9938338201422078162324797140947
36718 30773.5576260813165903243512164880541
36719 30774.0107173515627959427983917250676
36720 30776.0531244736504767103985478977387
36721 30776.2573733932159107089842506558090
36722 30776.8622850411386523141576702801089
36723 30777.5428074657265060719878804668447
36724 30778.3745556551687020954993961255899
36725 30778.9223253389706829911715089275959
36726 30779.6358582590316675106262336446985
36727 30780.4775333754759120550644822389648
36728 30780.9361528903673528876260538021538
36729 30782.1122713678252727939432207997945
36730 30782.4762889012802372683449365619780
36731 30783.4152508402723746213712092949627
36732 30784.2515105152159230412148881615304
36733 30785.2208732431755318871427653828547
36734 30785.3678120774848422769137245717738
36735 30786.6009502771400430563870658073404
36736 30787.3433660348481607898364214153357
36737 30788.0219430879669905475814237468706
36738 30788.8910849545121013989220337207013
36739 30789.2709056061593185656585144526184
36740 30789.6023070428839067273208445041695
36741 30790.6861066714635602301469890310247
36742 30791.2816911332371472697755548480145
36743 30792.4024755228822708504427865139571
36744 30793.0609416813739388289202823486160
36745 30793.9231567923258726612030577920099
36746 30795.0872478268475120682149692719830
36747 30795.3008813621657940851519061914472
36748 30796.0982863270313575336220918891574
36749 30796.4650296774617720254513009022805
36750 30797.4011623598207459024538499081585
36751 30798.2477528051278774037793686199013
36752 30798.9965020625092703842708299619459
36753 30799.9380142180641822187548376056793
36754 30800.2329991911813539784270504437195
36755 30800.7328329819530744635823582761649
36756 30801.9531787682720259137120989575270
36757 30802.7001851362599726430220274100420
36758 30803.4892591051608182770167882616088
36759 30804.6365080524987391467952301416868
36760 30805.0296362070346854692800489036305
36761 30805.6040216374343731101448888522192
36762 30806.2937531017004035856230124377406
36763 30807.1761994333218275829951657302965
36764 30807.7856261123179954398718919515298
36765 30808.3576209750646568905788554561327
36766 30808.8307715483812857697024888957744
36767 30810.0186959200170480052398180244824
36768 30811.1007813225155286006684246332803
36769 30811.6909405038373544436401064343000
36770 30812.5268454037073207875870230118198
36771 30812.9518021753756526969806146502941
36772 30813.5518543822154404074522446868536
36773 30814.8248656105609794861619645389880
36774 30815.2557906842350462948480653876326
36775 30815.9959491273891372052124777800511
36776 30816.6816623742765604737547882955996
36777 30817.3114241363687105902693760178954
36778 30818.2487723198501232013859965246947
36779 30818.6568286438804119596820482378601
36780 30819.2983711824172341611265240897199
36781 30820.5262848299929129376515677871212
36782 30821.3026837615191476515574394572256
36783 30822.3745925158803875256059612500936
36784 30822.7049684579979351584482301993727
36785 30823.5457812166781523397256411559811
36786 30824.1563079211450872388188110393394
36787 30824.7296055974854777936169121636212
36788 30825.1601889059125782340947680431414
36789 30826.2553535480917829902723563859220
36790 30827.2450352389595787580085992564336
36791 30827.6552641143527706161220814293143
36792 30828.3975323262812821867221231756704
36793 30829.2509360105053819683708141735213
36794 30830.2011201794559232050966101473290
36795 30830.9951820725649919676714177206746
36796 30831.6701186791129246320212842328244
36797 30831.9473008723903738951896176018049
36798 30833.1759473511737423669579854283562
36799 30834.0221015865056398920179058401036
36800 30834.5302129107542217297484441613982
36801 30835.0410830800246264471168187312729
36802 30835.6069485913562071937107476962397
36803 30836.4971767655779329790632553501101
36804 30837.0057280340512418563601333901037
36805 30838.2827886459725704072989363639455
36806 30839.3277778892328204379127381442633
36807 30839.8392568777765461939334484092101
36808 30840.4724566144199173152130465291701
36809 30841.0920180722646135412579402965224
36810 30842.0411589158235470576880446098485
36811 30842.4085084673139829846959416371858
36812 30843.1510416045742467198450621111787
36813 30844.2485290215978858410379286245839
36814 30844.6980243329028684041157854122453
36815 30845.2041112939723790538209297632285
36816 30846.6252077891667718298134013603302
36817 30846.8647208311140716330193438577863
36818 30847.5483719190554728477811872383187
36819 30848.4842640012799570148425402991442
36820 30849.4983008808446251136717065763527
36821 30850.4510228194906323072920955595822
36822 30850.7922374447698900909958032749037
36823 30851.5245955708784975262863513475289
36824 30852.0234427088368957535464311017643
36825 30852.8537886113976014975160118460375
36826 30853.6053669375804724877966225605950
36827 30854.1326623192995081050169237157598
36828 30854.9535776892032295959612064182138
36829 30855.7578232061832065176912614948528
36830 30857.1334998448860983736191033679748
36831 30857.4446061681845487840707203758631
36832 30858.3443928215106504751619459845273
36833 30858.8359572906128803245424534098458
36834 30859.6215314166659225995040924034679
36835 30860.1803043027764018512744182422185
36836 30861.0274660422782865441545829177911
36837 30862.1408279486446703935150152203508
36838 30862.4630526990511953516220749123978
36839 30863.2596197929956627478537230079257
36840 30863.7897781825927579472603126572325
36841 30864.2805333179504855708658653822476
36842 30865.6190392699865358639701842085158
36843 30866.4906823782126885139412379584519
36844 30867.1726049261073114080412012041253
36845 30867.7873881656349933480737024895177
36846 30868.8839629813966219833789038218828
36847 30869.1217093086795557073206226425636
36848 30870.0913345762262481990965736299159
36849 30870.5512645788642864232209022199123
36850 30871.0608881138365023972086695283484
36851 30871.7893011739000759661596440113807
36852 30873.2137744017372588289706492947184
36853 30873.4999233293304547627963708223739
36854 30874.3355405923206433701067469006333
36855 30875.2648980703118269344881434570250
36856 30876.0490100075054223172608794592477
36857 30876.6048216254045179206242000480125
36858 30877.2126098705086791064261089524652
36859 30878.4476738499861266501245940517717
36860 30878.9183732059790356228238241015131
36861 30879.3802998419381447139050220419404
36862 30880.3268438143356428056158092643639
36863 30880.9778146534332806093347679952837
36864 30881.5257870547999323554254474876361
36865 30882.3734671948266425984769072789989
36866 30882.8453322718857402851530690337168
36867 30884.1458283817617778702052616118646
36868 30885.1990170083113480933395793837285
36869 30885.8317080079429934547181387792256
36870 30886.3297651606687430223840739341908
36871 30886.9874017464879582333798277691789
36872 30887.2218620373655790888751401416366
36873 30888.6405582173467097104216328836641
36874 30889.0109577954938740163128049331522
36875 30889.8485721756304131601850194420493
36876 30890.4864720651784058593225693280920
36877 30891.4226071874012274683857023839404
36878 30891.8477221145324579418637675054537
36879 30893.1624546826625944695715106448117
36880 30893.5806822219578058536546837061690
36881 30894.2432160851980676982971528495177
36882 30895.3397663220502194725949733162194
36883 30895.8973598554527236325394499276294
36884 30896.8080038171220815138607501368475
36885 30897.3761975026337262418074284887284
36886 30897.9605234717888780201585543068849
36887 30898.7017237394953986047093147384608
36888 30899.0849318386475087350784430727431
36889 30899.9290512978878153290018504066445
36890 30900.9049679768671105617105890948996
36891 30902.1445087522786439045684375862567
36892 30902.7060695653043106579799881624043
36893 30903.0209140635036646968694384681823
36894 30904.3320245268355467474051280599623
36895 30904.7820124092064580068507403966611
36896 30905.3391351159800624075129129714946
36897 30906.0248179082529527711968600321283
36898 30906.7232757490504619306134064762969
36899 30907.8111083220042651191317062497282
36900 30908.5005153617145696836411206805647
36901 30908.9534220314157193020833581403780
36902 30909.5794229108993572305392570234894
36903 30910.4521303619122240874452193401498
36904 30911.2174801828093095499702861849172
36905 30912.5071297359956901469386560049942
36906 30913.1051426543075169814144328689744
36907 30913.5518334493587040974644196640315
36908 30914.5265255157282292280333126438163
36909 30915.0545775510516975915306726806344
36910 30915.7778220363845772227356623349336
36911 30916.0932298214528369022585451084377
36912 30917.2887698506478001712718336686976
36913 30917.7818493477415872787852905908538
36914 30918.4403000463465700815020924440301
36915 30919.5070661393404960257374610995676
36916 30920.6676279075956967454840788644811
36917 30921.1496501542191957851928562844119
36918 30921.5633600363168835130740730590831
36919 30922.4605662066089269045234508800771
36920 30922.9774576727761698659258145266103
36921 30924.1359451905563266775146601815841
36922 30924.9083655437482005506039692423491
36923 30925.4524790283678641796462284047523
36924 30925.7568056727024026385646411706258
36925 30926.6882286745311982753242833915057
36926 30927.4104807019026937922506556356883
36927 30928.2993439453392702665321063645944
36928 30928.8124189740060044701124575117381
36929 30930.1838531484676683900080256194009
36930 30930.8152086970161202569756590931083
36931 30931.5571618467639208657350331431426
36932 30932.1078401390717207944378486700792
36933 30932.8219257692772680634751708728505
36934 30933.4153649846711345326168853504359
36935 30934.0218504488516600812420884203368
36936 30934.7266583283834128213997597325714
36937 30935.7808026970462591607534184306408
36938 30936.4566560450592024761734671676572
36939 30937.2321987588624060947715334883632
36940 30937.8004512653148548344110830644270
36941 30938.7245799317591462825661230425179
36942 30939.5446350042926634428276277701263
36943 30940.3730425406284948297856418235712
36944 30940.9463417926594429341162898454225
36945 30941.7748180316285874176017232053494
36946 30942.3533966619940430918582251658362
36947 30943.1531915779703551275438747649071
36948 30944.0376723027642686894579175149462
36949 30944.4938121829019643304952353742270
36950 30944.8661621978726228717261133279294
36951 30945.5368087878376413696262903559754
36952 30947.1560004986014976058502251707933
36953 30947.6679698655707159654702007347033
36954 30948.7642625156992845445264766928262
36955 30949.0601785101558400521276109855562
36956 30949.8090430722495425365831434227701
36957 30950.4163668879964625850648898139672
36958 30951.3307017683657972385377654951497
36959 30951.7707786016801968310873837894591
36960 30952.8296005602807481795548035073061
36961 30953.3802306308942813474683903680024
36962 30954.0776655260413795961952396177407
36963 30954.9056460680705486071309562948357
36964 30955.4353325298251074083177237628558
36965 30956.5821685834323940932897113866778
36966 30957.3505622537549199834332359911412
36967 30957.6114418861933392214359768035916
36968 30959.0507876931139466773240328608081
36969 30959.9248507224143504383355472109567
36970 30960.0671859960490429127122068405276
36971 30960.6361075118276836223664673094942
36972 30961.4469410279903895686883998263569
36973 30962.1278779820336901114956952391555
36974 30962.8532901895216298763534902417688
36975 30963.6983199791522116648592962058204
36976 30964.5533408665053467740707280998939
36977 30965.2297877562175614947594975758375
36978 30966.5267454654927346094385072726447
36979 30966.9054586343072717574156953599742
36980 30967.4834289627677418140420670793768
36981 30968.2937744533917912949626693397202
36982 30968.7627571115065424218551372680645
36983 30969.8134343945430255086113357085117
36984 30970.6515589877709248711450601694171
36985 30971.0829045269825879399654265932426
36986 30971.9485080134423960252230446200455
36987 30972.5192910864592678089720165903883
36988 30973.1212702629428096208924590311733
36989 30973.8032443320752960137891372966201
36990 30975.2697605976445899222201110067797
36991 30975.9245306418713276096199074610688
36992 30976.6419628615681217471435790754239
36993 30977.1398759972985405833386084635960
36994 30977.7803276577485999712788879938834
36995 30978.8166314895418599164155644729199
36996 30979.3499729732872125930501691011725
36997 30979.6448434542782975263643949276487
36998 30980.6244639920058649960766387570967
36999 30981.3123953137373645781613609435690
