8000 8148.1884058046270349646302217790673
8001 8148.9866535634288505906499429218826
8002 8150.7406154821331800500282388622328
8003 8151.0266713046059411333251452362127
8004 8152.2177282584099235780969965254069
8005 8152.9659311276003508320253541137849
8006 8153.4882536610073897872011501662805
8007 8154.2729794272651034276499632066215
8008 8155.1289339925417012033222702203331
8009 8156.3049123858530165653580522236192
8010 8157.1947646201684247983082948737929
8011 8157.9815684915659548413661700829689
8012 8158.7676387422855245075843071475477
8013 8160.0782008099194802861784968085131
8014 8160.9501225897017051379205524112802
8015 8161.3461456332076552996999431702847
8016 8162.5921405865401770662278560629835
8017 8163.4542845009467569612586706521288
8018 8164.1069571469477876662349138472764
8019 8164.8702573333096570337798550629023
8020 8165.4488184752036365470971794593196
8021 8166.4480892374594740720968805567411
8022 8168.2951041298720978566811287219078
8023 8168.6684801292480887768920294438648
8024 8169.5938362037261838800824709134724
8025 8170.4157790016777998851838272458895
8026 8171.0951109830130088798394912925920
8027 8171.8235531532619388246521023431826
8028 8173.1115339809573993469111008806577
8029 8173.7382926577678626942555417831384
8030 8174.3661809141431811178688209762851
8031 8175.5316289520275570912815940324485
8032 8176.4492134537354875552634932198603
8033 8177.3315427202564755961264610040578
8034 8178.1046669527513499040244473397355
8035 8179.6903870232583936650381723659068
8036 8180.0357521355046211667494313721787
8037 8181.0132098162694688910429065773599
8038 8181.2820446135679025116152212180584
8039 8182.4301167937365779544671752179608
8040 8183.1299902532118865296890291958116
8041 8184.2546006733717811225005085216494
8042 8185.0386831693813247507089535487661
8043 8186.6052282804658673205408056391693
8044 8187.0190861280308268175152640280300
8045 8187.9273985451638117626655558457087
8046 8188.6750921549033841552486637074920
8047 8189.4580016837132081366786639403934
8048 8190.5388596464303640185665604195954
8049 8191.3173594217393895105908648674615
8050 8192.3346499420948859057743418240017
8051 8192.9954067273535763146765079025875
8052 8193.2334109945462781467075919656902
8053 8194.9294081380067076080910103017529
8054 8196.0675849184594800135038254545796
8055 8196.9483247515700200638363682281966
8056 8197.5133539429142366892394416850749
8057 8198.2426117925088138130862493053998
8058 8199.5851171776583816389241501530421
8059 8199.8847738627185852883089557946106
8060 8200.3419522111529104573294691191619
8061 8201.7552603601956866057959735363840
8062 8202.8766461704006689802747460481481
8063 8203.5292037401325724546041174880604
8064 8204.7617293300882715632276005390077
8065 8205.2592505322554878374952645838951
8066 8206.2283750579932737734919522201975
8067 8207.2811752652216493450770582215494
8068 8208.1676075218461650300171850143604
8069 8208.8464243143501267758136820843946
8070 8209.5306855791441489420688662006330
8071 8210.5103487989435035769320816019129
8072 8211.0308888826076887493398606309708
8073 8212.2656124185219457188531092106686
8074 8213.2532675469005867260429853111578
8075 8214.6687479541939952202245308234694
8076 8215.2376249589123054241002105932171
8077 8215.9626284697598117102016220764133
8078 8216.5026612602617563843292695822408
8079 8217.2680040868985489388378408106914
8080 8218.6195733297153743896265251116575
8081 8219.3465438275383977444742899927652
8082 8220.0500145010321266109787793369740
8083 8220.8528824500297787001916787691513
8084 8222.1539334818335158720897290400510
8085 8222.9087931577011448335368488546763
8086 8223.8040932116945859271259256171438
8087 8224.7830414931246769399117956186709
8088 8225.6624846851709287185210865153389
8089 8226.6063915775582021046475637895404
8090 8227.0220323072993290880239997515881
8091 8227.8980639635369536876251130582032
8092 8228.7565918201831464200539568057389
8093 8229.3094243428249411516592740986416
8094 8231.3186049118782118212071135480781
8095 8231.7520393976698336566465742018446
8096 8232.5343974861109461697166283484330
8097 8233.3850178359371081900162917348124
8098 8234.4630939640371066986849651461085
8099 8234.9404633880853080503763695921864
8100 8235.9030776563018194524525629629328
8101 8236.8528376317735882410296735210546
8102 8237.6612393212796639591166130162694
8103 8238.6438248535586843054670027209085
8104 8239.1660995475941288107813270522796
8105 8240.1076601651868296923658048778352
8106 8241.8105398488061863737270359154470
8107 8242.2629833804476220242021311486296
8108 8243.1261251606121695704793307489118
8109 8244.1266723430047772266458357242526
8110 8244.5224730363977732352718320513517
8111 8245.2919028175239074315835079555923
8112 8246.4147502346141162913064472237453
8113 8247.1045236448227449791654557300362
8114 8248.1980154394980153613018073767947
8115 8249.1822116739941739024503060674713
8116 8250.4766404544730996044452942745161
8117 8250.9051284298439984322707608314215
8118 8251.5919308046057243029720006987790
8119 8252.4959633462395499553973479554405
8120 8253.7952617505781618622158447411829
8121 8254.5421108732496436595798713360983
8122 8255.2381006607303377052710687782886
8123 8255.5190786916406234159792248147512
8124 8256.7777149519610337794590372650495
8125 8257.7522368852883551652219410336329
8126 8258.9979989110407358812334945616936
8127 8259.8685252578019501162782838281776
8128 8260.7825027625272017231692566425607
8129 8261.5662535078956857904007339314662
8130 8262.0021224235306329190381631932448
8131 8263.1688997261092577599335188443520
8132 8263.5410482904965812202592927033687
8133 8264.7988329301192298358471925798510
8134 8265.8474282542660628304320702494394
8135 8266.4591677264010873002035979073853
8136 8267.6208023071356263630651036285170
8137 8268.3067970803536068377415053802464
8138 8269.2938373689573362726596022362471
8139 8270.5973751437730934610159445209025
8140 8271.1029889887829183704748483049195
8141 8271.5271245632738039483885819622965
8142 8273.0237270204284225582712729878450
8143 8273.3590886569609359744855511687149
8144 8274.2607489157919667677153839188880
8145 8274.7612961741784121493416481375343
8146 8276.5320876216412534950599908374498
8147 8277.5505317313808264464447139716061
8148 8278.3110448937463518479003955599511
8149 8278.7241551216715875255237648896379
8150 8279.6582202940784597263529314876584
8151 8280.5766845909873686145565705591491
8152 8281.4277338332639940747042584269855
8153 8282.3251868346378637430620720264015
8154 8283.3642300972432766712892791201430
8155 8283.6827197439192733571177406549360
8156 8284.8370591545013736432606367912150
8157 8286.1564653783227521170049740131778
8158 8286.6660885581966411071767129617905
8159 8287.7365122636151033932308413818141
8160 8288.9804360582501459432684900396353
8161 8289.3880012304322285131827448442423
8162 8290.1780267562379182875035349556621
8163 8290.9412970062354224621268259895103
8164 8291.3605924918977021780588770241742
8165 8292.9629451853681105178143942956846
8166 8293.5881703756292088960233815873108
8167 8294.8468629006618747489370169363804
8168 8295.5685173155340197654160106784752
8169 8296.6937395948058060846596305844913
8170 8297.2169606003313493615494349356810
8171 8297.8470351383196593379844654030099
8172 8299.0929308972478732621291413136911
8173 8300.0124350096257790945476867025749
8174 8300.5363698977046595302858509272838
8175 8301.5054888753024427238262804691401
8176 8302.2434786569412314827325412453840
8177 8302.9326100945970829156294721767245
8178 8304.5905857136348938419442221029732
8179 8305.5876351614183710459376121244014
8180 8306.1429164380670522417178763134634
8181 8306.7239949883865489279257465253285
8182 8307.7619133722720022406455794872108
8183 8308.4226542343203765924842231688466
8184 8309.3516842700059452814093421136738
8185 8310.1426259481984164688705667532944
8186 8310.8952661681538411168690248974912
8187 8312.4878881760293773359055114402884
8188 8313.1442113883409193139140825376546
8189 8313.5848853454728876495403602294061
8190 8314.9367146306437922171809831711750
8191 8315.5089347031074657182915438963510
8192 8316.9916970125722520649721242933995
8193 8317.1380316004405281645725059498394
8194 8318.2170822560948557729974227476225
8195 8318.7593558383600571765923932790314
8196 8319.7474364401570975018980070159174
8197 8320.4635125455908167663023623867895
8198 8321.8956862402798679873496274161511
8199 8322.9959640730779568857885080151629
8200 8323.5087881739490788976113991271006
8201 8324.6564292081244914027908820675966
8202 8325.3006369810330481518145594582849
8203 8325.7087972781943217500899355677474
8204 8326.6197381603123203302685928837936
8205 8328.0792116920262171817617394043216
8206 8328.7155897426883034841406236045137
8207 8329.2713406981875610201767627737686
8208 8330.2120489249679471915401666213944
8209 8331.5935028496813405172404698095648
8210 8332.2630710238541044929559565647438
8211 8333.2376647139272191191219312867261
8212 8334.0527266574618419393750033355328
8213 8335.0372923600829027587280543575975
8214 8335.6263926662619883534676389569194
8215 8336.4618897390435137560916039751579
8216 8337.0760409222974576788205927069762
8217 8337.8712954671321255778525005579072
8218 8339.2574806062682474519071435781728
8219 8340.3937143330085325055552682359672
8220 8341.2815548426097172978112089612156
8221 8341.9249806935676681968153899003082
8222 8342.3503135419551851137142999192117
8223 8343.6491016372553110268821092814680
8224 8344.6616386697730478289159531082624
8225 8345.0530083234455281103938201676500
8226 8346.0831128823036318771241514072901
8227 8346.9634633588637994408195420607284
8228 8347.7100967672594629427546043751275
8229 8348.7475598640356345726520627224862
8230 8349.5349792151465513044596577219776
8231 8351.1344218124701115017955538911543
8232 8351.6615475031390792136048281917034
8233 8352.4171198483415693961535985764309
8234 8352.9580737031768183734009456255289
8235 8353.8456090490253909332204309910431
8236 8354.9185494371909392929577904520187
8237 8355.2689139747584654219546125963189
8238 8356.9040409911354067970740395268016
8239 8357.3174714034220490442099102477022
8240 8358.6194258550046023923260135991469
8241 8359.6584071855767371693776455755698
8242 8359.9707656299703576723740055096560
8243 8361.0736253952304368030644656868105
8244 8361.8540993145781498505122117891448
8245 8362.9102696920545158950126871982904
8246 8363.8965841730568021805618182446797
8247 8364.2703130847300527978278894876194
8248 8364.9216542525335334092994367303272
8249 8365.8424617949792253571381964454514
8250 8367.5702029020893758918354054140270
8251 8368.3001710895835849762373268315685
8252 8368.9241926907755122748654752301857
8253 8369.9805166317288002654805005269240
8254 8370.7742599059087031814121113301812
8255 8371.3080435491772688316465930132243
8256 8372.0875743863339275791188869322808
8257 8373.1474454402759683877683598173440
8258 8374.0764604647023562958509061828825
8259 8374.9675121252395801259577670192193
8260 8375.8435753172237095433002968783768
8261 8376.9647852951053384491753295824599
8262 8377.3918865663436762174813613381709
8263 8378.8500005557684895718671696301737
8264 8379.4656012949255281466754073803905
8265 8380.5562287441114124922686323213153
8266 8380.9661543214608786293720465049421
8267 8381.5640902545333262646724835896103
8268 8382.9055006834834093396394280146690
8269 8383.4026904570302355917765222302149
8270 8384.2432648556434022654504776848852
8271 8386.0208663445144003419756690613643
8272 8386.7167729532468997194986822019646
8273 8387.2403283949491254011451093523698
8274 8388.1998275202377673027180152347870
8275 8388.6355382223056733882555254786474
8276 8389.7851943871201037966628502815397
8277 8391.0430450518899018122632943064272
8278 8391.3457694468011318162268050039094
8279 8392.2026090927217108382898040717972
8280 8393.2533834852227072196650295822441
8281 8394.0487470189886732220875840925587
8282 8395.2581538938199820615603533852224
8283 8396.2381832310352553595502475584158
8284 8396.9567264759994594688325303129826
8285 8397.8015386026776082121795077030386
8286 8398.7407156548434548239542945449972
8287 8399.5251522105748044391866389918247
8288 8399.7332803766886040333951038194215
8289 8400.7900296343211138257197525214774
8290 8402.0712494797395456346101960507653
8291 8403.2871327309237936030045891517319
8292 8403.8144349226545279563452617655716
8293 8404.7392894992326017882229756070195
8294 8405.7051954804219342523011379252829
8295 8406.5693554867528864312449935557025
8296 8407.0848635150186160388635413128886
8297 8408.3315132092081732462525710659312
8298 8408.9287363827558800730930547023888
8299 8410.1024792728505360421362125809729
8300 8410.3652413075121744244068617343289
8301 8411.2543842886560672198127031077681
8302 8412.6341418422945395376532497236828
8303 8413.6809793991624614081506695620088
8304 8414.7834507486797803854336863858408
8305 8415.4034998566476075855059954433700
8306 8415.7232540176743522038572459607448
8307 8416.8381299181416809804708435606689
8308 8417.5565273951801926133761265271673
8309 8418.5272392304564163199991544172040
8310 8419.5691090173627937328901382105936
8311 8420.0052489822173096743829482154943
8312 8421.5083902478044079240374480787773
8313 8422.3785276354172449401920824124609
8314 8423.2406482844222289558968203462370
8315 8423.3890637490083140980493010380229
8316 8425.2509717703252808505423256094365
8317 8425.8397292713775916037305544973778
8318 8426.2874673502380285726959360061412
8319 8427.2833488710303771077445923046436
8320 8428.0185731193786219731821860133388
8321 8428.6248300324474066963599115745333
8322 8429.9958556841245553334386437230092
8323 8431.1770006292860376774723231853041
8324 8431.9553604193093327336435090796096
8325 8432.9759588329727073898376919067600
8326 8433.3124802914100108872280028839298
8327 8434.4154213020178629266783146354803
8328 8435.0581372032586480166615494137725
8329 8435.8113853981771487616877306192319
8330 8437.0439237720199330530838569817098
8331 8437.8907705058763984073399453959681
8332 8438.5815087214515301860076804394673
8333 8439.2804538770134547696999638103059
8334 8440.6224956396059069970185700245343
8335 8441.6808754720004323667006279161390
8336 8442.3425484912609362517209489516185
8337 8443.1843758203626543668291500404580
8338 8443.8593588209664369644963736113059
8339 8445.0195506559883008614564387928834
8340 8445.3437433470723213344556685659062
8341 8446.1863498224263123558944574565120
8342 8447.0970122785679005306566971752667
8343 8448.6341766362007018359458719136176
8344 8449.4960188788905498024401773281324
8345 8450.1704507815853690063415189398198
8346 8451.0110514859495398691258518864137
8347 8451.6723548376639689614929682660420
8348 8452.5267875868507435041697084367243
8349 8453.8405443275217646863475265083066
8350 8454.3855938695072255655308090799144
8351 8455.1291147446262842737227973153985
8352 8455.6822013099858294451383208876040
8353 8457.2569338948711866603201825789876
8354 8457.5849566752838424886796263760458
8355 8459.0779029748678202021821813569363
8356 8459.8173178108387342555447957524099
8357 8460.9138890728264996368578535260522
8358 8461.5628678470962141838303554655687
8359 8462.0698864275423698393749937353869
8360 8462.6465791640988454373700870435862
8361 8463.8994998457076656513947263990603
8362 8464.8785425298735645203022289935821
8363 8465.5375104860560695048910218571187
8364 8466.8263359920423572726502904871851
8365 8467.6356301887717389432702840736989
8366 8468.4443071226182192270497907229677
8367 8469.2418668182039210499270984285728
8368 8470.2854621544928256570508928356747
8369 8470.8555678822200408531323631575780
8370 8472.1067567048983355704550654258868
8371 8472.5815935858232674017997403649542
8372 8473.4221425292898489811071145342626
8373 8474.1789867182367610627131515249777
8374 8474.8403204043158027580025808315918
8375 8476.9046649175298730509315796247369
8376 8477.3886941016053079649192675652272
8377 8477.9218610248912868936000772938756
8378 8478.8428167678076826196406447643626
8379 8479.7215179055170753596530207552247
8380 8480.4980983958208737337650355587157
8381 8481.3019175704639007109593203596378
8382 8481.9877570463195667669645417279470
8383 8483.4823144660798008739774345146350
8384 8483.7093652265684159979570831218138
8385 8485.1343154830534740503196896866701
8386 8485.7315958220592165104218272554970
8387 8486.6955243898423266752063357954041
8388 8487.7944940388591071693264233098315
8389 8488.6924186113248957436041179934575
8390 8489.3358435967004937872912853168398
8391 8490.0356111780591480096735893289023
8392 8490.8007059069410901707086864439425
8393 8491.5074547671211881344158521413547
8394 8492.5964870466244796018380255724986
8395 8493.8235746352286961873994946635984
8396 8494.5520180299126691908515285111472
8397 8496.0298500638200899947844056319384
8398 8496.2900022256249853106385132375085
8399 8497.0538867068174327838464025285647
8400 8497.6373562961388791165513165609548
8401 8498.9550654897446572170302148596681
8402 8499.8485380849487230333481872794340
8403 8500.5876233289172037178665627106361
8404 8501.3027554668435488961629807710801
8405 8501.9085448431716617059644393355361
8406 8503.5282254738432394312202651173425
8407 8504.0888736135654148508547934744717
8408 8505.2635130547029039113363726683944
8409 8506.1844670901549672556628731334159
8410 8506.6556302483171769529078219523126
8411 8507.5684306651966690494206184552469
8412 8508.3418391849612000252979062410160
8413 8509.2050927597798032100482727372718
8414 8509.6051680689294703341745763222702
8415 8511.1681811492921499336673037721334
8416 8512.2372989707987915697507727969961
8417 8513.1805042447661437806954380218663
8418 8513.4283668561761682361302834503871
8419 8514.6031224148043404002064549322462
8420 8515.5103061671035574728463276696889
8421 8516.5207109856028854128898638360362
8422 8517.0667933989542243948178697229884
8423 8517.8369124099386039951199141572028
8424 8518.9942292302815439398629578038823
8425 8519.5432419129788982995658383500008
8426 8520.2041927684429400442167315483835
8427 8521.6985294126804389676550311962387
8428 8522.8834614658759115554680582138042
8429 8523.5817660928204338520881245682314
8430 8524.0729598925950808145812261357386
8431 8525.1927408418555177442926697424138
8432 8525.5801459398717030979803192575801
8433 8526.3849670754924714228423651446714
8434 8527.8012854760096971039686810525716
8435 8528.3352796611969336764578507283513
8436 8529.1657252445565360851689021389353
8437 8530.3920884748918375094472775347724
8438 8531.2159694052321290693722804800132
8439 8532.3116479842475426348751032415078
8440 8532.6107072749957502837525058277354
8441 8533.7801944895099638627771162378497
8442 8535.0421504841679109074868775809163
8443 8535.4674498443834168718561675390346
8444 8536.0333100807674850937658549610755
8445 8536.7496641458210334134090129521995
8446 8537.7783740135850888362833246147197
8447 8539.0571182339057035197304125023334
8448 8540.1925957198292066417711911368913
8449 8540.9666493710935441798585379576474
8450 8541.5399828085925481629123472182165
8451 8542.5653924682196213485810055371748
8452 8543.3390964167921429272467973863176
8453 8543.7515197178965436294156740492251
8454 8545.3033340736147376771825378309554
8455 8545.6181224072561594026750284211021
8456 8546.6914914528309189742143935235390
8457 8547.7091081393472624752443599055711
8458 8548.3803883813061822048624898842917
8459 8549.3054957706880966470444572537664
8460 8550.7422651279222562734292894713207
8461 8551.4511838517817234239368598444799
8462 8552.0368472519255926459221528107291
8463 8552.7046888167724187162065682468130
8464 8553.6576952316439390169093752232289
8465 8554.5400352592770306413459575707387
8466 8555.1295486025845066085270761644988
8467 8556.0622090768775724326683798592320
8468 8557.5270267993998815112984142588769
8469 8558.6126562400407389092923701798039
8470 8558.9234608761353455132685554645195
8471 8559.9601243114728237135456052283180
8472 8560.4261670116818229251596232193704
8473 8561.8005410265896442345851158815856
8474 8562.3548293846788967594939210716417
8475 8563.5825112842619777073549960325628
8476 8563.9103926341722346690855805514020
8477 8564.7573827221338432780055667078157
8478 8565.6187436756287569813946900763245
8479 8567.2046071499022158214022608383831
8480 8567.7445397335501077438584346073958
8481 8568.7467483204884997394465385494640
8482 8569.6952309611546008953266405543707
8483 8570.4731442549673633525502378961471
8484 8570.9462154173871940377206673169522
8485 8571.8188962006718130379724833340036
8486 8572.4264647582799654871674301236899
8487 8573.8829347415821736327216667504096
8488 8574.9130033195246131668572828545927
8489 8575.1759687072403754441416539566646
8490 8576.7089346310890011014596457085490
8491 8577.3987019958980748542654635289688
8492 8577.9712467639312303550448462062858
8493 8579.2369009759359501317144709609674
8494 8579.9179641320340076240377660514095
8495 8580.7020039206100425945695667930271
8496 8581.5563547349492551357150956783006
8497 8582.2967367356636678350491240523779
8498 8582.9824264186226556612593134755323
8499 8583.9130213809599411256443224304412
8500 8585.6514631502187184380758843839685
8501 8586.1748339805336689915149616334801
8502 8587.1973209268217373334085906456319
8503 8587.7112881949413818267950128044607
8504 8588.0948526014265905426907742471376
8505 8589.6424767102668564866785956678780
8506 8590.1271884165527881132359049090079
8507 8591.0955673024591577279420087975470
8508 8591.8037923431944154778410245337519
8509 8592.9209017734992260520666006820403
8510 8594.0557486588484652070262385735009
8511 8594.5020624612945982290875382756504
8512 8595.5509094699755119269559277888368
8513 8596.7872412150776489030783549152455
8514 8597.3844988508566179995869252954916
8515 8598.2300724279370323664237119765660
8516 8599.0068131110670752221043254086537
8517 8599.4317807587028360684303005290106
8518 8600.4955183019219807413342068062612
8519 8601.3361630436386337887712535345695
8520 8602.8009306326914584777741303445792
8521 8603.6671580554968953456088756386561
8522 8604.2048757458905283319355036708930
8523 8605.3720378458117258100562575860819
8524 8606.0650119445459160513253682032877
8525 8606.5968470479106887295352736419762
8526 8607.4695841590358418796535818483895
8527 8608.8740544119122488213263191357704
8528 8609.4765764835785449329389489164317
8529 8609.9699465226614965589238529918216
8530 8610.9005491745020228307790732737275
8531 8612.0072410315376110212177821769563
8532 8613.3490925703956056342831925032934
8533 8614.1535306210938248163213789012444
8534 8614.5702976175600465041396060083009
8535 8615.7789908957586099202927443141694
8536 8616.3341451273925253763192515717894
8537 8617.1704231467171282001912563472237
8538 8617.6823880076821374646672807708275
8539 8619.0046102401537741052257065645783
8540 8619.6100752563799341392984959012716
8541 8621.1543309741138192106027951420369
8542 8621.9526501574692473683112504546888
8543 8622.3903146201426834274610874210985
8544 8623.2846036697371791071018692062053
8545 8624.2200965163198134969356789197051
8546 8625.4810699826194504507676151414596
8547 8626.0165829440091187463012107967167
8548 8626.5700468989958097380593228223072
8549 8627.4694404097089775669117873662347
8550 8628.4317483727034411597754419521633
8551 8629.2768439475263579383340066919636
8552 8630.3307996962122461800879362791675
8553 8631.6694653928385252463585622286804
8554 8632.3987934106321813841466828955463
8555 8633.0719141913655164771777351113282
8556 8633.5913933424399080594385901508593
8557 8634.5927559972742159622809967850439
8558 8635.2069217313650365815733273661287
8559 8636.4398657076128721040551292032135
8560 8637.1875639779814713207998049045216
8561 8638.1508055918811434708452858781453
8562 8638.9290262050970932223539708898966
8563 8640.0567397820647932619432000984581
8564 8640.9308588334481407613110140080926
8565 8641.6569607619057138253882724439269
8566 8642.6434227197406615329746797361114
8567 8643.4544873350609446909107734940493
8568 8644.1664942525476470345913435459347
8569 8645.3148909208882525824310908871286
8570 8645.6295391381858009819830846360044
8571 8646.0216719293139878967338308051357
8572 8648.1808176628394765584902750066653
8573 8648.7746192173646169176898209102980
8574 8649.7808808426490501334767190871591
8575 8650.2394610886155690097278952534200
8576 8651.3755777807048008696076149321340
8577 8651.8684837463356966471187640718416
8578 8652.8615344197479760134732762137130
8579 8653.7785769650770163829844705805248
8580 8654.5010994405990201561637740206964
8581 8655.6473999771648542311168452871038
8582 8656.0727103417261669422275923704426
8583 8657.3388007542776798077821321520710
8584 8658.2221075036175288957385273616176
8585 8659.0654638152700486107237085237927
8586 8660.4647497715663138713800482625163
8587 8660.8949853178002706061380588691879
8588 8661.4691787333363035027833544481825
8589 8662.1860652767137021297670635078727
8590 8663.1608748440492157969252170967954
8591 8664.0682049864720348437139848813263
8592 8664.9332777669449350867211997127691
8593 8666.0082967425324659742869336600468
8594 8667.2320347090759283722034044002362
8595 8668.1062662739880235477741384427360
8596 8668.3755328871678943494593037558908
8597 8669.3175042258145831220112708374911
8598 8670.2334461959744485001897945246214
8599 8671.6391277015793147121086671020756
8600 8671.8200915550896580156811333325732
8601 8672.7768069515485693484849982801489
8602 8673.5240060996683158800299541821233
8603 8674.3492018640567166539764825266110
8604 8675.5961200993915878008149633229888
8605 8676.9242810505936118246519216156298
8606 8677.5193678277684678929338956530074
8607 8677.9877465302810434706665141015590
8608 8679.2912781675860518565997239838069
8609 8679.7486574521228184318506759172728
8610 8680.5840514073669861469808329572638
8611 8681.1618527791278706281000256826877
8612 8682.3858659164023844091081837341110
8613 8683.5012239580299743667142456681176
8614 8684.3451381412402888027780645181069
8615 8685.1625767547646365329215946415285
8616 8685.7912598876452500205301491144526
8617 8687.1896990017465495212082183758823
8618 8687.7773641107314579602960110163210
8619 8688.4790572969759668649351846764075
8620 8689.5513351298895386570107293748380
8621 8690.3648178697900483178162871449263
8622 8690.6627976218338323750998065330045
8623 8691.9262268527593859577457535186920
8624 8692.5231782939961996935016674917672
8625 8694.2284132948966838892201540058595
8626 8694.9022894432404367268080004597243
8627 8695.9050932982590636259246277510745
8628 8696.2583148526318807844439391951784
8629 8697.3365114352683241866331236482241
8630 8697.6104856812034155134705961557381
8631 8699.0912197095003725774051569929243
8632 8699.9364264577929945105515337958522
8633 8700.5975219962595305461979827004786
8634 8701.1611575651722307197862944362352
8635 8702.8042548782876376757424180646596
8636 8703.4171010217216698586307902497902
8637 8704.0793322367315190267559759384243
8638 8705.3188104286448753560065025706119
8639 8706.1546507508037589873236913072563
8640 8707.0052365818092914491712241616060
8641 8707.5975377009926657663000516127670
8642 8708.1138721954758427829825210708555
8643 8709.1596937386307693429987254303200
8644 8709.9493651524976981006189473708268
8645 8711.4502944774222873179743614983885
8646 8712.2753994750563583575276111072679
8647 8712.9867207080017130618419308768328
8648 8714.0309539003241426115467163859424
8649 8714.3665028009133699189245816657374
8650 8715.5857799507901294712609075733607
8651 8716.3564269679918827374480466467917
8652 8717.0035152275707379496180294592707
8653 8718.1398539349530685583408633067466
8654 8719.0902506771109788036812257113950
8655 8719.3825540527673884512471186169370
8656 8720.4478932992673705778252477378714
8657 8721.9749421714976962437749326870757
8658 8722.7557213989103246179918588453342
8659 8723.5990986422808230250935519038697
8660 8724.1081980741029607854550735697562
8661 8724.8596760380929099133618226928783
8662 8725.9567615845101065308248377541807
8663 8726.5368422095217577293535534692363
8664 8727.2537736840111041506973299826903
8665 8728.4988008553154969747627686001526
8666 8729.6280069896160571223083759503375
8667 8730.3228929329907910722581665738955
8668 8731.4748281842243950409465458170980
8669 8731.8798022453241452428016203174249
8670 8732.6233775387421823219149713743163
8671 8734.0813981729412931660194090037971
8672 8734.6759738376225204120401943413965
8673 8735.4145865401700129562360158786604
8674 8736.0800914116612904828009662183594
8675 8736.7676588726346735072525518766656
8676 8737.8865997011834841849286270838199
8677 8739.3895081698149240134078815339733
8678 8739.7148145186721525675788658156834
8679 8741.1124956693932063263159940991646
8680 8741.6833258954858249727968596053230
8681 8742.5255107149706221298058471370863
8682 8742.9971180939433605140017914841560
8683 8743.7490489294808750550792171299275
8684 8745.0538271394485039817828404279920
8685 8745.9771614125049615725871385812687
8686 8746.4435324958988852100925229041496
8687 8747.8073085117793878600142018223607
8688 8748.3845708557625609830813908652865
8689 8749.5164234986618641812894115045440
8690 8750.3300866455073564820858390486020
8691 8751.3464308638112460034827820292151
8692 8751.9991410094041084918914585214155
8693 8752.6727635900876396204307954323620
8694 8753.7754897889551536913080113884953
8695 8754.2589070917371378558262998118026
8696 8755.0091761216868405636266057910991
8697 8756.0438311273477522530112091340934
8698 8757.9030521207344289208431685452076
8699 8758.3301096593181056039772847478230
8700 8758.8066864231873211151249681829874
8701 8759.5919813695327128458937137368455
8702 8760.7977606916363354345177067766695
8703 8761.3356515962782934651427784173370
8704 8762.3288902823050195146541825340171
8705 8763.3964693671028538551205238385510
8706 8763.6556861965386860799895631323563
8707 8765.0058656434350783831359235887638
8708 8765.7411315774972276804348560961230
8709 8766.7092744675393692674493295861171
8710 8767.7978928503134048811949963950379
8711 8768.8004005133664476961529898854593
8712 8769.3713080120056263337279887576190
8713 8770.3210687434798074496732808109674
8714 8771.0296909559451405758114538160749
8715 8771.3963673445248783411640125836708
8716 8772.4137889985783832165260621202614
8717 8773.8925637814757019944973867283630
8718 8774.3369216659718159450406963094257
8719 8775.6436654089257948707776671516362
8720 8776.4128269808818432236929856495571
8721 8777.3254776409916595007771547366632
8722 8778.0167541955047893549172917244305
8723 8778.5475015282473854896873094808201
8724 8779.8741523887632573443996627014668
8725 8780.7510486292493973849136556195716
8726 8781.3998430696035149936770697326859
8727 8781.9994052502774193505997906592754
8728 8782.7635328465013635513987144349941
8729 8784.0981803925911492447871690953730
8730 8785.3490056203329596186726630746347
8731 8786.0014169197562839522104051948920
8732 8786.9257236424191973672216869778863
8733 8787.5165332684821957972061459550877
8734 8788.2341239620989320968657660763173
8735 8789.1667046520856872132162167060571
8736 8790.0559129685362841672781591207800
8737 8790.6053730308833309342935924482625
8738 8791.8657500606817253249335159497876
8739 8792.9381153771252290820590943854551
8740 8793.7480876050666875919912807507905
8741 8794.5282108023151380892135939959622
8742 8795.1021945781555706322117994784617
8743 8796.6053486152516616491949602676058
8744 8797.2813393301126613547960164582325
8745 8797.9334691841644475294524382920266
8746 8798.4597115369608827290787801670494
8747 8799.6275665515266103208260864582874
8748 8800.4027907978402295649409392425281
8749 8800.8753357409392301513191916549786
8750 8802.6339579520156659588888892349958
8751 8803.4282439392369883034082799192402
8752 8804.2204722117731824086102690961840
8753 8805.1711868741987673994541120012213
8754 8805.5994353612106338780901846707083
8755 8806.2725405985520318998251539672798
8756 8807.4887488339048836088147793305369
8757 8808.2233138378789096510364425065598
8758 8809.4135001751253444603216568961458
8759 8809.8494776550076402653962357927315
8760 8810.6026473874529335186515666202745
8761 8812.1677745795493337897860493543523
8762 8812.7257148112774368895089740121144
8763 8813.8321627506361117424428509311404
8764 8814.3112776656171660236726680060563
8765 8815.5948932985969563670440179562551
8766 8816.3336860400359577010658958601560
8767 8816.5979024240074098038572741525508
8768 8817.6045283385013107078018778227062
8769 8818.2670421955314717857222763914146
8770 8819.8232574638689563578347199777003
8771 8820.8319836685067782434750018498319
8772 8821.4280623243467228654290016939801
8773 8822.4382314605472119042339534229828
8774 8822.9824391959797909867119116739264
8775 8823.9263243581853294655688981170419
8776 8824.8215966000195231624794323109140
8777 8825.7470640350543661139085374297755
8778 8826.4712868239335346271772840876223
8779 8827.1963443674490822944932964336313
8780 8828.1269001366928259214405536028890
8781 8829.2008530154172528192156025504573
8782 8829.7573441079265619039886959036587
8783 8831.4762740082747664878393307914722
8784 8832.0959034411042321798419592289655
8785 8832.6677335343616478111382097581778
8786 8833.3532727014943181200500571860763
8787 8834.2273339537164117907173950575596
8788 8834.8987485262640622420687006651692
8789 8836.1749408579112059184197473836081
8790 8836.6234453742835259326721753267476
8791 8837.7764478262093790004237066287504
8792 8839.1038786360884308921126381682729
8793 8839.7864524889451264564616869576021
8794 8840.1838488497253103138994245747333
8795 8841.4019300894096091114007294079749
8796 8842.1864292935271218263274350194366
8797 8843.0852980448880169401817692590812
8798 8844.2098960668922865383477302708856
8799 8844.4212803215556375801120291249725
8800 8845.3990461709981857731153788073546
8801 8845.9290675416014125366984810406229
8802 8847.5299708099291987683972482635509
8803 8848.6647585779267274775706502821905
8804 8849.2930121634497036025914739668627
8805 8849.9408594395434668124065828834488
8806 8850.9686662791464869743211726082914
8807 8851.9063434811668471843746919997154
8808 8852.1492913083524378526507099327570
8809 8853.0230700431421203710057902614333
8810 8854.5582513860091485913665174381944
8811 8854.9555512170502403629886487732505
8812 8856.0799452918030259174194529695818
8813 8856.7345237841613574200808764770061
8814 8857.9630648051509355669961467523615
8815 8858.6809997081345751366295977298878
8816 8859.6934946727519239832223326113257
8817 8860.6754963889006547297276407900249
8818 8861.0466952681950783739332163496450
8819 8861.9748598772502563217046993177006
8820 8862.8086510738641132493986231440328
8821 8863.4983570242119094929730745259288
8822 8864.3780039681377474527679952140413
8823 8865.7538193724084041153289669144583
8824 8866.7912013682472307969313227685120
8825 8867.7537871392557207869067487279168
8826 8868.0922700369281555659483692924588
8827 8868.7509670151898224356100230890045
8828 8869.6919047888870355542654759225157
8829 8871.0781809544066915690570221548116
8830 8871.6899208855976728793234430460320
8831 8872.0054328883859099025247306084449
8832 8873.2979808687825228429844273593621
8833 8874.0500595513832985537394607104407
8834 8875.1728143148343181348679625554590
8835 8876.1228385821756346843549705243506
8836 8876.8900606283959813263588652148756
8837 8878.2895746068144702852116443750014
8838 8878.4808781096057374023609671306352
8839 8879.1756097225029170938509928193075
8840 8880.3437820969372821678617717575898
8841 8880.6216685253968013595325869280427
8842 8881.7260781900979492356460844245874
8843 8883.0287412551792682744370369378982
8844 8884.1657496049540817833320466807747
8845 8884.4466848148763515798198740428955
8846 8885.6023053649618610861220799733889
8847 8886.5841814685038765122054912860079
8848 8887.0586663409709621687970099724347
8849 8888.1469567507080015977980059244122
8850 8888.8311967797944752790721114833495
8851 8889.9529962226650223599770750520154
8852 8890.5379483689278368795964572989152
8853 8891.3067370480916513965422932276663
8854 8891.8743793568500204375036213318081
8855 8893.6848404023522197771463747640329
8856 8894.6044730935491397840060279677666
8857 8895.0382027539978348537592866980796
8858 8896.1033368146707490768204505871836
8859 8896.5313230113188554332325659201010
8860 8897.6734940650387973941472320306320
8861 8898.0515071390955946744007447628425
8862 8899.3027244667586868471099611302332
8863 8900.1269467704795975635908256770992
8864 8900.8548759775423583477168491381699
8865 8902.2437650615425240897433951249709
8866 8903.0544871619554416806983738680743
8867 8903.4534227845052899115568146325022
8868 8904.4976393060330682798477497239879
8869 8905.7800576200779285677061658785441
8870 8906.3347226251733589086359692695689
8871 8907.2964391798695118466143689987313
8872 8907.6204879276975026191230968044650
8873 8908.3658653720058468061296175360031
8874 8909.7146697875660489640187521033129
8875 8910.4289895137381108599140123951953
8876 8911.7565172604505211098690964012648
8877 8912.7173433879551250390004294014390
8878 8913.3249729607659269119735692721713
8879 8914.1111167802083316104605772059913
8880 8914.7411889122567872277503066103022
8881 8915.6238036718778047570458999959941
8882 8916.5141783865459702796111007089312
8883 8917.6780781593655773777314833624201
8884 8918.3021686439030790369145234437798
8885 8918.9173030831974808292935684810163
8886 8920.2762870888436344008063228487265
8887 8920.8074249221811894204903034441684
8888 8922.3483292366628049800939243356815
8889 8922.9629861219565341946625698131285
8890 8923.4303691639044036448621164208297
8891 8924.4521248405133843387082792604592
8892 8925.4695344075896160370917768508645
8893 8925.9138618204138227086927182990759
8894 8926.5906714254930378411206860237334
8895 8927.5439102808760060791018815253345
8896 8929.2993237887055038702212198057311
8897 8929.8086789243028863855387890218793
8898 8930.6221843550246614987463782141651
8899 8931.3608537425074635793830808689147
8900 8932.1515321743429407390089140646889
8901 8933.1615568559129950487658101244111
8902 8934.0235897357817402222221848254210
8903 8934.7499253042017766293797866733982
8904 8935.6846040883468908426155611305856
8905 8936.2537650702993992683833588697152
8906 8937.1981567624372855755521084210324
8907 8938.3460354923383529748609058809968
8908 8939.3081819772470956739384372502964
8909 8940.2902498277497706730008106688637
8910 8941.1815721922830412627260456471386
8911 8942.0477124295600524259624940957664
8912 8942.4740711664871980400778774195860
8913 8942.9017971835003990948344366124548
8914 8944.3155015480084998927460637716478
8915 8945.0563848727753164621923528192407
8916 8946.1569521716972284990316736490131
8917 8946.7895464321985532186019842896447
8918 8948.0948661371373895067465866006246
8919 8948.8712030706222103116204924186940
8920 8949.6591749625215713703047737645740
8921 8950.0854384002341388444000806331467
8922 8951.6795853547389229413636150703640
8923 8952.1321463662086460991926361888829
8924 8952.9105703421629624894627914410917
8925 8953.6631405237751900247819146049030
8926 8954.5702661057076714122232739346206
8927 8955.0211059834015902528448239580272
8928 8956.9040861112249534586191725872051
8929 8957.7197644592377914057846129729522
8930 8958.3296129950615360359970207870507
8931 8959.0839159036326032060656962406562
8932 8959.8725298072573294573517697465734
8933 8960.7574659365367562323326448166291
8934 8961.5142775672704747380631684624667
8935 8962.3760984098668408537539627452665
8936 8963.1225952741619876197921872964291
8937 8964.5017688672987871096651424252139
8938 8965.0423226470606721213764169711175
8939 8965.9091326902840155149006636969582
8940 8966.8318525569126049583643552006268
8941 8968.0831425984142822272765812446131
8942 8968.7308308048885049790788435406998
8943 8969.5768133961826323019703582459874
8944 8970.1564604630838164424716595940572
8945 8971.0081445118774676944517605466571
8946 8971.9003415695234990270969638981187
8947 8972.3984753587171874888709251691303
8948 8973.8278889827704431157665373570016
8949 8974.7795447705355929420723902325174
8950 8976.0468133145453302885913201438095
8951 8976.3397480178812378208655713542541
8952 8977.2677544702004656843998244089933
8953 8978.1391579006880467828310503111684
8954 8978.4848560677821137057535379268425
8955 8980.1050350396465646118621908866959
8956 8980.7899750949984068752939516848211
8957 8981.3645984501980008103073322028133
8958 8981.8938094328983119111699755667852
8959 8983.2980168817970801377593781196959
8960 8984.4584703347554643557377331663873
8961 8984.9769276636061880030389062368273
8962 8986.2781436172572829589069632014071
8963 8986.7656386387114823609537635717624
8964 8987.7087632584546366530575142428918
8965 8988.5132438688653499724487405372546
8966 8988.9361794010693306098565002255092
8967 8989.7372466200556055355273821611799
8968 8991.1436472307334665984508732766662
8969 8991.8472224673715125706099693636927
8970 8993.2065227478888523863806784798453
8971 8993.8438724169328609881763946113715
8972 8994.2852968288822290779119335348908
8973 8995.4380885165882762401061584079057
8974 8996.5200603240595602721312330303211
8975 8997.0257377522895997039658484347206
8976 8997.9675716980801228478193737992813
8977 8998.6488994420726819647372479450941
8978 8999.7187280317841514737136179424360
8979 9000.2434069430773358977152585603189
8980 9001.1294053082983476873127336272045
8981 9002.6237769929582444895691305866474
8982 9003.8736775152795933874561941145782
8983 9004.0521782440304145996961950209170
8984 9004.8051111702496596801368283944965
8985 9005.6067970770496857918506415218226
8986 9006.5656305891817306131293564547079
8987 9007.2607560574010458688426476387044
8988 9008.3047030377708487423898095401215
8989 9009.0700752853304385448655992391790
8990 9010.0889628633819424048280267820694
8991 9011.0335041931050308993775857636949
8992 9012.0422840169749490885990560778663
8993 9012.6444534377324411170085141294372
8994 9013.5510210668006080851219523989479
8995 9014.5652296792076056352390889331331
8996 9015.5966870464186187067378496672098
8997 9015.9779330551086844716286175249979
8998 9016.8140199726048595662380995158630
8999 9017.3451601937728672925997845031910
