16000 14852.5141221935853517045173780527666
16001 14853.3114005855956477650365537223572
16002 14853.9746481854509039241542315264173
16003 14855.0143101816708038744799311349962
16004 14855.6161595419905848677838836437109
16005 14856.1063017049462785485677361074652
16006 14857.4207949852028091531725582812083
16007 14858.0600921177816631814445344558151
16008 14859.3982930777482209079562990423689
16009 14860.0971219387610358867675708966983
16010 14860.7374633087225145138316850615712
16011 14861.4530127266060905043048812691536
16012 14861.6763486668240810613859849943144
16013 14863.0667254551185889897810599670899
16014 14863.6549038659644778850244659997419
16015 14864.3335489283396785429160658636632
16016 14865.3568441557136398757456801423300
16017 14866.3233628658294833172943467043039
16018 14867.4552694798736062906859108966563
16019 14868.0603998662822625868209913860037
16020 14868.3953689389549599251388013213519
16021 14869.3647149528755417468109168824836
16022 14870.7186203872395489506380895971972
16023 14871.0108002226054875335923296912910
16024 14871.9901023620677001867207387457583
16025 14872.4998933502619349546937833318882
16026 14873.2960029488001637658886061580415
16027 14873.9651007142289454852221722426601
16028 14874.9507395582469451444278364297267
16029 14876.5448418264495620704781951725846
16030 14876.7761116541888888650585660025155
16031 14877.7884524150297662243735797826652
16032 14878.3652391590920669726584976872767
16033 14879.4151080184585956478240894926179
16034 14879.9717662043184273470574926809923
16035 14880.2852069997365666750146338613479
16036 14881.4719619592428700322425023117506
16037 14882.4278581619104537475345699224343
16038 14883.3634385855379020571302299979292
16039 14883.8383563637155205138444401906682
16040 14884.8074574492205916371876010125763
16041 14885.6408803961469316371097236689007
16042 14886.7700382115917722677910043169234
16043 14887.4521007758785159025450705288266
16044 14888.0077308134534444184902568771381
16045 14889.0440428013471949500326204521577
16046 14889.7088887499507459355650620495401
16047 14890.3913737367920701638660667313618
16048 14890.9447831640282089984421805295893
16049 14891.8751431238413796704520832968855
16050 14892.6575494919365688360017860971275
16051 14894.0377541091952145147614011071269
16052 14895.1530794205042165748453174079149
16053 14895.3130780157021778408940289121235
16054 14896.1704024450906249546765244281832
16055 14896.9691943919417760454646639812516
16056 14897.4982628273467799267373416982870
16057 14898.6199251749110720737700122682402
16058 14899.7551269837480684094186044393457
16059 14900.0398060237194977344502169156085
16060 14900.4452500260860641308533897153723
16061 14901.9193279116591506978309398458101
16062 14902.5733784439281851224860940624370
16063 14903.5003690994596870554734672419716
16064 14904.2313881590512369824339893261643
16065 14905.4784577449324638753616479027479
16066 14906.1198396388442385435421848902909
16067 14906.6796346497261600870945978892206
16068 14907.3862550059087610745345012123190
16069 14908.1054798297654948879120066703504
16070 14908.6664887236044421761332155763411
16071 14909.8347070763864252199006867716077
16072 14910.5985322445687529679587245643193
16073 14911.7090527738384351363813600172528
16074 14912.5404854120164191674299758189280
16075 14913.2414084630238993920986208422500
16076 14913.9266573578357786651203761990699
16077 14914.9944729596802584916961359679308
16078 14915.3484874759617581582981167166388
16079 14916.4848919220507702140160585968325
16080 14917.0604686184522011338372445528665
16081 14918.1177096723822823411409779666672
16082 14918.7355998316348502948863439170658
16083 14919.2951145469973883234541859339699
16084 14919.8463041412481750958568306375976
16085 14921.7664034969445345312040158046754
16086 14922.1796198034824654784984794641176
16087 14923.1806688232048156547091034105372
16088 14923.7191910256763011051576218703049
16089 14924.2929164643852681354758425714640
16090 14925.3240320651831049985505382848169
16091 14926.0870001713188590546710865543014
16092 14926.4310188150322194622617813009863
16093 14927.5625031935723707167663754823788
16094 14928.5113744585066570311376369938383
16095 14929.2869392700044676125699749724749
16096 14930.2413428254807807614910934344123
16097 14931.0450286657099623092357046215646
16098 14931.9154615230979187790401864200619
16099 14932.2011773923522563612931839932747
16100 14933.9075194673779427993155627068888
16101 14934.1657571213450944765109959640728
16102 14935.0089287463915784053716899871193
16103 14935.4687814978399688311365016310448
16104 14936.3802107765540592079508799264580
16105 14937.0618546489360929140499587006018
16106 14938.0595132849656358247713034925613
16107 14939.2203371537319946865794804764031
16108 14939.8814427485003005174141550299937
16109 14941.1318793696217919131782514835421
16110 14941.5929643351466039339682694845423
16111 14942.3118912071547622741005810866324
16112 14942.5882671785043457153031240145643
16113 14943.7764465905216744747794010014449
16114 14944.6534300694758432490266526087295
16115 14945.6071749162574856753763580765609
16116 14946.0626982034490040918387281835063
16117 14946.9134392965612872059970332266521
16118 14947.8036441248895922938601660813889
16119 14948.8214152700649837478790857847223
16120 14949.5893533439751215294307290292071
16121 14950.6991517084036733428813988827117
16122 14951.1833095283681512857642675127592
16123 14951.9361914921797740814633391566650
16124 14952.8625398374883443605810508888190
16125 14953.3902218794021795664772173209452
16126 14954.2711454877225043949968248250121
16127 14954.6947308962214646912868785505809
16128 14955.6274081448249220011809694410760
16129 14957.2709027517843507241535135111127
16130 14957.9004938851564752920357148780588
16131 14958.4591474803173913071720858304264
16132 14959.0538881772408321803885626431526
16133 14960.1699269181255862788132277466957
16134 14960.7772333697732453517116836789102
16135 14961.7573166856427091456228173251457
16136 14962.2381345308702862871428454551900
16137 14963.3796456941437997463608877430016
16138 14963.8756967335622686167135810238813
16139 14964.5666788355201196010299914152531
16140 14965.7280578465933854193423843461095
16141 14966.1827976502300864968416456266874
16142 14967.7054519411147468460010266971065
16143 14968.4618193077528243279158193698368
16144 14968.8949121715553552220071184837372
16145 14970.0245133228959351918743674866342
16146 14970.4843887836018497958461318108624
16147 14970.9334546869751230865096423522872
16148 14971.7927855849376501963438479216312
16149 14973.0481235675326362896644911536163
16150 14973.6853188589809935847234251374766
16151 14974.3649453306358641878787499465312
16152 14975.4946616219939463587739705224862
16153 14976.6299205709803457848169562897739
16154 14976.9330338375754394882052722997853
16155 14977.7237770405180580916931913852672
16156 14978.5550425150830098165604678141186
16157 14979.5147097531080375957844952282163
16158 14980.5768284858866078089298419377121
16159 14980.9298813917546784735423500628776
16160 14981.5092479630300907722897581222633
16161 14982.2593272557162034386010067982190
16162 14983.2089399531344730390073663679382
16163 14984.3290325373417819992817826273247
16164 14985.5060633889762556251352130718086
16165 14986.1998923445147831289276815732117
16166 14986.5963038295430569080483258243432
16167 14987.7174971791695787103659696602227
16168 14988.0993079913905307443939308353723
16169 14988.9976282149697678509286626440602
16170 14989.9399861823717440330692833275029
16171 14990.3149768161809655815781812252454
16172 14991.6210506422633024353420629153783
16173 14992.2816051904917596044081490910951
16174 14993.2323102841459748389858619657369
16175 14993.8764543157137092128332857848667
16176 14994.6945173174872079341217440216897
16177 14995.8103484105441480951024303271689
16178 14996.8277011237530101991739418278473
16179 14997.1789960672322615984645012493057
16180 14997.8536081197844111996480544242785
16181 14998.6224802850835149960895286219271
16182 14999.7803940064023915043002855218688
16183 15000.0087829296541070971855727097318
16184 15000.7282242245590848022083293613787
16185 15002.1997602701257520812158931422565
16186 15003.1670509532196557964392482654295
16187 15003.8478069847656431921731268755960
16188 15004.7578749902242180147971467567891
16189 15005.1600274960799839788638625705617
16190 15005.9050240609251794344707873593605
16191 15006.7040208653574068454155702960456
16192 15007.9015514269043775629108482643899
16193 15008.4583780447129914524195596047576
16194 15009.1832934652670895882564087717150
16195 15010.0746951475299170763470591133010
16196 15010.3627772688402269252986981141677
16197 15012.0512472416323567318164225159415
16198 15012.7139851004849400001716124575134
16199 15013.3060417176534017931920016131868
16200 15014.3681813278110615047092938890935
16201 15015.3282947436233873155920414263718
16202 15015.7564428816389868704948929242006
16203 15016.3341819473164389739023021753272
16204 15017.2545120330317349990687662282783
16205 15017.6304279430764489094796019635246
16206 15019.0428955285833941745241345704761
16207 15019.8594842338437736703352371458247
16208 15020.7058561261098290536397065155204
16209 15021.6885244157006724910315787582588
16210 15022.1825506372510786599579180581143
16211 15023.1568792604155996016987856217111
16212 15023.7574251126179380203300655219950
16213 15024.7065030458720221643241614633812
16214 15025.7269099979183437898614669489301
16215 15025.9816256307863538895797225952438
16216 15026.9365321585101929451573109381797
16217 15027.9523545844997359710016692121726
16218 15028.2588347064908105115267473043713
16219 15029.2100109793045995824538289158570
16220 15030.6149413377802620430706170164044
16221 15031.7222801729706640219826917702339
16222 15032.1169364762030477396362799860766
16223 15032.5683475553828621560703083869248
16224 15033.3882546729687572050491501697656
16225 15034.3721433476882324319126353392076
16226 15034.8928239604053818577913355829321
16227 15035.8933073455284742844527550548685
16228 15036.7129634425281719445450304600663
16229 15037.2371436118470088160762804752333
16230 15038.7853903348335672806887278012353
16231 15039.1692957329797838212689092396921
16232 15039.9634955813516110969411315718205
16233 15040.8121015079266768764383819539675
16234 15041.8184191171979222069822309365287
16235 15042.4525756027308933078461871457738
16236 15043.4049073236306871915231836355702
16237 15044.2076158740522194617978172477721
16238 15044.4656819429088107612317054381686
16239 15045.2586809880137459745863190120225
16240 15046.1078935766450947824482631852188
16241 15047.3442200644641298258498657524621
16242 15048.4035662327699373494004237047831
16243 15049.0181229283675326099399508283891
16244 15049.8227467903954894937666143040410
16245 15050.6340981351115890331738264894252
16246 15051.3877604162481229066617308217472
16247 15052.1059883414163018833599922136093
16248 15052.3063919174478951745488163656407
16249 15054.1092728058237889496669972425726
16250 15054.3565603046436878353962341983471
16251 15055.3607410640400763760722334867674
16252 15055.7032469066995869322816638962475
16253 15057.0515311572123114465827169702132
16254 15057.7467929592388146117287446248548
16255 15058.8959858520617074231230455263633
16256 15059.5108838885140930960004794671621
16257 15060.4358904036758684086332643399714
16258 15060.8651394762013661181323402225676
16259 15061.8475766242521150550987369564768
16260 15062.3370686807428980687419703407888
16261 15063.2218421795256413069945174003052
16262 15063.9235467324751408872826030256235
16263 15064.7925040249487864894745540455133
16264 15066.3195315204633545515354021358639
16265 15066.7708914778283557497330764951980
16266 15067.8154552530494161379632340161958
16267 15068.1238868843335216251070443010454
16268 15068.6852095906439663699580284082216
16269 15070.1617162562598672440428215853208
16270 15070.8352690023018417092178202335181
16271 15071.3125392009350648410711686007221
16272 15072.1660171330056474169212501278208
16273 15072.8592833008699373890609372961342
16274 15073.8517524046439866679175762421347
16275 15074.4593277830695634286118570679989
16276 15075.6531559585660230626581080750707
16277 15076.5727518079437864998592643846476
16278 15077.4384066365490572379980133553930
16279 15078.2040184754139930165184256734638
16280 15078.7126114497588623486070525296455
16281 15079.4164174387822439728484118884410
16282 15080.0787923293770144729686737775235
16283 15081.0428524747919027456353363227004
16284 15081.6769558416297569031397714776637
16285 15083.0685806994070232868081905361626
16286 15083.5525485027693820001674703234537
16287 15084.2549841408740986132949285634922
16288 15085.5197798297764181971155591380220
16289 15086.1763183978985985668098418993708
16290 15086.6951431001039092440586653840029
16291 15087.7298866909748533318173863007630
16292 15088.4412771024454604927510488425194
16293 15089.3205364010579991227093206420916
16294 15090.1669834522859656901203863228567
16295 15090.6280847632650348449273905925746
16296 15091.1145304471415438937254613620125
16297 15092.1612296704261949054794411303026
16298 15093.8705032264941804305599085182286
16299 15094.3051689859738268371590565022420
16300 15094.8900858480839537319848969851549
16301 15096.0985728164588015173577354158847
16302 15096.2941890597975745785610960839167
16303 15097.2114819570335422000492180627988
16304 15097.9740099278693714536107101800253
16305 15098.8806528387267358161772419698926
16306 15099.6627123919979126212753737275332
16307 15100.3740271753061495850383888093111
16308 15101.2781660356329425515262469364892
16309 15102.3393356922178201021354542938975
16310 15103.0266136503672028315991517898729
16311 15103.5733323929409901690245953998712
16312 15104.8368192858117976522597522731140
16313 15105.8493582909507498933816020536805
16314 15106.1724525680567001133659981057278
16315 15106.9758643088513851895845595195449
16316 15107.5147919210442322195271455587790
16317 15108.3032566573421597708379618969836
16318 15109.3762666716797693725261959371571
16319 15109.9597401268138411568701136776490
16320 15111.0224377714769765505919320147959
16321 15112.4934026118313511770125651266708
16322 15112.6875340919866099559990269523157
16323 15113.5362300287530749272961777106973
16324 15114.1854509494606246099617118231735
16325 15115.0259705326279381838845040870914
16326 15115.6674915225225394420792636240374
16327 15116.8929102232849288359111365714064
16328 15117.4478945950679353181505827335631
16329 15118.2878147647449567366804519327906
16330 15118.6803921956849060867945868529744
16331 15119.7905857606597166994207107056524
16332 15120.6918531856368214464885855462799
16333 15121.9971618656233779287688677313276
16334 15122.5373340997146751738260001092541
16335 15123.1808194277317535014019157799430
16336 15123.8919577708594720817541235974626
16337 15124.9942483932919450065751024247311
16338 15125.5646734722286002149772327052585
16339 15125.8945849288937736210291124398910
16340 15126.7072717620604497434418495137582
16341 15128.1248622236009522939872603818353
16342 15128.7951153986720988073868897460495
16343 15130.0431088750394353522019037241954
16344 15130.3132185158707246651397292344280
16345 15131.0972590307683363946507191169057
16346 15132.4075223095781432924180222703346
16347 15132.5635383785933623758047902680584
16348 15133.8227947083188665277603874768358
16349 15134.4350468803851177360919991843944
16350 15135.1811520253733322909162041881816
16351 15135.8629866748019683790992941607414
16352 15136.6671297568268843354684503482234
16353 15137.3308877935204835611417669196345
16354 15138.5474390492443921117195211645977
16355 15139.4495051784478340564587243855857
16356 15140.4994223089847259778004840924478
16357 15141.3348811835783892499842466348856
16358 15141.5501200752358189670659826923931
16359 15142.3630075881880161135002398624181
16360 15142.9743619237892362172562951231539
16361 15144.0689986748386399711563653394183
16362 15145.0160114639759712653879457912205
16363 15145.5826275560772211947247622019897
16364 15146.2839616911074689844228819044869
16365 15147.4641054101051502274345740609550
16366 15148.4158306049685042486704218103673
16367 15148.9993415595259741213096927310609
16368 15149.6756543688247708435321810309267
16369 15150.6479492065364132650950478339871
16370 15151.8591722719496525537084431972410
16371 15152.1818326907187698197581231045172
16372 15152.6705933215940844822259525276446
16373 15153.7863861218787902522271088100200
16374 15154.3913804516518835609782964182888
16375 15154.7667720354831402869994621096578
16376 15156.5769830181832060620279204635427
16377 15157.3292633205665209694649943452367
16378 15158.0402246350767208035167565122148
16379 15158.6250534810898963000919552343170
16380 15159.5803180686306361500093339357158
16381 15160.2161804040583948151312518935315
16382 15160.9364378489733805221957105680171
16383 15161.8867050152275280656817840366575
16384 15162.3696851785571861963667034419925
16385 15163.6067280827474857825024706557644
16386 15164.3129073469740199837330595182209
16387 15164.8548087564500567148580247551026
16388 15165.6722893655952796256042504099651
16389 15166.9660110232892510778204327716317
16390 15167.8145734117377216068197780772297
16391 15168.5044747811039488704293932186981
16392 15169.3085200928797057271351194410687
16393 15169.7817231495305724457036822887971
16394 15170.8189120866948713877537424014081
16395 15171.1570153972056889598749205360318
16396 15172.2940418330220175425814789881439
16397 15172.7279659098820628150393350877054
16398 15174.0871647811037588709584843111099
16399 15174.9040295038842983969993820232833
16400 15175.9608578168213509839904269348205
16401 15176.4950396420954235291947367169290
16402 15177.2650960857033214812103582220392
16403 15177.6844315670395404746436494838663
16404 15178.8129862709594915887090802504149
16405 15179.9210294174757801448173432862879
16406 15180.4347250614354896833035348753593
16407 15181.2015856103312863097005190996445
16408 15181.4368708948467486605249870701469
16409 15182.6695233583694180599199667512173
16410 15183.8413051140722098424740817392501
16411 15184.3715428372341255873016758545941
16412 15185.7706459473943497045767956830744
16413 15186.0896066922957841487403182774561
16414 15187.0892391923098565255122712886413
16415 15187.8183755398431696326357176461197
16416 15188.2431563436036087185928635171638
16417 15188.9561850079038460194291324409866
16418 15189.8760083237501406905781214332272
16419 15190.9958547140994980266045731726091
16420 15191.5566626468986057417524808569361
16421 15192.6660583095437604246121606155151
16422 15193.4362371382148605815962437035615
16423 15194.1947043718766341005018144080734
16424 15194.8056657058344357036160258681538
16425 15196.2214961131924365160812890536428
16426 15196.5717440563467544733502003897333
16427 15197.1199647004990573635686458893809
16428 15198.2756605320970867739813353669974
16429 15199.0964446729134584502041600564607
16430 15199.3119873197255729720573285543995
16431 15200.4287879641240100644998133977822
16432 15200.9055386219762825584844004124654
16433 15202.7428125573147593554118769359640
16434 15203.4273365909660217573506819977178
16435 15203.9448077677868762426721942852237
16436 15204.4796032074406380948266445972660
16437 15205.4040235296732909059525898977969
16438 15206.1902731881896768480124213016612
16439 15206.9048068611956100571415513211665
16440 15207.7343056611862266854896124758313
16441 15208.6614951941005127511504505134700
16442 15209.2919975830695413194418529880614
16443 15210.1229474919841145647641531155514
16444 15211.1659031050778176229091095278831
16445 15212.0707918242850592495628333715875
16446 15212.5530937007571505183031122974761
16447 15213.7030471357737672911172239695344
16448 15214.5375200081465052111932325425566
16449 15215.2348324207372660006373467430860
16450 15216.0321789002947494156051375053051
16451 15216.3263542068665143079301836055733
16452 15217.0923286478047500330104504867285
16453 15218.1104397189719158053790735269862
16454 15219.1530684906923873420946536297496
16455 15220.2155351416196917450365886692863
16456 15220.7140313833744116212857128419968
16457 15221.8912903472185932979571145968013
16458 15222.6007763966882813780387997968904
16459 15223.0692616762967875396084663294804
16460 15223.6285906274507903055365462099850
16461 15224.8655239020290192403598359216036
16462 15225.6534722405830835727108196336604
16463 15226.3823533022018095847415515017495
16464 15226.9713945186283886161077329804223
16465 15227.9490881818741847385503807263957
16466 15228.3754504782936904153599373247005
16467 15229.8255440789350632571253269138700
16468 15230.7350542709752137568557447537674
16469 15231.4196369026838258877027378356979
16470 15232.3180097163123454834531836661891
16471 15232.8129247215189466293504725019142
16472 15233.3446763734736804977398453624439
16473 15234.6215456926271688333273555946818
16474 15234.9439949155673549879068687539518
16475 15235.7612581548769668768916877588818
16476 15236.6019953903076037077328549867423
16477 15238.0876223035755045737376817209480
16478 15238.7452517838982239091993096637690
16479 15239.1787913484656588184360286995830
16480 15240.1529302495751696746521790783788
16481 15240.7706267449044642531059776688195
16482 15241.9330114905330102677823800785171
16483 15242.6680332171946931557492893226535
16484 15243.3566048573305561923416462867365
16485 15243.8235871123528600941095794338211
16486 15244.8241765383948606875341873527376
16487 15245.6766248846875303898246609520936
16488 15246.0142214693916046872174964064125
16489 15247.6299109535311195107005127342799
16490 15248.3705415810857583811586417230494
16491 15249.2181718257469290902970221447742
16492 15250.0260577134721595150622106920744
16493 15250.5612919943830898206693909762370
16494 15251.4268536310853704080038726743751
16495 15251.7993805625890394268595265161104
16496 15252.6774234989690867637903694384033
16497 15254.0821799807024345228465677207875
16498 15254.5902753016208364727676483806204
16499 15255.0550414993182461944009730873809
16500 15256.2414661235433006450808747699655
16501 15257.1898886850627656268745737904634
16502 15257.9542103302164582025729061662929
16503 15258.8068580065374805904541565388141
16504 15259.3146472160432891319477562474253
16505 15260.5760622902582512755175670548143
16506 15261.0162663610814266041996729368480
16507 15261.8949672382911217667652025327992
16508 15262.5344561906683949824767328977495
16509 15262.8068115460677513173749445506718
16510 15264.1282823467553572815567536930833
16511 15265.1973873678098840710939103734585
16512 15266.3204071560897376927888491165610
16513 15266.9485449467291172073846414230071
16514 15267.6267136318677285053929426588932
16515 15268.0199910097017413771705888459863
16516 15269.2787759468406950206621410770820
16517 15269.7666833745578078686802394722609
16518 15270.6889242262041183513841470214247
16519 15271.5378694047557191295881109092289
16520 15272.1206018265884381965487476216976
16521 15272.9912067758065082637869707224304
16522 15274.0727701553441816194478801960489
16523 15274.6467987596427704755214258340421
16524 15275.4006328043537948359877309607283
16525 15276.9687566625485835082699798723918
16526 15277.4551170527894649269714875435562
16527 15277.9015695881581443816187527281354
16528 15278.8001842015409607447242944212585
16529 15279.2925812099494549921632132108374
16530 15280.4121094307821635760182010637455
16531 15280.7691362470430194684060061826541
16532 15281.9081103136977438542925564568803
16533 15282.7761923819847293792590926868081
16534 15283.8587101969700762299791515682744
16535 15284.7963575943370353502002386557339
16536 15285.1529513838393805635868461271870
16537 15286.1884300501184334634383818946282
16538 15286.6289372959911119095326556331008
16539 15287.6590300241980105377332447787804
16540 15288.5449893474174506299008420892422
16541 15289.3487932156025222627559537641199
16542 15290.0681737814678681560833852570680
16543 15290.5423146415356879290445828070441
16544 15291.1446489963880512874162109337308
16545 15292.6092690846800191155276482456759
16546 15293.7264008876790650760404999342651
16547 15294.3089370177879543631284346664623
16548 15294.8062795724160641475308217787080
16549 15296.0717866414368994121167356630857
16550 15296.5208097673112583837349211837164
16551 15297.1451352362299564536496018239533
16552 15297.7927639546775643453124939929216
16553 15298.7565708791042139845893421296784
16554 15299.5751301067928925925601089381387
16555 15300.9190308231367746720439123222650
16556 15301.0952242797438153688648905763457
16557 15302.2655454803438693648791939208308
16558 15303.1124854620126425546207121942990
16559 15303.6796304244737322329666448800726
16560 15304.6818412070235553669714556755156
16561 15305.6348773423288589983670132865625
16562 15306.3962043285754609205119500509205
16563 15306.6543459046258671107678463410292
16564 15307.6031270236178741797944768404750
16565 15308.5000154275744469173220089693928
16566 15309.2033453826078677272397369728564
16567 15309.8191021394310735326851293143154
16568 15311.4782672421213347008975998169639
16569 15312.0927996581558364742916260989086
16570 15312.9865748320107450215775487247133
16571 15313.3997520611628064653279398256965
16572 15314.2297441471269634484309963211904
16573 15314.5546594154558906556874542651236
16574 15316.1211919193725684931921769627914
16575 15316.6420644831502807349341626327356
16576 15317.1520211473145948788678176694755
16577 15318.2496174297484054145102824647288
16578 15318.8756331115402663664506269617978
16579 15320.0377821747521106984687015987926
16580 15320.6903604877285131800993796302712
16581 15321.5737648599740729313237706220669
16582 15322.5973306679909820975050225941483
16583 15323.1308698203912664276939479763719
16584 15324.0634194610071759232253265025968
16585 15324.8242053517633782750174514710883
16586 15325.1816626154658611315270317943616
16587 15326.0735048287757756480513587327216
16588 15326.6240138540410190854851519947176
16589 15328.0557546280384417386057616675643
16590 15329.1668721694679079670833312825835
16591 15329.5786828373989165289751361998510
16592 15330.3773527675949017606183552636131
16593 15331.2939053865278150114517651863667
16594 15332.0446980950038635467999570230815
16595 15332.7399159689455226191623543852695
16596 15333.3417977952412813639312405561830
16597 15334.4105695098777724027983133650235
16598 15335.3674590406482098154323639850470
16599 15335.8177590230420930228294858939318
16600 15336.4201679972083522755059129304400
16601 15337.4290274442994912811074247956154
16602 15338.5066840516723975547517281774994
16603 15339.5354294310517652259062582986209
16604 15340.3735787443145523161813305675652
16605 15341.0677025880707027878055875133417
16606 15341.3580597688929906986311407170324
16607 15342.5464662970519790350334535899909
16608 15342.9779652064265051742812717386192
16609 15343.7196466606742896716399301271743
16610 15344.9077548720495571971297010605909
16611 15345.4367216985957469501815474035856
16612 15346.3610990839862597859372289336422
16613 15347.8186535447794700707354325845049
16614 15348.3301135481014271649568203567018
16615 15348.5558692186425024523744308767222
16616 15349.5536285144956228526586710074138
16617 15350.6789810335611642823290013624374
16618 15351.5513791022581678040584554140425
16619 15352.1510483523553394806319258375069
16620 15352.6922554314970989903291412542612
16621 15353.4270006862293510171903284605080
16622 15354.2264911144866507449082828547091
16623 15355.1741552303976903358526540076925
16624 15356.2582301740147077942383336961195
16625 15357.1762144956552439036985995537109
16626 15358.0912106844558537239735568596553
16627 15358.7625662790999422115604044551743
16628 15359.1904554065348214876487412645448
16629 15360.1566847567820880061598886561684
16630 15360.8982077232340840344363593726920
16631 15361.3027196791317546049315652862791
16632 15362.7141004280519392339583586833359
16633 15363.2915548798328484452675846343967
16634 15364.1444174431030233726187096527436
16635 15365.0288786601162901557503354290849
16636 15365.5698023495204278431732204869885
16637 15367.0900321310182316522917430456812
16638 15367.3195642600104156259262983504082
16639 15368.5273378313051698556432064522720
16640 15368.8730259031938738704260789170568
16641 15369.8607968992263930039538087407737
16642 15370.6150834221199258125465486902242
16643 15371.2994296029598002439786967919729
16644 15371.9557012323935794454100146178655
16645 15372.4308851755870828307270527753453
16646 15374.3401064006012261348395814951328
16647 15374.8500285363206985907758232819502
16648 15375.6708778262392621422317393483396
16649 15376.3128735100153809826922321860570
16650 15377.1022864731581841499918863873467
16651 15377.7122114458423279526476050057100
16652 15378.5395259585202398261995670799048
16653 15379.7212997493006734959034885233820
16654 15380.2268690828265118668635076829212
16655 15380.7861163123162106899911020014484
16656 15381.7404628188259903074495401741934
16657 15382.6913790254092441301449058386647
16658 15383.4464954067468086778363047056255
16659 15384.6083022120040328536877370733957
16660 15385.0255028281263669420422489201050
16661 15386.3556539297740840437259219622899
16662 15387.0413633625604560600787863778828
16663 15387.5135980421175186466424394093675
16664 15387.9114990387084003818909397584762
16665 15388.8371017063638910223557892634341
16666 15389.8445910639637802806678600970361
16667 15390.6544586590962204572853455667355
16668 15391.4842444383791116356835942090608
16669 15392.6547632224186560742777875691314
16670 15393.2350229761898444382354137177136
16671 15394.2730330361785357723565365897800
16672 15394.7233537594475518560437783846332
16673 15395.4080311249645468270882624953616
16674 15396.5133514807332883086138396881499
16675 15397.2182495981559510568616941252697
16676 15398.0666994690724424813437392813894
16677 15398.6496575351922313739874931855953
16678 15399.4984189206591679495259444504656
16679 15399.9753078082826848425532549688373
16680 15401.0236043506780320307698119642861
16681 15402.6566425943440804452569782068328
16682 15403.0430425375642313665641782658573
16683 15403.8339984824656103187544039905423
16684 15404.2538827285600697810225525596214
16685 15405.3345567787541752512873204887744
16686 15406.0102563492276404001243593141003
16687 15406.7469400800191344529704386343483
16688 15407.2674273857805152817820787487806
16689 15408.3536080229700187983992812122423
16690 15409.3832756837854939363032736317641
16691 15410.1031625110768360785570079680065
16692 15411.0863491970120512860385039589246
16693 15411.5910590240113549240446470023487
16694 15412.4372020805535857753473428516595
16695 15413.5865045237128326850565843261220
16696 15414.4353275577713225554109622190071
16697 15414.6255418438595932174902460261567
16698 15415.9596682758461603659375639625944
16699 15416.2447958348364633253738681688724
16700 15416.8961598322705619491900927226019
16701 15417.8718979017316855484546742512322
16702 15418.9847067035874288444097250913987
16703 15419.7874900173335148467610587094377
16704 15421.0192363634138848178521362054675
16705 15421.4624413624805692311599737165882
16706 15422.4001217407972818350151896792875
16707 15422.9005745128279120159149460344029
16708 15423.3373715079861163422341034470807
16709 15424.4892604787201539244224866490101
16710 15425.4439133331414173568263602648731
16711 15426.3268325027017185757262403765158
16712 15426.8392123501370518375765420704946
16713 15427.2503438619958398246726010379378
16714 15428.9690768805983279438790529630057
16715 15429.3817211466438180727057128014073
16716 15430.1888145218971002636749853322104
16717 15431.4084828973020594712850074046973
16718 15431.8159303300309487836747404142781
16719 15432.7433929234936191255601281716020
16720 15433.3873791244654773807562524705520
16721 15434.0891884763314180253295116830150
16722 15434.7096364596929207968389685669737
16723 15435.4461116828150495173654743699332
16724 15436.5408230563366077730997341576250
16725 15437.9088639369014848400817706436793
16726 15438.4480529389314679756576568480961
16727 15439.1119083379868830122217810149241
16728 15439.8110716327502606909447179679130
16729 15440.6039906269900683230744588517484
16730 15441.6179882050858681299837435885662
16731 15442.2711141882759647124560561225226
16732 15443.0695999877239326332264355279615
16733 15443.5820123764607341847833691784393
16734 15444.8645338600555109230856615155927
16735 15445.2572287771312561682537334503300
16736 15445.9635036082686568042139461419580
16737 15447.0785822347206637458430222878650
16738 15448.4531632243354674435515832602878
16739 15448.9213747660656639459571104650150
16740 15449.5975855883047290836390052156149
16741 15450.4620734171719216187193213818945
16742 15450.9595676437523440594106773897574
16743 15451.6110110205478564943880558763800
16744 15452.6953113613641308037629202859819
16745 15453.2781070462375533958422690696297
16746 15454.3532025631508083713813992690701
16747 15455.0881371414868676431935058327456
16748 15456.1968639954834158477939714122806
16749 15456.7869315037356992793799626449087
16750 15457.8820296488183430365481111755833
16751 15458.2786720521200058320684412580358
16752 15458.9116539821607779840306648246580
16753 15460.3433576229362058390886091695175
16754 15461.0794420680044851956480444993363
16755 15461.2979067888231861312323896613003
16756 15462.1037535052234362934121467643820
16757 15462.8582302667389239670989663022441
16758 15463.6727077394620458156090660570081
16759 15465.3194165190290672536490919031168
16760 15465.6549985889843545875270543537559
16761 15466.6218101562295601301133763285689
16762 15467.3618999570150065739268169735760
16763 15468.2351504152729164248066162091796
16764 15468.6696522725367520988081991425407
16765 15469.4012914105583631885476662821665
16766 15470.2080519670365174967579191502427
16767 15471.5507869573030744296209579684634
16768 15471.6186032203253573447360178426618
16769 15472.9208458114576221228054790743184
16770 15473.6623737042947300485407442090039
16771 15474.4762666794038332961616774512527
16772 15475.1557565808150512257689394312930
16773 15476.4466811977772152726310148924039
16774 15477.0438507237341717855645266733295
16775 15477.8938806356285806093395187667824
16776 15478.3172182712911774634852995883435
16777 15479.0383198100323352888317824712052
16778 15480.2323826399180011909839960097498
16779 15480.5454470013802323285331758942549
16780 15481.2605988527251715797499386142034
16781 15482.5351925386162219464887491023767
16782 15483.7758303668278102596760021290757
16783 15484.5021597923549357744071201946632
16784 15485.0498027801603296680335747773309
16785 15485.3718218843255666992522230326063
16786 15486.5564876750194230090756042685932
16787 15487.3245587687291994388689948659644
16788 15488.0650273804369627220724691253330
16789 15489.1128031632728361482145270244468
16790 15489.5574110369108167926230176454149
16791 15490.3055483993594533317325144491383
16792 15491.1194812990109900136905055028986
16793 15492.3093482029800128992100756396120
16794 15493.0888529831505390611930665882142
16795 15493.9213420829089608338987598059900
16796 15494.8392407725385256874631634506745
16797 15495.4933011949013215720881650847924
16798 15496.2350696657899907220039765398051
16799 15496.9877173978938041322037577564207
16800 15497.6180743828510778598240974528270
16801 15497.8763793389319154121633904865347
16802 15499.5591786729477539748226046883659
16803 15500.3379036083723055323309462230902
16804 15500.9397682286681479736490777230269
16805 15501.9793004152520945641471509423126
16806 15502.8854384855282877867565030326052
16807 15503.3467770918566161636271045756870
16808 15504.2376649081852085733661121707043
16809 15505.0701996651512977143164172896624
16810 15505.7958266616722785116492890688261
16811 15506.7631900809335668346488007039229
16812 15507.3963646411221704207463116012623
16813 15507.9537969799753980115104177328798
16814 15508.7349880332964116637172671978312
16815 15509.6712647980139808361757425833144
16816 15510.9646583099430796956179081363927
16817 15511.8423304287045868945441145331134
16818 15512.6094956662376987305069243597348
16819 15513.1059085821901043386595640220078
16820 15513.6665777943037816120258682534516
16821 15514.5630767724365580903855338770862
16822 15515.3652008005880509904258801056286
16823 15516.3908316798026580644336551078756
16824 15516.7539226812274255898669595506319
16825 15517.7130342601895766781149135250121
16826 15518.9697512366935059747081261378316
16827 15519.5866071575186107138194333607958
16828 15520.5094323547648586397099293320402
16829 15520.8249383668320200893009029566639
16830 15522.1119180300324191871663943130340
16831 15523.0475878908289511030326559113203
16832 15523.6626121829365953645685742053625
16833 15524.1650538663321152444177094419588
16834 15525.0348166033836859394809880534708
16835 15525.5553571718923177136431475183967
16836 15526.6301268204001054504396981299549
16837 15527.2085031960051170153594593964794
16838 15528.9208753231170859496734064604510
16839 15529.3624293457322995703709967642918
16840 15529.8631853760239579650031464428549
16841 15531.1863815674207339043485816091135
16842 15531.5824347641436547981595613123811
16843 15532.0925909321151329727901924825448
16844 15532.9528098934586798194376028202303
16845 15533.9919459446988595396037606958053
16846 15534.9372621902981168992668060348526
16847 15535.4352842877002627420493670505378
16848 15536.3469725981518309562427592728436
16849 15536.8163030957706856121318496743071
16850 15538.2458293471182103390567207250002
16851 15539.0841293344679201997288244619517
16852 15539.8484641495340370059096367040009
16853 15540.3537050278564267413130755309865
16854 15541.3827174779242011224219491423617
16855 15542.1200746006666224085515242724231
16856 15542.7118613003811586659229386967813
16857 15543.1838703380493785750862606253148
16858 15544.2878170297821505193656902347593
16859 15544.9276965380228931163870843403997
16860 15546.4603041004123133017624209815054
16861 15547.0189666027589401758637679518787
16862 15547.8958677179121999119226273480976
16863 15548.4239794061707719723576418684390
16864 15549.2063527450371932135527719159569
16865 15549.9020165505013918195963602339852
16866 15551.3492873549985122273865068566590
16867 15551.5087651047618683731321671670976
16868 15552.3151613863188786961249424607730
16869 15553.1288145912912598580148925520008
16870 15553.7767144516782345556546093827929
16871 15555.0679366881109055032940944064376
16872 15555.4332494265080541581294073792224
16873 15556.6842318018129867124990781600740
16874 15557.7669412737993702015066471295084
16875 15558.4058674018001158030630679592831
16876 15558.9435741067993620432458426649388
16877 15559.4589220072456806633066945440023
16878 15560.4085040017038886323250276293736
16879 15561.0420505689307438408279755931197
16880 15562.0103918640242244397493492856315
16881 15563.0166836920450426591428569291744
16882 15563.5503549360298671293144694070996
16883 15564.7015171099676214324479477667439
16884 15565.5502635867180035161878942613600
16885 15566.1845861529712817474736469607157
16886 15566.9176930939375200266621031525361
16887 15567.9484507350385063832026174819526
16888 15568.5641710479534210599185511943529
16889 15569.3246425550351976891679840893470
16890 15570.3607452047416457506385705734895
16891 15570.8432152147466359012882631562715
16892 15571.5320618290837613962938658367777
16893 15571.8585466768239290735806908851744
16894 15573.7699902485356564402392171494243
16895 15574.4752723881055639456237225685756
16896 15575.2761480755772555388823276691711
16897 15575.8624468429563561410943804222899
16898 15576.5175828852168836313956127360480
16899 15577.4997945581923563723367219353530
16900 15578.2089799242283921131516559709910
16901 15578.6783081536962464727178213926599
16902 15579.6507791600740075522720493148611
16903 15580.9036642181521593630163359255058
16904 15581.0957916747322644688651358440460
16905 15582.2017241860655977107427673985596
16906 15583.1877588039211263020285254932621
16907 15583.7328888057429573046868830574916
16908 15584.7983858255493635621349645407402
16909 15585.6458267807222027546919581253787
16910 15586.5923788631026999136536670661896
16911 15587.1566971884477613495355733919371
16912 15587.4471493487675741538334314201140
16913 15588.5080387343422071901408150329853
16914 15589.2255597811906869912361224243840
16915 15590.0292675803927514961178914407866
16916 15591.0752414546121616983202707334696
16917 15591.9580440458318031740115077160425
16918 15593.2062806477967425008334789685729
16919 15593.7055337371710720896386287157137
16920 15594.1438909981198427904151968106350
16921 15595.1016228684825073809772469704544
16922 15595.4979667327006976243948223037805
16923 15597.0773598710029992048758359049584
16924 15597.4717699996977720179969755893291
16925 15598.1957605132477891671490498935902
16926 15598.7400652041274819532050804359110
16927 15599.8878165705267221990652303989478
16928 15600.5052010855117096368186494074222
16929 15601.7407515649545431394421185550429
16930 15602.7476246043047003729409718496923
16931 15603.1049953465832463872761878538724
16932 15604.1325113564589809205296535207518
16933 15604.7755116272285621379282150180555
16934 15605.5623705437227006877015481183068
16935 15606.0261672197621299801198225204847
16936 15606.9791792734026122630253149397099
16937 15607.5113197081943772501405486757197
16938 15608.8757534893085179982078443854423
16939 15609.9017134032785314615104473782357
16940 15610.5325821737580619149251182972879
16941 15610.9368731111681528592276738542870
16942 15612.0603852058869085247765071764133
16943 15613.1109096719250591689962201679044
16944 15613.3836661283104642938212932348896
16945 15614.4301324734681600831900393633561
16946 15615.2814130989119213212038621390261
16947 15615.7541883509518900268057684723418
16948 15616.7772418481268067614941187966708
16949 15617.3227200195167837370413829789881
16950 15617.9884806164550165911536115751566
16951 15619.4421570840465307793066364998921
16952 15620.5143604243892617747449823112710
16953 15620.9378678777251959774018659310197
16954 15621.7068756041577337672021739522813
16955 15622.6006725411289198413072127682654
16956 15622.9315665457844443126907018757385
16957 15623.6973160972785812305487441312894
16958 15624.8603840749157536587944734433441
16959 15625.6251193040727065508812100508612
16960 15626.3438731245018278720392086971494
16961 15626.9502286692889869341737763728508
16962 15628.2979132605120122054273270394226
16963 15629.0970602756304171748616969214963
16964 15629.6264384256745791025796699001747
16965 15630.2575269515527113049150545712319
16966 15631.6933840779994007012932395953383
16967 15632.0799133517599549780279365626401
16968 15633.0263643903144431692356449407773
16969 15633.5473508720436690737886498573164
16970 15634.0177296467978439072877616549087
16971 15634.9296554506862512409742550882935
16972 15635.9607814147080249729415035967895
16973 15637.1042252607280748809927319128055
16974 15637.9407389185865234709125202194700
16975 15638.6939554501459021008441516466778
16976 15639.5583436722806421959967591216122
16977 15639.8766980562397470119038124491879
16978 15640.9095391314340867653608584054324
16979 15641.6067447792953954625981078869765
16980 15642.4393706995814916388832613062474
16981 15643.1038864253738207942752604179460
16982 15644.4127690190507065048741368602720
16983 15644.6484363319481429008068987760630
16984 15645.4522131967314158036677169368958
16985 15646.5997751373054439191395206325617
16986 15647.3124866741225325904878715213270
16987 15648.7762945625799800144563909941160
16988 15649.1199786039670203175590647996804
16989 15649.5426992456217814249457817870470
16990 15650.4124065181393525850136698219302
16991 15651.4540108538305866667056885331329
16992 15651.9863518719143304883818836525061
16993 15652.5401737460195678977885702632334
16994 15653.4589713073241663448366179018501
16995 15654.7183190541492680630189124151968
16996 15655.7829662929855474479095589495857
16997 15656.1641394301499206218922261876596
16998 15657.2914259898160400020456731403248
16999 15657.5603279933560863256351331070065
