63000 49636.2707788533538880086432564435929
63001 49637.4222814249207906874509067787258
63002 49637.5137002895887843103968757073926
63003 49638.9636918132330396905357698010547
63004 49639.7573935246486290582567117368756
63005 49640.1690847845832080060461149857570
63006 49640.7676761366114466449405569005045
63007 49641.2241970959679994535616475641506
63008 49642.3333674919841726653357744162896
63009 49642.7734007725339238986485759557578
63010 49643.7251051236611134811027487121115
63011 49644.2925889488306818319935840454181
63012 49644.9004787438421529094985437947589
63013 49645.6830365640933696399470908289651
63014 49645.8804140929778656808953369585081
63015 49646.7525235757325894021289721283659
63016 49647.9545976745580094979315138726616
63017 49648.6090518292728579251942481205388
63018 49649.4678950069026677845995479762017
63019 49649.9883611375863858517030201362128
63020 49650.6875958460690432906415459543048
63021 49651.2793535960819473166950424605711
63022 49652.0938171186352885787536652900544
63023 49652.6138183106093297013770175440004
63024 49653.2290992932925883977858939635133
63025 49653.3953196002142785073236099388846
63026 49655.0927272275222501095960648438105
63027 49655.5140688313978849900157255965347
63028 49655.9052148743022952024981488781118
63029 49657.1014389703685597505406242186233
63030 49657.4546499681821171720570134816048
63031 49658.3535796462839154708315898412832
63032 49659.1660580523961588409317873135248
63033 49659.6286079421824847989976977000498
63034 49660.4846026437092951303656550317535
63035 49661.3057562090257591044993284412208
63036 49661.5940795041472832156167217251519
63037 49662.4647757574425323702412716247722
63038 49663.1008573953375389667713272586157
63039 49663.6325653159086929488190604278127
63040 49664.2322045807879605127596640800137
63041 49665.0570091917546133659420016509672
63042 49666.0974750079503913441301841507597
63043 49667.0281739076168572201969683359371
63044 49667.6742424159400241312340749951312
63045 49668.3368184309345920408709991282253
63046 49668.7149572329181147150530703817400
63047 49669.2558777521435856572014478613650
63048 49670.0051622572025849954801205197919
63049 49670.8144330640988358763078191080372
63050 49671.7859733516682378287601089633968
63051 49672.2410941341556906082264760666620
63052 49672.6185953873342751698044819575241
63053 49673.5208519127555286266743578887434
63054 49674.3957555695541485690907750291121
63055 49675.2385825941510672012994120216020
63056 49675.6609353992144057526551079228013
63057 49676.5298524825195769865361778340156
63058 49677.2882635702287079727474203591642
63059 49678.0284362762161687490235778706135
63060 49678.9737815676406449238917670102308
63061 49679.2840325748011870084913373583972
63062 49679.7856126314010464596737395651276
63063 49680.4192703324951125670873421457113
63064 49681.2904790474942943062843354734743
63065 49681.7255209269725806898716492544225
63066 49682.5139431765833370714356248242320
63067 49683.6234421668051055756029700078178
63068 49684.5812317127473673873247272236657
63069 49684.9153932274195482397459792771004
63070 49685.4705930923125396592097713689698
63071 49686.5848721134246230588823348416010
63072 49686.9902079078056306267021320278240
63073 49687.6104248433432618034570178427479
63074 49688.1809371913839535457805943072011
63075 49689.0987311297653223925986871303149
63076 49689.7800089893806594908170717812857
63077 49690.4881885762565223623689429042619
63078 49691.1926403745870531741149769916323
63079 49691.6633063775522349216823449557513
63080 49692.1555783699433459317793354580384
63081 49693.1533411545001121933514914458218
63082 49694.4046102365865287424509865398621
63083 49695.0429959577493948528374559039459
63084 49695.3998110928839825784111488065705
63085 49696.0540095434525969717166303496503
63086 49696.9820275531091515602273766482158
63087 49697.4239301409695531926804983418896
63088 49697.9923017058108479105416906720410
63089 49698.6821086167314730245274745199796
63090 49699.4018827566467418596560027429106
63091 49700.0988118031127451289652390694960
63092 49700.8557516741526112931192000478863
63093 49701.8356004630579280861359445328635
63094 49702.4225782127913691201533501332942
63095 49703.4559796708953086152619377908535
63096 49703.7812954988850493555342003986922
63097 49704.2536806003917319441710495203028
63098 49705.0984523965560278161715366678941
63099 49706.1500336433804405229807177484456
63100 49706.6962743158226257348510316390776
63101 49707.3718864499578359166460789730401
63102 49707.8398096727147703662998072670195
63103 49708.4583895713210858516087803380282
63104 49708.9738195655716687022721544045659
63105 49710.0560086119731104496952290309021
63106 49710.6456564559041144366121113517138
63107 49711.4757826477579673919509462696731
63108 49712.3836763907402914809316647361377
63109 49713.2895363496013015182068171034881
63110 49713.7348667750170375440423255445845
63111 49714.4123894163086173125667627973442
63112 49714.7611341326178634990727201139048
63113 49715.6965552996846273743346504325742
63114 49715.9638623581236031271383644086866
63115 49717.1695719448394058761736667943765
63116 49717.5641732652621202112248271196843
63117 49718.6526297987565617270565885965806
63118 49719.0692648001885985975473746711936
63119 49719.5728634670308120705710500241163
63120 49720.7784361657735238584115120978909
63121 49721.4057696687941548820515691475476
63122 49721.7958711296186951616418096546707
63123 49723.0348911421032309421638960234384
63124 49723.5599935695783890925272072041665
63125 49724.0348330013336509244616769805720
63126 49724.6059522885098020273413703626153
63127 49725.7426567027100324794425519775581
63128 49726.1295739585463035730967420173215
63129 49726.5904050190892300805971271992097
63130 49727.1900454658179376794465732286212
63131 49727.8305872281979090952279253521111
63132 49729.2539331653723951309223995577031
63133 49730.0124538733200870421634518928136
63134 49730.6614867109864829795047524716880
63135 49731.0188463767809635304192107917523
63136 49731.8737071799480026437936978638497
63137 49732.3028075517640398620848565336545
63138 49733.2698582212257632303430703950442
63139 49733.9157661232047807566449921589321
63140 49734.3277956066158013267670859414733
63141 49735.3712654081094167226917690969566
63142 49735.8636867184812322031934548811107
63143 49736.5608335783407376456825028141121
63144 49737.2936168128580484776956069946878
63145 49737.8012952814071689534091961747133
63146 49739.0610333689555518516623330021380
63147 49739.3009243980717834007116333205414
63148 49740.3680643284715713321497002453143
63149 49741.1130398327636526678141338931697
63150 49741.9730486442305640133619463222616
63151 49742.1785394822798013199844763868663
63152 49743.0014082788650439417836883955474
63153 49743.4558674090501476031474115584645
63154 49743.9207896345169097848376949420218
63155 49745.0961573836583453289115593458625
63156 49745.5882162346095494013553902813334
63157 49746.4790601849742774690929366838858
63158 49747.0841330026006443588648646163608
63159 49748.0457653396405374918183775998372
63160 49748.9319058466058011200649445150420
63161 49749.2863101068677694971139759865986
63162 49750.0672828675976171808609884641112
63163 49750.5161794050013669841719293215142
63164 49751.1346938597917635478167311752009
63165 49752.5022823079450635796712512129815
63166 49752.8373013849082090878478624513127
63167 49753.2817200033612123346600293970820
63168 49754.0345691939728944117763626287073
63169 49754.6054668467263848678275084337083
63170 49755.5147873518634854439498783152010
63171 49755.8065873837897760045091916878913
63172 49757.3942900876643566719106318952199
63173 49757.9321519825092219271378389451311
63174 49758.5063273902657822087427173757398
63175 49759.2392113075327933348674366476987
63176 49759.7585783877726807457981659631121
63177 49760.4319779528948114325731380300177
63178 49761.2314216861818712793762373491815
63179 49761.6681006433595582792304903146223
63180 49762.3015374289955047539725587180180
63181 49763.2379562865606221373037344317896
63182 49763.6879550767463761862346897830604
63183 49764.8324830702465511612294000294242
63184 49765.6556768373289409469006926273142
63185 49766.0245943863351195903871969046878
63186 49766.4855420909962874277842109748815
63187 49767.6999837448215987542770030148698
63188 49768.2368039267675358134788729891392
63189 49769.0851246043467058311304771503832
63190 49769.5974086781718959172934827746702
63191 49770.4056530243220453553197109009161
63192 49770.7608119449008981710761711431854
63193 49771.5598529145686602773377256378653
63194 49772.2474056650483725362681942763211
63195 49772.9788569852270223059931087644944
63196 49773.2085730708154994026478305164681
63197 49774.6366014728309637837123578185566
63198 49775.3756780149057899447765236809511
63199 49776.2238669968739101474610289935081
63200 49776.6841850981054288905544448879784
63201 49777.4453831234162386037910765350894
63202 49777.8705799505620909483310792302115
63203 49778.6265773512202667007337933868522
63204 49779.0260721481127512705989780703003
63205 49780.0285020659829594607780413016854
63206 49780.9854363013908682386974918938231
63207 49781.5711203588046574466642051147658
63208 49781.8163226163614978199767336970000
63209 49782.5445284139792116268517846563746
63210 49783.5859154513273764428129918112212
63211 49784.5327873540198978899517199094235
63212 49784.9752082676042638844806893911436
63213 49785.7239872210716896910746017499890
63214 49786.3987844673570772387398006996362
63215 49787.5167560239906656097874426068346
63216 49787.7273918487482278315981647002263
63217 49788.4388623533076082584518253810191
63218 49789.1696132044087441594479185885094
63219 49789.5821047770201909728002010797104
63220 49790.0945984890323733682394113819220
63221 49791.0939773352625778129650176477020
63222 49792.1515106588416421724557745540848
63223 49792.6295398200326164209525155471569
63224 49793.6885439092979274633918585380950
63225 49794.2578444258435854729852613626566
63226 49794.7412534568005768803986664680719
63227 49795.4475255374238270024786043178681
63228 49796.0467778220186572292540930378784
63229 49797.0885408539884584293575036748829
63230 49797.5935724467486396455337994765589
63231 49797.9886817346935830370548397510203
63232 49798.9797986265362167549935967684397
63233 49799.7521234823724739572096940907928
63234 49800.1056545558316317858151703807494
63235 49800.8708810633615523931151604903814
63236 49801.5968501688624039668145199456745
63237 49802.3788603589689308011499437565137
63238 49803.6307348368886013029819311329733
63239 49804.2044319114157976185794364426755
63240 49804.7704020490483129587723441230843
63241 49805.2022282118800333576002523073433
63242 49805.7297887785888876215465346227202
63243 49806.6633232337513550627246089646129
63244 49807.2836872880006599332648034608759
63245 49807.9150748762411522811288311285623
63246 49808.4476354994319140491945172951201
63247 49809.4473772327104225898953111234048
63248 49810.1206228297286841546401546273701
63249 49810.9844445389066728682024619438790
63250 49811.7144882882501134474471725241988
63251 49812.4790397725785000310720505464535
63252 49812.8632306186729342802995767606076
63253 49813.5803749496989116271894467023021
63254 49814.3992477356857753697412233384402
63255 49815.2811897188773384111581547072225
63256 49815.7726745301981904678602304522670
63257 49816.5851368615023842682232328533925
63258 49817.0747768121922807314482469947875
63259 49817.4771062678864463675696428567551
63260 49818.1529764389402228579410158260624
63261 49819.1312697740829651412677013852079
63262 49820.1306327268687447918481137111097
63263 49820.9323092436365315448863231538959
63264 49821.6680223265357816383982639225521
63265 49821.8560089372711284464289545044915
63266 49823.1898762998099045169732660056430
63267 49823.6296800031240787867361303953507
63268 49823.9536301887871485881845348616301
63269 49824.4117885169170452732397324505939
63270 49825.5407492244701415218432889942643
63271 49826.1282419305017346434916937982332
63272 49827.2417422491098014513452343998606
63273 49827.3629341119338366726693498453146
63274 49828.2621124091896653394811258894588
63275 49829.0653438981999299825496000343356
63276 49829.7087784532299805908675708693783
63277 49830.6224567242954477018403671005731
63278 49831.1904243954283602089968497632572
63279 49832.2427330854230311685163804061247
63280 49832.4682977324291374171419621272405
63281 49833.4287743026561212872684572661025
63282 49833.8942214290563587203887061259639
63283 49834.4920077900504802243280701951076
63284 49835.1207438160680915533338481253830
63285 49836.0757278599704493949534469129182
63286 49836.4434704629443649261339344537663
63287 49837.0139404532932926719618392671425
63288 49838.6423865276764788433008271875070
63289 49839.2530720633208632382369606403426
63290 49839.6379249556886319180549964948645
63291 49840.2512738650061000742069460288118
63292 49840.9139356545260750825367215435488
63293 49841.5135868114723412929871193796022
63294 49842.2789589900301617019281548899057
63295 49843.2253566263662999245600939932821
63296 49843.9000626680168198342997178744483
63297 49844.1423371571279166720178825077698
63298 49844.9651689001590510766799808056997
63299 49845.8365884048228408312487058371667
63300 49846.3544907342897133247987529852707
63301 49847.2996285274997820027162044676126
63302 49847.8437340119332683429622168919180
63303 49848.9040030639948779292939793206832
63304 49849.7543272379998524358206696622913
63305 49849.9471135455312167177999415969574
63306 49851.0671960731854693871486369368561
63307 49851.4123471489064271184281468172062
63308 49852.0071483914487549972928441583775
63309 49852.7518024979682352467421517071084
63310 49853.0591090255528306196906474312013
63311 49854.0761516927913217734721838498794
63312 49855.0824620151620358733463188281108
63313 49855.6731941850306256887723986072740
63314 49856.3797710092266459028687965681982
63315 49857.1372641811823910222996541795158
63316 49857.8776642746403742435650596738647
63317 49858.6390847690616534800149235631946
63318 49859.1087870809230024117682117451095
63319 49859.7855268277119473722319265107772
63320 49860.4829260583571232464644522920789
63321 49861.2934231655032869816362284283146
63322 49862.1683296577610454464113206718326
63323 49862.5391642702377057768219114475396
63324 49863.1767845611625136857667163343300
63325 49863.6769891943664994813586714208213
63326 49864.3300006102595434997384337709664
63327 49865.9042171812346486103752088716858
63328 49866.1124026398579081672283296276930
63329 49867.1623597458074162217728092210882
63330 49867.8962108812985815330642052699543
63331 49868.2556050255050981336914187218862
63332 49868.7226511158697621761650922424459
63333 49869.6947627813425923456534675753102
63334 49870.2029129497415885722656547651750
63335 49870.9429689183332883084144070589993
63336 49871.4868564056822198545085291727914
63337 49872.6555816504273156687145284511986
63338 49872.7482746941156383789877145821313
63339 49873.8871237580817614302600073631515
63340 49874.7708676380261369182670616969552
63341 49875.4230929324562009097665423819323
63342 49875.8142225915428124426813196991838
63343 49876.3972725736177261057843847334880
63344 49877.7557171725564678296843823326431
63345 49878.2492100573824697193228355955269
63346 49878.8476180506062734993176141361700
63347 49879.4046559484253341441015011509154
63348 49879.7137999803000327469192632220668
63349 49881.0044622829019284617803269154074
63350 49881.1615918805778875388168779586455
63351 49881.9025880939451467382699623578313
63352 49882.9074485158349139483124214981472
63353 49883.8301420285426979883869532399831
63354 49884.5002902990376944092983136376138
63355 49885.5177734662131709206775692122998
63356 49885.8428024207097623805549397671751
63357 49886.2266258553353643036757888322272
63358 49887.1525937069592369672696976095567
63359 49887.7853378734025054931905956968164
63360 49888.2299357491967719797954212610909
63361 49889.3296434049812663260097923904868
63362 49890.0292958274096142379481856323016
63363 49890.4749396106192921495672102885895
63364 49891.3340287934661849338034239674689
63365 49891.7044746271942391211933384660310
63366 49892.6258743841471950531557976284888
63367 49893.6731983463943099602527055521571
63368 49894.4311052806815198206858099069347
63369 49894.8985162480494939952827883345319
63370 49895.5692480428333577542385301722786
63371 49896.2932039367952975990123539232460
63372 49897.0916049742643462862775285827986
63373 49897.5997692938670280174689027206330
63374 49898.2552034942290268166727269853820
63375 49898.6128810693267583659240631426132
63376 49899.3686028072604274018741872719193
63377 49900.3114142234549283387809207401806
63378 49901.3924346675734159159161826964648
63379 49902.2524846529445004377869864357342
63380 49902.3814752267760357475517292841304
63381 49903.3969529115058368297768025004875
63382 49903.8635640225794097516440103570074
63383 49904.7460819056813481984035850874988
63384 49905.2019194115905798890945020433648
63385 49905.9897305627547626270895552236383
63386 49906.9966143441671250160604349909493
63387 49907.3710556718707433023772510257748
63388 49907.8882216127787035103335756114004
63389 49908.5409431212482996742173160064747
63390 49909.7080629457332179356207679097278
63391 49909.8689645540572027980560871305782
63392 49910.8437579891555173629579549846885
63393 49911.7697546857795279310351563486845
63394 49912.7420460084684794281538599061191
63395 49913.2139649799120395942489216410238
63396 49913.8833292534854618447972967324087
63397 49914.5298935414898565700475280097604
63398 49914.9491232203818979225118143582904
63399 49915.3896451377952085249997191001493
63400 49916.4277310558309694916402192124597
63401 49917.4110408137334054028661048591812
63402 49917.6764821149583132289721313157600
63403 49918.3935034721042337855798292305655
63404 49919.3686263810622344431777875188314
63405 49920.3294069085310058448515996832587
63406 49920.7532033324223113687070426723077
63407 49921.5186508472697507003292688961246
63408 49922.0244241390209256768939368911936
63409 49922.8306629715771990171717880452599
63410 49923.6927329716718586215419675745408
63411 49924.2769416693333946910109549895456
63412 49924.9735636061535116417798272639529
63413 49925.5903197457009621478857384311832
63414 49926.2711936778319948229086567691903
63415 49926.5033470734066853775220413349479
63416 49927.4755689095537862019437245618850
63417 49928.2197761781164860403780296617821
63418 49929.7553306564952286585433398251164
63419 49930.0656469618326197765705450705357
63420 49930.4028549867520370181117050362585
63421 49931.3726648652596367645323414367395
63422 49931.8701438202757631548840485302246
63423 49932.7625610286233033617855548408520
63424 49933.1870972768002206567790948536917
63425 49933.9001594707348703742604005722068
63426 49934.4056407680034191992090487685149
63427 49935.3581720722238850992404770767870
63428 49936.2976314810730654614359782789788
63429 49936.8100942988308345322906498395000
63430 49937.2130163908688431400600936421104
63431 49938.2522551079531817980538178075080
63432 49939.0453853025650830890858250798668
63433 49939.5254449684421661995663302986948
63434 49940.6953571900940917712441047387462
63435 49941.2241635146238530386219567013992
63436 49941.6511888509092518919133665413429
63437 49942.4492128066525672474802287217878
63438 49942.9563888655569753829031010885923
63439 49943.8776906482782219084945725098587
63440 49944.0893008662016413134670353150327
63441 49944.9255370784767445561053400748494
63442 49945.8288335473626172502520613275523
63443 49946.6248996287193690567535722221916
63444 49947.5172445733683884520253904987964
63445 49948.2708191104258549271443352882867
63446 49949.0851302444722997839018466677315
63447 49949.4075342592949062102801073134492
63448 49949.9231131125670771703856051567675
63449 49950.4311618219339863470985780876143
63450 49951.7992498487859328895023639426447
63451 49952.2387144490311100574006053950028
63452 49952.8324246670576304186216568458028
63453 49953.5931753336686082843153257859424
63454 49954.2058480548472418650043176785527
63455 49954.4399160189583876233865005166126
63456 49956.0235178553979960908204389993504
63457 49956.2483050173253970845995857388398
63458 49957.2866737687393417943231386003780
63459 49957.8286577074489153458656388603370
63460 49958.9142821987511517934886161432950
63461 49959.3190575642819916234660046291940
63462 49959.8903028352317711413769523330163
63463 49960.5543916248604047381173445956537
63464 49961.1129850738414534439409426010111
63465 49961.8673314875085153486463062241438
63466 49962.2874080989362779532165243547971
63467 49963.3282406194563339420308755527353
63468 49964.1350859997125508118931997423434
63469 49965.0383589670503833413228961493342
63470 49965.5458474320397940806607691360944
63471 49966.3327614429533790250223235547971
63472 49966.7261778432131476499426470016095
63473 49967.9169916829113753714701736120170
63474 49968.1603551250926173347403946215787
63475 49969.1732788616410293636674823136504
63476 49969.6116223984644983979521679832360
63477 49970.3204305433489767153939808308132
63478 49971.0958840954169014822956523585131
63479 49971.7505851396140070149199699835547
63480 49972.4564547897027255057902756328278
63481 49972.6990590250442361207197889096878
63482 49973.5800946768037974225436327502042
63483 49975.0313935227365610988451141706669
63484 49975.6693702428469011979507248099403
63485 49976.2707541364638996353784237437375
63486 49976.5354798245869133244258873270682
63487 49977.5832769275301172401145218230010
63488 49977.9091028587741711673996680823906
63489 49978.8101029660254590055502786782985
63490 49979.1515609515078870464129728179431
63491 49980.1380845421041997516663181637238
63492 49981.0032522651775271056275111957451
63493 49981.3485952694643637703515162122191
63494 49982.0916633738580698111013649902818
63495 49983.1858854307214448099914834275589
63496 49983.8677846067014941769826505926989
63497 49984.2487646219654194861129247478705
63498 49985.3014481225856997896765727832049
63499 49985.7029508192707056071886983106536
63500 49986.4759004280228131671655108998964
63501 49987.6410936894834593977505201475847
63502 49988.0488112154228655750514586186869
63503 49988.3907103694004889802474437843095
63504 49988.9261015773857665658951096033589
63505 49989.6828851472102214399623715388768
63506 49990.4512842728683724962209126914598
63507 49991.3383557190757373536383393938224
63508 49992.1651407951426569311222746911162
63509 49992.9703118096351787469591150710591
63510 49993.7056860741898440046489523854627
63511 49994.4097941483366069973614072011804
63512 49994.8745735050993486406087271623091
63513 49995.6659047898716225413656510630418
63514 49996.1875367491345164169561424368738
63515 49996.6224743496246931938076534075080
63516 49997.7490298678080040531106327776458
63517 49998.5001333913265106976901049954567
63518 49998.9739476833058480609791980201068
63519 49999.5727523416031930153847323365476
63520 50000.4067523905532160914105378060265
63521 50001.1248105211261293298673140108519
63522 50001.6736630219449101149565156480116
63523 50002.8781884928671304349736583003682
63524 50003.4740411328417123910481065009209
63525 50004.2648433197324002768945542013893
63526 50004.8787260820056865687211783721096
63527 50005.0498154078454040801501611825214
63528 50006.1195970612740767777092045471252
63529 50006.6965738196248644975552575191106
63530 50007.3999544544665892354660761330595
63531 50007.9689453104033347738929607468016
63532 50008.3102970567122338547793018118728
63533 50009.7267671176255245472991478033562
63534 50010.4428686714952556273774375448380
63535 50011.3544430160722516565583784606541
63536 50011.7774172427524412689832920296851
63537 50012.2474847142583427853467683650771
63538 50012.9425375808243019523008245278368
63539 50013.8224338755094497507470735127740
63540 50014.5845878935688001512869274188798
63541 50015.2131585886304898946982556143398
63542 50015.8338346629164750308561282298983
63543 50016.4563297102809038430944225347124
63544 50017.1684421396519349064610521466754
63545 50017.8873413573733792650587849577879
63546 50018.1742190043091627988307340892073
63547 50019.4771705364682906909333906891620
63548 50020.2532909620279748708647147611352
63549 50020.8017046843036928411888038729772
63550 50021.7593188710878921542511500285732
63551 50022.3770797881366491565499008148795
63552 50023.0789205243329925327914337350082
63553 50023.4231254149296498048720369790857
63554 50024.0293995536034171583239499420969
63555 50024.7884127206156328447864284604417
63556 50025.2927910221327551637839492403796
63557 50026.5598548614684204138412886384897
63558 50026.9694076704917411206152591393303
63559 50027.9337904647338642581386758684730
63560 50028.0515868869343807801337086542088
63561 50029.3977563015381924312654368386975
63562 50030.2831487115976614652922214933136
63563 50030.4235865463789287706769038483559
63564 50031.0402676537369311108557405028310
63565 50032.2418585554258710991938277749154
63566 50032.6366542406081980375914771225658
63567 50033.4039290371605784837993614099397
63568 50034.1976561389774375196099272128244
63569 50034.5286406310089860723216259880116
63570 50035.1700702201101313112844013953218
63571 50035.9442436350851811776407896306268
63572 50036.4225913619186880841524463872516
63573 50037.8400210027981650531992822773197
63574 50038.5320788522642305575479215072990
63575 50039.2691872985953955694486579504300
63576 50039.8253514936626031863102596983989
63577 50040.1878063185692198750903801803806
63578 50041.1022057100104082888677455957224
63579 50041.5551831167708850247446910816714
63580 50042.4535231291639590002742511467059
63581 50043.1474049822488911338402317951867
63582 50043.7480651881480020627110956514333
63583 50044.2243907058233566317892833983610
63584 50045.3588437646651810653333469678968
63585 50045.8717839346987644257814483621702
63586 50046.7387725888970528046606010757916
63587 50047.2819323214175772159515125320182
63588 50047.8753054784064040278984490415002
63589 50049.0475047853624590813847715108144
63590 50049.8373191014168184738691798732216
63591 50050.1798629338322627362203708386309
63592 50050.7418507572192512359171682593107
63593 50051.6899594327439025323509319008182
63594 50051.9841874610232447544785221238434
63595 50052.5896042616995496515957246538293
63596 50053.5900867960390982379761868897939
63597 50054.0784922215907483854441209604320
63598 50054.8689734641449871678727807349464
63599 50056.1684581618406510814200257883497
63600 50056.5874367297247486694463152145207
63601 50057.1524189231231674441569925524708
63602 50058.0058037837348985150616459627414
63603 50058.8055502476162784370289484354464
63604 50058.9186442235250514980135129556214
63605 50059.7608025924556974046092744921950
63606 50060.5370675114450778751201960374597
63607 50061.7306686328256835532804326729349
63608 50061.9751862489794806912298250378372
63609 50062.5426419463369524360367714477994
63610 50063.0949773031945008720087006173080
63611 50063.8437396710168589453892593677906
63612 50064.8841668195920836246030528898089
63613 50065.7298874469107055690555815232327
63614 50066.5080922945266722072281040201442
63615 50067.1123222752856919742517487711507
63616 50067.5388045050168346532784823710550
63617 50068.5173952247881001435082073645819
63618 50069.2035141649114643838301501155761
63619 50069.6658453048478886999618970166393
63620 50069.9924173117898627328615750287860
63621 50070.8272616113054905310857466983790
63622 50071.7749419432533405853667359239293
63623 50072.4276775218044043925876008200954
63624 50073.2429036803109229814070728027544
63625 50074.2872630720075759529898344665662
63626 50074.5859585851307660460616956697726
63627 50075.4090858770175919912508590048155
63628 50075.9362467395626825306501563229315
63629 50076.6857002942015552101684816091959
63630 50077.6091009663997331874085937961691
63631 50078.3685658744675770617946404488863
63632 50078.6510963510045105262463895019570
63633 50079.5233682877396406623781496125638
63634 50079.9026353006627045397190117901954
63635 50080.9437751623144587071398147862143
63636 50081.3806427635650319162741540442918
63637 50082.0385945078883877992670258968982
63638 50082.9377190019383849825443240242435
63639 50084.0383487840086631553480396879754
63640 50084.8449073606132108431077096796167
63641 50085.3179643417565255534492454115707
63642 50085.9607736180381753488685567043754
63643 50086.2602324086481738042064779967448
63644 50086.9568801278179788570439992799644
63645 50087.9973303669813438159674183427770
63646 50088.4266410195182395289680603627490
63647 50089.2013650865264491801681390487586
63648 50090.0738486400911464463153281935209
63649 50090.4930180316305104265459962150762
63650 50091.3472659938304854341590580535583
63651 50092.1737181149604617396028511865445
63652 50092.9532569959688541731745685238702
63653 50093.5259214454960963938483579799586
63654 50094.3246660803988427481136037117735
63655 50094.8312345823857959468763438904642
63656 50095.9515935678623799815787403207544
63657 50096.3657305353320618699317792439941
63658 50096.8426184281537967103175703421298
63659 50097.8162379418514500010792622414351
63660 50098.3230700262801680896527897844915
63661 50098.5079770485813230412284663967592
63662 50099.3415404270816629176125292720300
63663 50100.9542547304600983889511480650164
63664 50101.3742465871463495246880290510593
63665 50101.9043712789104315503788680572949
63666 50102.7556966009882482522876375337834
63667 50103.4173726357828166744850903533260
63668 50104.1297730333634180879647299643962
63669 50104.5319988163059121469413668183233
63670 50105.4825059865145672567175031771694
63671 50105.7619396631994799060532668823429
63672 50106.8286456619049705447969092299012
63673 50107.5261592722902250307392162975948
63674 50108.1469123647974414717995633264745
63675 50108.7713916058635765533064431598499
63676 50109.3359352137210376930416132781677
63677 50110.2434827473616708209147429412420
63678 50111.0916191451440661681598659637775
63679 50111.8792953415549789983215114104537
63680 50112.6027414903433395579460599528906
63681 50113.3471617862647452884350592384397
63682 50113.9021825026079205595354014529738
63683 50114.5465058974666127132151777345144
63684 50114.6771147993243488293501865048858
63685 50116.0259626650875432566432254964121
63686 50116.2874803752612589829422792443133
63687 50117.0186503836955957421451851723996
63688 50118.0195859079359158998858167843227
63689 50118.4180497307992164615567364455154
63690 50119.8936489084045141566428620271261
63691 50120.3502954249678813214976843441591
63692 50120.7357745151333509436566996733680
63693 50121.4778089223096847462994632036941
63694 50121.9764539255194357411278226853432
63695 50122.8520833881589420063997953795138
63696 50123.8100641195900925086499895926080
63697 50124.4308658390219481671995049567494
63698 50124.9115922097174050684938519571863
63699 50125.4345548856300155593496610347719
63700 50126.0914938738159693116801569326790
63701 50126.9626764499896604974717540492513
63702 50127.6292953367366435796798461150599
63703 50128.4040907445887942447131754140308
63704 50129.6016383556292660890550915439248
63705 50130.1145574797225522654539894684164
63706 50130.5713845659293276604211476970475
63707 50131.4616875261396958081708871747647
63708 50131.9411269944263004919924691598834
63709 50132.8057732685207665087040300081734
63710 50133.1539978439955084047711725410804
63711 50133.5786431260971419044653489277468
63712 50134.7304744302050318367380395743715
63713 50135.4557152842988650002734854740937
63714 50136.1986531599852968285211420415512
63715 50136.8954702162255340933693598410747
63716 50137.5710329776359448154338436842915
63717 50138.2643698344820944393147740926729
63718 50138.9402990454887441357344625870124
63719 50140.0880960101393360353702849402254
63720 50140.3674307941190573332305837150121
63721 50140.9300262616620059481106571271764
63722 50141.7970835274884926382289952511450
63723 50142.6033426836248266958277426341977
63724 50143.1031418070006350280386467032506
63725 50143.7973972006929199911163799332648
63726 50144.0796774728416651631121211139577
63727 50144.9950502849623902539850716208750
63728 50145.7910200597855786569128408963757
63729 50147.1223648567101594375763461588956
63730 50147.5885700743351760843680224698150
63731 50148.3819433867021665147025596308175
63732 50148.5981309165341049139065553060827
63733 50149.5761357669074415777299575448436
63734 50150.0982785673462994459709088161069
63735 50150.5100968905336186175210406567483
63736 50151.6535061123105609884737621328335
63737 50152.2355300276590802726237553555168
63738 50152.9386985648556055806303768744206
63739 50153.4353796018654893381057190061448
63740 50154.1336891377671671671233140452552
63741 50155.0531779236640892227138090814802
63742 50155.9956671345442981614369639663959
63743 50156.5600626775962510799176198858035
63744 50156.8110916428380705310388388487568
63745 50158.1745780583482128670437028548417
63746 50158.8220399087242338278917144247437
63747 50159.4754545941894740124677148045382
63748 50159.8063060031717034517551904823320
63749 50160.6298672907655971918338051198041
63750 50160.9069404803703043226177195789574
63751 50161.8539081517129842482229428237589
63752 50162.5876075753189165852283062471057
63753 50163.2644503480276420839629940919790
63754 50164.3102236120905655131473211204297
63755 50165.0402575649767401951667801955932
63756 50165.5893890021420358668279619725534
63757 50166.6223057136461411358176513694563
63758 50166.9034611320709224117426312918668
63759 50167.4567995651401552988689646480806
63760 50168.2751761150485045517057172192483
63761 50169.0814035229271665533026290298046
63762 50169.8042149836494799696562434498530
63763 50170.1918304702782571340769319014543
63764 50171.3368894762315415954294304350981
63765 50171.7889098854299895513540833947641
63766 50172.1677495783902319420863984862261
63767 50172.7997438488023464186999370817643
63768 50174.1311961560311589904783407121136
63769 50174.9220996512326979909222946247472
63770 50175.6161718064429859155808606818567
63771 50176.2060963967654457980735274111840
63772 50176.6836218821432889649497008803269
63773 50177.3438232593643300296410634919217
63774 50178.2198911551088353089854646907012
63775 50178.7372199262601789089772153095067
63776 50179.2909347246577347573531060029516
63777 50179.9849730704341267677464473193193
63778 50180.5839641765759523103963079031656
63779 50181.9172868157691087568418698196411
63780 50182.3819557073990935823376392675402
63781 50183.0400929700998989311785900561432
63782 50183.8666881796561048027351120412086
63783 50184.5280692234267389743862962216548
63784 50184.9262578885104428629275904297157
63785 50185.8815407757836453267944048849374
63786 50186.6632627715980234276767018875746
63787 50187.5271234569299041128696917908064
63788 50187.6937064347264842839166395166540
63789 50188.5670127062191590771871579501638
63790 50189.0293236251194910436294079007488
63791 50189.7716146733656257103908452350789
63792 50190.5138936460517273269354567370082
63793 50191.3618174843806374672136731438077
63794 50192.3291624206463940553020718280858
63795 50192.9093080271393645124420188770103
63796 50193.8209461353055281555461019775526
63797 50194.6143852990650890746413757925539
63798 50194.7847741153166829786377270148550
63799 50195.5165974923905211359004442910117
63800 50196.0871352029185957322558309794468
63801 50196.6395321610980258595802995775027
63802 50197.9148836324628396733803895129317
63803 50198.4461843523127052208124842075084
63804 50199.0015933263370547622339487417281
63805 50199.4216825358162554086951870414860
63806 50200.7042643419893076202313843637669
63807 50201.1492272887940487569226297037699
63808 50202.0948451592128885004466088934939
63809 50202.5087028618114121901528344773210
63810 50203.5640418765717879643504921917311
63811 50204.0442994572671213456799689364784
63812 50204.7323331883579918132093493416981
63813 50205.5204717309155249559497308616816
63814 50206.0997776929746593426327448868003
63815 50206.5519866890526089230270665682456
63816 50207.2739280549192673759166493334460
63817 50207.9008939862663863516310676487628
63818 50208.5222643351368903699623953832525
63819 50209.9208131529656088161235486177421
63820 50210.6102449559018593298170028080160
63821 50211.3516005003079738709594132053000
63822 50211.7044548724482091667723530269702
63823 50212.0295857719174700808178746901067
63824 50213.2784024562775785633136227329371
63825 50213.9867585680703364173654790533250
63826 50214.1651064767112950893442875094698
63827 50215.1544370302296528967096542607338
63828 50215.8053715737878392842397290602604
63829 50216.6943688643208737116512038294884
63830 50216.9353997790338304565133172839561
63831 50218.0559213279614705938889039578270
63832 50218.5709314084667938178661481940419
63833 50219.1166888034194110280208211363073
63834 50220.3441430709622910537948708319456
63835 50221.1297809516196962583588214769879
63836 50221.5538954343745436643397858459748
63837 50222.4727254893907860083804640100031
63838 50222.7464860319693304727277725821269
63839 50223.5142074484246137885963201356577
63840 50224.1297982273276512062899615658307
63841 50224.7284249272265163525084472696874
63842 50225.3288685857191740131310621095435
63843 50226.6200192893970336424473172682614
63844 50226.7968076251888466583442505791284
63845 50227.8088173462458959755488108299997
63846 50228.6448028567870486039710193654613
63847 50229.4842877046032910020960055602642
63848 50229.9441964513842880261326642717726
63849 50230.5145810299348857223664514534881
63850 50231.0950033313222583512759173643430
63851 50231.8785122637264722602303613866648
63852 50232.9252884721934604246661673889365
63853 50233.5224439012379249891468519453456
63854 50233.9979803306200494473957334945913
63855 50234.4556536881997939355352458457256
63856 50235.1923056237169670259794783094481
63857 50235.8113228487139997549716149064976
63858 50236.9112602494688292008211087402750
63859 50238.0415379559590569248907904450778
63860 50238.1681183037066490499519044968214
63861 50239.1686440337655426032276947344631
63862 50239.8965924241739975391971665004517
63863 50240.4551794036466893748413211915207
63864 50240.8903669484552496061419281086150
63865 50241.6272760690674482814642227076972
63866 50242.3259519712136670312609665007459
63867 50243.0478189485646027841693840012645
63868 50243.5036403493886390991738365323444
63869 50244.7836523413341361494624750222101
63870 50245.0802318719147164453633733543727
63871 50246.1866416459943336139391090624049
63872 50246.5708752734269376458125018613807
63873 50247.3122381777824633157907283918118
63874 50248.0983935939596232872005981354857
63875 50248.7852284244987586562675500014484
63876 50249.8575195531252250782219672953295
63877 50250.3048289581518176113925494613884
63878 50250.5715129838260079539538375761724
63879 50251.3194569370328195055514344631609
63880 50252.3668678976698997877392501078669
63881 50252.7492269387165580103361671030370
63882 50253.5019141115743857661273773458320
63883 50253.7475005056470659060256794079959
63884 50255.2189551030357628720402411404112
63885 50256.2293343442416748931054030120655
63886 50256.5982422517661160325885746371376
63887 50257.2054887708527959065943549089642
63888 50258.0130127555002453228701254752832
63889 50258.4174224909169784991636397885959
63890 50258.9583590237470439009241320526581
63891 50259.8809861893010457687593277248764
63892 50260.8480375989843241260331086633117
63893 50261.0324736521233341748979023534015
63894 50262.1937048940759263439862888987962
63895 50262.4945971556568777537984125264929
63896 50263.1741058424870325617758030088452
63897 50264.0645709389832888106913150591324
63898 50265.1498864430618392101606852842471
63899 50265.4804867339387522975624444427194
63900 50266.3230352185506660198126064456887
63901 50267.0402172503226932046987788694650
63902 50267.7233722193681018797277303639135
63903 50268.5869911450231491448442583596010
63904 50269.0719591835751497719748006749237
63905 50269.5104431454856440898395594003279
63906 50270.0456162908063910447286604295521
63907 50270.6761247957925148294646917850485
63908 50271.8819775326184428977876554180300
63909 50272.4704512036425658832634904595750
63910 50273.4487445367399054396465702345423
63911 50274.0691943780055418726176873856130
63912 50274.6129567564718109006753618798943
63913 50275.5414258725035786923449533705023
63914 50275.9896158682256416628668943073096
63915 50276.7213644376603369545668118352931
63916 50277.1936934256243223595527602085594
63917 50278.2870535334070970899717933628897
63918 50278.7062894198239833320467442983017
63919 50279.5396179609582210915452710062518
63920 50280.1506063613063220085846336619402
63921 50280.5752998084500755975371648999851
63922 50281.4480744585373236286692654806558
63923 50282.3009169637115778874808009322430
63924 50282.8067935648569678670063164720537
63925 50284.3945417340358415269362124120122
63926 50284.6443828348414885003276309525360
63927 50285.1317927393018030771687910765757
63928 50285.6550078688695504455999365714716
63929 50286.5408164482361097076401649730794
63930 50287.0214746168953348376991625710613
63931 50287.7491414010251400425916098285262
63932 50288.4949058958077784529856164579480
63933 50289.1746585397610292072899631426831
63934 50289.7656587810593890196464523920003
63935 50290.5910146531815467897795560632557
63936 50291.9573655473935957993808204083178
63937 50292.1278221452493054397310809996956
63938 50292.6602694532884471967767127968884
63939 50293.4644226917433373266593476428922
63940 50294.0968571842254649819096174997510
63941 50295.2887196612758785234169941147829
63942 50295.5087993233303037846869906682599
63943 50296.3146069518595877394712818654930
63944 50297.0828561155774657215684569051311
63945 50297.4673741008695214420086441869665
63946 50298.0831834397630526022817812740768
63947 50298.7888010652564876025724655271500
63948 50299.5731511524879476763496987810310
63949 50300.7080545973486631308268053214410
63950 50301.3983524664181684904961049862834
63951 50302.0901820454321104030159204315762
63952 50302.6692067631297132062983417897952
63953 50303.3759325531953638567743168038319
63954 50304.1513562140807332308613993559808
63955 50304.5605991435916575861592770223548
63956 50305.1272620050789799889648632047764
63957 50305.7062585965800559573267218931452
63958 50306.9578156089801423812181466733142
63959 50307.4086810994641499205837699130155
63960 50308.3779359070384091271527443573322
63961 50308.4896562821981616798413091437560
63962 50309.3855243074902194012911413017325
63963 50310.5426752892069993542347755384647
63964 50310.9729148247883210204382050729996
63965 50311.9161437861988833590281430858391
63966 50312.3207997595989304661907781937696
63967 50313.2307621758701793164634009649711
63968 50313.8729108309373288311619608179169
63969 50314.4436972538632299705955097609774
63970 50314.9375910478480984775010121588752
63971 50315.8156519911254644197071380773863
63972 50316.4058601013176791635247256516818
63973 50316.6559012037444193318019543875301
63974 50318.0285757507739061634756470715103
63975 50318.9356606126256132548806943979758
63976 50319.5805300325841855127234986143221
63977 50320.2720032012176206599796883907725
63978 50320.9892966496857577381415497818596
63979 50321.2296751324577625125139684399568
63980 50321.8627986922385600893612191367231
63981 50322.9832361605351109408169694076896
63982 50323.6098907622002000220713635227687
63983 50324.4652861537482174379937167586539
63984 50324.6109908179383113019943349213171
63985 50325.3388065200329797209220725104675
63986 50326.3895662953634193803857681151370
63987 50327.0181594603859719094472025528426
63988 50327.5065489950521294390921052216764
63989 50328.6253588413142096574816292267365
63990 50329.1506845046383446729479124266653
63991 50330.1074340911004495006363888648128
63992 50330.9627164041199961454603724808006
63993 50331.2940863385202726392888277717938
63994 50331.8181298917416081686161321270901
63995 50332.3646465734457935291310153591264
63996 50333.2209422264566453130467466832398
63997 50333.8577525152529856294150290699598
63998 50334.4572875377872078746274858969521
63999 50335.3863048817538498983830378028651
