35000 29500.3219890564351483455915922674739
35001 29501.0696475500282682122181029025273
35002 29501.5184865235717329317904989662937
35003 29502.4978101793848585045166799922949
35004 29503.0911093113276586436312401357705
35005 29503.7620462124682296877616699604407
35006 29504.3736098936668407231520235806626
35007 29505.0606347965891473876361052724141
35008 29506.7675205788683522193870332009986
35009 29507.1532568448964368656088323643391
35010 29507.8594991485377159115003363230925
35011 29508.4795423234868231688030715875276
35012 29508.9487283391470336833524987648996
35013 29509.8084111059410115174902052151331
35014 29510.6730150914088777275012553388477
35015 29511.2846971609051367531100704566101
35016 29512.2600971677921777484232134157679
35017 29512.5346483615346868444902944161618
35018 29513.8036473926197733056103774416511
35019 29513.9191709750837870813258820461169
35020 29515.0952845917068416321108233156224
35021 29516.0987810045553195380662914970889
35022 29516.5632179206634595976954592069333
35023 29517.4120015067241180377447822264227
35024 29518.3353597302835211854845252080346
35025 29519.0818480019581526740978552998818
35026 29519.4786392676369756169163685546672
35027 29520.2039151917472015587148568536827
35028 29520.7404647597101422537941574441406
35029 29521.3870318292017832409534831407986
35030 29522.3429741664818316939747989247409
35031 29523.5584151470810060200275145770973
35032 29524.0548735290634564067403563103914
35033 29524.7107291874043880563741991364972
35034 29525.7976360824840571132539102973401
35035 29526.4176602815910258426855235100921
35036 29527.0549120521533363529939950555325
35037 29527.4156697991819744687254674331660
35038 29528.4771395868903807102321684686818
35039 29529.4195105035581745962945085714128
35040 29529.8603666921236721763099686449131
35041 29530.6577582867037869912259842103443
35042 29531.2644949023692082800969936496861
35043 29532.0065767574908462803173835030263
35044 29532.5129585498215926238394997559491
35045 29534.0887336958098568388106266168327
35046 29534.5016817619262795236086502442919
35047 29535.5367609229242555959686673901630
35048 29536.1220136711770425836509430121691
35049 29536.6279930586893675932985568756736
35050 29537.1062078928505435135356326264467
35051 29538.1329377837435981802709989124598
35052 29538.8461863178066358349460781996248
35053 29539.2943370177534471406121415251785
35054 29540.3389393807143298567517834959950
35055 29540.7689495466833030359001870307907
35056 29542.2663780687020423656694045443050
35057 29542.6703537923215426636889215507402
35058 29543.4962557583654880592499522487453
35059 29543.7966504075602115070557478307336
35060 29544.8854185000842546454963606837656
35061 29545.7172809003014906424154873280868
35062 29546.6239340312559003432577379834570
35063 29546.9838182790000733067982817596063
35064 29547.6600685575638719849962158822693
35065 29548.3841255698843952804549893411170
35066 29549.0334337695916320470829133877520
35067 29549.8158282813501399980764456148957
35068 29550.4905140144571469170017658594075
35069 29551.8431741709890929727916245075346
35070 29552.4293697597899230833220815899560
35071 29553.2649546609571572964470833572318
35072 29553.9108615516946202778439443599232
35073 29554.3870147381212585459221801221989
35074 29555.3736456534279361813390154112121
35075 29555.9005536179464791172745397135772
35076 29556.0839829900573778259767279241386
35077 29557.6921216165484940127212579887691
35078 29558.3423315952220150367444202411241
35079 29558.7003917954862142360757865453345
35080 29559.4157240340225426563721437062112
35081 29560.4456950451307715083388138377155
35082 29561.2291787503237562061185873109673
35083 29562.1030904685576551578895968055433
35084 29562.9094337070939594069354448360627
35085 29563.3339542635853188442996161787279
35086 29564.2161794149341141188380450460055
35087 29565.0130043412746834739930951155622
35088 29565.7129035360826048292469374848496
35089 29566.2130134115093079122715661059747
35090 29566.5900618058192915389345814783129
35091 29567.5750685212039555063408451328926
35092 29568.5491622663193912988193063166834
35093 29569.5192045379270592933465277048990
35094 29570.5054237431608384261147047398928
35095 29571.0466870275971915663428593978170
35096 29571.4124298047619963380805039579667
35097 29572.3834435028705322079907674477894
35098 29572.8484104756349758617401313625652
35099 29573.9358729658214137685060772154701
35100 29574.5608449246953196319619068013810
35101 29575.1992158271221189963858678006798
35102 29576.0433162988919581601596886287724
35103 29576.3763504906757645216961023482640
35104 29577.5153858393869419453360816265521
35105 29578.2727190260038477296955296908215
35106 29578.7986898401956905163164607688919
35107 29579.8322900212698906496240425916523
35108 29581.0090144663364174128196697859392
35109 29581.4168094503967906146881761314850
35110 29582.1271876688535941286904874939612
35111 29582.5188654319570998719667329419463
35112 29583.2886238391466075929334505850813
35113 29583.9419246510331352591243098203166
35114 29584.9509013920346294894897157285432
35115 29585.3783522621747369071972793319226
35116 29586.3673362179666419329310891415118
35117 29587.3171024501251236912879038628252
35118 29587.9726428982143392298699055596173
35119 29588.8686189298730292039443922913846
35120 29589.5681794356879566755008640053285
35121 29590.0236869191599680162635451982051
35122 29590.8417508086861592161927642159886
35123 29591.6710303792473776340419264629757
35124 29592.6573471057550081089754144846953
35125 29592.8599556556049710590264939811312
35126 29594.1241922712173160197637086201762
35127 29594.3566564902893827240678775901690
35128 29594.7621670365352938487060029894321
35129 29595.7703590308355313318255698708610
35130 29597.2775178706486912073325806331423
35131 29597.9332832255072639947149826009349
35132 29598.3743791949684081877663156438388
35133 29598.9834526791046920547086389538328
35134 29600.1864977137559440466427643020863
35135 29600.5179854750189006296971589426571
35136 29600.9588906940505119078536612545993
35137 29602.0073037201558447475158442566701
35138 29602.4934094057127301564454811725992
35139 29603.3474852089756210226774550101399
35140 29604.5400315406716399447581878767804
35141 29604.8202132430236576637663158564883
35142 29605.6969261466019286623429804335045
35143 29606.5722224395430393934072956798653
35144 29607.3722406153238120394147929227311
35145 29607.8505974566956220075523903803154
35146 29609.0301609752150401477617092383610
35147 29609.6418994484143088724241250542608
35148 29610.2769268807945681404335265635544
35149 29610.7772799687567789791403924335368
35150 29611.4369130938630832058142405761677
35151 29612.2573049291174130639083532387773
35152 29613.0716897680397764551570538553459
35153 29613.5619861909822893619878819221814
35154 29614.7250811753620910129162910886442
35155 29615.7469141347554447561498524592661
35156 29616.5425159084022557472007855136827
35157 29616.9679441841684973837459847478162
35158 29617.6981936558683841157709965785917
35159 29618.1286895774233777494629333070281
35160 29618.8221835180295121279778421649651
35161 29620.1712092023736066931811174222146
35162 29620.5230976858487897549468822493112
35163 29621.2692102921699324041581465780823
35164 29621.9271999049492257794466868014404
35165 29622.5333477534145625931628244403184
35166 29623.6305870129546747279122096479303
35167 29624.3913174526100318531070376329653
35168 29625.0140359666341849621672922490118
35169 29626.2249641852084996217215180169910
35170 29626.6191565648751120032845582560249
35171 29627.3290821554849598070485301162397
35172 29628.1035874109639279896784132776008
35173 29628.9133191281810609350958328257036
35174 29629.2184015524863922822432761868712
35175 29629.9561870202420666810439546845867
35176 29630.5577782845775210765441386993519
35177 29631.8449896726322043118867618900417
35178 29632.6144199110915606785519168599360
35179 29633.4986098819150417146869783115538
35180 29634.2266411161199834644299468946967
35181 29634.3901255274023260749435825487107
35182 29635.6535492384660920277353154716465
35183 29636.3277372843499574945815968993983
35184 29636.9268827776878547438363306490230
35185 29637.4475471806676405758237715602031
35186 29638.6106275273354093485272621829091
35187 29639.1008067049931361914881435607404
35188 29639.8949510059528038081799321089651
35189 29640.3033582956017065225164445200933
35190 29641.1039453716113736401771455595547
35191 29642.1360650022181030688101722496049
35192 29643.1840824610234501766873670281231
35193 29644.0267123063986294027367959074312
35194 29644.5496446450282275494287966569738
35195 29645.1482948435508172865965794767732
35196 29645.7480813209832231346582245725027
35197 29646.5720470195941336039977743376045
35198 29647.1037714834211606280008796205975
35199 29647.8182835270583767854772859656679
35200 29649.0341109162519718460143111317922
35201 29649.3841046655170864079106861506689
35202 29650.0047769973199649267342368582798
35203 29651.4220141572744403765503727145113
35204 29651.9329862036381371958262051140465
35205 29652.7935515490702255226242378231023
35206 29652.9143743097131982128855270763532
35207 29654.0653989297914315647924456939983
35208 29654.9708629070206766514098625976907
35209 29655.8829909281434494864405186687374
35210 29656.2268837830576001747598127939572
35211 29656.6169309639031919916319210592981
35212 29657.5149716666487618629625459000411
35213 29658.2702155264908188045328016889911
35214 29658.8976101374833663043301476035598
35215 29660.2811533600495006726382048529468
35216 29660.7801276990668986583309036646051
35217 29661.7425961876625579956621798630764
35218 29662.4557591429632615998389038404886
35219 29662.9322868473834767392330294485927
35220 29663.6333930505390512803220453978266
35221 29664.3550247324073896965978797696387
35222 29664.9383466506710864111101808187153
35223 29665.8865825717584873965641802182211
35224 29666.5155447452972571447352132867761
35225 29667.4935506402401874498892758086703
35226 29668.0090135134100978215761864581003
35227 29669.0315021919579224779045125655090
35228 29669.1668440912120931322333693942815
35229 29670.6971180638048911039331045504709
35230 29671.2789347264739595446261956352554
35231 29672.0173696745252976918525480706638
35232 29672.7820430987085108559643708437925
35233 29673.2611683205432037934870090992152
35234 29673.9532503691118056146447693369005
35235 29674.8473614790181371374264260344442
35236 29675.4869031865149563975229923118811
35237 29675.9274662706197974296578788025544
35238 29676.5626815608518726165102077512755
35239 29678.1326299140353742919506359560720
35240 29679.0075284751116852564549446418474
35241 29679.1701204252667477541879663338949
35242 29680.2091195720589242721002605138835
35243 29680.9580577888914620017846910999475
35244 29681.1343686565597282933228436051037
35245 29682.2838620383996645114166323107075
35246 29682.9722253515932327683357508651792
35247 29684.0695758812425739071014606060368
35248 29684.2430299260886587446417537821936
35249 29684.9192753021186953450249577600694
35250 29685.8883143130356197431713378048731
35251 29686.4107785992745952475466640091216
35252 29687.6316479473247990991564620707325
35253 29688.2467347189412645694273937430779
35254 29689.0642132602139645588943472905230
35255 29689.8847581093659091911146442917465
35256 29690.7616971546430737471248495407176
35257 29691.3025568087471019709970245079602
35258 29691.6893557582521369284218643337873
35259 29692.3285852684073335568660259855401
35260 29693.0312348157863286337485930231311
35261 29694.1872239371358932477624160481825
35262 29694.8181122705577341425520909607475
35263 29695.5335435456573492755162146817104
35264 29696.4364061242018934775684442366662
35265 29697.2872700918003272759887376170234
35266 29698.0095009560216019673006263764581
35267 29698.6159659844393238673352348533989
35268 29699.1704899763347213366469886657129
35269 29700.4032454866160371874656338082512
35270 29700.6442873068149874168174375035456
35271 29701.6008737460388077448919895076403
35272 29702.3909857389563368327692704582926
35273 29702.9024550389607734730712420870244
35274 29703.3637502603187953251390861353059
35275 29704.3472331703484619013421962257269
35276 29705.0034233482850313752316052069205
35277 29706.5678835416027641306981770402602
35278 29707.1617689806068176545499628363514
35279 29707.5769861182286685998838338198025
35280 29708.1732148025663550252014481536495
35281 29708.8130116071424934980415846011681
35282 29710.0344933736760154926439875602189
35283 29710.1536091095401726535016640029525
35284 29711.0742058948709184835691700758896
35285 29711.7444117079569699021840189838654
35286 29712.6638708213627893067027940327078
35287 29713.3909313627763340473429983204232
35288 29714.2445286377796350360141864365792
35289 29715.0798902944811373775292490076134
35290 29715.5616129949348334638274357690443
35291 29716.3158376380478535150137145137248
35292 29717.5816627671517840826547891500309
35293 29718.1346586588198971240235992464063
35294 29718.4310103693049494787424928560447
35295 29719.5844133957584649976312173864610
35296 29719.9554656486130654605455536637360
35297 29720.6334970474108005749106039097690
35298 29721.1329056981222127531709439097285
35299 29722.3237915956771682373789188760153
35300 29723.0330369664981077198490834483129
35301 29724.1024948983320542503978471194480
35302 29724.7398730142466636967062823459301
35303 29725.5138237266563784118380133859069
35304 29726.3912051534191992317906803872466
35305 29726.6559098273934497147226186075554
35306 29727.3067627543885623781332621208543
35307 29728.0650625338319014179705929760826
35308 29729.1891802005998627827328619063302
35309 29729.8815471677019871949021096569537
35310 29730.4787793555555710689006783567850
35311 29730.9933063636449809619166371627253
35312 29731.5965888429642212268208810765903
35313 29733.0035185672034615212153335542374
35314 29733.4885896616618063461325716611554
35315 29734.4976863060089318127578712192883
35316 29735.0531485076725284213353034701607
35317 29735.8903214654546542065511870367713
35318 29736.6580396394991086398412323704146
35319 29737.0545723198108033906635310903050
35320 29737.8191918394135952557266411121436
35321 29738.4960573142467544589025120986497
35322 29739.1515342717653279178888347745100
35323 29739.8638552621149437661006132810644
35324 29740.9854054149881467932678827808242
35325 29742.0761161324596561451650087040826
35326 29742.5069882244611224755584084758623
35327 29743.1241462858219379268349512200673
35328 29743.8928509480990005834964194143849
35329 29744.5344378672223034793337112909656
35330 29745.4324620490769660714715264876601
35331 29746.4178422038739792506146620719642
35332 29746.8334152130716988446931042580045
35333 29747.2359990331491681840127246153449
35334 29748.2304369374628633161544128608844
35335 29749.2242913647327871439771847846044
35336 29749.5015104856139643350979276713158
35337 29750.1678235192527678608074440893193
35338 29751.5878558955223526825631925826101
35339 29752.4426499470294128836532814509689
35340 29752.9318806198659716612644806415580
35341 29753.8701746686728943227402680640891
35342 29754.1550830688226281340468440348460
35343 29754.8778692675855445527724603979978
35344 29755.5493357013783454171654977551426
35345 29756.3441300113940340021913575054847
35346 29757.2097633801242946375480890044162
35347 29757.8345615473581518245573623814215
35348 29758.8429628849953415532479913674400
35349 29759.2638684119855364087530339210461
35350 29760.4716524627016719641621154617155
35351 29760.9415668167519363617530974938572
35352 29761.9103712613038030747040430473602
35353 29762.5655285967803214769772456265535
35354 29762.8816773066200311465181192618426
35355 29764.3147723692538102005833473904355
35356 29764.7851342073531911660529697520875
35357 29765.3204750772368914996221741395220
35358 29765.9354631095266935609877020513064
35359 29766.7157236891307370098280858104024
35360 29766.9994632071587623745267809281846
35361 29768.5801569749531223579133307947508
35362 29769.4513162540576354562341883176974
35363 29769.9666274840703413812598000040025
35364 29770.8110630909601727128491416217188
35365 29771.4424466713785608932291100726810
35366 29772.1074545131953054914733052849226
35367 29772.8835790485182096771409506812916
35368 29773.3328462759441958556128222646046
35369 29774.1388132294202588766862730811667
35370 29775.1295997916767205139155393070297
35371 29775.8655840786949310918048126833119
35372 29776.2354335893479108418289187019646
35373 29777.2878328129925400911130217258344
35374 29778.1437693378106709043298912485186
35375 29778.6070034847565482730943304666322
35376 29779.5437218248900420372012542715792
35377 29780.7238453659574934263340661509147
35378 29781.2650243314686508261868173644099
35379 29781.7047144834790983693544098039177
35380 29782.4039568971922326913858680361858
35381 29783.0142148738648076114740485186524
35382 29783.9412482640520322280033545107424
35383 29784.4846144509705621115938184679245
35384 29785.1650148632361299126860881247600
35385 29786.0921797853717558649398014520342
35386 29787.0101807684825928217745574927638
35387 29788.3224008747775796583926210341948
35388 29788.7420128822844555807023967373618
35389 29788.8342078293241337460336946369187
35390 29789.7542432460964427070655777783289
35391 29790.7243161634392905104757316821269
35392 29791.3433120616794364748330004982677
35393 29792.2535918927943646224958792231750
35394 29792.8679668453609617032698711247045
35395 29793.5676585466942399914607618485757
35396 29794.1854736344505117867736865687287
35397 29794.6790818507555974149611935497201
35398 29795.8865311921215659605900904308758
35399 29796.6592963464474343396498603066269
35400 29797.6673183967493059486972088374504
35401 29798.2017691439899351369009332034048
35402 29798.9794110678107966236553628339532
35403 29799.5885475377840257596620691074179
35404 29800.4548717708155543793923556721613
35405 29801.0289837132431556179973863274704
35406 29801.3865764107588320145517862397368
35407 29802.0875567485664536437872180683774
35408 29803.3150609935301611798468527559035
35409 29804.1368167641086011990777870650479
35410 29804.8550419710854356809648862058691
35411 29805.3670773390329766998360775464240
35412 29806.4640174842852891685585037761088
35413 29807.0037813925346952320577676727311
35414 29807.8976644986059597230908918312534
35415 29808.3345292701834437001478721190388
35416 29809.5356654155861047760690830325989
35417 29809.7142359608197501572557134637895
35418 29810.8925090537396263377170154070467
35419 29811.2563524485833265888568734993310
35420 29811.8938496291089188851491772543836
35421 29812.7886668875726193236983919406330
35422 29813.2285670209746204181973543833901
35423 29814.6661994672185051681200034778888
35424 29815.5113282275597552076063612914313
35425 29816.1745402841852129782066868956355
35426 29816.7288918235560776709510286038315
35427 29817.5001937629408298852039960809849
35428 29817.9111756222626501083010800211604
35429 29818.5098296751338972692979407157199
35430 29819.7633071927084539691438502192528
35431 29820.4264323025624400269138642001821
35432 29820.7757917704423783257591425886617
35433 29821.5721415039939816072854424179630
35434 29822.7428800072166306099753716417910
35435 29823.2849629979770559542153820129953
35436 29824.2925950432321308864575305066433
35437 29824.6787689592802038290252168580104
35438 29825.4708481876455998024148557774623
35439 29826.7202296254659936493338591171223
35440 29827.1304455601529733228540834375580
35441 29827.8501571847094979374150998956537
35442 29828.4426225214255555035652333304673
35443 29828.8812496418912354581857390608528
35444 29829.7994491507526769255757174856150
35445 29830.5497956893335046185986857331327
35446 29831.1670461253152691634175169889631
35447 29832.6577144608211744386070771709347
35448 29833.2905484222397488719618934899445
35449 29833.5517778231915923301939082940090
35450 29834.6503100401190014791891175773969
35451 29835.3549047842888320933911961488286
35452 29835.8575156954881271169424134344331
35453 29836.4171063677415059207917128236600
35454 29837.4396324417339617608325924292705
35455 29838.0276152590305667722112569362097
35456 29839.1515996225143681989445310891856
35457 29839.4497502722294399148503779729652
35458 29840.2392694217314126755981309788490
35459 29840.7383041551952224011068516587853
35460 29841.9155039460795948770329775087153
35461 29843.1426709957555692333570896724605
35462 29843.3772016964130549447106773111589
35463 29844.4074012902446541476427943398157
35464 29844.6742477319886885277166102837181
35465 29845.6331225885955630001135189639026
35466 29846.4239599121158143489038512982439
35467 29846.8754678445597941104774794076155
35468 29847.3643204142738648147131483698689
35469 29848.4134431112972500402159872871600
35470 29849.1496887630551117118970683461885
35471 29850.1865008383762314188580749926264
35472 29851.0174399247312476643301259352891
35473 29851.6945786291185848524781677890421
35474 29852.4827406480204705722218315840655
35475 29852.6608040674572604920528588454285
35476 29853.7085735513906117533959335225341
35477 29854.7264759643425188556420470745678
35478 29855.2918612595788987394466217426115
35479 29855.9888236361898839052128651526025
35480 29856.6687636011498550396088996883477
35481 29857.0051643935837494554261446474239
35482 29858.0119807185558271184114502647993
35483 29858.8875446887871359948730326507885
35484 29859.7346928185805439871666255971224
35485 29860.4031654412862271985773009005392
35486 29861.6719353800203011909059441401734
35487 29862.2174474297432186306157310058851
35488 29862.6236715802351698065181907978262
35489 29863.3959436079243317202871233751780
35490 29863.7996074813189284533932251652825
35491 29864.9563096466914440535746909636232
35492 29865.1351971302303694175564575804270
35493 29866.6601784751349129591998032037159
35494 29866.9563110024613345492906132704090
35495 29867.5686001675502874266110454922943
35496 29868.8088499274943230087843708456499
35497 29869.3961641328422127252149207731830
35498 29870.0573477374560871209925744825976
35499 29870.9155281289406397309973243426536
35500 29871.6938990995207281841667222911316
35501 29872.4522055926315321230847080184824
35502 29872.9292344938852740291031420846842
35503 29873.8124541937022518362673087687822
35504 29874.6420667389341346988499270210579
35505 29875.0330597620923102986768622338775
35506 29875.6060012641245757049582071808006
35507 29876.2405373935783451017092337557809
35508 29877.9549409283607451403302295530056
35509 29878.4943616145995899206952932716118
35510 29879.2092032816231821714419605104920
35511 29879.7954199902646248728041502164410
35512 29880.3172000486043832769935620351307
35513 29881.2666022795242370760374986509995
35514 29882.0069313128270255138804483026160
35515 29882.4654169261533205053184296173122
35516 29883.2984983357229170081526587975848
35517 29884.2607768586183000946859627703052
35518 29884.6990452252639800937531174278152
35519 29885.6432524468880212771006982275627
35520 29886.2851837344291848784218229862751
35521 29887.1221959291752814542666492912192
35522 29887.9155634686777104436162447265553
35523 29888.9129070722620982413828083835211
35524 29889.3837356226792281448991854827948
35525 29890.5160955058934826047392446637015
35526 29890.9544196552307141266770512930336
35527 29891.4583470224891430684880778747348
35528 29891.8639269040207720423960329932915
35529 29893.0903590549448499738280220410952
35530 29893.4291897243915002708957077434203
35531 29894.5985261130982187737111870203902
35532 29895.1824977319210215945381608887618
35533 29896.2725569207248748064448700016323
35534 29896.9955267775087783749565456514064
35535 29897.8305461793996418390190897119325
35536 29898.2382480350517631009561095694067
35537 29899.0009053004562564567820425443177
35538 29899.3314905894046078718716952742629
35539 29900.8043632342333303490081368282403
35540 29901.4387846855845383369155156016516
35541 29901.8238571356487190428007057226725
35542 29902.4116360996029811526692755900504
35543 29903.3403083097397386788369963879327
35544 29903.9302267611954732969874439252940
35545 29904.8684970977979174209196337358650
35546 29906.0943678562913394234481526760105
35547 29906.6479903130664259623700679455934
35548 29907.3042582560314499862481012703794
35549 29907.9583039881234210231791516253138
35550 29908.8386151240606012756250004533710
35551 29909.2357326740310149219341941671517
35552 29909.9612171659203743917954490756058
35553 29910.8169357154535231721171632937985
35554 29911.2226469608488891490466273068299
35555 29912.2461142868082408120258716593781
35556 29913.3136842650777687946728335136466
35557 29914.0827458640566824645134914314061
35558 29914.5907665131610816693205726079158
35559 29915.2070797386787794609155156188302
35560 29916.1226404889141155318215353469600
35561 29917.0306935783242804992689508301505
35562 29917.7056434241184324311933100958432
35563 29918.3013449134912047191853094656328
35564 29918.9552845342599266607958565417191
35565 29919.7381086582806782206783340608229
35566 29920.4392661276969840485805316895237
35567 29921.1061421495766571514073204482159
35568 29921.5491369544606394724156845751452
35569 29922.7181565051559730104236360456744
35570 29923.7927243909430156422017113056461
35571 29924.6938323291808420524923784951910
35572 29925.0726536422956094559691612475060
35573 29925.7710373440495448832451089540070
35574 29926.5543678096283895118092871615494
35575 29926.9783603127926974947441933783679
35576 29927.6735318849252235296002468211315
35577 29928.6926802191649171492109540749566
35578 29929.4731205066516699885911414925001
35579 29930.2130153406203987188492686629683
35580 29930.6728627436216672768860073214461
35581 29931.3517789041994959797046834751027
35582 29932.9402059802616301311316440211503
35583 29933.2064481046801134710053037767256
35584 29933.5965897305185241539780698687746
35585 29934.8810857617210480704424777793441
35586 29935.4582361630844636949706834872202
35587 29936.3782184287947544055380543996956
35588 29936.7843655752640128505291177926640
35589 29937.6297300697294726221634276240073
35590 29938.0282935554741153647357000062111
35591 29938.4923193272321638552981631890216
35592 29939.7961059276143896525629711248242
35593 29940.5944820296685947725436371474358
35594 29941.5377546301971975253805171949033
35595 29942.2784515015612982284794557274430
35596 29942.9071824040080160206419223991982
35597 29943.7022450229477362265903792537970
35598 29944.0223065650313695606078372491437
35599 29945.0694703207792970026857772359737
35600 29945.7380344900248983519251287068289
35601 29946.4371422036026663256524091304378
35602 29947.0909367831421027550808666120859
35603 29948.0179585682765127047856971275365
35604 29948.7279358271999933072983194396686
35605 29949.1000354322228170728408665295991
35606 29950.1691574591982950420824336825255
35607 29950.8611956395759204045123595066123
35608 29952.0521335477143127966591295585807
35609 29953.0073372483259561331945142665223
35610 29953.2690675065084887600698351208162
35611 29953.5668264477626166647115279261554
35612 29954.7381347090840810749191195041314
35613 29955.2083882499154492453522780243568
35614 29956.0389539624129486217414364213882
35615 29956.7200308097313656812821855733393
35616 29957.2591722503495229806408565246871
35617 29958.3812816526184479071547718344469
35618 29959.3845349064654624945650388894669
35619 29960.0362313911337529782008918857991
35620 29960.6377233847978781932452260185499
35621 29961.4126277434852120159735831909674
35622 29961.9659006517871061070656726481513
35623 29962.7553691031501124311229593113998
35624 29963.7495527983549728934458381384367
35625 29964.4360083257053223188444669471511
35626 29965.0395029833054417726569805912117
35627 29965.5384043134477782067655253441779
35628 29966.2578150002884531741187895386024
35629 29966.9235032035198118511318585970840
35630 29967.9585643226274921860582890802498
35631 29969.1507057503253562947716689184685
35632 29969.7140564972331445728565578481991
35633 29970.1340282045185634090946427774756
35634 29971.3739349416963976184827307242076
35635 29971.8595943813370810562148689598169
35636 29972.3392844924092096218821473863783
35637 29973.0551781303360546572874985717152
35638 29973.4144985944956874341186769660532
35639 29974.8899499006848784546302185224700
35640 29975.3584209059427973814627282663293
35641 29976.0145663616198000583839237656142
35642 29977.0033224534120495894034253229716
35643 29977.5673054547411956432855980386365
35644 29978.4713672214756539188947508800479
35645 29979.3058753554829872199983873028800
35646 29979.9347265036922038456095613410914
35647 29980.7117949292458893174222942939968
35648 29981.4723687237791608052789501529605
35649 29982.3975710107522100615932423306274
35650 29982.4717940010015362486964366236336
35651 29983.4093552694849877564214100280762
35652 29984.3096648325433800175484365727212
35653 29984.7138676556403633238223998315063
35654 29985.4089121499260802525793232903281
35655 29987.0790079293268874896960138374166
35656 29987.5112234260199499625175799520402
35657 29988.4939353359126356392972320760249
35658 29988.6586072844660643226406313101110
35659 29989.2990012863198989344447311396342
35660 29990.2045520543326739902948521954160
35661 29991.0257726831640391541628280843733
35662 29991.7382688373826454828745967047840
35663 29992.4909205502370874680543277196470
35664 29993.0621062167632138938718357301166
35665 29993.7086527473389442242404067409623
35666 29994.7931594986217567704928277560756
35667 29995.4894516403170821519384877379234
35668 29996.0105773959462700052597200140778
35669 29997.1652089904499624947109259943002
35670 29997.8089189496035401735720632257341
35671 29998.7282087778098922960932056212382
35672 29999.3792254530617755622565830693294
35673 29999.7100296214489227785729765739565
35674 30000.6377072681543564713620980242803
35675 30001.2483197214102620650242199997436
35676 30001.6383294331679825988550442534658
35677 30002.6390787171849842678578072625351
35678 30003.9869620351103427048685534879460
35679 30004.1969729202426426608041196167811
35680 30005.2579712384124527328310382817958
35681 30005.9876778853822988928577382818087
35682 30006.8656485828897108458573906174120
35683 30007.1598565148703289490907050382994
35684 30008.1401225947154448065594047679109
35685 30008.6298369151734826516517467903319
35686 30009.4778689424590379858195007700885
35687 30010.5595072179661253613647479565268
35688 30011.0138678773734746885660519141424
35689 30011.6939009290396967078908470583834
35690 30011.8987500408960378408022839777656
35691 30013.0759259387104328662390194992819
35692 30014.2814460236673627499178107673350
35693 30014.9813576457115572722328353798964
35694 30015.6351955593689359479398371043213
35695 30016.5827365764018101502182721026873
35696 30016.9113559772173554194418000979381
35697 30017.5186257726324480187738553054678
35698 30018.5617748561060160008235778132528
35699 30018.9267095486796509612847519521445
35700 30019.6752617454961781547873865436788
35701 30020.5431688192870796702904073678277
35702 30021.4051234241273028316792718181913
35703 30022.0749913152389109179828164471073
35704 30023.3307365935929865276009906407340
35705 30023.6471178765734217415294411512938
35706 30024.3945767145555134256343809342693
35707 30024.8301118946493441407212786473436
35708 30026.1702092410843630229641658281944
35709 30026.9908415922672148034980858435959
35710 30027.2449923740180021903417099625486
35711 30027.9522436910446557892642398329919
35712 30028.5856594905036487115715450995859
35713 30029.4843903503740891831595999060892
35714 30030.0534205071668618545516989227894
35715 30030.8571707332000399050852986092432
35716 30031.7716348837995295318789180387922
35717 30033.0298791315935474206758735924139
35718 30033.4711422422510042424747435499770
35719 30034.1769650619695564118342939872079
35720 30034.8457057965690018719020448729638
35721 30035.4597037256847266073269714914272
35722 30035.9279131847146116311658154190228
35723 30036.8844942822823506567984089228105
35724 30037.7880414406278255199714566507695
35725 30038.3504662573914291738868075466623
35726 30039.3222184873599879523510815043389
35727 30039.6826734803613192884848665441161
35728 30040.6222695247077370865184186362057
35729 30041.4260633479050127820595944086577
35730 30042.4892351271974505788413390210078
35731 30043.0372580575261103620964701307683
35732 30043.7600823338534694474474627073928
35733 30044.3714356287992605693553584646827
35734 30045.2999940883568768191975018433719
35735 30046.0602489511947494879011859728440
35736 30046.4936910087313045716269263170971
35737 30046.8804401952797645301519303203829
35738 30047.8363335912015553181970486419488
35739 30048.5628890107198773633559393089861
35740 30050.1518855447253265264962494093735
35741 30050.4497088778384868250251242926049
35742 30051.2622882998546916493090480179464
35743 30051.6417958295574518606973506799911
35744 30052.8832944126177472552583674874287
35745 30053.2730995343990525615459162769577
35746 30053.7103538053522064758853345245724
35747 30054.9650527097696330842549756696138
35748 30055.6731398786809546831101625537308
35749 30055.9242936059711252335871999390790
35750 30057.0278686506005188684412242896948
35751 30057.4725501557473374754371732659816
35752 30058.4544858220008769975229442281709
35753 30059.2025845244254644532876302200454
35754 30059.9287008426250386177422190457079
35755 30061.2935006833548904407951328838098
35756 30061.5488478440929670086535173890428
35757 30062.3629071415866337329318904686513
35758 30063.0873899773185627245870819194672
35759 30063.4003640127306369258030809571289
35760 30064.0325925452475316366407038922509
35761 30065.1590300680376604397057641711822
35762 30065.8338611385333564842781860583719
35763 30066.4937157147093503853734249997093
35764 30067.2180740464014545001969011982256
35765 30068.5207580506297454516218633047002
35766 30069.0146364716169493020858543926438
35767 30069.7349533909180160284926521376669
35768 30070.3361266740546710516177677647618
35769 30070.8791085906957867786499603898411
35770 30072.0969086782665475815018909192451
35771 30072.6128444928640509057929724059033
35772 30073.4057527239859699857089787066766
35773 30073.9772016926195491524453819310075
35774 30074.6556084343560555460694939680983
35775 30075.2750396169122414555193778203779
35776 30075.8287551847097424950851314765576
35777 30077.2365252416341405702540326329484
35778 30078.0675168887422596219552452122563
35779 30078.8312422780596092369225126777397
35780 30079.3492327857857531112058558858470
35781 30079.9701266154260696099977610843522
35782 30080.7595946975846050773572003169456
35783 30081.6382829305878431468084276514894
35784 30081.9894960039128236503397225224246
35785 30082.6245805642532927891360959957493
35786 30083.4937295478394371164608572101345
35787 30084.7687707509698652565926908062372
35788 30085.0966451942749637423355393059286
35789 30085.7529666259974734352188458393271
35790 30086.8049320901159339040455527713756
35791 30087.3727947399981655544205745902517
35792 30088.2388914454217416447914556145835
35793 30089.1943125865269363396586611037767
35794 30089.7117313528659454842540119388445
35795 30090.4938604323905463954889616030703
35796 30090.9306067045098365652073044050706
35797 30091.8979365851275334656982443303210
35798 30092.4122031289117236010198517905626
35799 30093.0695289391583229275842451932587
35800 30093.6633423031189743598998638498309
35801 30095.1230086872063879314459156650744
35802 30095.5368730979185867317453289374051
35803 30096.7424758628775579684958494672273
35804 30097.3826466361823573242269042739069
35805 30097.8161642056476867045297541888322
35806 30098.2776884168849508953634577468356
35807 30099.0752760125939115681809099752442
35808 30100.0173141462889806417578786984646
35809 30100.8853801839984629864444883856168
35810 30101.5728921856473399648274673115839
35811 30102.0883688132027454836237722872754
35812 30102.5409262206334147294357715709496
35813 30103.7525171339199986575564049097004
35814 30104.5407822400054874886499863531775
35815 30105.3342317149607831685344232475334
35816 30105.9215363496296582031096275589926
35817 30106.9505249954862852541467210911863
35818 30107.6365057975056237767737238808494
35819 30108.5273865869134637697926459031186
35820 30108.6476571840554031065868303770266
35821 30109.4112422256172430923177716337423
35822 30110.2938806474215722465400174396578
35823 30110.7211366974844381823770279506078
35824 30111.7545072026287232801043784514065
35825 30112.7044612753377849259964558666907
35826 30113.6827393252468450345340785841699
35827 30114.1789271526662643049623736800445
35828 30114.9014497148683849514665296727395
35829 30115.5510294569383968017524049158651
35830 30116.4501158936982609781215233838769
35831 30117.1823434203493338896195252525214
35832 30117.6118630279926788851881398365229
35833 30118.5916092063503640918772825633280
35834 30119.3981191915484421440925029153619
35835 30119.7774216584590715993733877654293
35836 30120.7769289040853464754994779082693
35837 30121.4182147323342692695028250802755
35838 30121.6342690590927725622017857952347
35839 30123.4722519798052694572781024391752
35840 30124.1629510743370887351077630517300
35841 30124.6598772686721308951134798867550
35842 30125.1214578849537984796347408777139
35843 30126.1548981890169806149351822460152
35844 30126.5104267728062213384927275722962
35845 30127.4648344734656866993004262067464
35846 30127.8142834853907850423669799125788
35847 30128.9202759786175143537030895580400
35848 30129.5515373903171586856138446809378
35849 30130.2499405609246196701875193266402
35850 30131.2960863412308895006452836284199
35851 30132.1893512500210654889986266491253
35852 30132.5221428204091200627443551574819
35853 30133.5672050374718967454675430097910
35854 30133.9535419965715138480148510612062
35855 30134.9353413990087217184973714063632
35856 30135.8801612943358390536006054873349
35857 30136.5428699816055765660618275705413
35858 30136.9589380010340502795036249282598
35859 30137.5426340456984947988727775182728
35860 30138.0864661551416099035892312606157
35861 30139.2934158378308988530521432257360
35862 30139.8991200542145298871125239648903
35863 30141.0983915855132294407763794150968
35864 30141.6541248921626064476490965498446
35865 30142.4884213514609327714412262892038
35866 30143.3151940140239987789368090613391
35867 30143.7926490765919594526597602957689
35868 30144.2702271846558156236329350932272
35869 30145.0537978836853727679588030904782
35870 30145.7955382575242306051687166585240
35871 30146.9850198403766598742651552754428
35872 30147.2640860044856989565235596669219
35873 30148.1218386187124672777001700896835
35874 30148.8331108892711822917455090695184
35875 30149.5668269172073726382604044192286
35876 30150.7123736908977292019536450541261
35877 30151.0157191183163571735690798727716
35878 30152.3605790213182919499685266074125
35879 30152.8050450274140932580700147662916
35880 30153.4525018520956088660601680251481
35881 30153.8701972824164476831469773180321
35882 30155.0704494160182212189877557889227
35883 30155.4244939395675989690617495768628
35884 30156.2522875869394612991528654990573
35885 30156.4985418012495423296408950452442
35886 30157.7422796432403884634804731033620
35887 30159.0392602589227464105844358255347
35888 30159.6386156179063681194675187214625
35889 30160.0895914533311639852854385334895
35890 30160.8540767225470698457261472624954
35891 30161.4193660411706482365102373077725
35892 30162.1825614293357184559598047171201
35893 30163.3910794329774368998014401618151
35894 30163.6658864926063746989928947255183
35895 30164.2443128027851209916314676935156
35896 30165.3521929235558501701227253529535
35897 30165.9518218439108960334207239514790
35898 30166.2939265485664438762141485788722
35899 30167.4126347348718628589526366660875
35900 30168.4444681242050798169323878115663
35901 30168.9392215479024170107860727771069
35902 30170.0334980926749583514830357033823
35903 30170.6816421575612748531382851846655
35904 30171.3313171069799691011918271367498
35905 30171.8826540117810619671552887219437
35906 30172.5182305124539796912035711190370
35907 30173.1214997803057936093203003333413
35908 30173.7724916171330829835974297321921
35909 30175.1881143780428144785854817197788
35910 30175.3777219777016334907057199763719
35911 30176.5152037576211442035252113672156
35912 30176.9541247503889602080796000094698
35913 30178.2639309406210012282335498908052
35914 30178.7236481377948884476120494072587
35915 30179.2700788062613126875635530901997
35916 30179.9161312862973444117802392646342
35917 30180.9228409337448416201621790121523
35918 30181.8457619928466895028333139562749
35919 30182.1571635706059751282046616801626
35920 30183.0968496001635292915059039703606
35921 30183.4797114999264508039315304223317
35922 30184.1166158171628314829537358915412
35923 30185.0625811560685849701169001329134
35924 30186.1522076138559201688666054781924
35925 30187.3098976605031087951658768105691
35926 30187.5958340215480597592059663689038
35927 30188.3362126162262166188733853138829
35928 30188.9418812750769661188284901984073
35929 30189.7126574045476219550497328761694
35930 30190.3323023417137313121331654993235
35931 30191.0453953881303517297131769327148
35932 30191.9834475364857648907084694724317
35933 30192.4002249505019358363468659451685
35934 30193.2766027649030605867186151075034
35935 30194.2712936671355180956818011617377
35936 30195.2430199792650659068585824088694
35937 30195.4130386690952663754327712986447
35938 30196.1844678166798617151698655479111
35939 30197.4670341637571507578514796639051
35940 30198.0755304902116297040780228227401
35941 30198.6909671597556371244940086797243
35942 30199.5390649189164865578384908221973
35943 30199.8409238240250446351659190934545
35944 30200.6414335782830830073909689119678
35945 30201.4012200768307366406996333617535
35946 30202.1646003971541149043317402620510
35947 30202.6840877592351422453681314626623
35948 30203.9579693979341872089388110797605
35949 30204.9051894585856606230762865373917
35950 30205.5502680225466331355811194812437
35951 30205.9835912965990952328194869877796
35952 30206.8977959455021083042632238721872
35953 30207.5485246065673088518642564672887
35954 30207.9317762679798070876865581077230
35955 30208.7922392365330705768001430577310
35956 30210.0645148211574475250412974099324
35957 30210.4496641597594903894408618561908
35958 30211.0467001752422296498846730595019
35959 30211.5683735326732048033800303944084
35960 30212.5647559749220752572745147208933
35961 30213.5187196756592806171481686153151
35962 30214.4329558710948339899335790676132
35963 30215.1937588062296527795710673973009
35964 30215.5485643759936685793014433424809
35965 30216.5678364151683340326109649441328
35966 30217.4255408817287842894862313912746
35967 30217.7571074196604824627744734060380
35968 30218.3728994385793094445642722662295
35969 30219.0964784138923101237647326891377
35970 30219.6894735866261439715385732966586
35971 30220.9166896546016054971167554651215
35972 30221.7378592525202018595682664503366
35973 30222.3592872320450138286719266291761
35974 30223.4321365525698558895011473563273
35975 30223.8649489388344125858631965231271
35976 30224.2816472182414415156591609230302
35977 30225.4883532273770107062829428844151
35978 30225.9604589663872748061130216864708
35979 30226.9745885084008851829342688450065
35980 30227.5304552198258494719203388788322
35981 30227.9047216090055646481564631143850
35982 30229.0602166123269005405371410215157
35983 30229.4878320281209333044416923321119
35984 30230.2755448723269948053024544574309
35985 30231.0337721668753729208355362403198
35986 30232.2041375206376805738531856813777
35987 30233.0356811708129765510613285721372
35988 30233.9144685248834995139771969544247
35989 30234.2748082546285819304783617057640
35990 30234.6554442875285109277879525925438
35991 30235.3822292994780364596075806218233
35992 30236.4656798926602117307819111552848
35993 30237.0468710746067028784530047461624
35994 30237.6082765436888538581453772090110
35995 30238.6838064013305982527855784696695
35996 30239.2206744343204536409231246465728
35997 30240.1490872914622951690816443834817
35998 30241.0990462988210001585060286810693
35999 30241.6815197542419385753437712917128
