5000 5447.8619983012998564121586734642923
5001 5448.9084132864282418934195712675777
5002 5449.4276301675912958334598553920316
5003 5451.3094076604321259768038561112940
5004 5451.6667756126919572311430017578858
5005 5452.3309502020661101567094873077787
5006 5453.2764258971459419871069121037217
5007 5454.2327660910157002796711589892020
5008 5454.9485555105848896165799219840615
5009 5455.8679639829444800943720455132421
5010 5457.2543358315686527926607145191029
5011 5458.7156450868304494578232257460975
5012 5459.0621826106592404465395043396960
5013 5459.7145139433524292847157717655898
5014 5460.8155441647554025167943578060480
5015 5461.6829688308689974409300526128548
5016 5462.7450005495405249545318028964519
5017 5463.7645545436968617758225398462614
5018 5464.2438752268387461572180444545192
5019 5465.0832415098253814889449178385061
5020 5466.4183062458390494009907694321282
5021 5467.7904449920223559367756482224637
5022 5468.2445355537608179609491777526009
5023 5469.4808883875726011621649871157737
5024 5470.2200686724164942930477003885149
5025 5471.0828731415125315103468433070280
5026 5471.7608669196877811110395730712405
5027 5472.2640376931886633398301836946123
5028 5473.9252041883945577945109949254029
5029 5474.8714529015782047623693221971961
5030 5475.7494368241351987439581104458758
5031 5476.7488938013588844121158280234987
5032 5477.6719406187431607095143806274554
5033 5478.4634364578200858831218222150183
5034 5479.3968147597930170546964628990206
5035 5480.6548058014021979043808698766249
5036 5480.9567332021922050450218525949698
5037 5481.9937340777437239898935482479305
5038 5483.0668516897810614886035037894896
5039 5483.4731489683899998751766444122562
5040 5485.3795303349252275677529185812323
5041 5486.2509580785640700126273350438021
5042 5487.1586423257201492155225745585236
5043 5487.8144482031314010698794782756747
5044 5488.2394697865244939732661719477484
5045 5489.5398863100441471011175013582229
5046 5490.6064772024318951219778285212690
5047 5491.1984884617520680579845485459570
5048 5492.1370506013737273947866534371668
5049 5493.7924691267660045683113765558994
5050 5494.0384805830974451626145459759352
5051 5495.2808754624837909187597431122247
5052 5496.0897272754138390227148877102828
5053 5497.3734903962185523773069797472870
5054 5498.1741239451011106502229966392253
5055 5498.6335653052254359825117284959937
5056 5499.6127975086788417443187946696311
5057 5500.3539836459320260267745698249243
5058 5501.3312242233543983201321357548334
5059 5503.2116944788461527593193194808430
5060 5503.5225362392988186537260512564698
5061 5504.5794910405067991295405224065474
5062 5505.5719358286861193385801093216116
5063 5506.3300114855188411446106084976083
5064 5506.9081798982272097649922495797387
5065 5508.0170095011025732721853044454525
5066 5509.2912306765813014119014633867057
5067 5509.9459303023455588446561052624529
5068 5510.5442648133495476749068716423346
5069 5511.7577738751908082971819241038054
5070 5513.1099580562385655732500065003802
5071 5514.0018487043662838595797366001847
5072 5514.8444620980761744148314328124213
5073 5515.5014829554293975399248513025982
5074 5516.6296566660666958660624372233810
5075 5517.1616334108056283859351690886155
5076 5517.9482995564281664487346757865831
5077 5519.0958376070305140228336654769662
5078 5520.2153979388252198167579032090587
5079 5521.6142047531502537790422563029484
5080 5522.2496309941446207497761586749922
5081 5522.9700464657063159567363198704086
5082 5523.6013509774619620019262809311128
5083 5525.2397823502966109686798464820371
5084 5525.7171223291170770268343272334826
5085 5526.6627652236873801313133050513275
5086 5527.3553324687164280276655564230082
5087 5528.1664125017809604780995351682900
5088 5529.6609340203567241641094434907705
5089 5530.2031592491811330522090585557743
5090 5531.9296126027775899371665668454808
5091 5532.4611173646428814555848104214420
5092 5533.2758252773427919403923199828594
5093 5533.9533584762043963790966721244479
5094 5534.8107890073632869278807936414452
5095 5535.6568683245374947459555288337959
5096 5536.8995250561391204032555525387349
5097 5537.7909083690004837653387567182805
5098 5538.7407273182401590408303293522715
5099 5539.8145850790142308140956995169618
5100 5540.6945831432870336136350441767096
5101 5541.5763515439391623296536607847946
5102 5542.7646460567093991248745058313989
5103 5543.1132566728171025891460858742675
5104 5544.5152086085639645653114011226376
5105 5545.1929991631922768214818408022597
5106 5545.6678952220085501212080445991626
5107 5546.5353045784543435690600261774506
5108 5548.5239196611233263986936208310024
5109 5549.3588398144843645525830185304617
5110 5549.8348231424506063604740115469025
5111 5550.8078997789825546145765905957633
5112 5551.9299117496583709765314290325760
5113 5552.2079471167572868238391472203693
5114 5553.6597897859492675807053464790496
5115 5554.2385999437953486114537703795171
5116 5555.4024307954476682823109762568145
5117 5556.1992457438333269545640997660772
5118 5557.3639224562359523475877802431650
5119 5558.2020044966875856889068736212711
5120 5559.2481786027262141339328891134820
5121 5560.3672117769692791735366429814655
5122 5561.3101352137971644186989562350602
5123 5561.7915487980323260090587717409025
5124 5562.2618844463369753493673263857252
5125 5563.6378709008389386907795193431963
5126 5564.4301625507647558763492271067844
5127 5565.5662173269740684999823990962092
5128 5566.9121772571017265597589808567640
5129 5567.6443186522437644472277093943214
5130 5568.7985801220378668428736194177484
5131 5568.9129337704190581915106888259140
5132 5570.0063561733199809609176452999331
5133 5571.4378677769810140851257509146376
5134 5572.1755812084448738721277230949379
5135 5572.5860242256781704451798703990314
5136 5573.8995294050426655294940436537659
5137 5574.4412838834000298956759159551762
5138 5576.0647624328886242910870713340186
5139 5577.1836792812827228861915790400523
5140 5577.6722768284445208693721666712707
5141 5578.6446443737456541542780515370287
5142 5579.4959164928325592977913567122907
5143 5580.3332703764276920344879630483548
5144 5581.0255737835747379922429565292887
5145 5581.8222771937829927628071822512355
5146 5583.3891914184524750450845824267324
5147 5584.3237408908186793996037500870961
5148 5585.2445709559932985919511092955998
5149 5585.7087170081992296578919130106694
5150 5587.1600812746390417193567292080072
5151 5587.8865252812406743258686979504800
5152 5588.7510611854984742694347724353981
5153 5589.6917271710906925121395229363523
5154 5590.3851731388862752157463212542447
5155 5591.4009636239056344263583827204311
5156 5591.9252407925898146474464420049955
5157 5593.5556170292147512687544875034167
5158 5594.5745942825869874088936192496639
5159 5595.7113747119118922917984138462466
5160 5596.2277366820974904426528702947832
5161 5596.8566168295983486335771706245806
5162 5597.8417689552186112808524504804578
5163 5598.6060068128107985686269322231314
5164 5600.1621503097869510176465499746569
5165 5600.5497470475904552247155675699291
5166 5601.3007509665796830345092136534606
5167 5603.0813626517946756365116122720798
5168 5603.5648400506774123804538056473687
5169 5604.3472543495044061839051894021626
5170 5605.6446541874473378528990489212426
5171 5606.5425795458987839447126268419913
5172 5607.2731787194134340515183586632147
5173 5608.0054035031096456366947259626774
5174 5608.6955821638070526465934189713283
5175 5609.5638959249819473517523133379644
5176 5611.1467437537126482569212576685320
5177 5612.1571146435621036505521033884197
5178 5613.1214002815436529313056146139610
5179 5613.7278969967462597581188008596404
5180 5614.4922879169337499633755212342069
5181 5615.7410264379929216105966269328821
5182 5616.2545247961648355476840007008846
5183 5617.3202714375518938974521824217415
5184 5618.2890895741025204219578795649620
5185 5619.2680820172883013583161071927476
5186 5619.9023945193348198843985593741241
5187 5621.0233916609634424116514067007910
5188 5622.4886041422670930250403142168494
5189 5623.4136258431457431846077338026853
5190 5623.7771201066938607867414578844077
5191 5624.7555791353063601125074048432855
5192 5625.5921847433853179711010368528353
5193 5626.5022427118649524138369966224162
5194 5627.2131872081934685217566472354466
5195 5628.3484624441587233256253322293024
5196 5629.8906487979483907924126179185357
5197 5630.3805022298430311300622098921444
5198 5631.5202880396441222528973734673864
5199 5632.1974651554389061710474585113895
5200 5632.8471000055671777815277094991382
5201 5634.3700162119387560111925128682480
5202 5635.0162508075840532866507523521826
5203 5635.9294702744868066859649282780938
5204 5636.2366944815271565786717961340910
5205 5637.4902370625181955851015960563952
5206 5638.7887144579231670392474608059151
5207 5640.1342525916164660173772510166967
5208 5640.3857109664218943919791089211620
5209 5641.8722507684968596841929173562704
5210 5642.4633990978422734299824435883703
5211 5643.0933194405821645127862023383958
5212 5643.6631274877915541500129520460326
5213 5645.3281174149378290466535984535794
5214 5645.7690160952808731270250267958078
5215 5647.1615765734677999394901678308752
5216 5647.8572069767955139764769211753562
5217 5648.9744629930706565351666861561614
5218 5649.8007569253613406284332855485642
5219 5650.8390752328649653311720010665220
5220 5651.8834184628450972994274191901159
5221 5652.3454795791873702141270181982304
5222 5653.4073562053395111710909807109358
5223 5654.1921513735089130932962274778927
5224 5655.0003727624933393165971002570054
5225 5655.8192526236842670697307311349035
5226 5657.8667387158836889924949432032807
5227 5658.4112474598948455068721476550530
5228 5658.9212158885838788654653966525456
5229 5659.8944128726589615330116618997636
5230 5660.6304228027443929899556098586681
5231 5661.9296967611653352742505735452337
5232 5662.4574511480332826187424272556911
5233 5663.5572482489973386848613035666325
5234 5664.3367082563004370698302136827963
5235 5665.4604598018758744092176865617363
5236 5666.4726157784315048188294052440588
5237 5667.3161704627190063604302242279261
5238 5668.5253156093204915932773214875552
5239 5669.4727679002754897958755899300876
5240 5669.9785638136603676280443715878335
5241 5671.1496590682221411021058984459703
5242 5671.4799591543049414021942702206178
5243 5672.2909548908882296920878979761654
5244 5673.9371583970511924169316664501201
5245 5674.8149951255446375179778004111945
5246 5675.7075287403454577114730713746492
5247 5676.9725365227595717798330618203275
5248 5677.3850260825399757197316076667815
5249 5678.3479088817956453580501992093244
5250 5679.1139039847918198516305286882488
5251 5680.3390450530837988279655378535934
5252 5681.2415651371870914235740684361144
5253 5682.0991699247075672373344609081850
5254 5682.2881501468466678153477418073300
5255 5683.9705090432956566147164744374276
5256 5685.1237934847915228806936696321194
5257 5686.0935412255421554041115757171606
5258 5687.0245197311248546655282359818484
5259 5687.4818565480107483422170414629699
5260 5688.3638444700268015768571298628249
5261 5689.5086317872972266270407632039744
5262 5689.9526950615526846080100671212756
5263 5691.1409457707241616287008312406297
5264 5692.2052179588373268219066510947065
5265 5693.5896086972486326256952269285989
5266 5694.3119665282800609801742310722991
5267 5694.6092174682971068055704840161413
5268 5696.0319173720126453899571980322514
5269 5697.1720496682851565235555162146190
5270 5697.9020796250186922511865160247435
5271 5698.3747478279966213864413086779363
5272 5699.3729931969892479683539869111387
5273 5700.4810143481158710991026692204785
5274 5700.9838723955757447931759744933191
5275 5702.7328114453488276829167233956523
5276 5703.6162278115583330251982477787102
5277 5704.5058406104159846315599423603053
5278 5705.1779271079964809122995353665953
5279 5706.0774143266902282695276824019342
5280 5706.5960757480123583066036570045286
5281 5707.7686522513436388727830692181667
5282 5709.0394244436661728569965776225677
5283 5709.5203691321967486829141106594444
5284 5710.6017409347709009407037799107484
5285 5711.5592249692934820433255732205540
5286 5712.8158712283288339473673156579959
5287 5713.7938441010611149699335844307363
5288 5714.0997546958914078732017572066289
5289 5715.6336443586930912732632441463594
5290 5716.3335604858835233837023359776487
5291 5716.7502791522612503178106048234384
5292 5717.7714966028757701426246367089942
5293 5718.4723395817211821593427885325092
5294 5720.3633899992279518995769706347720
5295 5721.0505347319657508100344867749389
5296 5721.9643234862516420184919952771324
5297 5722.5913579478025872526242239349374
5298 5723.7790459937761543400360164194855
5299 5724.1633579354341079313646245966823
5300 5725.6711409153210367304854357420194
5301 5726.2333868789472838042578627330271
5302 5726.9887435359940424576460937502742
5303 5728.1207002542569823351791106592320
5304 5729.1523768531099929441508498302990
5305 5729.8831931872248915166144789118672
5306 5731.3478621152841901778117536311077
5307 5732.3411891471854497514804735051887
5308 5732.8820931798369528555237259702380
5309 5733.5999679100766941841008069493795
5310 5734.2890926865855033389946982918301
5311 5735.4489924201560717142721834276326
5312 5736.3254169475082782472782149524181
5313 5737.2552610809194046790764353759753
5314 5738.6098198418237630112520341012561
5315 5739.5696344323197165417754562376960
5316 5740.3118947992319773365418339281529
5317 5740.8653721814609096742239850359960
5318 5742.1466985132880678325311534674945
5319 5743.0060629220929457318537755541953
5320 5743.8919935557372964932868785730704
5321 5744.8575304271872399462163180755592
5322 5745.3163950428607737871154869741845
5323 5746.1050372939830120054528976218398
5324 5747.9443512671911703911373280187897
5325 5748.7376213287808042936486123223968
5326 5749.8400455983769043538368240960835
5327 5750.0724189411138298374707223688518
5328 5751.5106786575235904438974348783564
5329 5752.0225804542346601673711134225820
5330 5752.7253534145987315957883389163085
5331 5753.6884382323090517255622915231753
5332 5755.2670014954032227027162803377603
5333 5755.6667685044211327056320758547271
5334 5756.7647684718988078452458137063401
5335 5757.9420079779706336581191953098143
5336 5758.4753407269179956679071121928819
5337 5759.8966834653093036153516774868886
5338 5760.6461079483716805747132669167732
5339 5761.1316450544080157313079997557281
5340 5762.4519067411792935462971192995469
5341 5762.7339074551036307235089367824395
5342 5763.8322809463943989693275434001064
5343 5764.9635567150879779950178576753473
5344 5766.3053890902006595370265287009090
5345 5767.3829189226877726023905002545193
5346 5767.9850958060815304802996233451582
5347 5768.7081113072689190655007526173125
5348 5769.2173794899430315837197787578745
5349 5770.6818869923729022910362749248353
5350 5771.7177429726955757313570625280205
5351 5772.1103109135907295475899350530963
5352 5773.0859862231993542223019013312737
5353 5774.2691437362206615431442175897241
5354 5775.4049016664338182789544769947410
5355 5776.0525098709578996895688811106684
5356 5777.4000763851505155457423583831760
5357 5778.0911217563835359066976799940545
5358 5779.0052011007133538652492364189516
5359 5779.6615554908728973890280971399674
5360 5780.3785972035662012717679560782985
5361 5781.2539219510859081362063374914806
5362 5782.4004667947285550804609353205253
5363 5784.0484325180790134710191621457029
5364 5784.4684673156747966305199280568751
5365 5785.2128945344294952347714541932719
5366 5786.4935754014316182441137273718787
5367 5787.1348788000566567443097069136627
5368 5787.9694409447235171866119580836324
5369 5788.9857998250347796792829034564606
5370 5789.9543513211437738076713907726559
5371 5790.6922670306901457474874043128010
5372 5791.5469762174934720346283204136902
5373 5792.2895936352106030592668034708619
5374 5794.3019077881390067394331813186426
5375 5794.6687815961519899939453233428594
5376 5795.5639397378321214370367574053834
5377 5796.4190406691747374591224946170895
5378 5797.2178392361361580118925598015044
5379 5797.8842821934318305679020246074590
5380 5798.9396642547441054731295171903008
5381 5800.0410302743651839815053195901912
5382 5800.7192773205381132429695582088869
5383 5802.3717184072099810030520416751360
5384 5802.7811360745999404164023198540668
5385 5803.8712062580756952660344770631841
5386 5804.4094090317057956320048129553569
5387 5805.8201887537530569857835106176456
5388 5806.7986610088110258669622061296373
5389 5807.3739496196482764071962929400994
5390 5807.7863833884016218541807304023390
5391 5808.9500495469738949768443078362145
5392 5810.0332031913350435512687428616736
5393 5811.3568211785958121941590352991211
5394 5812.2047882909768282904767500444030
5395 5813.3450515665313928723987281809034
5396 5813.9464149290167045012974626502832
5397 5814.4993273153798780995117916210030
5398 5815.6247142498258607448801721318935
5399 5816.2956702028226777275697442379904
5400 5817.6871419558042851879256737447481
5401 5818.2921587570652797152832945418011
5402 5819.2638736607197625812777344631182
5403 5820.3230724836464271885738770386132
5404 5821.1995803176653817063968216153026
5405 5822.5549323619286567089734064702249
5406 5823.1601205900717350668125083099873
5407 5824.0344461960298844591861627641301
5408 5824.6440707502546893790109537484271
5409 5826.0224176854768733222110330479151
5410 5826.4371664731710397749610663771220
5411 5826.8943136231823767542750498416783
5412 5828.8903229569933450070629530779209
5413 5829.8843973420481558389983295568242
5414 5830.5910343464434790227324448545111
5415 5831.3486198285581703773383233902048
5416 5832.0104379951253822654885612197754
5417 5833.3207489877305347662358914706883
5418 5834.0007713261407749098343938712139
5419 5834.9352420186212442812173564953814
5420 5835.9525975277246742419065550659791
5421 5836.4097757934700243786321224512293
5422 5837.6948169374403991120453870215931
5423 5838.8878117706385541780190179535544
5424 5839.6571488896048942560853585751312
5425 5840.8707457800822864067086556150858
5426 5841.7732446965678507554268569195012
5427 5842.2573472610624168216844584281120
5428 5843.0040161636011313613703480842747
5429 5843.7455040570744961059351618395036
5430 5845.0435407788509694096000770105519
5431 5846.1223464757407946879587036130605
5432 5846.8589671536204228820359057894540
5433 5848.1829874153760760963678706033881
5434 5848.9969583433283995529682962737456
5435 5849.6615173755526776747402463607764
5436 5850.4892681385299950882683778463852
5437 5851.7110597598953633582230668437352
5438 5852.6681455884596821977828385005919
5439 5853.0955545949409117151815001147009
5440 5854.1915399720392918419855303057348
5441 5854.7154917729393342138662415399211
5442 5856.0942288939246574110959038948591
5443 5857.8438093414388555525469842758184
5444 5858.0833583094639947508720621187394
5445 5858.8339530600913399107808935339814
5446 5859.8613972519820801912276077564434
5447 5860.6493829997639862878504642584903
5448 5861.4348689859171392267274207977890
5449 5862.5574282976719302662134919103149
5450 5863.0940385133002036410866865837675
5451 5864.6567636064000844408603900909512
5452 5865.5227925106263431119590914259780
5453 5866.0402353246061450554141879778545
5454 5867.2015469813779197991850050938908
5455 5868.5436609746943868430414896468797
5456 5868.9869170349664588834213020735553
5457 5870.0089918557408325793269356623479
5458 5870.7188846478646721420035664810470
5459 5871.4197244975631739194267854995718
5460 5872.4027948562897608713740288127442
5461 5873.3875937064147828496024292475974
5462 5874.8815882083234317552636609611965
5463 5875.7983581542912550361748329662989
5464 5876.3749636214724362332901444532726
5465 5877.6097486066683038477352660109187
5466 5877.9332939194893049738703332813340
5467 5878.6762144786546683351445344341661
5468 5880.4632847267640160187233243505619
5469 5880.7095609276251618951728938907517
5470 5881.8250241205814725722666094190657
5471 5882.2705161724377247161635705244976
5472 5884.0328262449364184383502083433306
5473 5884.6842500479667162130212111085164
5474 5885.7447305403961788070628638150279
5475 5886.6211911650306992310893057365222
5476 5887.4863003886803723198389986947630
5477 5888.3875765341568288777709953855559
5478 5888.8454705216686981660674437361998
5479 5889.6982918347899624725421534385632
5480 5890.8426893575574136089153789213124
5481 5892.2258482935091331481695166059168
5482 5893.1210916700484291598628265039441
5483 5894.0856132198489422058816024675585
5484 5894.5444108634176629806115536649480
5485 5895.5571336519592749468126122054087
5486 5896.8146258741331300516427309279452
5487 5897.5285083951807532973396926810826
5488 5898.0456155928461377181498754656976
5489 5899.3352944031833852601230126238291
5490 5900.0261307682203664369447088216916
5491 5900.8328837957907706366530874057767
5492 5902.1606602142540451934155647545739
5493 5903.4591043361658079729402636818081
5494 5904.3592248500427379270885197236058
5495 5904.7866496490293498799131032425313
5496 5905.3779042969641830145856421706437
5497 5906.6542948343467006217587673357013
5498 5907.3056044813697553378033507106784
5499 5908.3041303780449364382916505154027
5500 5909.4323160046533698881028171123515
5501 5910.2974286392461185323564543754976
5502 5911.4891765769744864948030309940625
5503 5912.3324122209237774987163409687202
5504 5912.9352966125052946317498063069197
5505 5914.1156665416564720705976116721285
5506 5915.0195767541443836060384298092710
5507 5916.0883325806900130192570981263397
5508 5916.4411691279975795917111483997504
5509 5917.3808909681552002076205718502620
5510 5917.9754179607366695356170818360619
5511 5920.0555508690045453668773170806682
5512 5920.5384765115010677853475409110038
5513 5921.4384185629542929633551490963864
5514 5922.5520800877637537504574496974407
5515 5923.1064805275517455139614908094273
5516 5924.0239182059122503914187571435386
5517 5924.6125679970419645354070272776772
5518 5925.9826521123241265080028940470421
5519 5926.8678068976315062909701084055714
5520 5927.4793564338686037893446894661726
5521 5928.8991619845934942311456123468051
5522 5929.3453828974924920812683187127425
5523 5930.8603628944451473121731016349040
5524 5931.5701348644053080220948949313001
5525 5932.7360655474378766313608765689397
5526 5933.0335365595820472885176193139358
5527 5933.9878980435184462608988381852255
5528 5934.8299813073148939645043919287800
5529 5935.9483473275939239620342501079838
5530 5936.4651473292138558905050707226128
5531 5938.2876799881992718661717936221786
5532 5939.2653032668071711581808471614628
5533 5939.6958387113954680747248083396459
5534 5940.3790998531320937939974548895191
5535 5941.4418948044061405248314562271401
5536 5942.4677361538455771301117356156755
5537 5943.5439791745015396997185011049936
5538 5944.1302466242580097666703779725551
5539 5944.7254133710578102986334524017393
5540 5946.1433319907105165067502181340236
5541 5946.8200626529998290459349411095689
5542 5948.3016138694400543040558100582733
5543 5949.1424263126353888815119119768248
5544 5949.7777063515224752611766862793063
5545 5950.9890843929927900306019873608544
5546 5951.4301216743864125072968897014255
5547 5952.2619025846277303957076505125374
5548 5952.9026187681093620608453782614130
5549 5954.4659957606561975723577234391070
5550 5955.3421384767384985663539667225237
5551 5956.3659140609785229588505822852946
5552 5957.0276929493446741770005298970187
5553 5958.3326401013918255074741477929748
5554 5958.8664574954250076288221043623289
5555 5959.8765166049802369713560067159353
5556 5960.7406930761002468875341491160637
5557 5961.7886625475014958205866481873448
5558 5962.5742458856600073707879979020679
5559 5962.9435595131204173715328467404071
5560 5964.1465334596198741021057945224535
5561 5965.7365091676363713107794774107604
5562 5966.6195151436180214277645849575921
5563 5967.4331332313731553600579082695252
5564 5968.1789187430952475757187438575778
5565 5968.7358787849857671637213894068845
5566 5969.7796802066701084324415704730882
5567 5970.8442167667362236506681305925812
5568 5971.6049715427212301476638605306258
5569 5972.4853684050607611851156799974016
5570 5973.6209022482921010770674745130410
5571 5974.8862111794637571410005313145300
5572 5975.3561632299084708585861048722513
5573 5976.1419018925399375290531367319357
5574 5978.0265904192897687803053770438462
5575 5978.1393097257900628116646534858812
5576 5978.8326703527956803980516357248173
5577 5979.8622885780854965347647710124591
5578 5980.5926133333797137682475134986326
5579 5981.5062607993482498915132518606559
5580 5982.9149767637317777805057655692167
5581 5984.0126156400109109034787134003083
5582 5984.7928175068015926495785557579310
5583 5985.6690346698880196293959340915736
5584 5986.4191452050762899188002150848601
5585 5987.0559195177026784471290721947472
5586 5988.3138414631351901817908608881908
5587 5988.9739482507827406477559920180037
5588 5990.2942848735861100185030918267428
5589 5990.8097551429142622512289241588541
5590 5991.4729854300854975770768876307826
5591 5993.0846536146464404170758122543519
5592 5994.0572331746750067236272744861854
5593 5995.0245324944812091440741809920802
5594 5995.4095406511480995747568280243419
5595 5996.6094655384538666556253188587084
5596 5997.3925056888158148423973945800192
5597 5998.0529197526555479818505673144120
5598 5998.7347949432913950859229943200761
5599 6000.1210209983743982424381004300101
5600 6001.4955190899249491475036290571141
5601 6002.1545896334115814690664114598237
5602 6002.9148383456186600443217373643488
5603 6003.8785193651933195541177417546824
5604 6004.5918207248877831244922043139667
5605 6005.8557849423340636073539466486399
5606 6006.6780286149624850217423871364517
5607 6007.3255659076061336665919255448380
5608 6007.9782874577881544042990038580973
5609 6009.2045403795864303647501509868728
5610 6010.1908204104380611999439389941011
5611 6011.2530254284697481404634351239080
5612 6012.6511226353390795239795732722775
5613 6013.0472456455512962760371496337864
5614 6014.0423731697967685368279418421646
5615 6014.6638693794007723184781106456302
5616 6015.1614673001412884212256018119029
5617 6016.7368037038027091058023554105613
5618 6017.5305428991209238218391018941992
5619 6018.1804745295483807888572259541038
5620 6019.6502858359522481127556300694969
5621 6020.4854771654674575840198761721059
5622 6021.0785336849802127313084583594519
5623 6022.4969915370446440028409019753433
5624 6022.8660867509849145759130434398929
5625 6024.2359286215111948100848613075389
5626 6024.7658221549415544656309983262693
5627 6025.6529890588042665804606022386560
5628 6026.3284293681977044060232452721853
5629 6027.1499893550248295339134266356926
5630 6029.0838793362390103557127651296833
5631 6029.8713364906129244951985505280864
5632 6030.3665655452672061796820347000246
5633 6031.1905524938124452994577566783733
5634 6032.2741148065837670682474879244404
5635 6033.1467313313376112076953272246140
5636 6033.6449772083734436411903215670089
5637 6034.9421326298646968609664494403820
5638 6035.7823576052602681432456015748213
5639 6036.7351044641682215466568448952717
5640 6037.6218149706887713586149425335932
5641 6038.6208190101136961742541350695899
5642 6039.7801884621110871757156331320012
5643 6040.7479294743477352759261819498236
5644 6041.3982409932549238551770307961646
5645 6042.3976522372351673013778323403279
5646 6042.6686440644630098054467037610335
5647 6043.9950102689795833312885352244887
5648 6044.5525721239364476338594208830751
5649 6046.1815219542051433285261066878220
5650 6046.7969323962472790233988031911383
5651 6048.2636073613978517465119096148961
5652 6048.9526458644815545976480238853410
5653 6049.2411429916176813421451748083134
5654 6050.2461281222750470458308662377169
5655 6051.6269710339052954970659961839954
5656 6052.4397392937089949859903285175102
5657 6053.0674139243234848971764670223099
5658 6053.7788460364577662450375312385034
5659 6054.8041645580453112850868873718383
5660 6056.2608862321797067184457745565086
5661 6057.0728421161939791473670320680454
5662 6058.0008762706501803317501154962302
5663 6059.1344937857585824588997704347095
5664 6059.4668287283522473595584158626324
5665 6060.3416275930103846814207457412233
5666 6061.4936198222844282896427755370100
5667 6061.7939117476673750303250195693865
5668 6063.2536872077298574851960368405750
5669 6064.5933999326105146493470086015423
5670 6065.1044465942130958778250004537577
5671 6066.1425739326234110743118516631542
5672 6066.8299343789099777252370005383246
5673 6068.1653527871784240793088970723281
5674 6068.8843778479258499427614404170675
5675 6069.5697098814999089732752404999410
5676 6070.4567309485864739734927401552536
5677 6071.6071243796870538619589073852510
5678 6071.9870317371280934989929038173835
5679 6072.9869302815850923103811949246394
5680 6074.8357518810222118283688713152844
5681 6075.4562098804718058917160463806106
5682 6076.3195804109276483846508143992172
5683 6076.8965954287565279002309808679905
5684 6077.9235255978537836093541562995531
5685 6078.4642570003587844965686309556289
5686 6079.7253725148243797694997074424294
5687 6080.8175946399348681888608812733954
5688 6081.1771706529338929616133772261986
5689 6082.5010837069775735729404819660200
5690 6083.6440167579326946576629331459565
5691 6084.3830073656609203658333016998649
5692 6085.2309051623561158830813406931367
5693 6086.3255569125785167774753572460541
5694 6087.2783923643726452588075235792022
5695 6088.1447680715071941601007991983156
5696 6088.5375414046782863082865735666088
5697 6089.1286160197172206930590326504402
5698 6090.7171531070774794638203391208127
5699 6091.6898817684949123493272808321711
5700 6093.1923353255675177990137342865379
5701 6093.2834268176777331276032265915385
5702 6094.5502613299780415820028352228144
5703 6095.3311933799969650787216850821063
5704 6095.9117283180654766719685561890820
5705 6097.0967284893900644472675086291428
5706 6098.0714980104614516232642217288137
5707 6098.7868880808992958245865625424920
5708 6099.6670652470166747005859824968720
5709 6100.7139396347632819180040219022197
5710 6101.5426360107315272030906324208683
5711 6103.1110620563428233539796416484174
5712 6103.8908360077133716139381293638491
5713 6104.3699865460261221723585132511156
5714 6105.0801123185683176598188516056679
5715 6106.4279379480777854720409947895298
5716 6106.6988707873201483511540947975837
5717 6107.8883982795423956046127915456187
5718 6108.6837807169108833265089937150174
5719 6110.5310114759819026024322417032098
5720 6110.8309961547734292905857865505110
5721 6111.8445328475076732883332247575950
5722 6112.4644353848330188590233251804356
5723 6113.5526174739882308138317989672317
5724 6114.7618917532699022302131277465066
5725 6115.2747915438121937831410193686968
5726 6116.1674959306294159061403593455524
5727 6117.0907532910970797843508166677968
5728 6117.5523594277167109838120086240443
5729 6119.2159978424116259247364668785470
5730 6120.2815346973606830344155345682520
5731 6120.9333016864109760163828582041896
5732 6122.0943987585035532951602522399029
5733 6122.8574249196496778588804978262760
5734 6123.3566079728275260555037373232805
5735 6124.1388832207810738253080162058116
5736 6125.1726198801761282885712997076155
5737 6126.5685865193073764884176948835538
5738 6127.1302213940322436114532663156378
5739 6128.0468631297566947623163423662432
5740 6129.2687515480135108718797081484222
5741 6130.2916064646112552660120333290228
5742 6130.6867686492612890965973187696124
5743 6132.1216873970984734682645443793896
5744 6132.7623534867911859645521528438372
5745 6133.4898927042025520129055276887425
5746 6134.4550516679650936781230576594001
5747 6135.1430749220488108845646574269045
5748 6135.8926132006484267360613486846102
5749 6137.7813893201290822335234389100435
5750 6138.4456013902543192044794275145170
5751 6139.5893469587816605139226622735528
5752 6139.8132398338258607632903732850875
5753 6140.6758633828337757070150313888664
5754 6141.8723587562314545274239485175503
5755 6142.9114516402847480561319858033013
5756 6143.3566661031728373571074141839392
5757 6144.4058672078214945535692057034665
5758 6145.5053640438902613985303708150021
5759 6146.6043296046625597381891143001990
5760 6147.0700234475990114161524101229432
5761 6148.5931139456110245385648011767969
5762 6149.3989252300755015915104203661416
5763 6150.2753741043401738701503061822981
5764 6150.8798878705946641795005861346578
5765 6151.5725020813022492775565607794658
5766 6152.5855990272275521216945661921987
5767 6153.3263656532437766736467496229852
5768 6154.8056384235141264743006355243346
5769 6155.7048099015775761410876592842123
5770 6156.7374644945898122648138773155642
5771 6157.3811286498956378493984417081825
5772 6158.3976861731426761344414109811862
5773 6159.0969471901472210074654002308327
5774 6159.8294689957513241903082333448065
5775 6161.4293689455982532513746497479265
5776 6161.8272536968451659267544232434865
5777 6162.4155624124404621420003344326450
5778 6163.3784774442629074149164636257142
5779 6164.7732205176108772808103091001955
5780 6166.2005134345971723546298304393144
5781 6166.4830489940307811005598890798110
5782 6167.4645313593937053013979658846668
5783 6168.3798096802469888875635723545216
5784 6169.3947364676507408907850108111715
5785 6169.5381526484489518059810372898525
5786 6170.8200081090755564471000942403376
5787 6171.9204747715379508350914877780431
5788 6172.8399304581187566654420571076209
5789 6174.2350699623612120326539762333071
5790 6174.7475424132664873681439912655427
5791 6175.3090137054662025345558661404049
5792 6176.7441622027860756057578685781024
5793 6177.6304044496076871903459119716490
5794 6178.4102856321245836632841851498929
5795 6179.0944869176280658619936766557296
5796 6179.7646816140956709460339621256028
5797 6181.0128257552871618871831632529990
5798 6181.6784207466515631346535434378396
5799 6183.0624803347039786677851867788878
5800 6184.3363165824877316722725034129584
5801 6185.0799748641956341028609176691175
5802 6185.4601037004840710460226076855011
5803 6186.4572839680784693761927411087433
5804 6187.1267507233313920032930098889369
5805 6188.4586833603648198285461275109377
5806 6189.1180296816457037484168663663520
5807 6190.1697958873104076873017553800871
5808 6190.9266659715116271957559044840468
5809 6192.0972860288232189605672743725259
5810 6193.1334311444295292574778732598448
5811 6193.9028241929493431590263787322071
5812 6194.9652740924885168958045712385907
5813 6195.6720789904721286710593392990405
5814 6196.6647521258405700417118543633258
5815 6197.3870632571307631752275485220449
5816 6198.0653895607020010469898910808541
5817 6198.6522165613316446328682090049619
5818 6200.6740344642292830291632179636791
5819 6201.5930885087758832737021396327970
5820 6201.8325696394492961802271235477086
5821 6203.1909107372616609079584562634566
5822 6203.8678762419750486656583329203270
5823 6204.5856561868701931231942531486344
5824 6205.7313423312151059428500418637384
5825 6206.5130256854083151339798130897102
5826 6207.3536773669802967564696848325080
5827 6208.5620861273677870784613488632225
5828 6208.8139724107957960504903938552619
5829 6210.4700301629856719121604953847726
5830 6211.2078165472181541430501918757598
5831 6212.5496860579738234927599976376188
5832 6213.1879769004962430263914079322269
5833 6213.7999999573669147195620928157033
5834 6214.5013047295816205911472829882665
5835 6215.4009570167802432142009278189289
5836 6216.6682921624498240132757138513489
5837 6217.1888589088231910313353632424135
5838 6218.5171198635528692168873198896010
5839 6219.8442202033239841128589406383920
5840 6220.2768661683599608487633775714781
5841 6221.3501275626871572388882910220107
5842 6221.6413009609604635539332105077840
5843 6223.4477089274034458503988269968793
5844 6223.8547869597244200505825244226058
5845 6224.7324473125436069457759372269336
5846 6225.4706780814417368601127595547574
5847 6226.2328835661945369974637938178535
5848 6227.4500453272692227975843162926209
5849 6228.8328409275182822416010151634889
5850 6229.7615844183541291235085567767325
5851 6230.3237497961484868103082766037977
5852 6231.1869842141311694466291853204496
5853 6232.2342369644095244223268723947204
5854 6232.8114907007856664833008803910596
5855 6233.4361506352106282664423499874660
5856 6234.9053560279076594779602821929149
5857 6235.6918115288445283314209796048463
5858 6236.8717972137507064455003730355027
5859 6237.4011880515175868521492864412806
5860 6238.5077901500824650056501665204081
5861 6239.7202987491788343604362101920174
5862 6240.5184324882117529834407568820139
5863 6240.9874783376049958832791093479840
5864 6242.2637426483329896205373347654694
5865 6242.9161281103784434509967405575441
5866 6243.5365712060487101881353879964557
5867 6244.4675010071286942255508335166138
5868 6245.8463537928005018055594771960737
5869 6247.2208038949688873549525371830429
5870 6247.7659004126398379315065265435067
5871 6248.6175900566338570182121038886779
5872 6249.2235672024859839291404114893121
5873 6250.1259980326653935875991067656317
5874 6251.1608300385087150309226636144288
5875 6252.3377216811611177374564602958020
5876 6252.9606416239111232606199136587308
5877 6253.3726994330215195160746366295436
5878 6255.2123825930872416520584218825664
5879 6255.7099957149325152184832154324346
5880 6256.7379881035866673039773941426558
5881 6257.8219137678637916893555662258445
5882 6258.8631422018660638098197370125628
5883 6259.5111305034190919319999377050364
5884 6259.9691344804347512442487784363765
5885 6260.9418656019834872871447211625524
5886 6261.7768464223735688570563125873300
5887 6263.0659049317185028831118556630857
5888 6264.1992774513510763679738548781532
5889 6265.0608982770428348501861612675121
5890 6265.9721253060597416230721326093349
5891 6266.6457359224945293753232475154795
5892 6267.5604865761633120465856566274529
5893 6268.6252667546239814662967432186840
5894 6269.2673555664759759643497961365776
5895 6270.3491488745561247657421933051919
5896 6271.1487717572978052925727517341030
5897 6271.9643633959808842682508276469074
5898 6272.5861829807155475619813263365968
5899 6274.6193340581240331537332571741776
5900 6275.1339819844594115145957920336374
5901 6275.8466938883269615392308142509951
5902 6276.9161647081308616981236236249862
5903 6277.2291948826890199455299394261571
5904 6278.6075957088841934693128204558458
5905 6279.1224620960407209385963219666827
5906 6279.9931486653931510526243089688029
5907 6281.4060479665398546448540065514347
5908 6282.2758129099805820356035837658243
5909 6283.2204079016834331410112966565997
5910 6284.0542802780279346059433544421110
5911 6284.7884111190412373258195383268134
5912 6285.8990706629886085429869016303654
5913 6287.1737430243507832561620941485142
5914 6287.4259529408153986198175731895074
5915 6288.2112454093300526126884283927704
5916 6289.1148318930800165093467152219436
5917 6290.0370065991297835694102595303024
5918 6291.5496520245600889699143413352377
5919 6292.3299148685978093194429948038679
5920 6293.2973357198673825995719997137578
5921 6294.3493296539846134698089698007707
5922 6295.0061813059762144000518372688687
5923 6295.2215688571958574187346121506026
5924 6296.5465919277739588592917806888410
5925 6297.7712558645731308697830116305970
5926 6298.4586901604533807339142098973646
5927 6299.1727455744997903496945940109759
5928 6300.3748873808225619224029529686346
5929 6301.3832208777101077922958284480114
5930 6302.2302597397797324908295083651332
5931 6303.4907716134284052527692160203733
5932 6303.9491793886173286564996877094575
5933 6304.9003918517086835994069567971610
5934 6305.7478583861099665451143966909370
5935 6306.5572913463916997374487398556895
5936 6307.1447208755229954501979509397459
5937 6308.2538245158576936865672517850165
5938 6309.9398100251279745879258135563020
5939 6310.8377560451019636753883175607037
5940 6311.2010657502837530751394568787174
5941 6311.8793971954019417036382715151840
5942 6313.3210214668253138842650913198125
5943 6313.8259119462707156528369288894879
5944 6315.0310087232123305077700701545204
5945 6315.4839798562750763513623271305792
5946 6316.7696008663381712512105834730587
5947 6317.2557600986158464491384642114131
5948 6318.6031431269957663924235491056849
5949 6319.3824786118610857283943747494749
5950 6320.9188803378052178093484110092225
5951 6321.4154998021471260239659733009629
5952 6322.1181866943105266293753432332101
5953 6323.1825944448678935737002456467602
5954 6323.6890612239364701415938338720986
5955 6324.3485034937807949882265983068864
5956 6325.9911573318866486381114967662622
5957 6326.5506986059759453479024484930407
5958 6327.7093295960575452983597404371904
5959 6328.7689715019239331727855031994070
5960 6329.6650954985076838409629916016627
5961 6330.2404063554956419362960482825435
5962 6331.1084247552695343558611631667515
5963 6332.3461511086769204100349990668409
5964 6333.1963461473332664033541928089064
5965 6333.9160509275013296544880244651532
5966 6334.4106848817333923669364536952183
5967 6335.3568997715509186823163902593636
5968 6337.0442488101194098281113818892459
5969 6337.8220381984506476368133777797080
5970 6339.0419574683475288402798380200451
5971 6339.2488089491147155645852920593934
5972 6340.4414396554403686299577767441898
5973 6341.0292390958660587621911580740319
5974 6341.9541591698492972495361999942948
5975 6343.0259189053352539485846622076480
5976 6343.6395776766227320466663776434633
5977 6345.1245723549286161361471595452232
5978 6345.8127815957944791265321978699299
5979 6346.7085882924832067882925619359361
5980 6347.5127748394170584115844549683568
5981 6348.8647749756587550156132654547339
5982 6349.6946503246708613449288290633313
5983 6350.3493660181320235891818174156594
5984 6350.7979040431000500541036100226799
5985 6352.1240956468084340877573409344248
5986 6352.8240419164510041972728235859755
5987 6353.4872361912050269287670743163001
5988 6355.4081078788890671958587735566745
5989 6355.9301309004044232727174347900877
5990 6356.9841069328843898645002794936773
5991 6357.6068576584524975796548334374299
5992 6358.3157018476174360011254822031300
5993 6359.1696238102612322473393872355671
5994 6360.5034485207666369669984405694419
5995 6361.1081143712221210250446311814185
5996 6362.0824990571260842952747628665599
5997 6362.6853618306541815856792665082286
5998 6363.9008395480294716359999516697622
5999 6365.2835837443591910396871084027783
