42000 34651.7896478242926670024284118841729
42001 34652.9147673437352619936908943902644
42002 34653.9618934737703078242925849200983
42003 34654.2067275752249465110680578286450
42004 34655.2837471679031840140446982386025
42005 34656.0650199377820944794097390099750
42006 34656.9607340187825316648370232791005
42007 34657.2037883654217197943580425003384
42008 34657.9365935246481355438543712685969
42009 34658.7795513288163935419407218055298
42010 34659.7157138717682591996357605661880
42011 34660.4766405091603397284114160850633
42012 34660.8717643389770883439777285761806
42013 34661.4068815460017335343251533190632
42014 34662.1366808488433560839058415025323
42015 34662.8467539197237169729862638503609
42016 34664.2290130650336070635600926411033
42017 34664.8286109438579314825694773045213
42018 34665.6972754184605488127745912985415
42019 34666.2115374379275849786124584511777
42020 34666.7622052734789288555817009256411
42021 34667.8005002628273767812755011262891
42022 34668.1497141503161747714400636534470
42023 34668.6318294852840481066905780550324
42024 34669.7566571001759108665363417833973
42025 34670.4862390418896648287884825262788
42026 34670.8413483795952471219974171420612
42027 34672.0205870249562251538833536340173
42028 34672.8905105550916460241978525344871
42029 34673.3751338271157086974226753696546
42030 34674.0214651815044199879592038785415
42031 34674.7946186163339320249307563792372
42032 34675.9988246242809770895367437953790
42033 34676.3709654496809112938547351004572
42034 34677.2474644605048331874164748721534
42035 34677.6768533013890545762072988364456
42036 34678.1884207910330106559568824584410
42037 34679.2395926194412532380929160902952
42038 34679.6239959124840933540944989632191
42039 34680.7362125960645446944380065037762
42040 34680.9009342922176226526044221470541
42041 34682.5033707760362872868731083261884
42042 34683.3940848252036790196862943324162
42043 34683.6741421761592409823421693496236
42044 34684.2543575995149139228987515308011
42045 34685.1744040107777929617631400745829
42046 34685.7549381343802247490703657021797
42047 34686.1507867966021396005845474105503
42048 34687.3225304446423124144516239895194
42049 34688.1370690645687676276341676295291
42050 34688.5944321034212143789391474301755
42051 34689.2195966339990399319319913711317
42052 34690.0587147361853350780624288543791
42053 34690.6415881728034449417578158320296
42054 34691.9180105274123296009398575323597
42055 34692.4960934276701782831260046559270
42056 34693.1419018699101477289420939721247
42057 34694.1238158177475783955443622205668
42058 34694.4004920183938777877439201724156
42059 34695.5277427726498562308351382279799
42060 34696.1276076050054253143081937785563
42061 34696.3871613043976861889618205177546
42062 34697.0395309349716275060235247174089
42063 34697.8137846760344062696450990147444
42064 34699.0978820824791901628252469235028
42065 34699.6982621459846511612284752167321
42066 34700.6624061488880798723006346883520
42067 34701.0536773868598847624962011573074
42068 34702.0205255476755555005905157944101
42069 34702.6096813357279084970888294421611
42070 34703.1751497718657396420317726875513
42071 34704.0467931072768683095232890685854
42072 34704.8846256306426784784599128494070
42073 34705.3777700554453755886334000426824
42074 34706.1620042752460182845714489056159
42075 34706.8399603984204826534718002578608
42076 34707.5459563765744195379724233875962
42077 34708.0379331499699239708516726743528
42078 34709.1094900142589498684207528677273
42079 34709.9197967219312905867577253646255
42080 34710.8966803947134127847742728951450
42081 34711.8125431969581293147954771347046
42082 34712.1399657760757376551421125663172
42083 34712.8457505513895140152927089773108
42084 34712.9729436981232022027866531504820
42085 34714.2493960863106465885260239499751
42086 34714.8876665152808645874295084292288
42087 34715.4807033277542509825105236084072
42088 34716.3579146442846026063572266577836
42089 34716.9592487145232779487626951509303
42090 34717.9448098732627062948389111028690
42091 34718.8606482851576002041620068705868
42092 34719.5396678622670470018835948303502
42093 34719.9585048100003140227378935128695
42094 34720.6018431140054358819264067784096
42095 34721.7781338049251524123676070619963
42096 34722.4911112979707540869625872505620
42097 34722.9194397023681193610658811529650
42098 34723.6789643350522577374477502338347
42099 34724.3158068616001707356357096088166
42100 34724.9919432286199266732439785423701
42101 34725.4132901943679123371424450360947
42102 34726.4188414546858146453246691727348
42103 34727.8743043930272338688158481354111
42104 34728.2696542912539075218119506333033
42105 34728.7709043187384394813072334931044
42106 34729.7897921177159612688592025469481
42107 34730.3494224359152468164361415504530
42108 34730.9543726500912906929112068305316
42109 34731.7021844800653077315664194238599
42110 34732.2180997452384420612632713619017
42111 34732.8977475413436918012006423346966
42112 34734.1580464404005245089896800159025
42113 34734.6670922688046944146468593620137
42114 34735.1196503717478669010459518183843
42115 34736.0491291221436373058131719633221
42116 34736.7190576857222138123092580629207
42117 34737.7198355372095409156401871031441
42118 34738.5403168220309740579044553569541
42119 34739.3434217713698051768936182578654
42120 34739.5382758510393395297308808322149
42121 34740.8437439722572194274292162944300
42122 34741.0268377422926900729614469851519
42123 34741.7690257008677941595927624818122
42124 34742.4468798510548107072340229182814
42125 34743.1991764719858725211010136607630
42126 34743.8261309816226274513051176836134
42127 34744.7920148671495414651905211597283
42128 34745.9403631516516617473321929875329
42129 34746.6723733442414559891450311746186
42130 34747.0751636708518760503030500909435
42131 34747.9291643661795169766155623131501
42132 34748.2377437772371166993001014305458
42133 34749.0719229356187936566757301645311
42134 34750.0551900418816151534100887772926
42135 34750.8778837215848714483576728583434
42136 34751.4085377820456328636306712646082
42137 34752.0324724194026728882991716092513
42138 34752.3164588824698226976871772500105
42139 34753.7116942368792062530462376103938
42140 34754.4339044691712560795887748903330
42141 34754.7468126005400362419751357970081
42142 34756.2285565567288878038018241301914
42143 34756.6027369240138079573248244617603
42144 34757.4793396921830520200290035654254
42145 34758.1899446205825952206548198138763
42146 34758.6083774487113995267732521597544
42147 34759.3055749050808113939072278978064
42148 34759.8454466146139900823675957754722
42149 34760.6302026425708788900139651363741
42150 34761.6290811891132153345746592660314
42151 34762.2088201841677111573577070967816
42152 34763.2484782088160698211624019312178
42153 34763.9242618631022116746285983272900
42154 34764.6047665061304119202341065097060
42155 34765.2547964734816670677249788333279
42156 34766.1148341454447630237757812683532
42157 34766.8734281294384601384856520971429
42158 34767.3659404517058305285995454428868
42159 34768.1256217921295625725610527958118
42160 34769.0346871314423786010557596367292
42161 34769.5830372908421669651503286183805
42162 34770.4362923282413967817103997068837
42163 34770.7116870474212658627887398668302
42164 34771.2730655260778758240800364638567
42165 34772.6545140606055393580313270385212
42166 34773.8606646242444735684298571838056
42167 34774.2015354271896694472992586950631
42168 34774.8019320841250538445355302680610
42169 34775.4927228499620710482551260269262
42170 34776.2012021802470288947521540102629
42171 34776.8813836267092080731333020030488
42172 34777.5284385465203858480152627114050
42173 34778.2174960306902562773810595618374
42174 34779.0042358436908710316736718107278
42175 34779.8051064646885537090099239916461
42176 34780.5292822182066454850014766714551
42177 34781.2152942402975550040513617960371
42178 34782.2229610272449090575843510883548
42179 34782.8914085734391889783840195346681
42180 34783.4164542272402171038372493496135
42181 34784.1088221441414338354270828083112
42182 34785.4940847000730075157420395536457
42183 34785.8536601983769427397902765409906
42184 34786.2438928648080635361164832294180
42185 34786.9900311570193050537769191662688
42186 34787.6506268504748484447479837264612
42187 34788.3109209629986868905220396812060
42188 34789.0640923650508224997747412596059
42189 34790.1337706770328813168405799160308
42190 34790.8268989177572784190219882248700
42191 34791.6535187713113342889598911849174
42192 34792.7332795609239661453337787754244
42193 34793.0535480050390266012468928935556
42194 34793.6482359211069577991870737323167
42195 34794.2993118373402378356833525099831
42196 34794.8488054867956878778498568339783
42197 34796.0963673557518700123640713759168
42198 34796.6129657020407324493715763917597
42199 34797.1433531988523459084568334364503
42200 34798.1699563856760326054226004942155
42201 34798.5720915729966843024092379068061
42202 34799.1829709308855374925146882926595
42203 34800.4994755111239694449470634236882
42204 34801.0341027485535579285230379554636
42205 34801.9893289506829262862681150875950
42206 34802.7380977025082620042481171939597
42207 34803.1656859307968934055994748863537
42208 34803.7856892946767886343565060980929
42209 34804.7166263132598189451245894976122
42210 34805.2870521362165052169902870848471
42211 34805.9471725164409123763062053157723
42212 34806.2941869501682100776279762308447
42213 34807.3398798439860465792757070066817
42214 34808.5457528663184174431819235830414
42215 34809.4064001114604529087305295865230
42216 34809.7385784881333415287593559381191
42217 34810.4182565070682751417903686874434
42218 34811.1262719929230093015152151417245
42219 34812.1330768470578197853096675434204
42220 34812.5430125094686050811007844452766
42221 34813.4834790967916284833057188506146
42222 34814.1239401498275507649737042791356
42223 34814.7605217591407773596984203161867
42224 34815.3678783770646572216260735295447
42225 34816.3089326727002106005320367683032
42226 34816.5878127516124610678538079279595
42227 34817.7111648782246735973141372404659
42228 34818.5414317985846922001069260115490
42229 34819.6553919701325321468506032295268
42230 34820.0428941417282048253825823112259
42231 34820.9347568129459262847749063716042
42232 34821.3974932503784961063627782359052
42233 34822.1407154893070086593813419471578
42234 34822.6840064263831319073567751244599
42235 34823.0220644597089447132195308143517
42236 34824.6442763536823308534538342462548
42237 34824.8856137178444969576516347912974
42238 34825.6422483984936264598754487397671
42239 34826.2669045475137837797269418835643
42240 34827.5595496116301942413542668626966
42241 34828.0690114944627500296188507977671
42242 34828.7053370017720140879552210246530
42243 34829.4214953665785089696728501526085
42244 34830.1352589968671245873569795476145
42245 34830.9647688618199761872770942007352
42246 34831.8087660429599464479863927191617
42247 34832.5061642055375308618352509541843
42248 34832.8532832277691886499142029226461
42249 34833.2510418095263562473284629178695
42250 34834.5856581669943811455860468890801
42251 34834.7003594164152988826859056365787
42252 34836.2224246202332365319592124811665
42253 34837.0680368489150427155467415553588
42254 34837.6592441990986638325827883333542
42255 34838.3220838026371087141892893219852
42256 34838.6979977697965438387575772136860
42257 34839.7376502793290261639528421953072
42258 34840.2435561383760054934778437346430
42259 34841.0258563679003055178249891569474
42260 34841.6188302258512443875901523379887
42261 34842.4496214185080408936642474407474
42262 34843.2152331404159287062332129829268
42263 34843.9828717773643814633897850647955
42264 34844.6588028237341299920988977528162
42265 34845.5878271927890057072733923681912
42266 34845.8181996569980926304010623480205
42267 34847.3092126777468629614893635444893
42268 34847.8899263751596628940905712263883
42269 34848.5618768130768127400637033217646
42270 34849.0219737936262043159707365790593
42271 34849.7621364709892149939696722779185
42272 34850.3901145220642347673238900046699
42273 34851.2183183500470888477331068489869
42274 34851.7987099472204428489728507220697
42275 34852.3073943094283398374435930155454
42276 34853.4946727560230095011727127897472
42277 34854.6489896499307025181256965872320
42278 34854.8160628526112412501362761656462
42279 34856.0280274228633232148332517384570
42280 34856.6318499611570010632954361364538
42281 34856.8006412992032316904273083266141
42282 34857.6484168255140375210497392029197
42283 34858.6612435935300466007621701731713
42284 34859.2693825086426720741664278620075
42285 34860.2794826058461781893871873520789
42286 34860.6112588109568548581675431014618
42287 34861.2689434445281774590668929287005
42288 34861.7738627522799632661356087952191
42289 34862.8502362035469939763381885564242
42290 34864.0276097467188067381544912960787
42291 34864.5308958084548484946735907793517
42292 34865.1031938626087847074872546280551
42293 34866.0960574270697380983444163103151
42294 34866.9513300953837796198937407047248
42295 34867.2453524986306529199503028574451
42296 34867.8494924456212830797084095377858
42297 34868.5281129605807778110665897333229
42298 34869.2899425047091392490822784434757
42299 34869.9446086423875744271009767509364
42300 34871.1294228487709496861050238438511
42301 34871.7157472608452534495246672331046
42302 34872.3921330079185268371298111411844
42303 34873.4380069188765371860085492676000
42304 34873.7856436989015089023073676912084
42305 34874.7198374837744206430606916468001
42306 34875.1814534750946468072943003721889
42307 34876.4068979646036083384371035800486
42308 34876.9371938910844392517026970539793
42309 34877.1810496083565067998920509291562
42310 34878.2704292244191498835537450534201
42311 34878.8100360316283165347742186652203
42312 34879.6703737775896576053564097029715
42313 34880.0428286886453956666865695765161
42314 34880.8548818009835589704512147297829
42315 34882.3236967676761313746521327033417
42316 34883.0876719998923380004394502254307
42317 34883.4373120936317450979546422021364
42318 34884.2966647095826154364826282355111
42319 34884.5184754027869613015373223080781
42320 34885.4128757010978221149707556000135
42321 34886.2243559160836947952592930893334
42322 34886.9088981056713440783521785319536
42323 34887.6298411522706231729325346368935
42324 34888.4278131775130146234457283995128
42325 34888.8798554938503998145123159027887
42326 34890.0673055149743875373591958774034
42327 34890.6529427285418923915086204426865
42328 34891.3932974462854784700007698608541
42329 34892.1231375555082804810955771431232
42330 34892.9396443980350113358958251662747
42331 34893.6569234921729304328545011813566
42332 34894.4826460418893253574195143419642
42333 34895.0135310233358365020894453859559
42334 34895.8975158680601143356196196061282
42335 34896.2472796106395950110079368912780
42336 34896.6412083869404587673007466538102
42337 34897.6145766614828374803615107676543
42338 34898.7740912898392795622011741752968
42339 34899.4224634380137384202342992307897
42340 34900.5214219502859084326950546307135
42341 34900.8591184983699724600507119132551
42342 34901.5451532146799565018402547838003
42343 34902.6203196171114942896731827950585
42344 34903.0825649624848745094045135628259
42345 34903.3900724569255396507214738387039
42346 34904.2437045757595573158516076872045
42347 34905.4383106886318804914543669882780
42348 34905.9971376977091531784427423631511
42349 34906.5144172240260073440689786474709
42350 34907.1173859635369334422472425424550
42351 34907.9639950738748662980623987549860
42352 34908.8486144843874510848096657824868
42353 34909.6780460105119265778292915552644
42354 34910.6027779936362409892389847998949
42355 34911.3979007181055605893208259538308
42356 34911.7617778384896737663970603131344
42357 34912.4589769806853800533969602635605
42358 34913.1947026340068904712163216911701
42359 34913.8267077255975239327854488980803
42360 34914.5026831467904447053636226236290
42361 34915.1055711790204443118437875560677
42362 34916.1930829454020588226648410644446
42363 34916.4910659845808882554156044044263
42364 34918.0650231092009384327088354409112
42365 34918.7407298417256719725506432620992
42366 34918.9036308014354016508264405952658
42367 34919.7334115460930242530038728135590
42368 34920.3546573090052008455218032882475
42369 34921.2790553254062710529185706903450
42370 34922.3629664807860333106473583972748
42371 34922.7088635692641497409421854708266
42372 34923.1317498054870781771456871483710
42373 34924.0499663623736455085077076464441
42374 34924.7275335617350681132591315614691
42375 34925.3890012480373459278422846351659
42376 34926.1312513219166969143034971628275
42377 34927.2525419589054141001216603296129
42378 34927.9906759422269451155848364646332
42379 34928.8144995011851531142792649946724
42380 34929.5181501468480475428402317115344
42381 34929.9438266208473771338524497696993
42382 34930.7595891756411269807890047962989
42383 34931.2275147199840800837025486324664
42384 34931.9433344726543613289834429925363
42385 34932.6625593792282476560941964879470
42386 34933.6101040355521102972231794187659
42387 34934.4567071993088169316000379396292
42388 34935.1475025846309773290507336859835
42389 34935.5348783789279281719669229524020
42390 34936.6550421116479133279163965262719
42391 34937.6074318771347494995807642953340
42392 34937.9346069026094129406604552660455
42393 34938.7955044284505201321695244067761
42394 34939.4468554621034950351870489766732
42395 34940.3392200837168379882863208764192
42396 34940.9644927410403940814002745229146
42397 34941.5008200925798194490345409028561
42398 34942.3982077013491864308388011340816
42399 34942.6788278517664180444041647255243
42400 34943.2419825058059187039805804754852
42401 34944.9451497317459270505433012668426
42402 34945.5195484714162265907975055341917
42403 34946.2059478534483095618444550019344
42404 34946.8572666409585901613076481351401
42405 34947.6104679781937166449065702795664
42406 34948.2271341394882785959475350405483
42407 34948.5496410090114955599663603246617
42408 34949.8283345622119649982873435189989
42409 34950.2419049449943801325242147945342
42410 34951.1161723821774890599533621079204
42411 34951.6417481506910503274597674841192
42412 34952.4301492848172270033642255416451
42413 34953.2899595775019003221021886780827
42414 34954.1055085166293142412515455033869
42415 34954.7858688331164655453576589606547
42416 34955.3248714395220655502577195721926
42417 34956.6565737580245946537207571119009
42418 34957.0957467653146676141759747814901
42419 34957.9817208718637168028003335648885
42420 34958.2563726276287663271120693970084
42421 34958.8736015152717078985333922374639
42422 34959.5182356374637846394027737220400
42423 34960.6566560001304333527936397123559
42424 34960.9848413475391766938955508342437
42425 34961.8660069481348246403568507846029
42426 34963.0092668476416501148829900949507
42427 34963.6049279701676238432912582604721
42428 34964.6599654999022184533415812489117
42429 34965.0107814572504041420771689748969
42430 34965.4225888210810931134035739319160
42431 34966.6273826174742472993358682760148
42432 34966.8837043514681748801712548402334
42433 34967.8589633693477953067009899079178
42434 34968.8227777717607466805180032711573
42435 34969.2242080871981144773071613780625
42436 34970.0431232928010146579944465483052
42437 34970.3056520946940870179008293687316
42438 34971.3340940036727265926488311499619
42439 34972.1765042145542029264009380137059
42440 34973.4125420400223853321448912447507
42441 34974.1429431496655241120017742718860
42442 34974.3355268309297207639616547761570
42443 34975.0435187624012739557054612465053
42444 34976.0921206060861972552569773169197
42445 34976.7424608241425447102117880576686
42446 34977.0773161072067875240285731101645
42447 34977.7329303740132605334346511565265
42448 34978.4667034777654530578521855624291
42449 34979.6914189804511159627825725982074
42450 34980.1670159999111774933485679416859
42451 34981.2213506174592295727286462176488
42452 34981.7146259989313760411541989677707
42453 34982.5959686484769684285710308924188
42454 34982.9699315490214286184604583273473
42455 34984.0695996316157510955600272454257
42456 34984.9102835365743643953925554111790
42457 34985.1440280743010949987762442196996
42458 34986.3493324188445580019657915916837
42459 34986.6741725051822974441202261374646
42460 34987.3041479265396114131826959032082
42461 34987.9556806361535451947276626117300
42462 34988.9171015807980638661698062395908
42463 34989.5021944184700802249883556177739
42464 34990.5696520445600577529723357031671
42465 34991.4689834625537063335498365316379
42466 34992.3698368784481228757067735241932
42467 34992.7265599254686427081415420998431
42468 34993.4203378095134912631832371447443
42469 34993.8491120043466702938068945701582
42470 34994.5704485495507090943975972187604
42471 34995.4545524353093710222026715728784
42472 34996.5234488856348073780493534237392
42473 34996.8866210373299592321556612873994
42474 34997.4709556042762411630426813029071
42475 34998.3271094951602105370621290740062
42476 34999.2809487810236389600879661405244
42477 35000.1518926610739117205890475592337
42478 35000.6289818871559924181399859276614
42479 35001.3372771332354331566178096359561
42480 35002.3584442908451070088566980522032
42481 35003.0010226109680307456108013010797
42482 35003.7691666046889281739184073946807
42483 35004.0184574447393139665102955562809
42484 35005.0955939630495276707608562178005
42485 35005.4577226173422390282529539229300
42486 35006.0611951579223447695656666967586
42487 35006.8959473640814982007288323630562
42488 35008.3220545237352696684000984117457
42489 35008.9851621544380615162450578569976
42490 35009.4486510583054275113807411446293
42491 35010.1292650103893686420408425532729
42492 35010.9252065170401546070854857628118
42493 35011.6299520803578388065310389984869
42494 35012.2368550243835680874268112081071
42495 35012.9604517812034402229633864636276
42496 35013.8800495703275985133070533312752
42497 35014.1295136798610580299020306988804
42498 35015.4194065271783882016757841511257
42499 35015.9194156771052892524559138402468
42500 35016.3759542678613510175241198999087
42501 35017.0816605283260007167359020206475
42502 35018.4602856985816742283912710118402
42503 35019.0566594170758546951817163961977
42504 35019.7798631697991662799743886386025
42505 35020.5848738183849287365202130432538
42506 35021.2120068340133270902499835202789
42507 35021.4289857300256406045534159978662
42508 35022.5157672748411981793977895819133
42509 35023.0340409579925513317734141217703
42510 35023.6310533539879514470378798903920
42511 35024.7356372420103759954864307270906
42512 35025.1720950924828363836297333144101
42513 35026.3110228317229016160415145790197
42514 35027.0853530531015245265317021761085
42515 35027.7374915938067708453269236090671
42516 35028.5785512084932532625611814504136
42517 35028.9953233818285519007185636307758
42518 35029.4028125756267352727003833784475
42519 35030.7624091657724795329772475530238
42520 35031.5573005964073322391152856058024
42521 35031.9737315903653828865380096971192
42522 35032.3915505313168523859119334684724
42523 35033.2620199723296872428618950316149
42524 35033.7501370684807770706499339595475
42525 35034.8349464273496918101536483505279
42526 35035.7370753889565767621092174719633
42527 35036.5206304991092742794816878050715
42528 35037.2763190194370251995746520894409
42529 35038.1806749293571423006417630764041
42530 35038.4473002781215791577993562708035
42531 35039.3636985280441270513155062399062
42532 35039.8723639097794827277890909441454
42533 35040.4128608955227995251617815783546
42534 35041.2390668199552790693370346640889
42535 35042.1349587607895029474535692378272
42536 35043.0205947816570498613456256852660
42537 35043.3628227839186385805972036438582
42538 35044.6336504391107121951833019380271
42539 35045.0685632469973169844599703536610
42540 35045.6263250807413320514275342944968
42541 35046.7201532674388476828033519079048
42542 35047.5550569248086308350014625375690
42543 35048.1010873028492905422986605115843
42544 35048.7268998917900106715861484663288
42545 35049.2641381999806620879551269668203
42546 35050.3336854286064176498987846701995
42547 35050.8896500495755035394210358802922
42548 35051.1882327483808909152260015978225
42549 35052.0884665216803283325772259839679
42550 35052.8313672132471476892992088562537
42551 35054.3150683502957341130660039666421
42552 35054.9770072864288298241400540625770
42553 35055.3489946514807153592488240639602
42554 35056.0158546062227897430657571503605
42555 35056.5883256472611241656712519346689
42556 35057.4958787069827030974833436449610
42557 35058.1829822901318603687043599202792
42558 35058.6911132051227070814558367365256
42559 35059.8346527237127906493243582752825
42560 35060.2644762621943554385097998464948
42561 35060.9983663779937842862678100267185
42562 35061.4682831540872921883854483208264
42563 35062.8257167531883338070611783239357
42564 35063.2706637648969816397368651130902
42565 35063.9901860867975697996144661438426
42566 35065.0257701149314837376920172796695
42567 35065.5408768706005873514009490432147
42568 35066.4661884632551384265673924512321
42569 35067.0983395154628181606690567474733
42570 35067.6094692058795758835100364410853
42571 35068.0010585959082190941655198069717
42572 35068.7508849651159943373510639444617
42573 35069.6674507650238607584090442249835
42574 35070.6339926541135660747770341269686
42575 35071.4454690307848936583198442443619
42576 35071.9642514271805480823544449744784
42577 35073.0940000917425123800851451490540
42578 35073.5996049887311920336832549173020
42579 35074.4069440848435538671478862662164
42580 35074.7060982476094737467637400697541
42581 35075.5553057036498539318584745177520
42582 35076.6066311299563008497803669789189
42583 35077.0156648571894439110830783663090
42584 35077.9794367839933871895588490965549
42585 35078.4415876823059868882469662825585
42586 35079.0307861850803488335532724444558
42587 35079.8892729745019708008947444626520
42588 35080.4877881822507758044330638785786
42589 35081.8333979032970395573189597313089
42590 35082.6184716299178152032691470703898
42591 35083.1193435041678771535959899092334
42592 35083.7536004336709679388367287403366
42593 35084.5528050241950438287878857246337
42594 35084.8260443899218763136489355982530
42595 35085.8012742097259487788434022080299
42596 35086.6147142966100174610970101110425
42597 35087.2949275130241681077934486295686
42598 35087.4335696570855324896427003757890
42599 35088.9967861067523474086510946501027
42600 35089.5971048412441196678573696250371
42601 35090.5092319025218485615024317220134
42602 35090.8466975125251870229774440095609
42603 35091.7830334395496952625411437441636
42604 35092.2470832032848370487835670904008
42605 35093.5243046280173350349717102491829
42606 35093.8907315927053291841603767413744
42607 35094.7920883929573342858019730483062
42608 35095.1732758439083290322728621541499
42609 35095.8060868647685790716939315667812
42610 35096.7460721917122317100615413435533
42611 35097.2368340201969938086209046930592
42612 35097.8836080873400793261655413144760
42613 35099.3349831693331148941849130428556
42614 35099.9238706446364002398014985910594
42615 35100.5107599281604418083313357876171
42616 35101.3990516498416317482075168848424
42617 35102.1849648194735409563396604511948
42618 35102.4602141588682149999902370126305
42619 35103.2032323512828213145769675595715
42620 35103.6506013727321583150828411681688
42621 35104.9504200263062958490241371422205
42622 35105.5287619240418626953027795969334
42623 35106.2836093275469915801144014168146
42624 35106.8265808112383253724274592949255
42625 35107.4011181521468973855094438158518
42626 35108.7069645767904499757396920994388
42627 35109.2584878153569760658765189939087
42628 35110.0383846325637951095164702104418
42629 35110.6793835019769252717928346268806
42630 35111.4923197704579378466524737659248
42631 35112.1633414615232688819450282029747
42632 35112.9863017307020038592962747907965
42633 35113.3834976069585891272619669117938
42634 35113.9973223272871375402093616232776
42635 35114.6682797292514152465055526561769
42636 35115.4347560480291251008862012762105
42637 35116.5191508528021600252875825968007
42638 35117.4088011797654819950821670288111
42639 35118.4146582327122849401261141721330
42640 35118.7232951981639624062278539928313
42641 35119.1561978173716963727763125893351
42642 35120.0903415379516005402625229360673
42643 35120.7870735282622522636550003336106
42644 35121.6677407268066113714329157686752
42645 35122.1970095178430979622576394486386
42646 35123.0926295457518559681263681816881
42647 35123.4469153064089318742253734580087
42648 35124.3198891461421838160088835998757
42649 35125.2374592018894548020116380332367
42650 35125.7416842103203172397102953729719
42651 35126.6012693063461605610801187458074
42652 35127.3894816099602652214421374022115
42653 35128.8145248230675968744378333445384
42654 35129.0944605800742736012792881676381
42655 35129.3473685862704318816639141152579
42656 35130.1564996121111417256713338036338
42657 35131.1485299015483236106577014553858
42658 35131.4250278683699711851271284439763
42659 35132.1506015240913931991454639552499
42660 35133.1910351222125336849962456611279
42661 35133.8512405728820917454217353064423
42662 35134.5877523340117331483703401664936
42663 35135.6076171566765231016245474946175
42664 35136.4279684708836982925920441742312
42665 35136.7204236440928731188540678652630
42666 35137.7017271174735499679424352132836
42667 35138.2550586564184778791223125625699
42668 35138.9573364996258912045191555822675
42669 35139.8154249896957072131267489351101
42670 35140.6994249583387824057409641629638
42671 35141.1624259207512366821114876879269
42672 35141.8515400545261320867230108225099
42673 35142.2899879508076309852232718590528
42674 35142.8605996097646403372572945921517
42675 35144.4363763213645174470824404182405
42676 35145.0582339581053652898353707381798
42677 35145.8850545130941801592541373334131
42678 35146.3090864339694295993371792939393
42679 35147.1929404527823707462220485405206
42680 35147.8334650153821001776122029539591
42681 35148.4622399638193168686718591871817
42682 35149.2179588296223387825783274856393
42683 35149.4337401242018766260261537053711
42684 35150.6974621480915189903300139038840
42685 35151.4030700893616381488693408717340
42686 35151.9910667590150473894644068423831
42687 35153.0306935479023027681802594638153
42688 35153.4979437096480771761552804332817
42689 35154.3711907560153942850999194525708
42690 35155.1750641893595324338056682941211
42691 35155.6788086951220022059465987807811
42692 35156.8904996134792144254916543399997
42693 35157.4147221266490259260278994938990
42694 35157.9120111214015354426853905027051
42695 35158.4836916649372219745030433008316
42696 35159.1489223988096225373164298195076
42697 35160.1980413400811533971822514110124
42698 35160.6186313786394643007167136633475
42699 35161.1872208034740931758571123721393
42700 35162.4959451766468685712320507844648
42701 35163.4883233576676301852844788160693
42702 35163.9735763298427101707451211187153
42703 35164.7330206281147965347910850340799
42704 35165.3100749002394188173888983330242
42705 35165.6166309009140244369063476930075
42706 35166.4994198033117595248036909230823
42707 35167.6610135062661054872471183590321
42708 35168.1735029847206388142627293499083
42709 35168.6969283806820819476051136436494
42710 35169.4637966271177100176601272881548
42711 35170.2020485488172494430995189742171
42712 35170.9793593302399148825302956381530
42713 35171.7522550408818581678946982999011
42714 35172.6882826853257053159637250466635
42715 35173.5752572817856143626730194400644
42716 35173.9168394729667404787717122066259
42717 35174.8948290033377423871422574227156
42718 35175.6305081996905285908999970047033
42719 35176.1009310622029622553737174158058
42720 35176.7263988089063258402376188967572
42721 35177.4510573406257610216791791332358
42722 35177.8581884156143527340148339540757
42723 35178.8854088411221430790431986090620
42724 35180.1256394107403752711627704530586
42725 35180.7388772807679495291240604276366
42726 35181.2411229939839477052051072746351
42727 35181.9596728336355384318733758622518
42728 35183.0445417253191039035962945247054
42729 35183.3200314276737054290198792997300
42730 35184.1749377315585624280623059068578
42731 35184.9077198234290340301898271577457
42732 35185.4724714507456655485288871022831
42733 35186.5307849613714345549088235383673
42734 35187.1340173032695525486982553486258
42735 35187.4329726445315691806016391097379
42736 35188.2915417143564580190825536393119
42737 35189.0882699360605507578851593740465
42738 35190.0033725341117593450463783393629
42739 35191.2554802233865625659757236717827
42740 35191.5955115685269266986497314594191
42741 35192.3260610269119943613629080141637
42742 35193.0289687402338300401576006605714
42743 35193.5521195526246874128346560899999
42744 35194.0448610347544148904548340289619
42745 35195.1278250620004750737079020876503
42746 35195.5050272244603284116814192932075
42747 35196.7151674215420711012816221363199
42748 35197.0028613639192790404180736826737
42749 35197.8066774673328568760108224585840
42750 35199.0436478567692594881539577433198
42751 35199.8630925635969716440693301998644
42752 35200.1370514848443543492071117680664
42753 35200.5047600548279968979362184903027
42754 35201.8560377090383163940648126918569
42755 35202.6404989412680479637094647524677
42756 35203.1180685469551538889253509907222
42757 35203.9205081326188517523191832121224
42758 35204.3791926514905234367512207603009
42759 35205.0093649855141472447359300840460
42760 35205.6290921032162747697344773290368
42761 35206.6641075375287564842332235232912
42762 35207.4005765931531931766959964507531
42763 35208.4760158248993151660366438304349
42764 35209.2732047462005965740713589425266
42765 35209.7411620344689607921115016727383
42766 35210.4522640921745675654044495654592
42767 35211.1108788936686145777151566518329
42768 35211.7484955066992276225907714683564
42769 35212.5208174437245826674711752811333
42770 35212.9665449376100526402083206138694
42771 35213.9592700180635923205560846122591
42772 35214.9564909103785741646019712815971
42773 35215.4182260987105676532917906239119
42774 35215.8785443959097349711089701985958
42775 35216.9971422289291651451325496672383
42776 35217.5301521455225432860105821862371
42777 35218.7286028781277180823862988108043
42778 35219.3139261320005378109692151079317
42779 35219.9776659110270841306052950104649
42780 35220.5369590121428745740516130246135
42781 35221.2200589318026846200775350451708
42782 35222.2184550749496568919817509431071
42783 35222.5224584011767807609650301760390
42784 35223.2803085112635450790746010358982
42785 35223.6949819344022607895513546453221
42786 35224.8384576328758152720906707566258
42787 35226.0265626374335597808969615600854
42788 35226.6288653349281289881323649440091
42789 35227.2218188888536607257317086817018
42790 35228.0237314492969472936199972484291
42791 35228.4569566025582068388049539191186
42792 35229.2801885367659328694710718110666
42793 35229.8104693032952008592843769255501
42794 35231.0917148070849805422761352737557
42795 35231.4972445959106445056378631879826
42796 35232.0541206915796832694783211897939
42797 35232.6047745659883382758271307289251
42798 35233.7236241090865680634430666442733
42799 35234.0536166588357351969270303236696
42800 35235.4069801308967994457759110896947
42801 35235.7702775860653917879367717857653
42802 35236.7497839784338832942927622859016
42803 35237.5601662654431432305550697076100
42804 35238.3846962669454749576661382114345
42805 35238.9478015539906147739390988422978
42806 35239.1898725848580085261896605521469
42807 35239.8443055969867513261191832144304
42808 35240.7735187510535918314834907164634
42809 35241.6097386242669901575328196235137
42810 35242.3892549295000159678858027218679
42811 35242.9485541301056711741086091082879
42812 35244.1771161902272676332150359544430
42813 35244.5582422244366693205803772970907
42814 35245.4672358091691766111483808917107
42815 35246.1043969494177096078900662708313
42816 35246.8947140410902920314991453488342
42817 35247.2732604781468300873704487844711
42818 35248.4613937199709897019746784807890
42819 35249.1423767192401049368198380062101
42820 35249.3757300403088377806278904975051
42821 35250.4386573368191421129651036688803
42822 35251.0576423667342200630333702395446
42823 35251.4818823652153682597069440150247
42824 35252.1298989164152943257334447147576
42825 35253.9231920768488145324988440490161
42826 35254.2271768083552507052524328508003
42827 35255.0626984420507384821896047191502
42828 35255.6436906987940683290692339073777
42829 35255.9175208326763467682468659023966
42830 35257.1962967974180973329268529985094
42831 35257.6226994933207803238475604401936
42832 35258.1242372893289045868187530323796
42833 35259.0573347083442202665577552678077
42834 35259.7334402361718371695495645254930
42835 35260.4991570525996578733833221176553
42836 35261.5432405557616409321893738870532
42837 35261.9173970079361683624817756712180
42838 35262.9407487298518425899600674584758
42839 35263.3832368222567986791676264670016
42840 35264.3566341417657490701593632459001
42841 35265.1822507172193475347298011979550
42842 35265.8824087018352642757782745687685
42843 35266.4770146699850268002512723921444
42844 35267.1482626815921825950848181047681
42845 35267.7059404041740402234999392711801
42846 35268.3518850202720798733872432291802
42847 35268.9686985971799090408963899425999
42848 35269.9704239972362774404879520554355
42849 35270.9619607758251249018786414890773
42850 35271.4677175083974901436637655470275
42851 35272.6476246713631044295736599001924
42852 35273.2247158817841170992501941384236
42853 35273.8667868875390973578608854860098
42854 35274.1871441481433827087237604145453
42855 35275.1448220154557113471888699820560
42856 35275.5439038386143234881564601384524
42857 35276.7941565058806237753692302488651
42858 35277.4455196302546516056611572193729
42859 35278.2024978941431555041773067056940
42860 35278.2909313766698031308273723996384
42861 35279.2197369077725389531471694796153
42862 35280.4788533939456004250524658359472
42863 35281.0092767131837000505056889149149
42864 35281.7567556994522100297800160719899
42865 35282.7609879034207045549247419016243
42866 35283.4575343814081004707776081503436
42867 35283.7221067412677271824712441691101
42868 35284.7115537576512436465238347028500
42869 35285.2780463213111420606318115860146
42870 35285.9426180425430637105028794465527
42871 35286.4475878150946822691413199359605
42872 35287.2153881643134654442705942300638
42873 35288.2285922033214825730562020237790
42874 35289.3121525560514679597751809126633
42875 35289.8597219505744829031715981975782
42876 35290.6631220268516060895308252146205
42877 35291.0940257825533229234638721339287
42878 35291.6879991729665917590218549896299
42879 35292.8322580323136323798569021825899
42880 35293.5947049121654667059237581726180
42881 35293.9357273282657635854486834358248
42882 35294.6385763340376723123984429080318
42883 35295.6178481089117024295336147544985
42884 35296.0541399643459876882011738619702
42885 35296.9142009538324546023577509145646
42886 35297.4215911643934131480851598782911
42887 35298.2368537118280655795897043600684
42888 35299.6940392873508926842690771329193
42889 35300.0451481479254676970369229858488
42890 35300.9636190513797011462056090851338
42891 35301.3315508190541209732168261947038
42892 35302.1722466949999437011730776056235
42893 35302.6746759164812621856373446482199
42894 35303.1901234277587456291085499741398
42895 35304.2490889842213539827640357367343
42896 35304.8521187035334264563954712364156
42897 35305.7042920143366633384721277764501
42898 35306.4273101087026615980009691081587
42899 35307.0658554610908847870320398189038
42900 35308.0326422088654858061551523430779
42901 35309.0139381293421485855620435328185
42902 35309.2428244286922494730460554594410
42903 35310.1265083104427027811667469941017
42904 35310.6706400043604494509076261222985
42905 35311.9220501929933841829377523608575
42906 35312.3607866518338845057262650691213
42907 35313.0676059798380947244264223016013
42908 35313.3928119132894892672852765048830
42909 35314.0260139388924151493615444263073
42910 35314.9897507709009741182847261253953
42911 35315.7236151745648644863872637134259
42912 35317.2371938703641660313560775980390
42913 35317.4760527879894378923429806187441
42914 35318.0263951133526456491330640520701
42915 35319.1018224902655470821976014871314
42916 35319.6876104451721563014506092955535
42917 35320.1858269837655881180190167584897
42918 35320.6727782738185212681291424798585
42919 35321.8537760355343973491961016430966
42920 35322.2694012945984232575023685338963
42921 35323.2237707997028582541150640507293
42922 35323.7049189956356715956786994880122
42923 35324.6847782311657466224245230600033
42924 35325.4288131049708658563368523738222
42925 35325.8683941700935729591372675932366
42926 35326.8760715112010882422684121710937
42927 35327.8429244145519929368748345731416
42928 35328.6056808286348751925547757683834
42929 35329.2029725967822605691312980611183
42930 35329.5498674155073769518616684159603
42931 35330.4482817657283912526366230360706
42932 35330.9219734643974555989507802400476
42933 35331.9699225625424118325033555747243
42934 35332.3880872564919418544137971882482
42935 35332.9800081494687221991043349809224
42936 35334.1051742609790141231210050011397
42937 35335.2841091813744664198492333873196
42938 35335.9040490027089455580461141391634
42939 35336.2152184081973303876955618490356
42940 35337.0359804613133321171879141676507
42941 35337.6565820765703091657132413131194
42942 35338.3470864339307031887570435989028
42943 35339.3478117784664416444057243343892
42944 35339.9247463352822421044856948895101
42945 35340.6486626224229896402609377890161
42946 35341.3762990365581117203499324246339
42947 35341.8091254640298004634685924603484
42948 35342.4606545696583491896866166035330
42949 35343.6527301733993124693189990084160
42950 35344.4153405291678466446847536589759
42951 35345.3090289854770625963729561368608
42952 35345.7704335968617653080051685295201
42953 35346.7718196611506022082527728601095
42954 35347.2424675412197411508902579772745
42955 35347.9493950825636768335693900359565
42956 35348.6682234417864603492673618545037
42957 35349.1975174796334156079708921438467
42958 35349.4188297926448632919935461576654
42959 35351.0890178394753677640291017059783
42960 35351.6519226753654354777813705023474
42961 35352.0935786107519953080307123369678
42962 35353.1929181639707902049418517639095
42963 35353.8253570477011574527130297162797
42964 35354.6186896490627944514704399449224
42965 35355.1928926630666418299110568161488
42966 35355.9499407698465355444000896574101
42967 35356.7715045900978132476414526203873
42968 35357.4743904939000287105005324374529
42969 35357.9983853372916592477862426794552
42970 35358.8784622246109816252813575414054
42971 35359.4769378814096113753192271091279
42972 35359.9099772674555761218109761168296
42973 35360.6944658325795266779467075797766
42974 35361.8585664881273948476142066577941
42975 35362.6319526028171026720573045256366
42976 35363.8656794695038936726363288402169
42977 35364.0920093233512050436327178509780
42978 35364.5831607993901173672782473139647
42979 35365.1715624961255489354428752687064
42980 35366.0393272192309763934927558420526
42981 35366.7965972488684100361661045289446
42982 35367.5776613725822484147494027156210
42983 35368.1563541749170574334201735778027
42984 35368.9556009983876803836799984820873
42985 35369.4724216992162646494159852760583
42986 35370.7974735748695044412815962415398
42987 35371.2103246141234767264293574269712
42988 35371.9226498794997951928367350404621
42989 35372.6274514743202242237777119821769
42990 35373.4942013348219779141337303159154
42991 35374.5743715548436001302040755846019
42992 35374.8278816757594263636549320324403
42993 35375.7266063049830021204138278029074
42994 35375.9858200075210154337693100248129
42995 35376.8911445460053956659542446030074
42996 35377.6065860334284372824367647824366
42997 35377.9984474446860575904345728228347
42998 35379.2754743810894996943639621528290
42999 35380.2060197479055169539929728444884
