7000 7264.7482480903003873154611903940409
7001 7265.9628562857304258383649735090910
7002 7266.8250716233501846885542821767178
7003 7267.0225728109232490499793836843527
7004 7267.8511619073880254417392261513240
7005 7269.2817965310182200732960357669139
7006 7270.6651960223623936793537672697647
7007 7271.1625782252731331766035588538325
7008 7272.2939160946050828274634109886669
7009 7272.7568196787470739894724887298043
7010 7273.7012340747159005678472604688602
7011 7274.6393860936564581080592805006017
7012 7275.6929466282877754423507895080200
7013 7276.1885109797818228204537756334711
7014 7277.3134175063500117303322686740730
7015 7277.9111949209785446075248149183813
7016 7279.2263235158334167399165198228605
7017 7279.7685212823462338080392427197382
7018 7281.3160940670571019924809474992924
7019 7282.1761671495425076761683274606374
7020 7282.8176816984206710276017329956725
7021 7283.4957757639025523971889102170265
7022 7284.0236978972730477690999902826222
7023 7285.2773023696371288358074553135168
7024 7286.1396942049058311242070299496473
7025 7286.7792388659858281636107731845971
7026 7288.2671704281009780031815931825309
7027 7289.1037580809807364022858648785005
7028 7289.9402768271002356467531660328337
7029 7290.8214299291112793193826274999560
7030 7291.2900435757489665739801432709792
7031 7292.7412494453085963688838950809311
7032 7293.4031096513412211082331562012010
7033 7294.2041479642232332678977072879185
7034 7295.0488940527152757014756901070554
7035 7295.5648495598813989924907301175651
7036 7296.5716190429838881303079251324890
7037 7298.3686843155046023044567786449938
7038 7299.1388486018802614847141916933482
7039 7299.3365714262633200066545825609836
7040 7300.7634768748682976756775052482872
7041 7301.5813171049504242094112190489697
7042 7301.8485576085936145915748292955775
7043 7302.9178758196572651364540667711213
7044 7303.8439006828140641801808817832288
7045 7305.0602871150271310413816682008667
7046 7305.8181615760340046610800852271848
7047 7306.6372055784283871271063258290972
7048 7307.6607526336960085293747878903299
7049 7308.6716649740557996488430755759026
7050 7309.4979039712771616520758527217147
7051 7310.5013570453583074449131613919678
7052 7311.1909517207995140802649746336470
7053 7311.8811459686189349215691375805491
7054 7312.7243723917752158740879929288769
7055 7313.5550460836267675626586678243590
7056 7314.4491314411705713864845499440322
7057 7315.7556285470183491587445231816486
7058 7317.1002505552456653622067055362648
7059 7317.5537386533846402180564124571351
7060 7318.3510025104285941609463890237848
7061 7318.8719989379106552700944213346530
7062 7319.8967570998536418763235669842117
7063 7321.2337815700928302272549850958292
7064 7321.7173734272896064372789904463945
7065 7322.5687510530779152004380083376089
7066 7323.2439831227676728920334934029601
7067 7324.8493331418565096732371390506427
7068 7325.2261151499349230904218962045624
7069 7326.4441029952924688087462640225440
7070 7327.5344979701348637059564910399573
7071 7328.2835143834251775152779657201412
7072 7328.8611717117080203793230680493894
7073 7329.8155782324904477909187670748662
7074 7330.5868395335802752997978136180323
7075 7330.9708584357553187927254725410939
7076 7332.6521304774976096583565719835521
7077 7333.5170333876123360197159500542677
7078 7334.6391059706031260684563314373110
7079 7335.1939636909955005367029356253068
7080 7336.0168204360642034885206702014644
7081 7337.3122239671574827770725052192214
7082 7337.6492014600331235982908960229040
7083 7338.6212514389644976191923039559451
7084 7339.7631365242007720658255752006654
7085 7340.4959645308584411167467516319674
7086 7341.1724111242381117071066430787994
7087 7341.7814489529513271022606423422419
7088 7343.5075226659441635266532877257293
7089 7344.4294071930654571557125285209962
7090 7345.4133844280555441493875021425332
7091 7345.7371881861683500150664286172238
7092 7346.6989270853150895083907477661254
7093 7347.6014406007811536530071323282243
7094 7348.2264705889230946241638450867741
7095 7349.2497776288187015472103877028997
7096 7350.3476187137082194199327796890631
7097 7350.9732564927591652531122590341828
7098 7352.6318475835700327611042481457931
7099 7352.8804302337919174836144461670340
7100 7353.9139478289116919222339376401460
7101 7354.5846255802276415994853182050207
7102 7356.0768011018744586132031022238473
7103 7356.7139015370354197725504462427264
7104 7357.2980649627599055670360789675552
7105 7357.8299270249589130098520678641805
7106 7359.0224240608402593395280732933010
7107 7359.8188334440083574284447714911929
7108 7361.2670134262178428913494837255695
7109 7362.0581344312285681634096059284762
7110 7363.1025911490284707399432336548794
7111 7363.8220938675088932365958843281817
7112 7364.4697613897262294051708403897185
7113 7365.1200599104413760455796216456579
7114 7366.1768264622353449393846345559611
7115 7367.4448052673625869958519695752522
7116 7367.7165836252505397039031897542939
7117 7369.2112355689742834008246263349318
7118 7369.5326136315885978545904662918662
7119 7370.7782960437832051481675390933267
7120 7371.9879609778161027322372925488903
7121 7372.8050479963844313719078824981810
7122 7373.4240351678178244107823743970966
7123 7374.3493919587223876033271224655767
7124 7375.1992437622679155004219287467788
7125 7375.8781516436889357223282089993528
7126 7376.8736494744454207563263137931884
7127 7377.1900893168857767022559535690142
7128 7379.3327850054377988525321569528118
7129 7379.9796030529700174365197093606769
7130 7380.4640115732172463977522146479673
7131 7381.5369320908458330172317891580537
7132 7382.2227133566864979532247820361400
7133 7383.1735237245948201405947009105922
7134 7384.2023962058800817040252419315363
7135 7384.9245130671499524680213835991346
7136 7385.7526336517869596329194527916195
7137 7386.4615525141352977931487322630973
7138 7387.5424206416972638567910595256903
7139 7388.6295350567298065731271107243901
7140 7389.5845092916523988781487393560515
7141 7390.6641777399656806842562002495468
7142 7391.4402597279156762367238568720043
7143 7392.1607333679339758954048626605546
7144 7392.9886055285283956121953155864145
7145 7393.1732693311634088678582816648017
7146 7394.7116178774322097739977539459219
7147 7395.6939623798377799984490460660240
7148 7396.4032735859616910275221216461112
7149 7397.5319336650134038600314061585289
7150 7398.7519207616571794777980213658462
7151 7399.2203868201455661297493396793955
7152 7399.8288195407501041413174200361505
7153 7401.3541812033702896826935338174493
7154 7401.6706696188942877937270282844886
7155 7403.0180908179234814554107773248327
7156 7403.4489230180438342000919562436513
7157 7404.1034686709836840707428244678222
7158 7405.0715278906253365182238926123428
7159 7406.4348758991308352467846494956162
7160 7407.7827725200353354336731103989194
7161 7408.3184422476847546669723505782088
7162 7408.9610230911493743548110834422281
7163 7409.6979100999889015495212495768562
7164 7410.8750166392083718529394347999395
7165 7411.4755788011578331304520665398328
7166 7412.2133446519576688307185370206913
7167 7413.3285828777631985296132049101974
7168 7414.4188147884382886982867454866406
7169 7415.1806501570455562603299613176860
7170 7416.2695043585158118688040590953876
7171 7416.7133917166711621922531279293998
7172 7418.3105092232904369674648316413435
7173 7418.9880983537580218112988488780145
7174 7419.5376170232067627248138751909439
7175 7420.4159132750708220329286533521007
7176 7421.4207818138529027283094729881830
7177 7421.8069626222416590461873592691786
7178 7422.9106874078760367523069897942930
7179 7424.2207354333824750135229777850119
7180 7425.3062057630723879501646168247738
7181 7426.0426157654894580641692084530646
7182 7427.0103583157366227281188666779681
7183 7427.6188821722408824874296591782558
7184 7428.1242466162287546278547341126780
7185 7429.3508891310611053506271247419773
7186 7430.5553688948598136442003648010580
7187 7431.1566351222505309272959576134532
7188 7431.6343034669206226926605945853325
7189 7432.7406699666631694482685549642944
7190 7434.0415751981983324529047028103603
7191 7435.0591915894779967693751661775371
7192 7435.5904415876552342593485892734355
7193 7436.7665167763944361762688847488352
7194 7437.6581815222635609170744395083046
7195 7438.1259950429382206231795382877525
7196 7438.8722159407648196086976048279301
7197 7439.7376487194352529542644289366066
7198 7440.7031210483627757623382997307820
7199 7441.9693233892316024180897091426648
7200 7443.1711608628610140303253462513738
7201 7443.6283943542440914033225126056646
7202 7444.4238662287388121969220325079701
7203 7445.5189797863998358180639844510536
7204 7446.1921123122700613484510266972232
7205 7447.4703796017401883092691789954274
7206 7447.9159999506961723350443380869871
7207 7448.5788460083074725582559963194924
7208 7450.0268519810194030522106005155808
7209 7450.3134146580150218528923200476733
7210 7451.2873770068885434811125929245427
7211 7453.1563330144241568576835171094332
7212 7453.5622555969749165905413338136500
7213 7454.5011508954245850670334595521360
7214 7455.1115999848962813545726417278578
7215 7455.7562481826604996947088977509537
7216 7456.8792641739848654743973525215293
7217 7457.5550156839830272778895216362930
7218 7458.7588965476019611422071245090738
7219 7459.3179165958580250706368775570793
7220 7460.7423192186253490819346926412856
7221 7461.4128367763405415218237253964997
7222 7462.3451192295320874085112436058768
7223 7463.2410343533707969987864879031476
7224 7463.9534284928805045016512482230611
7225 7465.2353325464961787270039796308683
7226 7465.8736486181188896950029276354336
7227 7466.5095673999815996857178151324421
7228 7467.2368920027609913995145483587286
7229 7467.8935162302147831510505424770222
7230 7469.7423127757206091471095175072607
7231 7470.4106947227240317136020765470640
7232 7471.3161539571368087683123417125341
7233 7472.2163378345795986576146164376181
7234 7472.9384524700448069578746767532531
7235 7473.8019232218002014046594795064169
7236 7474.3183755609865800754101755969829
7237 7475.4571484655554937802473283544411
7238 7476.6616853808335101080361731960002
7239 7477.1261171622649617920915096282463
7240 7477.9902203763448129034710646916896
7241 7479.3608038794422718200069007343759
7242 7479.8264901466041226321676306097034
7243 7481.2705851334061206681266683044400
7244 7482.0883530495777090461221227578524
7245 7482.7609705592264086528070211463309
7246 7483.2226845067327832568408654038290
7247 7484.4354063712458821894045703651607
7248 7485.0872608370812385773227470008901
7249 7485.8361100977689822667974546638858
7250 7486.9805747125631326915759668890871
7251 7488.3413984003026384473543310075321
7252 7489.4107932626988269485018659320375
7253 7489.8016499598279766896746883833814
7254 7490.2884668913157453744991454404082
7255 7491.4802374379467427211918185013864
7256 7492.8711770109465836635404530166489
7257 7493.0006059462237225837930959100182
7258 7494.1555936652989912175840809378608
7259 7494.8933547209546170065986280982194
7260 7495.6205355509894953313805008468201
7261 7496.9032340412654368479124880753907
7262 7497.8766668711694056783256673221126
7263 7499.0183752128853051760441191652531
7264 7499.6350170447569821927247065120977
7265 7500.5207587012770196371778636533615
7266 7501.3943565403551740809082715063324
7267 7501.8896011658145803321208978420527
7268 7502.6061284966501928933554555867872
7269 7503.8158220959722407985014239255488
7270 7505.0076275113021854226406524817572
7271 7505.8557607491271029173788201737722
7272 7506.4587778442488232479003994201702
7273 7507.8815827099078760816450459985461
7274 7508.3253577275247310902781144622969
7275 7509.3628579724879275274098472120428
7276 7510.0620142467139889781617156350837
7277 7511.2681520954302959202169663776490
7278 7511.8315500943000160937151860364409
7279 7512.6391088921787978781589429237151
7280 7513.2564786023295179539432098364943
7281 7514.3274581966416504216076125707916
7282 7516.0173387571529358586574284525796
7283 7516.6828653831544191647848144678925
7284 7517.3165468829073936342445708571970
7285 7518.2339220444845485296654933982593
7286 7518.9882552934774378599085839228036
7287 7519.4838085852535473726629570793389
7288 7521.0954783080282239222182009897209
7289 7521.4189601587094230930820043242298
7290 7522.2359559409002672370301306784208
7291 7523.5838099625736765660508397201951
7292 7524.5760631409470315609463456105072
7293 7525.1177550665644822710835675245242
7294 7526.0778886694592566737846700823239
7295 7527.3392439001518277949845283927522
7296 7528.2559452989819046939979579887558
7297 7528.6188248347097557257847748521712
7298 7529.5724396835744958718643014745787
7299 7530.0245181366251017194149258988662
7300 7531.4430377550955990934846457387602
7301 7531.9184760037726792909518156189577
7302 7533.7017888604778875361022830732187
7303 7534.1961767562908409348693484079640
7304 7535.2694167463311173223364196647375
7305 7535.7958796381163094899750965658002
7306 7536.8521408366280318894723135209524
7307 7537.3125811035951256734447208078916
7308 7538.5138441078244894268288178663608
7309 7539.5071811920631088751137832263818
7310 7540.2275399005901829963440847146295
7311 7540.9522124002335036078459920108879
7312 7541.7199272330039544285435089112861
7313 7543.2740868106041323406698831842322
7314 7544.1430895978740204407533159425812
7315 7545.0172822112735497688568810363503
7316 7545.4696453355923241323039904403803
7317 7546.6197784384622735171013411276689
7318 7547.3464643753640754552257285420696
7319 7548.1639289084092129166973131937239
7320 7548.4670092571084473563720099554311
7321 7550.1204721747258363345136173237996
7322 7551.0938903968792843914789093985221
7323 7552.0509779433082877532950226535464
7324 7552.9157227199043314741828229082913
7325 7553.4225995954281443537522373808815
7326 7554.4150644307657647821335499295309
7327 7555.6369869984341109801471623107881
7328 7556.2156333203494969402743748070232
7329 7557.1238484694892215963421831941809
7330 7557.7316500152665807372090815955712
7331 7558.6186931449084842880498189676503
7332 7559.6433763188252097813957841770025
7333 7560.8298200232399674716035065149221
7334 7561.6589599939913556110881911193087
7335 7563.1828144376276610371399307427385
7336 7563.5204156992327414052184545006264
7337 7563.7693018912198810436975590079541
7338 7564.9602436768457440172855307616411
7339 7565.7328534038647803496480750364240
7340 7566.8453224300193509543911575177077
7341 7567.8665311159364571286427713712103
7342 7568.2890676022350255201426807944130
7343 7569.7971651059779791934446493284577
7344 7570.5471379904158532188472502142243
7345 7571.2812893779566114796207074272971
7346 7572.2789939778466179811850244478449
7347 7573.2551843064722459641343295065080
7348 7574.0468020484482078991304680851408
7349 7574.7498888384623381686093309842467
7350 7575.6966681646651443186529608037161
7351 7576.2686050738162729512007814926591
7352 7576.9057705909523768003373547773912
7353 7578.9174866649805417449888542783269
7354 7579.5977573163709798540427027923127
7355 7580.2800889772262103625129235640420
7356 7580.9598308199291120689239827919922
7357 7582.0317055495022875240041840292126
7358 7582.8029838608714665940285953752215
7359 7583.4627347745821259579243744596334
7360 7584.4869597362563624912417349994209
7361 7585.4695176291179479422252281946376
7362 7586.2349945841772712354930335552821
7363 7587.2832394916491588787549758311681
7364 7587.8903506034401945264325031106400
7365 7589.3562541158572858232839070616615
7366 7590.1208714866768028370538244939265
7367 7590.9182248661486634684213542210134
7368 7591.9661938120543086034655590978307
7369 7592.2697126058301063605715145117510
7370 7593.0983139591976374308414525140750
7371 7594.1027425422377354012037547748562
7372 7595.0776581683196325379871930356642
7373 7596.0162128377878182088632180588238
7374 7597.4149857166741840174563000106878
7375 7598.0078828578327470093627632855469
7376 7598.9827099530763196712313703999714
7377 7599.5651547183480677123278924556913
7378 7600.1308587272057919385226191289318
7379 7601.7513660145144736662146285281308
7380 7602.4051634704088417802539973183687
7381 7603.0223663271481503650146902274608
7382 7603.5606785799997103494474323125782
7383 7604.8311964908877415583737727908616
7384 7605.8579343266107781768433758897416
7385 7606.9948829800898702739145906051530
7386 7608.0213541226846445861604189551863
7387 7608.4208078701410173756053623948839
7388 7609.6736078098971040592221387369227
7389 7610.0662142646220475458268950807833
7390 7610.8544903203388298408031876305829
7391 7611.7945302211276410045842474152874
7392 7612.6822495144439413971052239260294
7393 7613.9491254829842844095513279671489
7394 7614.9110190809556068898889047627058
7395 7615.5897067329485076257935694343302
7396 7616.3614417899066426979211344503540
7397 7617.4906874175294403835123947067849
7398 7618.5062255297192784337274785569659
7399 7619.1092214004570565675240710972197
7400 7619.7494418334203319760295404126972
7401 7620.9839248551117972119605289129624
7402 7621.6935749714345392294883662389102
7403 7622.0174927087662760812217921673241
7404 7623.4232985455932342268997416252663
7405 7624.9873825472893505562127975645289
7406 7625.5944935013909409171250899462206
7407 7626.2652927585229399047442544968316
7408 7627.1272135562639079823667269678051
7409 7627.6909799477689276155019213803443
7410 7628.7420264415977604085309458035389
7411 7629.6427024779128367582137300041787
7412 7630.5699279771949367647348573377112
7413 7631.5067580321823732009190458518532
7414 7632.0090993041181275882255343855508
7415 7633.6518615917443638619459741543211
7416 7634.3123002386340413920111999402464
7417 7634.7717880008124986911104972865246
7418 7636.3871514867383775978087663361401
7419 7636.8229893993953475902299725465253
7420 7637.9403662026561750940166130494490
7421 7638.2370999676037951598588810932246
7422 7639.0392949106880160683895819981893
7423 7639.9347908751706811031243947836446
7424 7641.5056675735571369416012236807661
7425 7642.1668373633964116374788049896910
7426 7643.2951771671790390517038227716576
7427 7644.0357039177456267670934079993864
7428 7644.9278133139103442415617267357285
7429 7645.3315993281798913177265500911724
7430 7646.5609056870845031502981645788799
7431 7647.3998041094497574890547620444045
7432 7648.1978215848234237613362097295077
7433 7649.2103689141039787742703535863014
7434 7649.7879247439553143981339978769706
7435 7650.7781315705104684516907025664248
7436 7651.9180008501302138874142531570166
7437 7653.3566809578659575585340018305523
7438 7653.7028149864448726664502987027844
7439 7654.5806388767385254223814153373084
7440 7655.1214945726143218188535121616927
7441 7656.2619668513591208357819165673258
7442 7656.9564076447974371682823263934173
7443 7657.7179336448217386980277082078306
7444 7658.6522863274946116919823851347810
7445 7660.2644225202622532745774951030402
7446 7660.8748424741680234195279287864163
7447 7661.5786878791517585726746168836337
7448 7662.3318334376682175581249718916965
7449 7663.4561941639189954248024144267129
7450 7664.2030092543918625026659052315818
7451 7665.4440594879391831467455624344239
7452 7665.8018094290173243879241333686371
7453 7666.5028228234708488648913787048451
7454 7667.5493291560731049454314844355338
7455 7668.3656657957439346483449579618676
7456 7669.9360299467292741839888691345573
7457 7670.5810425335432300953291886558494
7458 7671.4471299205336932088740608678837
7459 7672.4506914566034327035790039845154
7460 7673.1035340952981660036244118986738
7461 7673.7406325281009582246269523708531
7462 7674.2415110646899662715711124532504
7463 7676.0614739087542279274429115758936
7464 7676.4045170641569787502020399460633
7465 7677.3063674258224672743475272888450
7466 7678.4896090056538508410893631678655
7467 7679.2838166470546370629556676579316
7468 7680.3697296894702647327825989424192
7469 7681.0496117980722447711852152036224
7470 7681.9454822593582697636582313308430
7471 7683.0181673639561361316796428443733
7472 7683.5939648763625900029501767881118
7473 7684.2056679911357660266864030791334
7474 7685.3055568340811071767209534690975
7475 7685.7829935329228281862176677124723
7476 7687.5132930152292451101743219652294
7477 7688.5916928900718403219127771565708
7478 7689.1566198574961798776070153908933
7479 7689.8580010831208853404927009728145
7480 7690.4296507821931575293892164020987
7481 7691.8021765330435438377480262614366
7482 7692.3427433886962561257864481514739
7483 7693.4794013981618331901153191995261
7484 7693.8970059609797911020897271158333
7485 7695.1122724177485086780572537757661
7486 7696.1363850410824385251191499177780
7487 7696.7794768282996121558705249390290
7488 7697.8984691117421580864247751026188
7489 7699.0710259442310101770550991277789
7490 7700.0360475460392635051081151116770
7491 7700.2167243799546446931087291903616
7492 7701.1579545721980215804066819794990
7493 7702.1947313819375698551742671107999
7494 7702.5892298755841768179861839256684
7495 7703.8310031241767320721246088157525
7496 7705.2131667860409306025149532756058
7497 7705.7032168879858492656498422684223
7498 7706.9621961912796915186898625366938
7499 7707.7367603607773525917176926520225
7500 7708.2209726320616279201301198911498
7501 7709.2426406412866970406732398883194
7502 7710.1238398779362552326357559136241
7503 7711.2236489319664094888492291109156
7504 7711.9289338002274673006017981597685
7505 7712.7793082882580037986831721280154
7506 7712.9086488899215981746041467281805
7507 7714.9049756546829604987154438782897
7508 7715.8068091928331117913406781571103
7509 7716.4931618466118980405739258806251
7510 7717.4306255380004188810884678116308
7511 7718.2094398954099930789525299699115
7512 7718.8718280099211320734517318027679
7513 7719.7534860749964625355114510542663
7514 7720.4121750745414780086651178083297
7515 7721.5539969637179863829967924402696
7516 7722.5572288017051851513380529820427
7517 7723.6182822211261356299902756990508
7518 7724.4409166713564495553793584561429
7519 7725.2428706330789694511325200152078
7520 7725.8810745589642912559973021267689
7521 7727.3650678343977360313653308348384
7522 7728.1545370208275513323177280572774
7523 7728.3453212054813341424487462447457
7524 7729.5084442984575165666181764474952
7525 7730.1567106842471305480938336497328
7526 7731.3263434925957811440650840484176
7527 7731.9046040166074268700256581949421
7528 7733.5511523778344536431482864479518
7529 7734.6372098964455981515856031361170
7530 7734.7990517483709264831507609150911
7531 7735.9201918028787035752946534372909
7532 7736.3989829536288651093458480545770
7533 7737.2815166734036998771107917677768
7534 7738.6834005149503603763604145402950
7535 7739.0760791265636539471222586918893
7536 7740.1135474433249260157890449991610
7537 7740.9321289546553789089617955979313
7538 7742.0938268173924635373784214667955
7539 7742.8617681484611148812052981142657
7540 7744.1687423391437672384267749773641
7541 7744.5391857664417978922090189396919
7542 7745.5641776655517612979199680931620
7543 7746.6179721497645582737961097814715
7544 7747.2627291422512687942474038110525
7545 7747.6038432562565331539633152566445
7546 7748.5608992679733418332842720493682
7547 7749.9503404684162271550324174638833
7548 7751.4179425905605829586030849973330
7549 7751.7322407221880945751505228138561
7550 7752.4120590638856629906347520664005
7551 7753.8125641242163371998761598720325
7552 7754.1658080728568847836646035801695
7553 7755.0427447380495050406718014064060
7554 7756.1405459446994373124576864855544
7555 7756.9616602937829677916577727256460
7556 7757.7486487534776298016286492659633
7557 7758.4419676101635413393152303622144
7558 7759.5929547709518838675046832758743
7559 7760.4701366038809489868537886699466
7560 7761.8520164167263615942688891820184
7561 7762.5166698388380294386554058061396
7562 7763.3655366374854588443195547273735
7563 7763.8879436274481549408228738878234
7564 7764.6295406089171805125436231538263
7565 7765.5805493212054741823730214707924
7566 7766.6480685489233420180469737977227
7567 7767.3473614272408784695460311649312
7568 7768.4170938564764596716205115209845
7569 7769.9133277708650597423858357157575
7570 7770.2612436829840753183587398144238
7571 7770.9838868490911076698677799241867
7572 7771.8019355933838124561614139161888
7573 7773.1521642358173511866943265268877
7574 7774.0188999757712599363947971691357
7575 7774.2962695285779078359231055044491
7576 7775.4487852944728713193358150911041
7577 7775.9776081671725680207668009527620
7578 7776.9553771234534570534332916847552
7579 7778.6196188178025085645409681245310
7580 7779.1477383689118323305802131088552
7581 7780.2941437600898904099772008046123
7582 7780.7916312498691222011010305293565
7583 7781.7037037375535854201093438468894
7584 7782.4481086681241687563045792427990
7585 7783.3331895561286826339574406275821
7586 7783.8698229633245387969376429169143
7587 7785.5432120162063381400290950513219
7588 7785.9721583981282989843181034637767
7589 7786.9108851638805945018745504226479
7590 7787.8475772419570429563056328083987
7591 7788.9420377297455722112331466157609
7592 7789.8464872339229634754823798062742
7593 7790.5847482883931330626305605836273
7594 7791.4981224583698689346900960338969
7595 7792.0570002069618250233637458163269
7596 7793.2084381028918803819413579950078
7597 7793.7311793491887742528201767259230
7598 7794.3306479150220667042696654552462
7599 7796.1679399082598649307583841387508
7600 7796.8827507973985164218786117333451
7601 7797.9399947858911349690135572866857
7602 7798.6428765320399642120723442994450
7603 7799.0273561762243758263719782156690
7604 7800.0488666995616766769510924281043
7605 7801.0859656925954852587636258713667
7606 7802.2781367430124080009771918418760
7607 7802.5630438385983440677649250418701
7608 7803.3416404373091766517034171128614
7609 7804.6625391551357423234944074527074
7610 7805.6512444560758332973441375174923
7611 7806.3655267575449974330109302900413
7612 7807.4539470552535661637128343386959
7613 7808.5216945407267644881763339455705
7614 7809.1480956654989942215567558935112
7615 7809.9493485521996542726043137302797
7616 7810.2464227791078584500925804355353
7617 7811.4252967548658221897588792460012
7618 7812.3928808577599705093231279035479
7619 7813.4807512497112687235165555458067
7620 7814.5560904768497236113842407207525
7621 7815.5869393451731265573874911222173
7622 7815.8558411746660068415481790367142
7623 7817.1526372677423541384329642050243
7624 7817.7966857395827045061515391313379
7625 7818.6601150063173335788559274683579
7626 7819.6356480315885478384748261577789
7627 7820.5863974322313864821123738471061
7628 7821.0538802224064466446609360961652
7629 7822.0940935015393036566479327097210
7630 7822.7190343537190521179279571345600
7631 7824.6454712764262987153060277310266
7632 7825.2731772599657975502388498695799
7633 7825.8277813410219923591157935923352
7634 7826.4711802969408094706572868233686
7635 7827.8064597585186636608369674640814
7636 7828.1251952353196790250227284519857
7637 7828.9938782893691572281078010226200
7638 7830.1285389673952529161057825289182
7639 7830.8775819378715844648955730200361
7640 7832.2744626928669643083016298956734
7641 7832.8244945936680140196148603345181
7642 7833.9207552485905591085197312686873
7643 7834.3830659148653454277859329016027
7644 7835.7332580495449861274845315913385
7645 7836.4635016364424241251934640942971
7646 7837.3969474903250149631304420009629
7647 7838.0641780621468562581351360895262
7648 7838.4825508428133932072240438033418
7649 7839.5683628387611709039474351386633
7650 7840.7823490856858534213093644336729
7651 7841.8280686087770589844773548903754
7652 7842.7737739774026059453161407872939
7653 7843.7410481001036463235739402091066
7654 7844.4574294407489464370662573717588
7655 7845.0803277638653814127488418289465
7656 7845.5761471864567603402041127863358
7657 7847.0000891586361925116757005792718
7658 7847.8359661382217709587939475961872
7659 7848.6470133239471028208052966580631
7660 7849.3229741841311107593210343573512
7661 7850.3815758652286888356625911630580
7662 7851.7493751939020684849835668011409
7663 7852.0555330006441635725258267540021
7664 7853.5368871100301674545468750339684
7665 7854.0992092906028336385552790902070
7666 7854.7052434994146039956427975364938
7667 7855.7302328644113458746150923159767
7668 7856.5897414679016984214087698139963
7669 7857.0074802102419833198771104248398
7670 7857.9982475200076152012042548256296
7671 7859.8638765920346313001513931039982
7672 7860.3608488295820005321988156025643
7673 7861.0742931263127004388257839997870
7674 7861.9683075221753529551385649043557
7675 7862.5768084895094295385373486307130
7676 7863.8864698394696706052072583921899
7677 7864.6884241861204148843219571642899
7678 7865.0475485498863671467324447707646
7679 7866.3272957168972139113125399140801
7680 7867.1423380419734415541080315253062
7681 7867.7013912471083946685582989906441
7682 7869.0540589969615328020857137394452
7683 7870.1005323622016155769855706975382
7684 7871.0262685061681105367373792940894
7685 7871.8915937037223771158530199306771
7686 7872.4210513603087057672774854668647
7687 7873.2589747331549210125103251266043
7688 7873.8574117254215334081895289915432
7689 7874.8942810107005686906158656732549
7690 7876.0812562822275865691853623017181
7691 7876.8113784168462406586083150845888
7692 7877.8339530524521289886791593985819
7693 7878.9106112201614734913818680347400
7694 7879.7743713175849622010068288786645
7695 7880.2479249976165763702343618202900
7696 7881.1725970904757121925575725018990
7697 7882.4404110487563001684352968548613
7698 7883.2191320912404721059495120469588
7699 7883.7392886781917801734970374868458
7700 7884.3861363602358032739047143012251
7701 7885.3100555707706969989823765244025
7702 7886.6978441245132439341648241624097
7703 7887.9026345454083452349763735432738
7704 7888.5825083846107212139383731629783
7705 7889.2477598529462949012862927579580
7706 7890.1998851711512192879514264799222
7707 7890.8291092535148441005683017307022
7708 7891.7384851470382941940929743336945
7709 7892.4715812688031686057340771492673
7710 7893.7537757481362404026985325678461
7711 7894.1462242404955822615397247277998
7712 7895.7527017370366918917872673243279
7713 7896.2841467961555479827329359638865
7714 7896.8107062112806319832179396323710
7715 7898.4439755258271867078856190358331
7716 7899.1893876864442694304713259934092
7717 7899.7377841339930883768269850601312
7718 7900.6997434972096426255165265323980
7719 7901.2037247720670058038667356289227
7720 7902.4319404282910984754214349174618
7721 7902.8458823476398714611304062342731
7722 7904.0000113505135455944191596435749
7723 7905.4953597921994613556663197927590
7724 7906.3070576530936162610309589343047
7725 7907.0332796193416119631567601265610
7726 7907.4620230267514222034004108231581
7727 7908.7540893249211593538162715644404
7728 7909.0710811084751238526751804012031
7729 7910.4963456424768007683767851539284
7730 7911.2904747502888172849642094780146
7731 7911.9746540150737180743021712222985
7732 7912.5218947576001261749742352249763
7733 7913.9589001630547183182525385198845
7734 7914.8982286552818668678794792746913
7735 7916.1390836186427438470455696135273
7736 7916.2496203628151468677134028385478
7737 7917.8469842189108239461061097211758
7738 7918.2062997664205096031522068045761
7739 7919.0095034136453783704575855135594
7740 7919.7020772529009156433376546663643
7741 7920.3949178450364541496811765845123
7742 7922.0530345765231263934444862932677
7743 7922.7233124212708498725000377506478
7744 7923.7101413805453260565572816904202
7745 7924.5820472171016886941880135594949
7746 7925.3913387953370654144548385521513
7747 7926.0447502715751991161698815305814
7748 7927.2278597491405431471182390131498
7749 7928.0077646295374586978171316815837
7750 7928.6842347511082851599946895096331
7751 7929.5402291470851902671113625077398
7752 7930.6049412552692770096542590783128
7753 7930.9480768260184710183600006240247
7754 7932.4716661741708354727576373732012
7755 7933.6456432242376106171446642022768
7756 7934.4954153092096786096406585286229
7757 7935.2146484029312881445824788746392
7758 7935.5707185618640980314220458885483
7759 7936.4422370332735804182090302486181
7760 7937.7451805888480002663039023332181
7761 7938.3155740795565478299102355750235
7762 7939.0866393861335341570076230758068
7763 7940.3540128792862532274165142244117
7764 7941.2656837502459813100684373833124
7765 7942.3176047889174890835075778985790
7766 7942.7450979035321392136086717709333
7767 7943.7855159880112479451235073049030
7768 7944.9595191265821148102960613500356
7769 7945.7406937863769796092585489895750
7770 7946.2207881932276225964227220456240
7771 7947.2897711658532844569961877878552
7772 7947.7296002734402788892975579421437
7773 7948.6342115732436631583018279959910
7774 7950.2654705397343258924999595828011
7775 7951.3140306497342442298434221258475
7776 7951.5848517063287201733726850709903
7777 7952.7944892722357592902855054812190
7778 7953.5946569712656337490954678690747
7779 7954.3089972634783977356677987369553
7780 7954.7476085855480291605631626075788
7781 7956.1522671057159851548307176816026
7782 7956.9895782490392663657899610350677
7783 7957.9479457832149723509343007860251
7784 7958.3174559212226413405029683045796
7785 7959.6887504375589630744590073624897
7786 7960.6613793078180415101026672824559
7787 7961.6495968763885662200204786872238
7788 7962.5625470589598741453445042529708
7789 7962.9565077899856756727822071820308
7790 7964.2036007103873424685600541164450
7791 7964.6840898625211973585372485069981
7792 7965.3156788429916502311878361803676
7793 7966.5688498240081917505012831906529
7794 7967.2661075385394849957645036788176
7795 7968.9098865187235757290181919402157
7796 7969.6294403505587393697583076642609
7797 7970.2205481108033478931449160011767
7798 7970.8479282485766466503319790025802
7799 7971.8213308309474314102533381469066
7800 7972.9953318918693463414614167562314
7801 7973.8048690562491734345036834255273
7802 7974.4581297570648334348599584228019
7803 7975.0178538710078032033657770880766
7804 7976.2077921481874163620409427416286
7805 7977.2911944437479923117513556353620
7806 7977.9753229289366777522254957751923
7807 7979.4198301459431017570043398541770
7808 7980.2441536210425554213363998122062
7809 7980.5921566356689500084158490440476
7810 7981.6771589576073822289164801010355
7811 7982.3292290780839156412656801007925
7812 7982.8567264830999194234627820873737
7813 7984.1947876258311264853512565450205
7814 7985.0784614892607681067055756395404
7815 7986.1162715686222820802057874814238
7816 7986.9899212798013731117558356896523
7817 7987.7768416719023167941628290665231
7818 7988.8268844429170228773982780696555
7819 7989.5271825335957599966611920337627
7820 7990.4647300544096197204410324842497
7821 7991.1546151880941881827810230763011
7822 7992.4496018684364493721683052509629
7823 7992.7754487902855043862769836222575
7824 7993.5355200957772219495415894190795
7825 7994.2682768319759956019549665475377
7826 7996.3258735504796741195375016551633
7827 7996.7029380355456493814106938737590
7828 7997.5625969590643297746782216535441
7829 7998.5036217001332026196520668700300
7830 7998.9605159150911934492752089787685
7831 8000.0867675515677028513676423110477
7832 8000.6542895311231545651273348209512
7833 8001.8274141464933679787595878914761
7834 8002.5042267957728449607989386043967
7835 8003.5440207320948896066198542104461
7836 8004.4869003522859436213232319375008
7837 8005.5587415559649875140265825881778
7838 8006.0894526616747856138222784411518
7839 8007.1663161130075890132730504618591
7840 8008.4866862986872565887294408558099
7841 8009.0242783127701740649350120393294
7842 8009.3839364091581895198638672685956
7843 8010.2122363196788859170383225183933
7844 8011.4693808588996327477716208837621
7845 8011.9293911305536757182397668201781
7846 8013.4420220890370733208190040455629
7847 8014.2767747162469147291017835822317
7848 8015.3718859373621637206994625924563
7849 8016.2017314903096214585947054551709
7850 8016.4911998741040278262491632074888
7851 8017.3614654672496487042507753127102
7852 8018.6378266066204582820281312668666
7853 8019.3566390658283808568265336238774
7854 8020.3196896669860074975325864488922
7855 8020.8374597410093459129179342894913
7856 8021.8954816374985042343487460746607
7857 8022.7174897093977344516723568241680
7858 8024.4035824671224424047376269987483
7859 8024.6709824589768173630929555757308
7860 8025.7524529022894677156245217333207
7861 8026.3918541030081635012918449156469
7862 8027.3058741595392374934616479252360
7863 8028.1240259785915433073833267529239
7864 8028.7464013133291964028312906815529
7865 8029.4078223261082696094288408973136
7866 8031.0580097868977721473781955952252
7867 8031.9513221738090054679542856402946
7868 8032.7933837906728006976154042078983
7869 8033.2691919575563934543581493455155
7870 8034.3862408706540886122357598074611
7871 8035.3932423167075171720228033567510
7872 8035.9995109701877845001037816178878
7873 8037.0344898918216339767095905507696
7874 8037.8034687868985991922409761514606
7875 8038.4284669313084879478269917083916
7876 8039.3109518947760034022218531097993
7877 8040.3637741737448799795815557781980
7878 8041.4850920787323260457418318787277
7879 8042.7526075536488016006381673585963
7880 8043.2282119679307474540981033847683
7881 8044.2220793236455389869668391605936
7882 8044.7020364410955419024290510248016
7883 8045.4121984834273856381672693701542
7884 8046.3491007623535179146588990854715
7885 8047.8585867606281355747756387662983
7886 8048.0925323511436522609929997725676
7887 8048.9390186715500351895882476850502
7888 8050.7078554258533405182621268210719
7889 8050.9285537181424585641565330544809
7890 8051.8267009709989123249648006928638
7891 8052.8547357338843783157762932222528
7892 8053.8506836919207793322395735189923
7893 8054.6320754931651313425159013429371
7894 8055.3875364441956158969967303895584
7895 8056.0435454015027314108168659726699
7896 8056.6285660903352798733498559825072
7897 8057.8498540947920860566602965806298
7898 8059.1639104707312566317683109725431
7899 8060.4105739578903412399117013445245
7900 8060.6567508435217679385487895515518
7901 8061.4328786449809357241251647255897
7902 8062.5915307391729648134549735945689
7903 8063.1050088484293232140239854399660
7904 8064.2055152080215460354799107752548
7905 8064.7583715163041142748960847359109
7906 8065.9606115594534031653593924698121
7907 8066.8521814487517433345908560388897
7908 8067.4999791876963029314954504305975
7909 8068.4809971844776660486473823498559
7910 8069.6204735255975697358576368836383
7911 8070.8957151036436133910162131367325
7912 8071.2238120482077297384533956349240
7913 8072.0062611554530194923260135853600
7914 8072.8916609551890313132239216192361
7915 8073.6616381986798930008033303948943
7916 8074.4767817963160905723749009149800
7917 8075.2124795342717712170196838448307
7918 8076.6046464428324587850133187768208
7919 8077.6931390542151310854064910037504
7920 8078.3312909523940393257338469686490
7921 8079.3452227886198617837386470741387
7922 8080.0395116954999726812083394594641
7923 8080.3716236699922766472553012804777
7924 8082.0958483689999016923409296033784
7925 8082.7273573340700388777240095009721
7926 8083.1881212622853699715983980900042
7927 8084.3538988157975971087284708112923
7928 8084.6278103739441824037793897168789
7929 8086.3893671840236776443014367457079
7930 8087.2013329696610355329305222117763
7931 8087.9892159229481714079235049080582
7932 8089.0002773315363778360274108531446
7933 8090.0117024351486235041631043406857
7934 8090.3020751832769617221467406104969
7935 8091.0130474759371225805653295455506
7936 8092.0131860191904363651440080333619
7937 8093.0568216008340721278947272760250
7938 8093.9607968489739323629840895928161
7939 8095.2264297529149924123278976235147
7940 8095.6446497806246867465646587716368
7941 8096.8812094505848371371547574488818
7942 8097.4228045337474507273388993675675
7943 8098.6014516584086184680846342647499
7944 8099.4837130199824501120029820493974
7945 8100.0339548981799826796221984175831
7946 8100.8933173206932823466616989512369
7947 8101.8474798833542138839242151402649
7948 8102.6528919174355382301600247581228
7949 8103.0812473853760494240779494114554
7950 8104.9595806459415069270459743967013
7951 8106.0010825991207948842258915393736
7952 8106.4724785471094577594963252087095
7953 8106.9810072728830907670620759511573
7954 8107.9900306256795235000383688749438
7955 8108.8586149870580858424989115207331
7956 8109.6902189719115367243443658909076
7957 8110.6376840294075070051121965165718
7958 8111.4474799810978135458129375958198
7959 8112.2647534951587918117246875172362
7960 8113.5526431280108528770731118637367
7961 8114.1670198422721599551801437417302
7962 8115.1073584828177130297288176807479
7963 8116.2512669644322606045414038875046
7964 8116.8644246332981531986126457178526
7965 8118.0047378711541215470124000683317
7966 8118.4373796531948583387403673066926
7967 8119.2871394501226083905838732774324
7968 8119.6488620985511676800067802678771
7969 8121.2267516682849660919615736599161
7970 8122.3614234454557692052471704826379
7971 8123.0106699846428261187411421180834
7972 8124.1842786783525777761939110448665
7973 8124.8435874255508508580007473235749
7974 8125.5016269374601303600094543241247
7975 8126.5295284361443867122046075676460
7976 8126.9645510022750427780919133351967
7977 8128.5922087800404646485073998487245
7978 8129.0976325700994892504406162481783
7979 8129.5019915369290239818519387609610
7980 8130.7177357544378128128592393202845
7981 8131.7147244917440968039914024192348
7982 8132.8547676829309317380284307068188
7983 8133.9528046592174805374152966016184
7984 8134.4571409911208483051437317361560
7985 8135.2531517063497942828266267473580
7986 8135.9259885060417817010525734409878
7987 8136.9585783821180439821471958844541
7988 8137.6099424360524203986313102043525
7989 8138.4374292713913699268401735541804
7990 8139.5665380523556627066286914642344
7991 8140.9507405911259370191265853567290
7992 8141.5957500100608135125590368975142
7993 8142.2760019370519211536070692611417
7994 8142.8104966437433653416836660228477
7995 8144.3585635396702561494249325978562
7996 8144.9262960783309285365001943996039
7997 8145.9273844077234265402961179284665
7998 8146.2512838101042822643461721611783
7999 8147.3755586639714667915013523744267
