2000 2515.2864829247128800381898865204771
2001 2516.5710491428874859943703699659055
2002 2517.1469318804153568633371196581543
2003 2518.5528520406908210023841224560394
2004 2519.6342526402718933341719439746495
2005 2520.4023235180361639738809414016821
2006 2521.8851756461510053632397199678733
2007 2523.2634801558721461429663060056238
2008 2523.9670558191905294796750314203168
2009 2524.6420457956945214793487331945249
2010 2525.6879933248006832570126605878611
2011 2526.8688100585929982439176757767228
2012 2527.4187911606289525623716155877187
2013 2529.3780434632751196194419808387250
2014 2530.2736722742684112776034788146696
2015 2531.5439612200648374107303828360525
2016 2531.9693840815619685472165351024266
2017 2533.0673170990474439328749172489453
2018 2534.4086140983942025831340356943253
2019 2535.5058860739660320718146504478201
2020 2536.0918849208389807994825750410599
2021 2536.8674852225612544380735232018684
2022 2538.5598269362611533987734948198483
2023 2539.9984071185911664688331799439991
2024 2540.5316619367422286022204480656163
2025 2541.9987291536710395366717747222099
2026 2542.6876505148688670824218574147434
2027 2543.3439550886066501344594356133606
2028 2544.2909536566156061108922957450608
2029 2545.8780177303331596624350295431510
2030 2546.7611412833587735612760639672186
2031 2548.1816153941085574590312621209317
2032 2548.8959875750465670079060853243485
2033 2549.9964844915225203901572404406486
2034 2551.4111419928850378967695229952605
2035 2551.8804459595990608799858127297247
2036 2553.2756779955246926386732130020459
2037 2553.7230692012091802487959699595618
2038 2555.0508752913592491689822978948106
2039 2555.8323507473034030837521922902166
2040 2558.0091059428717891643418124608528
2041 2558.7522113684713673383134447597522
2042 2559.2342965973339724697143916996605
2043 2560.2632895143887206207428968378359
2044 2561.4056357475733154787141290603628
2045 2562.4261133381432320510320711087821
2046 2563.5017189039929887244940111372924
2047 2564.3321078543334903977497672269203
2048 2565.9752704782838442040120469713349
2049 2566.5575578970850224895495982200389
2050 2567.9585997253288294082931017282070
2051 2569.0430901733527799358000626533116
2052 2569.9481115969045798604698342541085
2053 2570.9585256619192218606239908129632
2054 2571.5407741477687175043715791185263
2055 2572.3682081862074137752164241424086
2056 2574.2071639500228604071758953033907
2057 2575.4045119969036225481274436967826
2058 2576.1410111840261545108292041949725
2059 2577.5198355326023446933702712868492
2060 2578.0701299250055550470257000437272
2061 2578.9712983358959424748078950456232
2062 2580.3461115652007065896914342747284
2063 2581.3981405818927066324543738907419
2064 2582.1387339313018899826437628332505
2065 2583.0032945350998382040133437578539
2066 2584.7584024416785416036732295570758
2067 2585.7727394040114992566634020124523
2068 2586.9251789571822279892856768533936
2069 2587.5910009241911650020411951831479
2070 2588.3682104238804494329820294884544
2071 2589.5792645544340068552794243417288
2072 2590.3716929259515223667623259987551
2073 2591.5493784479847915028916960519173
2074 2593.2758768066044253844215101990722
2075 2594.0236183346866825690517009579277
2076 2594.9050115524799014467762818665377
2077 2595.6875301388596039299442519749941
2078 2597.5461414884595649302713602519723
2079 2597.9793534184231159010032630808929
2080 2598.5987683196334659841323052116203
2081 2600.1213550618819310929265359762124
2082 2600.6419523192199788776129323007981
2083 2602.4123005580551300951442962956992
2084 2603.6287811184532529763961451994256
2085 2604.5735648237186641799654919224677
2086 2605.3680759155592313507570491362106
2087 2606.2436645475189413773946679881853
2088 2607.0036391142390096735567965781132
2089 2608.3648996490355127724071769786301
2090 2609.5520867406773850632833512797588
2091 2610.4445209389155160225924113037056
2092 2611.5436703814229395794399077625625
2093 2612.9568070366940443834905272226265
2094 2613.7319294383050328236388741535163
2095 2614.7371361654008408078837028249489
2096 2615.8477072682495141838783873593527
2097 2616.9021182439537973435509200154214
2098 2617.3350469349011142696787105467405
2099 2618.2929154780222859420701119150582
2100 2620.2793936944246187915682950250834
2101 2621.4290552132292408630295673367135
2102 2622.0486967984213547663414718766354
2103 2622.9945079763020312698661313209815
2104 2624.0506038545594310858739688825144
2105 2624.9095017771696395093461487960923
2106 2626.4605022299443398818300898503147
2107 2626.7104713958063989519262115498769
2108 2628.0980265238711912566571724782259
2109 2629.6041395108485877891082864565706
2110 2629.9948007642199848189116195318155
2111 2632.0431166371127289520438558373902
2112 2632.4436589491453549165747450158999
2113 2633.6763999397811277921468169804854
2114 2633.9665434341212628900811074242647
2115 2635.2173316171798527180820835295405
2116 2636.4325859950818616969807801662870
2117 2637.5106833584626054180610229399525
2118 2639.0625730453895589152269254396234
2119 2640.0542458840272575878589841583094
2120 2640.4629428289513234658324734682170
2121 2641.8017447841085487969397359238279
2122 2642.7557590630438974438064849719901
2123 2643.9709009583452261998994706848565
2124 2644.8878671434915818557774140660614
2125 2645.3955672785729292251698630664882
2126 2646.6899401727243194735420259026813
2127 2648.5774292837638848708493049183908
2128 2649.3256535517987721171145584809465
2129 2650.0585444583823261085127753078088
2130 2651.2273313321213262039323422388743
2131 2652.1607752415399560536190642942296
2132 2652.7706428269596885851872973772523
2133 2653.8970697456404382718800583820920
2134 2655.6157723259618413841595868247080
2135 2656.2389984980172564620882701344542
2136 2657.5377607583005542291574173047621
2137 2658.3415576297569675275471212506775
2138 2659.6583160208596165867601286635905
2139 2660.6102458029531145715200133478188
2140 2661.5825737582138806908558881472637
2141 2662.1835734356276154948076803168137
2142 2663.3939456223396276440896258552392
2143 2664.2354890832440593903796397186937
2144 2666.0301014794539686486045979844043
2145 2666.9828490705462359318567126452183
2146 2668.2918590372089101335321123199914
2147 2668.6636514012928185379048483238215
2148 2669.2537448881800145103496888957019
2149 2670.9989985821652122878224600989574
2150 2671.9183826689109665659549320897361
2151 2672.6037795881466920668062939739521
2152 2673.8746187111046557755566367868236
2153 2675.2717591296365257486396595923666
2154 2676.0664902301004496045833989864622
2155 2677.2461938931995075806937383375637
2156 2678.5381565216317286649645040392030
2157 2679.0252815962844733715398929592949
2158 2680.0390215482384609899963143087894
2159 2680.8431171329236157196229033133343
2160 2681.8410514560827191932313304955807
2161 2683.8822755514699001954591354172195
2162 2684.5291569044976494122050562210696
2163 2685.3771134266322440660844720341797
2164 2686.4961601511604467485793653228682
2165 2687.4899398080266326664625481007050
2166 2688.3850815955541012589625251293500
2167 2689.4232759811381277220350641185828
2168 2690.6331868560252746128336410485249
2169 2691.3183828399971137687087750055394
2170 2692.3687189585099141948500135080402
2171 2694.1028206134419683787217227896934
2172 2695.2089579689712785386371482843216
2173 2695.7500492401048308775522502999277
2174 2696.6953725816114622252681894937027
2175 2697.8575582167593047302247882644389
2176 2698.2909613213957824951012700274910
2177 2699.9420275000863588546659955035195
2178 2700.7312070110703325106043357096387
2179 2702.4335448477373327167364476018858
2180 2703.1436575111889484365494055667564
2181 2703.9817142447724489083368368230642
2182 2704.9557375513342586411477680589019
2183 2706.5282473267566691282599118727098
2184 2707.0907646463888799707601307971805
2185 2708.1170692292729684883411546301471
2186 2708.4765249606832979790380804755696
2187 2710.3683598236061672935684079884182
2188 2711.4582278641149978374251516566384
2189 2712.7866873347563952778660025431741
2190 2713.5252893033479073091458396254189
2191 2714.3679066885186188503284296936571
2192 2715.3398716314090580993136483849463
2193 2716.0250490495344979974151399416218
2194 2717.6657748710526405471133270403239
2195 2718.3086524743524830380135089625208
2196 2719.7709989781298820085705111997955
2197 2720.4934749001527737435951315424181
2198 2721.7987756166479915817674864315797
2199 2723.0860827444758434917464900520820
2200 2723.7689288498226943721510230899925
2201 2724.5239244370697034327168271118189
2202 2725.8829892034820008239349907848132
2203 2726.4797010339632307934273788636637
2204 2727.2744594319015578032731142973288
2205 2729.3950416685949121178591958124535
2206 2730.4928918071721827287878561052475
2207 2730.7977020801867465678692485781638
2208 2732.0040499135952467987426058198821
2209 2732.8301235574821046236567479519463
2210 2734.2007829678224276266223016142274
2211 2734.9388560842088013156305449819373
2212 2736.0004791070398975694159777934582
2213 2736.9220484400005858215768983825280
2214 2738.2664441637650322896145313039865
2215 2739.5135472962015489520113757926532
2216 2740.3111094212313814160131200424675
2217 2741.8788524205577228567379707545310
2218 2742.2541078782480246914413218237447
2219 2742.9930681599273902456265926003341
2220 2743.9534698100878244985574522020644
2221 2745.3218318981929039454074334724955
2222 2746.7147989523984068708467866519585
2223 2747.5140979981841177391174522237289
2224 2748.9161910664364358148426538948612
2225 2749.6436497886532362875819081355486
2226 2750.3140834103598245357910767615715
2227 2751.8236714585273821044954107972742
2228 2752.7155024938832610358375328507878
2229 2753.4877964173961507889294180168860
2230 2754.4586630827183980760788766700648
2231 2755.4168761914859668555599033441768
2232 2757.3018682143007918916957566870586
2233 2758.2781033283390022464502003786266
2234 2758.8586709686850043579211103863751
2235 2759.8986139196583891577647048479594
2236 2760.6571515401117061486797613330653
2237 2762.0828801425752999985826026066461
2238 2762.4445804676944631486213564105674
2239 2764.0418462520890830518795579661029
2240 2765.4076911464829257707006123348248
2241 2766.1570355899190619838236006934724
2242 2766.8872697473680071239428902698188
2243 2768.6645238881391080866822739569244
2244 2769.1446987960999902281226225709859
2245 2770.2790936433431921318307923337974
2246 2771.0173921426847731974735493587688
2247 2771.8962936617277210942407433370820
2248 2773.0297134242948446013197687059899
2249 2774.6700107318326313335891867584554
2250 2775.7257073424103279132881534439542
2251 2776.6191603079263561894700698927551
2252 2777.5121252025761345750079867967334
2253 2778.2896952997727756510207485334544
2254 2779.1275391340507686593833646115617
2255 2780.7711183790715386007069034281241
2256 2781.6560702275714407775250860951302
2257 2781.9892396546479039624051524335590
2258 2783.9436652868591109184623106093693
2259 2784.7052838761218401636563217233962
2260 2786.0433357386227577196526131638216
2261 2786.7025663513687739881355236445415
2262 2787.9320212585237748390557780973547
2263 2788.7962780145110743389475026891353
2264 2789.1975611210509125560811833759208
2265 2790.4930807910352260400021380608432
2266 2792.1133785570228422258991398306729
2267 2793.3014692408717243366265654501791
2268 2794.2380933352754676967732529897466
2269 2794.6538246653281984200899742266815
2270 2796.0347616036578051987025755283255
2271 2797.1745393518977594215132245151823
2272 2797.9729012296284214607092868267211
2273 2798.7981401770454772054743813554832
2274 2800.0674448184014927825586454966884
2275 2800.9376031162349310129596322556803
2276 2802.2248015363316630113480170801523
2277 2803.8649551383445069090387395388616
2278 2804.4189356762511522089848087383221
2279 2805.2053003630644471733351329698886
2280 2806.0027324166408888377139607404785
2281 2807.1323183711893802786062023425099
2282 2808.1535011979976336100668139988562
2283 2809.2916522451928374697882811661636
2284 2810.7246340825184640866019383583554
2285 2811.4609922260528097245340105654313
2286 2812.8619975880221486098889514822117
2287 2813.2014880283009359787911596616616
2288 2814.6567579805951647725937966888997
2289 2815.8386539927476674452628320990278
2290 2816.3379548153251567302374214431982
2291 2817.4589073174193261696112474297845
2292 2817.9494621609669472152195784714754
2293 2820.4888420219165849741064652720928
2294 2820.6608410537811599551411191973339
2295 2821.8919300748709712732336389740892
2296 2822.9230262170232148575036632316122
2297 2823.8669920566079839676872114724802
2298 2824.2818841220396279475187273772641
2299 2825.8726566897507579968778393142181
2300 2826.7121703749227460295832147645145
2301 2828.0299739462509950711133004968299
2302 2828.8515265905225879866377034448340
2303 2830.0875452900161222241918266638239
2304 2831.1284254371872585003885437666199
2305 2832.4165508579438407522927601388312
2306 2833.1380358516709062069159633763425
2307 2833.6587172333081782445166452950380
2308 2834.9802484625140471304111985915085
2309 2835.7758477445306047616269393202745
2310 2837.0144720812931227525709696075161
2311 2838.8128815292716510303108251773647
2312 2839.4857533950126314671878393285669
2313 2840.2857549106915328133513471736270
2314 2840.9206729731039761314072504547754
2315 2842.3326410811007013831686662818951
2316 2843.4698378845647509830436418194946
2317 2844.1989869632612271352035819792178
2318 2845.0254336104801556369182625969057
2319 2846.3907762127268900033519864010994
2320 2847.5359355297307519674923754785167
2321 2848.7703085554073542077271055290916
2322 2849.7970866472096517122014584059036
2323 2850.4718881974353470284997823797951
2324 2851.6789380362543490937251031023612
2325 2852.3037265683697689347811039611182
2326 2852.9262147646948692543455497460151
2327 2854.8323942319313162291392332814059
2328 2855.8537211929001113580193696028539
2329 2856.8161335439133212048673763661011
2330 2857.7361398078220567668298467583819
2331 2858.8578603562514783710034989154305
2332 2859.8387489541843615820062952914389
2333 2860.5774364976122659412708035684497
2334 2862.1202082343964053830499577706345
2335 2862.5069662777626793179564249060376
2336 2863.3635895521911539722113292043994
2337 2864.9114267588514456131322137967878
2338 2866.4932097559297534723655402547637
2339 2867.1493560940878682155072183710574
2340 2868.2241636630904385209843453274215
2341 2868.6576291942183644342573734877017
2342 2869.8434565748636531691614127086871
2343 2870.9095063753809207016887670514067
2344 2872.0235111135481923037897497833235
2345 2872.8585551834381968623838823465907
2346 2874.5691540728458646902319405053470
2347 2875.2821191663665577318760557974013
2348 2875.8899143403864357264393219662392
2349 2877.5466491537962062890665078145869
2350 2878.5270026241799266939396748485367
2351 2879.1199075469789221055310390996275
2352 2879.8689739369073390288765541866383
2353 2880.9789947383860068888540050726639
2354 2882.1536463906369107948713268450007
2355 2884.0136575528397666723798369722042
2356 2884.3467577901429434049644698523520
2357 2885.7730554027221303292961994794078
2358 2886.3088746397725798594632396800393
2359 2887.2248855070607852035312366780339
2360 2888.3943824561721314817125484800206
2361 2889.4041680475780172663353734561050
2362 2890.6426263615532955471180260715541
2363 2891.2800782154551064942901943021116
2364 2892.4626240166392480943476041672871
2365 2894.1744487368212232586108644252774
2366 2894.7465503562250122013640724928714
2367 2895.6411038619713774059324839395733
2368 2896.8254051682475473584614946147868
2369 2897.4283005669697274558127792577548
2370 2898.5413531799079420869462699352064
2371 2899.1777798365483610958882284993881
2372 2901.2638503619971785048574005888166
2373 2902.0651024812501277963206855250220
2374 2902.8557855285082641955013187718252
2375 2903.9578790430370185919995479528579
2376 2904.5981960219877241237573056266763
2377 2906.1764175966285392898122133034040
2378 2906.9233393429851944835794777598059
2379 2907.6057369112108321349105154332553
2380 2908.6580455197427806685481109407291
2381 2910.0282334350463796657892359644334
2382 2911.1429036645800156706495662623425
2383 2912.3459047260559164726182627688360
2384 2913.5227858666860840324769549645501
2385 2914.0446110721027396479466059111840
2386 2914.8027022238636097200068880391569
2387 2915.6859753274551776890794091792561
2388 2917.2741734414875553516941544192849
2389 2917.9824167019125201638589103947485
2390 2919.3217723265272781345870173631902
2391 2920.6155559921413252669874572023910
2392 2921.0831989372598285757282649757145
2393 2922.3960845573950774419440085556635
2394 2923.3909323573766062449342925078307
2395 2924.3334349939526540486561516814986
2396 2925.2615091193133125519422783986380
2397 2926.2954362262257591231237163907430
2398 2926.6240146864658969883214074829073
2399 2928.7610738469982614719742711633490
2400 2930.0043663719791975893480269328587
2401 2930.7111686973895715062340831105776
2402 2931.0691011098147320854613952035704
2403 2932.8064144158327690050106282542094
2404 2933.1748571620082900843118315713567
2405 2934.2907178357878459319935982287698
2406 2935.5524637057479913258990431852282
2407 2936.5503748486018202414964307094875
2408 2937.7089589815682378737297919311221
2409 2938.5812203505784551509058116905162
2410 2939.8475291625939912355239357439894
2411 2941.2616015346871173685381775311119
2412 2941.4252177563422470311145240769966
2413 2942.7248858651474886948713230111406
2414 2943.3536849601783754853544733848724
2415 2944.3216487944834333374634520372124
2416 2945.9444992858870259940723383424542
2417 2946.9223948961883507509004543111346
2418 2948.3742618646905375048687525771458
2419 2948.8675772093948867422923404527471
2420 2949.7901430257859090721045022847315
2421 2950.5211083524183850634204011977944
2422 2952.2838296389475456792784934938323
2423 2952.8271765835119010308700727169552
2424 2953.5890309937588081201068335347771
2425 2954.7112752909335627278103473456278
2426 2956.2587304241571200028254422428885
2427 2957.2362592468425622017366627046254
2428 2958.2907762541970027207812272818424
2429 2959.2210142346871518654275391576631
2430 2960.0336178120083743023628615961399
2431 2960.8148392662202287306300808719074
2432 2961.8259705753485914661130664664884
2433 2962.8196363352814238161592425070409
2434 2964.6339214948085627580660990953288
2435 2965.3983415842909168532504424872769
2436 2966.0652697456481014032370480446398
2437 2967.2701904264961984103969508072440
2438 2968.4053489954075447128777652647798
2439 2969.4011366556988096741319909931222
2440 2970.0499301109136336462376398623616
2441 2971.1222381249344877540824244476146
2442 2972.3088841090687547528613733649094
2443 2972.8116863913576924926608895414705
2444 2975.0180204127808961229934192439514
2445 2975.6199571661534402910908071128143
2446 2976.5262321370942525405343514108265
2447 2977.5535749134702525560403984847988
2448 2977.9819785126002027591779604845810
2449 2979.3190422120114490107517168505918
2450 2980.4873810065593623054346711866643
2451 2981.3439474818102916319475510955252
2452 2982.5237198959246380616335441482196
2453 2983.8253332665194041562297448751692
2454 2984.6391778044465689732511842973808
2455 2985.5476662354210721507175647590319
2456 2986.8053933832978348517606198626917
2457 2987.8561515024321374548863509482594
2458 2988.6346996669388083408878834607062
2459 2988.8550463674452025407883293977537
2460 2990.4232705736986024053768002258302
2461 2992.1636686750632201751367005197788
2462 2992.8688663783010138292029658253881
2463 2993.9743530928480103757633817639842
2464 2994.8655070467539482416517842377360
2465 2995.5402669155019542672192937630671
2466 2996.7365060162217635970773274668658
2467 2997.6472031144427947778929650141127
2468 2998.9593010980289317307278580451194
2469 2999.4944929945945829694430414988413
2470 3001.0233311628795690931230001173573
2471 3001.7073324560210181837552909754488
2472 3003.4770428527105948467128240929717
2473 3004.2909759173105780152474786440766
2474 3004.6623084082491430931904729590208
2475 3005.7729292845080106375435461928379
2476 3006.9907383646334018428911200460551
2477 3007.4686992164708505561170864807744
2478 3008.8821208723930421593380816834641
2479 3010.5149621292442774434094221243200
2480 3011.3443801805122308998493024022856
2481 3012.0746947858668239608607346775881
2482 3012.7884505486783453438339860748803
2483 3014.4590822066819161915104049081883
2484 3014.9116665027293051894343677346385
2485 3016.3483941699779618695687018297433
2486 3016.7000608126291970020459649092707
2487 3017.7834401915930688221715496803037
2488 3019.4617757803659500752222214517832
2489 3020.4876338969390952445520273925156
2490 3021.4204006925112929581617936122805
2491 3022.4474837931259124778661886004730
2492 3023.3385090679409108248460090176511
2493 3023.9309960739022662316717269712276
2494 3024.7939638712177607106373845548291
2495 3026.5108269078454340713266670817365
2496 3027.2995228073414722303905601212291
2497 3028.4015225286306820945231760323894
2498 3029.4993883696812406459925535650171
2499 3030.5945296509820704399191484828983
2500 3031.2892174680612849175396269657414
2501 3032.7560293602245029419941603600863
2502 3033.2181239729536215174532033817047
2503 3034.3609071923268935158485148952520
2504 3035.0741039475379758143945524815672
2505 3036.1331132382080233156755998310650
2506 3037.9803835904685157418194218350133
2507 3039.0336510442101995369029741753609
2508 3039.5216015715721040943876600745416
2509 3040.5004275646598961731986853891523
2510 3041.2568035495000782382839398127060
2511 3042.6530498541317179507396048509319
2512 3043.6705416217702012136878743257249
2513 3044.0551279819143961992338862896273
2514 3046.0500302248761081932615415499394
2515 3046.4545042192884403775282052848108
2516 3047.7088176408898687822366388191403
2517 3048.9226324904049118691067955396083
2518 3050.0196767572121701452604617657231
2519 3050.8012333157209136935041498088371
2520 3051.3423833414805003862886186596566
2521 3052.4768485242612273643551975238347
2522 3053.3482659369521231846650254044188
2523 3054.9865208665365878911625324555300
2524 3056.2429233097306011598167707127152
2525 3056.7651381129650005875451648888285
2526 3058.0137030097017941463364227407739
2527 3058.9014946931643117684163172413928
2528 3059.4378617581127860448909221425361
2529 3061.0627001175907560486002922032759
2530 3061.8375844452676095507642433433288
2531 3062.7268731646401496746631458781996
2532 3063.4350864850186490254140633942712
2533 3065.2865555852972055490577386545028
2534 3066.3202504040962875939601675723395
2535 3067.0713202411761166472773780043234
2536 3068.0135013417953353072449260033993
2537 3068.9842661855262008902415517560666
2538 3069.7829047797674853282511804154088
2539 3070.5426215498081854437888468358283
2540 3072.0009933779156759169438760823443
2541 3073.1852377799429486729217529632049
2542 3074.5234942852102681131994732671559
2543 3075.0338728774107068428247972596801
2544 3075.8334792424640549141391591623048
2545 3077.4274733068123142108827486144732
2546 3078.2862269179692590122360214016787
2547 3078.8973791471350082286395672300218
2548 3079.8713946428137216313060954936745
2549 3080.8563823419725474980898848443851
2550 3082.1631637590717059389554025458016
2551 3083.3613579904316739453063945418736
2552 3084.8384515042933155944385206631717
2553 3085.3772689936342131001641921599994
2554 3085.9655222593106216772895194240993
2555 3087.0188153586453561673816895176860
2556 3088.0834370420393777906933800014056
2557 3089.2223089445178062961205622896705
2558 3090.2821949029348283734645925032461
2559 3091.1544696984933848140216356057795
2560 3092.6876670400269270966687580907924
2561 3093.1854457175239475398472998384885
2562 3094.8330684301163251581144558363704
2563 3095.1320312394538144050490024506871
2564 3096.5154855129364332871973126512298
2565 3097.3426065309914763897506348114381
2566 3098.0383549729646341659240429437582
2567 3098.7580898488132262780563062129598
2568 3101.0793730865792662019026107369422
2569 3101.6573707901447965571694517466705
2570 3102.4360891227181925375544270489428
2571 3103.5899160595884840080991196107919
2572 3104.3625463416338410294862295338465
2573 3105.3914023698577027803067065707715
2574 3106.3963526460554756000682811538434
2575 3107.4842558570232511974568717511137
2576 3108.3035962662063305996037889838403
2577 3109.5330997903567720316498037557313
2578 3110.5572003803256802122175042211088
2579 3111.9207277140902831249067785252588
2580 3112.8407378593731529022101565084449
2581 3113.7552136694867393327910247313342
2582 3114.4734162035719623296575178591341
2583 3115.0026724135449426053857547919731
2584 3116.7204508159015178691031272341170
2585 3117.2697233868995072064587043752209
2586 3118.9550136661243345670565141935844
2587 3119.9575566043387441356535280072194
2588 3120.9862149756774875786491890302143
2589 3121.3372197629258040023629335597675
2590 3122.6101288753476192640616496083318
2591 3124.1502251643298717173799991001075
2592 3124.5259226457686042648177284046894
2593 3125.3744414721102146560082784332130
2594 3126.4501164348200572469340964432561
2595 3127.6930123734428876042370508191960
2596 3129.4686126097480641530908937141824
2597 3129.7962055054207924318291551943381
2598 3130.8776637297738282772764972871984
2599 3131.8610902163017550558742458695114
2600 3132.6983313662375295571175185688489
2601 3133.3988838229805490901026145889042
2602 3134.6354459012576795480829231070863
2603 3136.0155607520416821079102370898914
2604 3137.1751726669313962037681531703446
2605 3137.6134952120229604850083905493523
2606 3139.0495084984655171947454520577357
2607 3140.1384941410525366445782516432480
2608 3141.0011748282403822517548816907965
2609 3141.7480325428838794083800004158616
2610 3142.9794567280387223374005249487921
2611 3143.5674991835782497049165474041541
2612 3144.4904881455130506885108418501591
2613 3146.2835283759444521457628568250354
2614 3147.3446066255303725747653962922182
2615 3148.3790418704681935055132711976868
2616 3148.8612287838065265417789286961004
2617 3149.7717386989906744322522321982388
2618 3150.8246527223634998298923930642971
2619 3152.1510594657366360274614909164435
2620 3152.9945599956435811990621597035451
2621 3153.5969765295340689611181443427160
2622 3155.3121082176699449712172832323909
2623 3156.3003579495709720915471324866666
2624 3156.9057614544465463794067922758504
2625 3158.5782877079360799109861856250449
2626 3159.2652046599112446611931868217097
2627 3159.8040975790869767134232170529603
2628 3161.0619125777550980019477726656191
2629 3161.4024352078920943479171136355785
2630 3163.3119595578271610577994565187465
2631 3164.3505313209295948382802833831027
2632 3165.5405978938294831475197543841476
2633 3166.1395867135991581828643049654014
2634 3167.1210947572812601071320629135006
2635 3168.1975157138952210768088329923900
2636 3169.1797646078565464697086583304810
2637 3170.0141315656262535522587323605553
2638 3171.3439580690620428055818082424417
2639 3171.8377743460678052201375279602744
2640 3173.0116339172783970928869670487558
2641 3174.8153859763862099662375615347291
2642 3175.5287227436953243374513265742521
2643 3176.4803435164625644758720239329921
2644 3176.9156360092129355394477128063904
2645 3178.3717050050008143418662870514083
2646 3178.9025955360465101463040177140379
2647 3180.0112133728938518826192498727403
2648 3181.3285017132062508283884709677782
2649 3182.8394469202712528919616238292352
2650 3183.2056733459268982057549457146893
2651 3184.4514999603323231495530781187437
2652 3185.2143445801114710474185586245291
2653 3186.5458694295371913847638311540073
2654 3187.6461627083723856419804945352069
2655 3188.0554823294459558009027545310344
2656 3188.8774607149556296002382155497077
2657 3190.1686619621529136335170091437840
2658 3191.7062563627744999181373254780751
2659 3192.6817916178868266572475343724503
2660 3193.5572084724546840745360260144672
2661 3194.7867073785581223829170525313378
2662 3195.3266999292103050350323992955893
2663 3195.7938956338930946225035793518876
2664 3197.5471656565940292496233958067022
2665 3198.4301257678177897435520753005854
2666 3199.2489771142464010545476143132144
2667 3200.6632702307455922763497523082474
2668 3201.4248663611973125496265798239430
2669 3202.7782865007358475411184678876824
2670 3203.6308911526252136082791762371253
2671 3204.5574101878422677006738042217695
2672 3205.4975805633422518839036327689599
2673 3206.2288933038299620143601635029837
2674 3207.2700623574305610307709715041921
2675 3208.0861338919182221987432048574443
2676 3210.3524205397667270827650794097692
2677 3210.6703882992018190859633038934156
2678 3211.6188325229349565646432556993439
2679 3212.3192273429315997909425687618644
2680 3213.6064987981722337315392009660789
2681 3214.6675624880943092400219911565701
2682 3215.3252989037353712410878541180746
2683 3216.4915246923709024741425171691300
2684 3217.4308047782902821721440252039651
2685 3218.6599837440259001903985295951801
2686 3219.6391713055853050373668068247527
2687 3221.1983416829695951450498609506954
2688 3221.6094763010974094038255961401894
2689 3222.8138408229024481924484509002579
2690 3223.3725663752555211046142163644622
2691 3224.2137065196388204646359650835051
2692 3225.3667159649338188972460705182578
2693 3227.0441023745153544435091157228374
2694 3227.5251495154950611805326260391559
2695 3229.0163116299535097303068184747079
2696 3229.9810669604993888771126603462460
2697 3230.3366367321694612208523199652288
2698 3231.7413479182562339725648294850884
2699 3232.7387131248083781301418994351575
2700 3233.9133606030341757255640354380943
2701 3234.3065912449199248104609607534837
2702 3235.1546171823664758126451548171045
2703 3237.0875795317085919288145486542197
2704 3237.9982363267125892045779010833590
2705 3239.0904345626898124497684808277909
2706 3239.7673140752395980158101880819015
2707 3240.6057472779568621987109502614977
2708 3241.5953129380385565953143088192328
2709 3242.5683075823653591982492008582758
2710 3243.5016527112798871986948877771126
2711 3244.8841570911345801156541050872250
2712 3246.0401578162397977200519770403944
2713 3246.8416761619595256941590884514890
2714 3247.5705035338364605791078047328729
2715 3249.3080857474348145909882994512562
2716 3249.9064463184444159673919877132383
2717 3250.6133242674050351899268025457824
2718 3251.5106377440175829691453942976082
2719 3252.7239909072706871582722885970438
2720 3253.3690172441082579922166200519046
2721 3255.1420765925484078777767323606131
2722 3256.3466128179576539992223011097551
2723 3256.9419432047370391333544811454942
2724 3257.8313400128253379777778631522121
2725 3258.7067142754550534012799512465969
2726 3259.5397306860396592483282098840179
2727 3261.1921244205042207169530000678172
2728 3261.5353126021834176924446704787986
2729 3262.7189686945282706822180433893336
2730 3263.7849404891264724817599177602231
2731 3265.1987716006506218982845629106783
2732 3266.1537864199357954000399798070154
2733 3266.8039544796472975783880106316374
2734 3268.1885178555671238443922345321741
2735 3268.9094085887167951530469606084936
2736 3269.5167853602480992127803980279021
2737 3270.3108034578271305732931122300959
2738 3272.0193976107810948874475270143449
2739 3273.3630329652701582221775929661611
2740 3274.0599530117248181362979243489055
2741 3274.8635676379725721318210695888786
2742 3276.1241549849220906263362345823738
2743 3276.6945546812154013626139213197449
2744 3278.0594782890382704025366237741547
2745 3278.9861937320238659136713415789154
2746 3279.4895096396349666055473049307150
2747 3280.9764187137213553487988657837199
2748 3281.7066908206217588677502681731546
2749 3283.2391243001144508865357721011353
2750 3284.4998631324385849314664069829508
2751 3285.2028287516911614881762736849798
2752 3285.6822597104608941080150663578757
2753 3286.7185403422946441644940619854064
2754 3287.7730919926665979757223117479064
2755 3288.9369728453271595889791886598441
2756 3289.7243065361761690764982454401994
2757 3291.3857259284337229106105632973638
2758 3292.2226420492850098990491412845386
2759 3292.8567160975546349717687184795282
2760 3293.9758692455851360931819332239776
2761 3295.2666632327273276264674000598225
2762 3296.0217547646720603026915698678295
2763 3296.8731421626954734889517539092699
2764 3297.8368423105992823979564669608508
2765 3298.3578786215634412936895841672267
2766 3300.4505761922505250042549487505117
2767 3301.4137763043678338859243476574774
2768 3302.0170976656044905099504196206716
2769 3303.3172618416972627165185700331332
2770 3303.8137192057598521448158322967758
2771 3305.0761772408343317120721010571019
2772 3305.4720886985301802088210581189541
2773 3307.2217116024764259173664954133138
2774 3308.0454022233189827487466619800519
2775 3308.8328775129691984076022799074784
2776 3310.2357067738429685213808133054363
2777 3311.1553061182728850109598808218511
2778 3312.3494594505103191236833417217690
2779 3313.1998766727254451383077778984201
2780 3313.8426622731571499968191988342929
2781 3315.0150138279799100539702893831340
2782 3315.6197425409245286019655019768286
2783 3316.7524534177160255896563622348835
2784 3318.3874701701704786753546483240037
2785 3319.4126489931592939974980354155031
2786 3320.4766996820494472447042352440419
2787 3320.8879414612016721337044285653816
2788 3321.6635726986102110158018432301434
2789 3323.4909231797917194783700628817224
2790 3323.8751249140862644011445756570451
2791 3324.9256841459826953301145883269180
2792 3325.6916270383817091257487189746206
2793 3327.3384417514721767505106947058574
2794 3327.9882692081701752972296439494552
2795 3329.4655839484096256258232263330755
2796 3330.2904003601302198444939804408761
2797 3331.2994041614883704218581717767420
2798 3331.8922882437762790007837008149957
2799 3332.7008985760011185564092913253431
2800 3333.7813829613715093034279683889376
2801 3335.0459964244758430161453786048108
2802 3336.5759684292552169615223143525679
2803 3337.0442118967012058736140723938936
2804 3338.1504073563247674115434856214547
2805 3339.2566736946173305102053530026406
2806 3340.1171526974589890765751525753349
2807 3340.9722636378474113334279889678231
2808 3342.2115548592569173011181083215075
2809 3343.0517222783391276904116729900995
2810 3343.6049085095928279983999409268525
2811 3344.8522558681934445563635017162353
2812 3346.8484308165621013504159860743099
2813 3347.3978309909550975213551936066770
2814 3347.9360016107550133039025795200690
2815 3349.3010279268459645162286449813910
2816 3349.8562521147650603978694414341974
2817 3350.8037040245681288335954454618695
2818 3352.1538040966057063545575094749684
2819 3352.8453645426392746463305616114159
2820 3354.2782312803897327341553096994335
2821 3355.4836803059921661581552688561215
2822 3355.8805781833220150921589781161543
2823 3357.1981541183363374091124530338796
2824 3358.4026996234205133913588674781458
2825 3359.3592830672366313775658714786824
2826 3359.8524043812933005196763263250748
2827 3360.5841532983174601062014156067098
2828 3361.8875886211210484125451312665996
2829 3363.2338783488509358331646016533098
2830 3364.3557635538623702871705085607126
2831 3365.6009574685615394058467860053039
2832 3366.1208838107530514843521477942085
2833 3367.0555425396185943794414165728769
2834 3367.7694438682191039865769887417471
2835 3369.1837285548051272396780485698841
2836 3370.0616517465352459043539478412829
2837 3370.9975361427182999037823564689338
2838 3371.9224456005402893157946887062209
2839 3373.1601409252257698042162039421212
2840 3374.4274719900465011691897123490116
2841 3375.3799557563090357276290576448312
2842 3376.2983860441955757903586955702241
2843 3376.8209708484425946582193950289749
2844 3378.2589569626450520408736923072232
2845 3378.7806084948690470299162979611947
2846 3379.4601926680861820187326092565000
2847 3381.6346474470983739547941790946029
2848 3382.2967149216020433726914889296881
2849 3383.3484895758346453470494734099741
2850 3383.8712124151014931756228877332289
2851 3385.1773108279108077107192020443478
2852 3386.1662957504195836658208292702252
2853 3387.1495644593464298343595267192039
2854 3387.8087777854045832778553324865989
2855 3389.0918801565991373015027353411153
2856 3389.6488790408796589620256832004930
2857 3391.4812337318842452230557036240423
2858 3392.1475726307742219328905950246121
2859 3393.6517858931343504717327353734165
2860 3394.1376663513936478323796904648409
2861 3394.9911063107091657276562020405088
2862 3395.6148509384008987046428343038638
2863 3396.8900663110075866942083867539932
2864 3398.2716771891990638670055934312806
2865 3398.8411972199059100666499415805838
2866 3400.3224765485540329146627392422461
2867 3401.3874506971623064806859744626973
2868 3402.0004414149392047186119394285745
2869 3403.0088648201844429265402936968967
2870 3404.3627615728691793381241597941270
2871 3405.1329186951209032433090195613674
2872 3405.8099428048222409452435806188649
2873 3406.6794828119593803788368864853204
2874 3407.7283142895220887491136108484003
2875 3409.5787368524706810759973428488049
2876 3410.4245652119062916028654365178261
2877 3411.2236334972775989773299896263202
2878 3411.8558302759765308256148429467749
2879 3413.2190360053468370237497746203662
2880 3413.7108194766501651209637778078688
2881 3415.0064152978046739814265829756107
2882 3415.8066235728895356660545456924685
2883 3417.2017255275720388942630569392906
2884 3418.1948427088535600744952928401811
2885 3418.7442466751503270369721257762057
2886 3420.5405829873273525752892862717485
2887 3421.3075373182353124335002251010753
2888 3421.8824204076704819686234020864173
2889 3423.1285941923282939589700077858155
2890 3423.6113946712736429379876039367798
2891 3424.7289898633841359843867398698505
2892 3425.8309177359394383156021587817296
2893 3427.4318110056997839903304725286157
2894 3428.3450146487554573280776229622845
2895 3429.0771614591291340022656108022418
2896 3430.1588095293258255174251701592692
2897 3430.6116186801735900724598121175349
2898 3432.0263665318686865038282674169895
2899 3433.3063311603061657975979263671562
2900 3433.7697101636790197566950213087636
2901 3434.4329301812690555134085714630760
2902 3436.1836075697092369042821460275799
2903 3437.2191616069055023778862498753506
2904 3438.2126161543249939446340087891834
2905 3439.1124301541706369955818234772073
2906 3440.2292995885571413847270185464147
2907 3440.8440257705439034567323429624524
2908 3441.4679776700713288354657027594546
2909 3442.6833924454392005207967947694536
2910 3444.0365707017376626299194727446336
2911 3445.2774324687292522466606425594782
2912 3446.0153861582979724757661750048052
2913 3447.1589254206232749714568066165703
2914 3447.7005176050055664538962858071510
2915 3449.4970027154661515046919875167572
2916 3449.6850010644804101141903361858067
2917 3450.7234875925251157966635661698459
2918 3451.9406694275325425985834530220415
2919 3452.5698167716654246082599957999333
2920 3453.6778939184234403256328111572899
2921 3455.4887994347883072558006999508108
2922 3456.2586145592894260505084840134783
2923 3457.1841728945847825440985510358036
2924 3457.5735988578401522039679976166657
2925 3458.6654106247843692578926703437668
2926 3460.0460640189495002325691654783271
2927 3460.4842304690534567047741482171325
2928 3461.9159711984938390792403126191694
2929 3462.8967324018363504784657763532886
2930 3464.0838321603144669162797641085283
2931 3464.9776952524270104043083192105096
2932 3465.8271557271273109766509786730886
2933 3467.2044039862635005854241017842265
2934 3467.9094710782167655397719036663130
2935 3468.7755513668128704314223874501425
2936 3469.5519131326333041558373671591556
2937 3470.2141089614485846647899577467833
2938 3472.2490182213160137657051415285518
2939 3473.1687633951355901995148200875263
2940 3473.8148820200190580714454630807168
2941 3475.2191067327505673703849107161455
2942 3475.7177928194308556172804109028134
2943 3476.5199317708074597612510877575388
2944 3477.7001902846724622464259370576432
2945 3479.0498301792141394463206090446249
2946 3479.4659653126983729254992883215512
2947 3480.6829159506115122874315921305238
2948 3481.7763966943218170946116815149977
2949 3483.0578568013833248296013387577699
2950 3484.1593880462339232870400496395946
2951 3484.8845853528918756901357552193568
2952 3485.6914977282138466054434179416869
2953 3486.5343396694573760939973859764136
2954 3487.5394778427662117657166867142835
2955 3488.4557766222541301023850317144531
2956 3489.6651233162734698500969596613562
2957 3491.5505613682359497748848424757011
2958 3491.8110999653354543049743686648761
2959 3492.4144355804182545746086786837137
2960 3493.7206130827229836258765081241748
2961 3494.8164084815372321332192719841471
2962 3495.9889319675823870748833349497904
2963 3496.3503613637686467766843985543839
2964 3497.3729605422803758342186978625707
2965 3498.5761365390138930613899417671703
2966 3499.6865538211294316563506818383670
2967 3501.1459195904622066227710381144430
2968 3501.8970952328911644866169135055802
2969 3502.7758679485728807327495257872816
2970 3503.6362157915109326145801635584160
2971 3504.5889277749412263184134202776237
2972 3504.9926271950499548161132807417838
2973 3506.8607789870028838130918323103265
2974 3507.5452737973322931118545483408575
2975 3508.7725008669580549495605654218666
2976 3509.6364080382723563293514451535582
2977 3510.8450836445711256392114144337239
2978 3511.7310911128265186795874782001792
2979 3512.4735868428932304490154913576322
2980 3513.8775738737967261623393908791399
2981 3514.3667522439405121506302570974098
2982 3515.4168088496411158463991380609392
2983 3515.9018144988950180156947072597931
2984 3518.0264452394002340234753694787873
2985 3518.8684092085560271157949139225454
2986 3519.8701867402300648240726041981452
2987 3520.4916659655458258659347487779977
2988 3521.3650409026825988836875144179906
2989 3522.3822128938415898588564705101614
2990 3523.6358357235083757241206472025007
2991 3524.2152207375811045891621809685731
2992 3525.3865666370367239250350018145184
2993 3526.6702567113272347951497859299973
2994 3527.6152070509993543758427010379377
2995 3528.3518245828067785964464216853569
2996 3529.9557443459507711798740761239588
2997 3530.8350467977118154401153994435612
2998 3531.2010239635260987978390832168234
2999 3532.0385088474991985169577023054203
