58000 46122.2158136482391198987493776735525
58001 46122.8775878526309905698427500254244
58002 46123.2136580173161923109638779565518
58003 46124.0400117888837103771795128540609
58004 46124.2177393417073672586024303751015
58005 46125.5407856783069458836266152651133
58006 46126.3142472618612487990717901891931
58007 46126.8230350556883355808058146404427
58008 46127.3679997049133423145082167189137
58009 46127.9328488183110493551874600431864
58010 46128.6848321423933279313990431196155
58011 46129.3483518711877533043797395448505
58012 46130.1997717291992530736147855697774
58013 46131.0908814904748680354608095300227
58014 46132.0540839825893957516273648263153
58015 46132.5488040363422963577170556300090
58016 46133.3385697227922804188970052350174
58017 46133.9339756614412964399952338063717
58018 46134.4972497277569672029896548884482
58019 46135.1503462137463999860843606607638
58020 46135.7190342023178967304652739405553
58021 46136.4547988540995956405048743670265
58022 46137.1648162758796711674982782645323
58023 46138.2980417598720813687918080429217
58024 46138.5861118692984921040594397445497
58025 46139.6123353429238992248628101880194
58026 46140.1252167745888307372813008091210
58027 46140.7176287470677480801017648491276
58028 46142.0459779781005840468325288055652
58029 46142.3637290240033944462226912732291
58030 46142.9010929844432157581436823345166
58031 46143.8978104953102234644458244010835
58032 46144.3511742061483313338183692120963
58033 46145.2041442663510475455230742938946
58034 46145.6308547480576614331879786956534
58035 46146.4803116274231800049543631666980
58036 46147.0032942769621020744500181070406
58037 46147.3142448878837915154170548505535
58038 46149.0189253784442667270920923287871
58039 46149.7284758565744326326381414166854
58040 46150.2028048962098898418876214242593
58041 46150.8350097925112383812801079140617
58042 46151.6404852303932319837576231238988
58043 46152.0228490396151779049002440505791
58044 46152.8773285865281604598482217077765
58045 46153.2979206662672233902067702205428
58046 46154.4951009659451999995536075974061
58047 46155.0223060778813013303979294328495
58048 46155.5891980201033129657818276363125
58049 46156.0170119651754920342870805615053
58050 46157.2535287148249382696672532967195
58051 46157.7143683158762686116023553949322
58052 46158.7524411068707377231063956022377
58053 46159.0915212696695029469236952683413
58054 46160.1359825705517666090535072754106
58055 46160.7620493311703851693338434288231
58056 46161.7729710761660056009246142471121
58057 46162.2012206882303137919259313706756
58058 46162.6187449164305555812604276393882
58059 46162.9796694767926558961755566891088
58060 46164.1220406377721851235976550893587
58061 46164.5576558355473252638318649929523
58062 46165.5766348403099230519686724267197
58063 46166.2872842423975858350835223367108
58064 46167.0316772410173177216094141277168
58065 46168.1752416539163859562110650924734
58066 46168.3859555145577360394252914166932
58067 46169.2638022474644843836402232890309
58068 46169.7009112379443667486582095409653
58069 46170.5092166423008271618488433704110
58070 46171.2081345973950028013142212142250
58071 46171.9274288562262017573418101890576
58072 46172.7292907504042210394188130143026
58073 46173.3287399039645317842780109928367
58074 46173.9209403316191493088610622450779
58075 46174.6233994465670676958259617577412
58076 46175.0397987261722255438498093717899
58077 46176.1527585546191700480704042562472
58078 46177.2423233269651094092535124574221
58079 46177.9316986747229458017432213748467
58080 46178.4983126551957825331915906571462
58081 46179.1030741516073451637230493456264
58082 46179.3839104975173003057518565231786
58083 46180.5988671211296537769767244767374
58084 46181.1940087878125461236275954050347
58085 46181.4494198925916027672156878195036
58086 46182.2566974959806405855092932488032
58087 46182.9961631991997311447467202352689
58088 46184.2255066480728313752786555089887
58089 46184.5273948420051184239435052707671
58090 46185.5680410117741791185155241462803
58091 46186.1225196497869935462213362628600
58092 46186.8543755834698511535872323004522
58093 46187.1970536418511001616649212691342
58094 46188.5380451894477119641774827114076
58095 46188.9339929867129111940155398011003
58096 46189.6198995859011199592958879298266
58097 46190.2514508181476830720423988768909
58098 46191.0835099866423376655789257323000
58099 46191.3606336184105231673975468156974
58100 46192.1302346310925113966093590613222
58101 46192.8174451478655826383718641754230
58102 46194.0527095598842427008574283460736
58103 46194.4514848195860081092431952935926
58104 46195.5258478910245798548959000289270
58105 46196.2224194681114182102726566967033
58106 46196.8290707832183931233779957566089
58107 46197.5462474830286521554822085469190
58108 46197.7758397094407258632046088233184
58109 46198.4828374124345366486095774643006
58110 46199.2738702958243278292924951804643
58111 46200.3620464324352034770734025060107
58112 46200.8806521532594146624808056264732
58113 46201.4499498574956918512873410015552
58114 46202.1060017268180369735877777860144
58115 46202.8038066494711908031085878629765
58116 46204.0795224147271546572836851279257
58117 46204.4551641334175229791103994337980
58118 46204.9866218430920085066957381314119
58119 46206.0641145513281332744476742261927
58120 46206.7346255469164977724422396693696
58121 46207.1721393193848022603784459553348
58122 46208.1448844742893376184132537487767
58123 46208.4477909090470491805393802461495
58124 46209.1829414174239823439727555617798
58125 46209.7499791758640854916044764788419
58126 46210.5104589420765281683571629099978
58127 46211.1716080389282952788797861368516
58128 46212.7244757929836935989855010438347
58129 46213.2218384487378822330576705608146
58130 46213.4776866537221841247415905670639
58131 46214.3589534131773211025800630752904
58132 46214.9232884985536447279316444310936
58133 46215.7742124526161851872119804748154
58134 46216.2880488713791817916226987211495
58135 46217.2888983371540754141324740079589
58136 46217.6889285304136913343366380008080
58137 46218.3419781916605472393340330079559
58138 46219.1219380492365410172814962572552
58139 46220.0447205511250329983295124316271
58140 46220.4600917687204639479190908077642
58141 46221.0613304764796881329981311671089
58142 46222.0591988023775911693136498483524
58143 46223.1517765597281239825382699977314
58144 46223.7795888395116172559622194824617
58145 46224.1954126364231491038280771889090
58146 46224.9881531231558583531907370345331
58147 46225.5794935659500917526210260070102
58148 46226.2150205672825949186713982473853
58149 46226.6014187149740773093640628947645
58150 46227.5355342852230345649042423362408
58151 46228.4351991202673692601838492795198
58152 46228.8253689561882314654408255550911
58153 46229.9163606032238496691112536848427
58154 46230.6567977435433522933928174062275
58155 46231.3102746938132167224744571127161
58156 46232.1509513636871518665944496821485
58157 46232.7201104602744965025398149530080
58158 46233.3384838620040272754533302904788
58159 46233.7292486845740336818004497793743
58160 46234.9584263743320019617467962583188
58161 46235.7644261711386002175906801269671
58162 46236.0850050036161003738129117382863
58163 46236.7745525277496067746110346796449
58164 46237.1573568981490410311094070946926
58165 46237.9353192631162813062775610532413
58166 46238.9159457448829715918808444426896
58167 46239.8936823236349364258337002061381
58168 46240.7881481085898442534056248834054
58169 46241.0950269978804725052155097745394
58170 46241.9798835408692169981097691176007
58171 46242.8184384852216032202423446403589
58172 46243.0443705056999322083143588584536
58173 46243.8394592965035472450571798485367
58174 46244.5642419918712212934293111790177
58175 46244.9601862216107848786104800294241
58176 46246.0542743639302488011494065040495
58177 46246.7842575273513088648681685501920
58178 46247.2520654363290166675132320055564
58179 46248.3279877993431628579287325235522
58180 46248.9180074424132929039484873584528
58181 46249.5719228448550421820655132314801
58182 46250.1471520643309656103851759598893
58183 46251.1836406379073893804978366783393
58184 46252.0849962466722353674007198498491
58185 46252.4324616793567558244615201849832
58186 46253.0400049280722148852050002411537
58187 46253.5583583946901233861371837779327
58188 46254.5348806323950180793968834924911
58189 46255.1612758102532986544423928419488
58190 46255.6344858361860926445286139376694
58191 46256.1834656331320787666613588738088
58192 46257.4471720501477970550329924560776
58193 46258.2856266430895835409174917031389
58194 46259.2532729864072407603720689556762
58195 46259.5994126245981872695098102552503
58196 46260.1339801783218995900516613791928
58197 46260.5877932434926919877011692960551
58198 46261.5547238428070565410035520015790
58199 46262.3168005507658063348467235657260
58200 46262.8495126425690141892234135479237
58201 46263.6630792998384207064201543802326
58202 46264.5175039677955467942513375908245
58203 46264.9228179852780646379307012754599
58204 46265.4015455790274089625666165233617
58205 46266.6156124421949989998879022662600
58206 46267.2420085623493265938207429097810
58207 46268.1000931228849421221437972920917
58208 46268.7472238981254621875366019619759
58209 46269.3470028932125886896315686703348
58210 46270.3709795331017747646995609930167
58211 46270.8983525887002629880018676478997
58212 46271.2162099972598286953076429201990
58213 46272.2378581819527150110501815442512
58214 46272.6092973108584788043048390523879
58215 46272.8748945395088215634137576313072
58216 46274.3756574869986538639398222305586
58217 46275.1399207081024974161388938380584
58218 46275.7348891702470826737819501352501
58219 46276.4067876266800574237410659579751
58220 46277.3767261323893775859406332684477
58221 46277.8153623207789547868650303775303
58222 46278.5383715968607365444070861137111
58223 46279.2214406608058287898996799724067
58224 46279.7236281383620039914912635655611
58225 46280.8440577795452590894321184831048
58226 46281.2129796013529078906187235357114
58227 46282.1237010159523989754415738809808
58228 46282.4710484095314722177527818755433
58229 46283.2759709076257558922820997509341
58230 46283.9431691546974529177035181470086
58231 46284.6406654992104386164431517428523
58232 46285.8870987822305123443231638583664
58233 46286.5564040874539511198139945563414
58234 46287.3345775925108877806312616930526
58235 46287.6665176211160725242927059530652
58236 46288.4122823636065351361707638579274
58237 46288.9598285255991813207008346429427
58238 46289.4941236510614983621996134024520
58239 46290.6458910966554323539758545882249
58240 46290.9592998986388943489929054192431
58241 46291.8553091402652605903245820496296
58242 46292.2587383813867529118037572429252
58243 46293.4809981580255747389225293299587
58244 46294.4976884788032480963146194747026
58245 46294.6428653100155941719184716913787
58246 46295.2977196372109640106697412392924
58247 46296.1934590946095409590593573998981
58248 46296.8377522509168515474400267740062
58249 46297.8068530056688713172280155330258
58250 46298.4155318379653542721512449650593
58251 46298.9811875965950516396714507325755
58252 46299.5121827314843887924988477863059
58253 46300.0881524010509489176062169799403
58254 46300.9209133713623159042105173988660
58255 46301.5217828035736563096933807888899
58256 46302.3173860043071500090384795926000
58257 46303.5950433624356315379940565677375
58258 46304.2335438740601977071930400685340
58259 46304.6198814831300671511933954407957
58260 46305.3209069497939666826288314202696
58261 46306.3777480606588754027985020256688
58262 46306.7117174530069022416844434140001
58263 46307.1438476805491332612940380570179
58264 46307.7926612526437099148379183989699
58265 46308.9113167001044061920763692712650
58266 46309.5651718118452354439781582733781
58267 46310.2665516070269773341231195328422
58268 46310.9634810158707284655716955576718
58269 46311.3010530889416230723667223208598
58270 46312.3965321019984997351624357427879
58271 46313.2623959639504101877986843828414
58272 46313.9346063485496978849071443811538
58273 46314.7040671559968295968230334364283
58274 46315.2238862327478072647200620027471
58275 46315.9026018298720993319190059386568
58276 46316.7112456559867281307066691940394
58277 46317.3640185302181746869610831797180
58278 46317.8054339481203481285100450193209
58279 46318.2998562885734357427776971747410
58280 46319.2642583004251109466753959628251
58281 46319.8759675197299650293637793925540
58282 46321.1713533063603242396579100661706
58283 46321.7098328808380266100315460502420
58284 46322.6087661271723286274249090549524
58285 46322.9861163348386361124629926562139
58286 46323.5915266908301303246332224402905
58287 46324.1987674466785993839737068450739
58288 46324.9954140106148590324593183398634
58289 46326.0649637523368605946283005722444
58290 46326.5239240622644595219030332090936
58291 46326.9130512433388928962690592210033
58292 46327.8094057407560623582802736613498
58293 46328.4302877173495298343212185870336
58294 46329.0911799588235584515881701516611
58295 46330.1542923322271692394863768417821
58296 46330.7039636179180410093209844511297
58297 46331.3011382692572983498754035396565
58298 46332.7087778570493772267290989045220
58299 46333.2110526397701114728627648295705
58300 46333.3588727438401929532105913192045
58301 46334.2581407694576404209758218448328
58302 46334.7600002661083939929497249959961
58303 46335.4257290675091579098679519847037
58304 46336.2512521603166875924677073392235
58305 46336.7766811098988825772218973324866
58306 46337.8772989668019102407628102892125
58307 46338.3943467063301632667959301087842
58308 46339.3173026279793065880939904971677
58309 46339.9341126395204609587691266812335
58310 46340.8943804553350226316109026841741
58311 46341.2644478223262291743853707057309
58312 46341.8818275570510392148099610144765
58313 46342.8638453601998012553240724846329
58314 46343.4636106509455107201574781357066
58315 46343.9891218721252627886635178445749
58316 46344.9574682620458428455369939437827
58317 46345.6920295774775926804036286751644
58318 46345.8932783797488726739338522313479
58319 46346.5852685783320598245781715340508
58320 46347.1631138093098005598245668433778
58321 46348.8996658291650090068976968000691
58322 46349.2135733139736707507124951952349
58323 46349.9347806406037913057905002839588
58324 46350.7810678908842791052130402234795
58325 46350.9396413595155179498428591051256
58326 46352.0139463856607840539954550545988
58327 46352.5508310143117915822640911955545
58328 46353.2280076587997887369369068612421
58329 46353.6151660373453926023104744234491
58330 46354.7438544402390044990169363385145
58331 46355.2318273698818401731805057978674
58332 46356.2360208261924318926635382646991
58333 46356.6609597961317315637258795990293
58334 46357.7042582248327206997353661078015
58335 46358.2141800886947274689883648439737
58336 46358.9148321680946953235764109492741
58337 46359.7068037584743585498682920132715
58338 46360.5571002359909051227279069038283
58339 46361.2237396925460738858673429862884
58340 46361.9653406183405828430277249328399
58341 46362.4301971136072284798022619155439
58342 46362.6992518760972997478500920543579
58343 46363.6976776088762187180929363464552
58344 46364.5027395358013647693127143256896
58345 46365.0292589470567051445446903728428
58346 46365.9137386255278153459359744194500
58347 46366.9223923176686230310186844372449
58348 46367.7080094872460283353511794902074
58349 46368.3950760408455872850483867274164
58350 46368.8942109620446041103708170409252
58351 46369.4620794718035173777582936159099
58352 46369.9914942544099869191762395109423
58353 46370.7473240280232130852194211020804
58354 46371.6938469045444241166821011414811
58355 46372.6941718845740495232306907020013
58356 46372.9238153542310491953694379783149
58357 46373.2554969679179287615465235173556
58358 46374.4037973887927125106817651016894
58359 46375.2511544275477640243918349897112
58360 46375.5977768557009284702650767500400
58361 46376.9045693981011084980320702110525
58362 46377.4872940102597475359273163543622
58363 46378.0987196669721452688125126444327
58364 46378.7237913156152333162706553024385
58365 46379.5104024308360523067681603986833
58366 46380.1607556143999745829458241252964
58367 46380.6500047807892872232685760208836
58368 46381.3211362061359134533622648405852
58369 46381.8869364348876126824004193022760
58370 46382.5726789644896693773170928941906
58371 46383.7824677768548169673264560192538
58372 46384.6132962408252999345356853196449
58373 46385.2802735638026938712158067651402
58374 46385.7196924817323044108371889167291
58375 46386.2817721228307614707006795723072
58376 46387.3749283385128317629463007178487
58377 46387.8627066619180410673482219510528
58378 46388.7003074260256141199659691242058
58379 46389.0271625489541526573416858747853
58380 46390.2294075659358618082403642311416
58381 46390.4294389616295345293677586263442
58382 46391.4002227969911559424557823762468
58383 46391.8234074205895273131032709353722
58384 46392.5839543663546081561205187199984
58385 46393.2720448548222617361914316921390
58386 46394.5465877669953198766356515914245
58387 46395.1230685115316387152896675401391
58388 46395.8746541547106544382742553397576
58389 46396.5517248958672697248997616680655
58390 46397.0560520424052894640511384008992
58391 46397.6104503851248982672378964340945
58392 46398.1608503707444792081106115196721
58393 46399.0896973297177024533897569084684
58394 46399.6018258294132716038316865562877
58395 46400.7102924794490749724357667429669
58396 46401.2216868815632069330222502337383
58397 46401.6182975796434457276130744332064
58398 46402.8328241430805683620492924457751
58399 46403.6882019366537735695584841343243
58400 46404.2936502122293010695366602090121
58401 46404.5629771240006681892181695314872
58402 46405.3290623168686745521786776895563
58403 46406.5498157689722654073079131448936
58404 46407.0561035880643979729365574490411
58405 46407.6744211449936037195633445077263
58406 46408.1262822087487660486386201769530
58407 46408.9848901750638962740753747475468
58408 46409.3077192481206736019913233027887
58409 46410.0478804324047978460038992253640
58410 46411.2200073943564544376605008110545
58411 46411.9808433099978678118529373688689
58412 46412.9276115952757329982824448583850
58413 46413.2908802119857502867549966533310
58414 46414.1969852465013824664055624433194
58415 46414.7657303380443098565654788955872
58416 46415.1070676802491170980420123887439
58417 46416.0995742809553267397884253611482
58418 46416.7336282916698253886627315095993
58419 46417.2801344080213077444519991188284
58420 46418.0459486408599465121971269243658
58421 46418.9854656429278343153444718373056
58422 46419.7885203651690796105206290492655
58423 46419.9242485246486302694401376937255
58424 46420.9944225569372971308290445775677
58425 46421.6988317511983717314667266127924
58426 46422.5493192924578147886649670375286
58427 46423.5603557966817751083973660108928
58428 46423.9822306457299289170225644476280
58429 46424.5940122960060564144085569578899
58430 46424.9692369766903276455532070686632
58431 46426.0708254353687322764931252182710
58432 46426.5036896927797398598926619072115
58433 46427.2818013563470591453017190479706
58434 46427.5822679115957160574748988850542
58435 46428.5678836648427745108681047153280
58436 46429.6444345350513970266988056906018
58437 46430.5759404917902167202281435179154
58438 46431.1160243577501572397236329588972
58439 46431.4858131688772381846446814203259
58440 46432.5052365970238648723810851835896
58441 46432.9718709914667412451872269487021
58442 46433.3393568573183003953424174264380
58443 46434.6578577073056207673609961008621
58444 46435.1390229362847250347562764460045
58445 46435.8945676228855911933915745351684
58446 46436.3500958661610488366285434106436
58447 46437.0641214141512951246539813422964
58448 46437.5136562688822299004223652045292
58449 46438.8378271982580941356277975360624
58450 46439.3240879718856679342455158635272
58451 46440.2371895607580799456031586003064
58452 46440.9703235145565800011475515480406
58453 46441.5397696315525800071886047607961
58454 46442.4333795189530041089267618461703
58455 46443.1000911512352462220316465729696
58456 46443.4225805723517944815881198356564
58457 46443.9511604108662441337430504461249
58458 46444.5346406383319456899465579765175
58459 46445.9427217838077635559550096951484
58460 46446.2135830052727278826413928629016
58461 46446.9933893837286346826962824200907
58462 46448.0530135809339686952660557701300
58463 46448.5683446247027230430685546554741
58464 46449.2572411489396085074561446332190
58465 46450.1192289989288266350184295101704
58466 46450.5177409740394544134680652034953
58467 46451.6018507353276403187127234074504
58468 46451.8562348089324131494198118141842
58469 46453.0284150265748817912022530840166
58470 46453.3404034974102960298644348322361
58471 46453.9834434387909000794157162176906
58472 46454.8506149775679747343414359380182
58473 46455.3022478327262980644219716699853
58474 46455.9517403650741241829413625448662
58475 46456.8146388622079640930011825147918
58476 46458.3073509472995933035463602606435
58477 46458.7581192996430065088052993362431
58478 46459.2072787965164592945803910702920
58479 46459.6708024957275543316699741785106
58480 46460.4449817469539535881471468971210
58481 46461.2370439727617894550882603301168
58482 46461.7881758307671833919211140756895
58483 46462.5526849879817677388128237591071
58484 46463.2862153174533201149418786160396
58485 46463.8044571138164233836578358929122
58486 46464.6992107532629488125600673218663
58487 46465.4366946312547151427440268897847
58488 46466.3956473077110142503599480990645
58489 46466.7533910864676001617918931047231
58490 46467.5123457375692707374353600235581
58491 46468.4070006599062350405690371322261
58492 46469.1313957570568375658465414240167
58493 46469.9081948026396924436676097826093
58494 46470.4334023409218191455739923405282
58495 46471.0951290492609933642501450775351
58496 46471.6738097302615692878847334648030
58497 46472.2001964911305866893973286505392
58498 46472.9153611922097222554787954705499
58499 46473.6116078120241852664308939086031
58500 46474.8915289790512307307640258567030
58501 46475.5173326640942199610859145063307
58502 46475.9348186423842246639291042855820
58503 46477.1872888265861275249133632540070
58504 46477.5095628303496781012518074356896
58505 46478.1808615508953046083685983035456
58506 46478.7040633141644778701675461295137
58507 46479.3997609925539149752859621681414
58508 46480.0739969740703077060252680749276
58509 46481.2257392007194007937801344981601
58510 46481.6715315984566210050999440692387
58511 46482.2521679035532316634941353653599
58512 46482.8863524218991187296386273346000
58513 46483.3918190130927524387391501691940
58514 46484.6977441641765746871759258996794
58515 46485.3462060302896524378912678522662
58516 46486.0431252211885829756373320539438
58517 46486.7631220136059987207734755266309
58518 46487.5649397873765796938651804019645
58519 46488.1721523829430842669482360003052
58520 46488.4223367893241898318819935786614
58521 46489.4156047738928180919395426829270
58522 46490.0027526314519409806525804213585
58523 46490.7305249907168578338131580674244
58524 46491.0167153753323411292153512418279
58525 46492.3153064130023982212354730808726
58526 46493.1269146237212462017800136851462
58527 46493.8293304702710234223578434838856
58528 46494.7351824778758549074038301502012
58529 46495.1247597873765227560085034956891
58530 46495.3578791214794841756386083650033
58531 46496.5289304532545169143925154515225
58532 46497.5253043520623305271443207860384
58533 46497.8518815682059594503409524876952
58534 46498.6882412482742547557037113469532
58535 46498.9954899757415147838050071125944
58536 46499.8356698710723294065262329149259
58537 46500.7553538426876687042058719165767
58538 46501.1702029728112905825004435660418
58539 46501.8218933377353908105531913065948
58540 46503.0366285789517889247756836859457
58541 46503.8079256074060339109214988472626
58542 46504.5084020927761246911337186070692
58543 46505.1457968083545955803431543233729
58544 46505.8473175229663450449210971876649
58545 46506.0268006872533325064607979795037
58546 46507.1412787307572264970153802853233
58547 46507.3680633448673317387787979220624
58548 46508.3114785370522921575936798140483
58549 46509.2144633963520633640416258008893
58550 46509.8841964162300437285620279754702
58551 46510.4583169828467748589583762239676
58552 46511.2765479159790671900432408984868
58553 46512.0854112338311325001961253573398
58554 46512.8095843834685828905941458157860
58555 46513.5807487632328685105823178532445
58556 46514.1284705788236083669696016883199
58557 46514.8002168136241758720096989965758
58558 46515.5023308328578115377237095635775
58559 46516.5663909586912837568199648556933
58560 46516.9417992987040704792656314251713
58561 46517.5145270009534214057740905806991
58562 46517.8240198510108550443675117995082
58563 46518.7702656996072108129379390349994
58564 46519.5203872551922503877824127799238
58565 46520.8687454327742873014525775824220
58566 46521.4489587231222399312670053710994
58567 46521.9540603659186988277531937665355
58568 46522.7084165345958042923712446507987
58569 46523.2003514500054494712258201208554
58570 46524.2082110715015208234268606020032
58571 46524.5763839239000473924263634811817
58572 46525.0266528904514203655778390647823
58573 46526.2822844908415386795164692106383
58574 46526.6968447306327505203485714279903
58575 46527.4081540857673393110333822916596
58576 46528.0097058725171921404020246958009
58577 46528.9523343890921952343887964657825
58578 46529.7969052863936559095679544586607
58579 46530.1116552065127137001402770574492
58580 46530.9934378828953939762513518823776
58581 46532.2146324640626637898049280025109
58582 46532.6014199847966320867675993480625
58583 46533.3705591409438986806845507526936
58584 46533.7379743729740482452019076190998
58585 46534.3852992036030531936924477995683
58586 46535.1648684330206946684944771785265
58587 46535.6289318426065004046598027491050
58588 46536.7858216213956926953828605674136
58589 46537.0566555295666482532717194206717
58590 46537.8993771244385418155295446041222
58591 46539.2643711659303573055756200505442
58592 46539.7930143629597428056448710333366
58593 46540.1564635929678517984412048151716
58594 46541.0983291227882507001172307185929
58595 46541.4499104234133041019849193588574
58596 46542.0975202878338790673861921295909
58597 46543.2538043169720846138867779828973
58598 46543.6898476081241104427624321446547
58599 46544.4308507100037757297090384673728
58600 46545.1802035957487356105229459514840
58601 46545.6277388923262306852748895540560
58602 46546.2516595282734039318007396030521
58603 46546.9597024074260889823302883135921
58604 46548.2305747204476396404391187222676
58605 46548.8193840610046173435444292499070
58606 46549.6643311754587943969534274794802
58607 46550.1647884531026993879895340584697
58608 46550.8066689701876069010435756008366
58609 46551.5637359431887373351018556991058
58610 46552.4263792883836191566063706978627
58611 46552.5617890829925648261927197484174
58612 46553.3823239010033762900448110088073
58613 46553.8635689772288269259831187204837
58614 46555.0459195689777729296391797686730
58615 46555.8858221595641332645933089923174
58616 46556.5882699471023617442136973236373
58617 46556.9267288054571169416614616915480
58618 46558.0052810817444939154410248104946
58619 46558.5922250730457705680378011570995
58620 46559.3973271880375726566594579974966
58621 46559.7647852964704897515874328389055
58622 46561.0287478259735622966937631442148
58623 46561.4411120485348103323208145804941
58624 46561.7094141101457364927289585022965
58625 46562.8738456834893305181881731514822
58626 46563.4299474085148566601971621508517
58627 46563.7562147175058983154045737965025
58628 46564.5926782027509502406435778990522
58629 46565.5603985226978806942947072526922
58630 46566.5432966327528908812173111663045
58631 46567.2610890843859747554895614538397
58632 46568.0317196431026168251603072242120
58633 46568.6328774748285199425759126290361
58634 46569.0611652102194443097027029788951
58635 46569.4880012145232599569851281712279
58636 46570.2955985916199966830224870150403
58637 46571.4643837443550991284449222435147
58638 46571.7896471830030122234963480959178
58639 46572.5628348061901428074192921956361
58640 46573.1965018752131637290405424942428
58641 46573.8162468060048097824036422125951
58642 46575.0497387383703547465377087470903
58643 46575.4303258600660859550330562447939
58644 46576.3638100682490211083485141100390
58645 46576.6487699268722318866743301939341
58646 46577.7614641468700439227839083277400
58647 46578.6016195449835480287637750120379
58648 46579.0663167741597124490044574237536
58649 46579.7118666337130338416464453466813
58650 46580.1705456486095792848469890625185
58651 46580.9193209374643243518732140893271
58652 46581.6076088086176070557969120339828
58653 46582.0695822439524977460858540641152
58654 46583.2716838156743373551807652555254
58655 46584.2257574608144119695391830594852
58656 46584.8567131505600218790819977932305
58657 46585.4610578643322842038133812755966
58658 46585.9684456624269384660978001111104
58659 46586.8604871969490655408937982766233
58660 46587.5484682972083666562422693398875
58661 46588.0181708653900738736729160876252
58662 46588.6882731716300137043050830656947
58663 46589.4619863119916257124934804869941
58664 46590.5289776535210626067968347939425
58665 46590.8125802223526311612329549271891
58666 46591.4828208607811074610515238577954
58667 46592.2962111809351893588794659582685
58668 46592.7796786006023832842338513984024
58669 46593.9008552800527192721879640521894
58670 46595.1091310595106355441510589301729
58671 46595.3667212935676926728885348662509
58672 46595.7616130921181709148220792554172
58673 46596.7371708804632028781675259835170
58674 46597.3567296879334111395932190954677
58675 46597.9118819389221270068831675305325
58676 46598.5611877588468092217513699419650
58677 46599.1551508050079258972220684038232
58678 46599.9198942834132763531143748387448
58679 46600.9117302819811311374913738301157
58680 46601.3732509618719469079056488335847
58681 46602.6324451850015368302410154374954
58682 46603.1852917540349978361394055678625
58683 46603.8088726090415373449028730401413
58684 46604.0725901995086760033952264568531
58685 46605.2022111022952639303849436500386
58686 46605.6248981748613439261933772913334
58687 46606.6819896048178364766377817754118
58688 46607.4996667642571768382429226626145
58689 46607.7394252156898707663396781625993
58690 46608.4382000258285552605528294168608
58691 46608.7450116527114258392315321594113
58692 46610.1491633311655040071767567409923
58693 46610.4423180300628145060508584762218
58694 46611.5423582646335637610780068761954
58695 46612.2779978107941325982222628284740
58696 46613.0848547726592794729490392570894
58697 46613.8384141527731354731954873440317
58698 46614.3360768800210895885537683111259
58699 46614.9111569953928992124056659575847
58700 46615.4454447921240330899434802276538
58701 46616.1454999240932281492090483896443
58702 46616.8424268011318598381550551176985
58703 46617.8075995227101199816459403120628
58704 46618.4547369777175503634490656134462
58705 46619.0684296744380939926117229612673
58706 46619.8861163006269686049317015080806
58707 46620.6274326480959657400459203834566
58708 46621.4253478342152553996124006194794
58709 46621.9095063001091240397697332652915
58710 46622.9204879911936702430129502414657
58711 46623.6829267154736801216568191355224
58712 46623.9514269347925066060072854172624
58713 46624.8812317321387869848354338944245
58714 46625.4637031264165790524947782532844
58715 46626.1582784857060475391215399747770
58716 46627.0008178291422607890906488555258
58717 46627.2470763829597226014114459027660
58718 46627.6887592137370280343996931648790
58719 46629.4485754829579558042816519564918
58720 46630.0695517701736945523383990198865
58721 46630.7334354037368726935561206759817
58722 46631.1397143632099453109757399728670
58723 46631.9565765712769912273241355403458
58724 46632.4360862142626568733286773924006
58725 46633.2317168724537160527450190891918
58726 46633.9569483567383782443484162445379
58727 46634.7423019485613675778530612871078
58728 46635.1440902122358798010056116710205
58729 46636.0828284042830526920617797798283
58730 46636.7410267913408985739727706602422
58731 46637.4099004487961926332240701095906
58732 46638.0164390471301533278273953846872
58733 46639.1451378532573424632515546223450
58734 46639.7047160737527641789827704456043
58735 46640.2284492745144963870720718621840
58736 46641.4384210545939569987740999378901
58737 46641.9672522247642020031360852601315
58738 46642.4346403714329887052571125646446
58739 46643.1715044471252650396826540052209
58740 46643.5038716241780782866710735631058
58741 46644.2515361862298817315106269845047
58742 46645.0770131673424109963802799247949
58743 46645.9132411776011780792208186426388
58744 46646.6463903642650603717435739929347
58745 46647.5953272306231432400326836464342
58746 46648.0179526604542327555860532222123
58747 46649.2232968690712503423371979590723
58748 46649.6266291864662879340339240647501
58749 46650.1352680250736599416124971493250
58750 46650.6151729138452049271277016919812
58751 46651.5540065403488157327839658145654
58752 46652.5580217570934405651037452247610
58753 46653.0997804472679968890547812577135
58754 46653.5010683916681163738674070340165
58755 46654.3998052244056712805273432445719
58756 46654.8555557208970796269660801767477
58757 46655.4692431293757773601894903692946
58758 46656.6434366169511819523965104892165
58759 46657.3728097118460048910623748216623
58760 46658.3791251970640597185639618100156
58761 46658.9216923385291549359870993249394
58762 46659.2719046960479157947941168646439
58763 46660.0330381738692771930306971349968
58764 46660.7897832556918052590519331870044
58765 46661.5303213293657925391547297739978
58766 46661.8261409908939880213443881937151
58767 46662.7075738689567050262424263438501
58768 46663.4581193942230621966877505143698
58769 46664.0814047615883929686533234885708
58770 46665.4366538629710572208904735354631
58771 46665.7840068522392557886476254010661
58772 46666.3746494324511647259007635445237
58773 46667.0093846550351388499235566946959
58774 46667.8109589107993867226386738433513
58775 46668.7791453899942922896262919375395
58776 46669.4192917777729160424823644358184
58777 46669.9027646380373248470349718058162
58778 46670.5156478129609442600981624522704
58779 46671.4588080344587336990914242547489
58780 46671.7938556845841987953005007230243
58781 46672.4656168182377066408174107721839
58782 46673.2856705481939941293740889142469
58783 46673.9709530986675983631805254864761
58784 46675.0256788899346617363883646812867
58785 46676.0754618595939922416693680369020
58786 46676.3930656651152703470445415492049
58787 46677.0922620736663504911540836089228
58788 46677.6942325790108918152316997143091
58789 46678.4937076445405100113548581897382
58790 46678.8896239888455738963864986215452
58791 46679.3767601986124454983394411205516
58792 46680.6397110031362135391604122000185
58793 46681.4674038443504477202219253588051
58794 46681.7542064295692391637745373342416
58795 46682.2375991844632726906954184411496
58796 46683.2598158627307241116018797424006
58797 46684.2306638457061831773819531539446
58798 46684.8930382753294401297267456018070
58799 46685.4304284517046411196975350089971
58800 46686.2635645927437295839347231861979
58801 46686.9165885540793593431818876565318
58802 46687.7472378978745398538460170455703
58803 46688.3646508980950656350364105531922
58804 46689.0369843010755244113189500116566
58805 46689.3146367538971898651369013250530
58806 46690.0332972779654821748187604597976
58807 46690.7463989406831812281009298140824
58808 46691.7953141427632006209062626343402
58809 46692.6287460431539840742522931970137
58810 46693.5912223922344728361576025381687
58811 46693.9484405610441409595123582948252
58812 46694.7452009741899622691852010708813
58813 46695.3236879605232243152297070229912
58814 46695.8309728079926521158939105856163
58815 46696.8677378025290316261624422124959
58816 46697.3197180171301853927301210389351
58817 46698.2951250676556684434922636427804
58818 46698.5396745994107509970228572921841
58819 46699.4574097709282781537050058774024
58820 46700.3363155917514034895481406935928
58821 46700.6573340135760994656831711057781
58822 46701.7070076497855778128311646109585
58823 46702.0322111736822703532802205925224
58824 46703.6422887504367441998850157162925
58825 46703.8058618519417610102731396925493
58826 46704.8419370194974042710446410228253
58827 46705.3066751222753341021269026885436
58828 46705.7475785130113843457646119606013
58829 46706.2117379415795015554550962979323
58830 46707.4468207048011400873827296284094
58831 46707.8384309846016635719874754475832
58832 46708.3418784259894614422889298436323
58833 46709.2581600422858608116454457549911
58834 46710.2483512341355113506556979711937
58835 46710.8823083596804596368089943972354
58836 46711.7598110609225774319261703896259
58837 46712.3096859180521120345270746242649
58838 46713.1078656989803460716807856160581
58839 46713.4254024684403473362925847084041
58840 46714.2847793111875993626679453193772
58841 46715.1985343887777845872200027230382
58842 46715.9143755596902745440160017047683
58843 46716.4460666584242380487391751169507
58844 46717.1021337939298732485360965898904
58845 46717.5674357578998142675248598399845
58846 46718.3015723185140989241928451992135
58847 46718.8865960233298453700713312839977
58848 46720.4131245280612441983063682518131
58849 46721.0276323380562176905832154608877
58850 46721.2885968707586078747898875474263
58851 46722.1931634932917939694468557277795
58852 46723.1631013339534291300150634971099
58853 46723.5763859887066901185176168608272
58854 46724.0162763511029193705014521815108
58855 46724.6884830190448269114120445867353
58856 46725.4239386045963936834386473444354
58857 46726.1436389942129117516053209760416
58858 46727.1818624652702128317070178625831
58859 46727.8294375699264128571035562739349
58860 46728.1098519727762162312954486424707
58861 46729.3992395086371353694000605251231
58862 46729.7745360860224873644657679107308
58863 46730.5501379386389441883532941746194
58864 46731.4789389420108966017086123331992
58865 46732.0221601488204144340780383264528
58866 46732.8660601826064983543441876902187
58867 46733.4793640242670646273684801188309
58868 46733.9335886250832038676186515018674
58869 46734.5883822838559500205458116203473
58870 46735.4909670383765695645472919200551
58871 46735.8580045260810293507731379637737
58872 46736.7246815451658381344735749287153
58873 46737.3168482217508171420310502777440
58874 46738.7300545748202412167885511657607
58875 46739.3949798795966391869002068366409
58876 46739.9911343698867498633029828165809
58877 46740.3791878328078166044219379793653
58878 46740.9421184984876464287722469012729
58879 46741.6904096188103800179187209914108
58880 46742.6031505972533518997030827721474
58881 46743.1609463679500121073120422509586
58882 46744.1938251425618136137000465234684
58883 46744.3710504327602192707631396245917
58884 46745.1662776021854854388400186656217
58885 46745.8840556317895227080075650766284
58886 46746.8142917775609299447177499320844
58887 46747.7074496703908107362943738403964
58888 46747.8585135965099235403410611048784
58889 46749.2660951029815141656137161130450
58890 46749.7240480690476621623001346259735
58891 46750.5211330998170244197296755408147
58892 46750.8605143368780167192366019786153
58893 46752.0100279344755199879203540007188
58894 46752.2436222077074015858936026187737
58895 46752.7164602542904786009511720890828
58896 46753.4098788540015713143436493673120
58897 46754.3987091096755501287754071132315
58898 46755.4410901559814855073522334024533
58899 46755.8824645727106673214164317827296
58900 46756.9884369925833119820828423629514
58901 46757.2620013436820876666770817074165
58902 46758.0832597004629451678185600528748
58903 46758.9810275182540376762814971173729
58904 46759.4556218935590861085113653156104
58905 46759.9773434805117527886664151994103
58906 46760.7994851614303484998155638347068
58907 46761.6523058119250166521249695526448
58908 46762.3513366603062276037411271312673
58909 46763.0278746896558482541820324761967
58910 46763.3310373641269216247264008775858
58911 46763.9429131589013466280749370434338
58912 46765.0666960430192797443351546871893
58913 46765.9942035866346952079779152165607
58914 46766.7952237657320883210469671692453
58915 46767.5106316460431171182415399668172
58916 46768.0640629565288799475396413866533
58917 46768.4865085888655001747390709182053
58918 46769.3583861541374972027205191395882
58919 46769.9616856420509628039253339698719
58920 46770.4008602735572680952011794630587
58921 46771.4013258917944120173831724909362
58922 46772.1304887873301548276851179576562
58923 46772.4992190219951673593875630441208
58924 46773.6099359865827777817690492282269
58925 46774.4305339339826793846464359090938
58926 46775.1677227286896396437061667242421
58927 46775.6878892096581580561211844855123
58928 46776.3480644252469930958233660606898
58929 46776.8080948240161599220325729719287
58930 46778.2887546049606038380007762675139
58931 46778.6489281064607402254449356957508
58932 46779.1473575622953340490303243810419
58933 46779.6625341706719664571252043694192
58934 46780.3576890723808715985153396608106
58935 46781.2089936928901273542429809632662
58936 46781.7675640210840769101302427254535
58937 46782.4380268528844842050610565827279
58938 46783.6694703963293532094116918649866
58939 46784.2868051615493892824316849301727
58940 46785.1128606886441806740677474680221
58941 46785.7085887516492469873886590001911
58942 46786.3121215303199051741893397762721
58943 46786.9305070858194405527499508727572
58944 46787.4356480210074582673000868856434
58945 46788.1146197303440120558005746286679
58946 46789.1224898511116697690854814096314
58947 46789.6717140301338684215782471831937
58948 46790.3640122012762426141654776098335
58949 46791.3725359827249481595682595048401
58950 46791.6398918252059389588013410983046
58951 46792.2656187995746774936977657782407
58952 46793.5583110329137526168676570984813
58953 46794.1863638516779273176970839754924
58954 46794.7643868790458114441922710144125
58955 46795.6410005251815224207732461053515
58956 46795.9622853265595022769625051852102
58957 46797.0303842696133112196383274760123
58958 46797.3650479301903613250568596701668
58959 46798.3165673390566620640392945554691
58960 46798.5759742020639450077769031903370
58961 46799.2267231219568550287535985353554
58962 46799.9718601043120365133473517094220
58963 46801.5345604514125500253838510382918
58964 46801.8062696793123150206116078104977
58965 46802.7453976098719840330124031210307
58966 46803.0525841217105152864447163311455
58967 46804.0377181242417356669696646193821
58968 46804.4262822761525949010620785220403
58969 46805.1872402552727324610435115718822
58970 46805.9920241199757742074601542041915
58971 46806.7034510886647175029035403251622
58972 46807.4357224822395426336995303164851
58973 46807.9852529391214865682753804022991
58974 46808.4483519450439275692426277137509
58975 46809.3930350167803246577675163980732
58976 46810.2141547772968851418059672816878
58977 46810.7854670217941368131029164081271
58978 46811.7327348021108429471053030800014
58979 46812.4567308224361045594118106647566
58980 46813.4859936487377899993184699123172
58981 46813.9184779630848248189699945500650
58982 46814.2774537541058138437492211457796
58983 46815.1638950655018317306573784588002
58984 46815.4363636179712147832179724432415
58985 46816.2694234770571775702580528490883
58986 46817.2697046952465726298066693260484
58987 46817.8767313380116662762952893906406
58988 46818.5667236045241351481444555876817
58989 46819.2224541388529852824099541985566
58990 46820.4957628192846210713480307368366
58991 46821.0043077947586235865635202613752
58992 46821.3016435406577685987825456234455
58993 46822.0851492841604718560740583124856
58994 46823.0215627843750134307482472375519
58995 46823.6181282879067527331293585428748
58996 46824.2201646539640269013470910613538
58997 46825.3003663747283837725882424428883
58998 46825.6052416103487706502560030231974
58999 46826.0742628777809490458739858817658
