6000 6365.8523210210163818203695385100903
6001 6366.6713533453614240436652385620366
6002 6367.9588135330146836066767816039774
6003 6368.4380942197394378467840685957526
6004 6369.2458829991612604882274016234718
6005 6369.7702290238333361628431444575793
6006 6370.8980504479108222877356575807754
6007 6372.4156823937952773335794171185481
6008 6373.1731524521421458756214663188410
6009 6374.0535343585431263668581088162736
6010 6375.0324049088604830462973947789809
6011 6375.5991956355440816594625250924574
6012 6376.7645491700625269559468093780370
6013 6377.5114399442055743283582440072226
6014 6378.5501457300948093780518086992974
6015 6379.2466241887748051137752876025315
6016 6379.9594097955788997956060269163278
6017 6381.1436652321735808163940985287772
6018 6381.8480390615309565219207700547209
6019 6383.4102389120674989180172693115499
6020 6384.4592190164817776202764416359449
6021 6384.9204885111577824899956605400373
6022 6385.5782035081259386861300085063708
6023 6386.3570771187478397911123553067592
6024 6387.5282941058037326399074791824769
6025 6388.1978505167245362848293740237217
6026 6389.3608533682509315410977660061643
6027 6390.0061522126285716755792666121025
6028 6391.6866454839167938704488332327935
6029 6392.1873286776134104150030026929824
6030 6392.7185751578531631154438458730065
6031 6394.0650738855320558171286215721048
6032 6395.0317407007982422631875671580138
6033 6395.6688696075603502225056841422297
6034 6396.7292597973329196248629604020664
6035 6397.3611306925204931180785621447031
6036 6397.7860811708970355371669956989626
6037 6399.1766403473294160904145872764164
6038 6400.7462386577577215020454269925969
6039 6401.3236259252198835851874937513582
6040 6402.1752906221424665895722580501921
6041 6403.1108865871222677929921798940086
6042 6403.8613975152332679980389579316630
6043 6404.7670397308485647767542413657280
6044 6405.1789619485837622852838378558846
6045 6406.7482838594790674314899966078804
6046 6407.6129528186205134054298599464961
6047 6408.0771609178468226678213130546932
6048 6409.2790211899011173433185444902116
6049 6410.3538013358431561857690882949678
6050 6411.3844693288198705579628162396555
6051 6412.2475584400645330144450479838116
6052 6413.0404200587980457298002173079574
6053 6413.8334513750731857103433189488296
6054 6414.5702900683428030311135879106348
6055 6415.4620761358250690832723125548121
6056 6416.1759089606854718392703087716628
6057 6417.3780528560208808317672364901849
6058 6418.7925996432478880294964357545808
6059 6419.6920228611024157947099876836420
6060 6420.1825786276882544665585602447045
6061 6421.2559358278542765898410908579193
6062 6421.4912286443089114551176534374568
6063 6423.4144861767295020616802731577194
6064 6423.7645089538289380885710083078885
6065 6424.4014616012653537164794823041313
6066 6425.3997473352048543312863368358829
6067 6426.4800141815749813834849229812713
6068 6427.4015283610169600646057035765022
6069 6428.5875837387245280747539558541288
6070 6429.4688486927228813204463217676213
6071 6430.6945719814950066930818197539803
6072 6430.9181861335960754597576221986585
6073 6431.9816832441398876826763444877491
6074 6432.4333030801686384692439532645011
6075 6433.6223874858075787284020990712022
6076 6434.5149440244207301912178219627804
6077 6435.7746526791485207907559834842937
6078 6436.9051859377038587128663341286531
6079 6437.1234066033072966674593892657201
6080 6438.7404810045204171107467017025502
6081 6439.1406186346731344653342230664456
6082 6440.1252264208101105657208476247908
6083 6441.1405738429625558654788825130566
6084 6441.8940994063833026565170481891757
6085 6442.8975336731532305278545189303170
6086 6443.5652661808830240894783424337570
6087 6443.9783720870884419790222286020381
6088 6445.9715152836067896702018390459683
6089 6447.0221741230415688121077162699944
6090 6447.4746181717535796545958290103287
6091 6448.2461328663057406772970433867465
6092 6449.3320547239689766758452421080223
6093 6449.8962087862393325133359900715152
6094 6450.7704490314106539052808713230116
6095 6451.9650727744694224410098171184456
6096 6452.6168093880424637444233710711223
6097 6453.6817856676508260790995253632845
6098 6454.8613073751885205206645753663800
6099 6455.6908206223819951714080498994768
6100 6456.2437584682394223312663745833347
6101 6457.6538678821113965780831603841441
6102 6458.6586110723520568511369057348663
6103 6459.0678274303996174466579237225070
6104 6459.9528313208237042334333019860067
6105 6460.5346394762122057130955600245531
6106 6461.6147841912835413849374580682129
6107 6462.8528141057984436883119510201864
6108 6463.7240971459945320604393908638504
6109 6465.1437208131630528030809049047428
6110 6465.7438739668725376661045643879620
6111 6466.2957337004570423680698410145245
6112 6467.1934478237030713569647551899639
6113 6468.0927909564160763261018001177933
6114 6469.1311251905106814528204208201738
6115 6470.1973573279630509196958183923320
6116 6470.7010778166711901537621503765834
6117 6471.5604574790933448295982961555915
6118 6472.7802015902476561863912090835511
6119 6473.7986486967070542791019182083831
6120 6475.0214934930208189601235130213045
6121 6475.7277546059619553424111910150780
6122 6476.1131239224752658448045642147957
6123 6477.4817057630726290912485464985457
6124 6478.0271766246263766062847096382414
6125 6478.8313429327141042426974387644035
6126 6479.4311392180329265132770472657671
6127 6481.2736791574928090665083770869975
6128 6482.0027903713154001009092845249366
6129 6483.0067046098674317271223449409644
6130 6483.4501897942456680918403501550542
6131 6484.5193232773238602776368134553631
6132 6485.7132093265834126222815933633742
6133 6486.1633742615826990020248946274261
6134 6487.4452152624157434484059274418905
6135 6487.8302168132422145100260398854773
6136 6488.9266207808813152113595094177611
6137 6489.6225759310169996212810148548162
6138 6490.9060978724829260054232128012082
6139 6492.1902104334483010297611000663939
6140 6492.8134865151202896311438510175427
6141 6494.0047106933422879356550351563572
6142 6494.6221253185803589395256931544600
6143 6494.8664540956908769343365415993033
6144 6496.0079747248644660582149446225503
6145 6497.2793082775706490671798862444896
6146 6498.0387694605006766950660950040323
6147 6498.8348632579063091606288651208524
6148 6500.0316894806800518827740840196660
6149 6501.2074539917797857925214642022443
6150 6501.6651843521369450633197391431036
6151 6502.5669722208846268236991759881943
6152 6503.7015434935112977490570380900027
6153 6504.7325097962233546906862896314447
6154 6505.4087299941324772288172576481106
6155 6505.6679006318966121146642874211132
6156 6507.1370200764308881509826627376121
6157 6507.4777526278707977396177677000647
6158 6509.6182528023003800901933237255247
6159 6510.0582081389345367337790397925591
6160 6510.8920540601071063160170817630799
6161 6511.7262231924740627504773029825548
6162 6512.5669384011998799085263411052520
6163 6513.3609451482742040807652807610449
6164 6514.3826242695342496316023359169815
6165 6515.0526478594963981273143704438699
6166 6516.1712902891741792644861262430078
6167 6517.2403308446504235258466194479059
6168 6517.8613878469163158132080304448678
6169 6518.8081974508368738277237739778466
6170 6520.3204926510040592405646379610176
6171 6520.9099649398576575444084486040368
6172 6521.7888723863378349179277373644065
6173 6522.3715970809451867124750661824629
6174 6523.3773191262187356631179473635750
6175 6524.0891230529592895960518521221138
6176 6524.8987640442547811404365995309232
6177 6526.0825626907242524124994338463321
6178 6527.4317663639887993926453135327354
6179 6528.1879044652222298839652652550592
6180 6529.1036098317162608149041490945038
6181 6529.7610239403411501635924237787691
6182 6530.4276717557561829994395358220267
6183 6531.5987075018506356628024797448070
6184 6532.6935671378081111163289052473758
6185 6533.4914294060269043135258138010266
6186 6533.8713870724642513113182367890582
6187 6534.7629370120532922792930884072667
6188 6536.4700536983578993474882464895088
6189 6537.0546502137402647804534659519259
6190 6538.1426004023965992858616763944083
6191 6539.1699845479602723508655381688261
6192 6539.7249609848984651195300943232505
6193 6540.6389067602322976013070422285705
6194 6541.3546591551903165523231529918902
6195 6541.8623945830975966508495668370279
6196 6543.5176570495251903070810507020903
6197 6544.1175088667359912423826948438181
6198 6545.4067613055113179301608031632257
6199 6546.2038531435267576541973453938523
6200 6546.9261871866191058791346772140577
6201 6547.8493607571349569282115677925841
6202 6549.1298631002560389898360287224889
6203 6549.6917893535545540807611403773774
6204 6550.2834491958519659030472078479781
6205 6551.6067506060228853786879058078354
6206 6552.1379136512644898770758747572164
6207 6552.8226867856840695901116269152133
6208 6554.1886968308066504012540054483968
6209 6555.7768666741925859314724954301767
6210 6556.2901641575917085361353344220298
6211 6556.9327876031610030219247198043912
6212 6557.5508661839592788425267360512264
6213 6558.7102656960909584117947760061733
6214 6559.4594730936973987301564887358427
6215 6560.4852362484538513560090432567526
6216 6561.2463759420283885290282485539293
6217 6562.2609582553428892266720542023146
6218 6563.3694219956599796966851208092870
6219 6564.1660041973831881496288588124723
6220 6565.2258967254263392877158695449524
6221 6565.9164636788616029363816527397084
6222 6567.2221237042138335052311823856774
6223 6567.8109429585761172065382159924345
6224 6568.5851106736087415901834544846245
6225 6569.3193542068484057520120214625319
6226 6569.8662890551125324844578691568154
6227 6571.3493970801333316798975216456237
6228 6572.7685405384700619398090793451129
6229 6573.1662637394213966488618378112537
6230 6574.2300846453676497210096819603254
6231 6575.2793642684237550613191619470336
6232 6575.9210417362861561231188524693872
6233 6576.2900077328594116969130599246756
6234 6577.8424447273935276922203357922681
6235 6578.6683405449791093854396015058146
6236 6579.2817267665803511841047926364295
6237 6580.2531324754869862971811613102711
6238 6581.1067267924641985081342674319449
6239 6582.3662350174224021033275750527659
6240 6583.6479898934582668649310178607821
6241 6584.0250652367136741435481927476196
6242 6585.1521492591158602100100427645064
6243 6585.7660657492533014729303042978470
6244 6586.3651176076486836919358108685159
6245 6587.6799350190460330996299883514777
6246 6588.1335345150000234297777068520285
6247 6589.2102101946373618265260752080614
6248 6590.8632052773954621271991307247781
6249 6591.4910485929581499274660418120798
6250 6592.1440112286962779012186579091646
6251 6592.8459500100570183699349589516528
6252 6594.0350624293822185030447224026759
6253 6595.1821413815705873841279048536191
6254 6595.6727795839890832489670168917186
6255 6596.5002045226540242318928339281473
6256 6597.2651703196660121486733745227958
6257 6598.3406954836929173905737709889168
6258 6599.1760467684077330559414013403775
6259 6600.7537804546605413605169014393377
6260 6601.3474579843753605999994248135471
6261 6602.3905279886401259688962384702987
6262 6602.9777534816567130515729915560606
6263 6603.8971388371482968852477402789040
6264 6604.4271671390002441300929882051047
6265 6605.3995543402706341540562323180009
6266 6606.6945807880183051367354258656919
6267 6607.7654741891137084556467759408580
6268 6607.9677817891327454628141426780516
6269 6609.7419179662253461525034850020730
6270 6610.0944156773091202569329525460908
6271 6611.3867973959955619300226248246121
6272 6612.0079752670097565202570792449425
6273 6612.9079775018093970402140640715302
6274 6614.1038293903878683023553399874927
6275 6614.5253543517447782534633123327283
6276 6615.2456046734168482749226412639090
6277 6616.0013210930938028578471300458598
6278 6617.8231203416304443258330861234687
6279 6618.5825987542584179421927493491645
6280 6619.5982038803158480876020350134862
6281 6620.2436530817689394086746195531012
6282 6620.8018462204454181572209044827290
6283 6621.8975934443528506742153708176266
6284 6622.8961502637232384174872098885673
6285 6623.5749683538038242212983193463303
6286 6624.6637194629183267605868908462281
6287 6625.2501257905512095329236088221923
6288 6626.6362873004963038108747028367052
6289 6627.4602417619853315557283501469610
6290 6628.0618366525592597252153923814182
6291 6629.8912811034155271536475712750136
6292 6630.1104184299529307032241176168279
6293 6631.0382682165021486941752471522759
6294 6631.5476981833366928973354897067995
6295 6632.5486567117973773119485679941738
6296 6633.4840020207273124201796191323483
6297 6634.3525981345593720510204935023544
6298 6635.6967754907458721283215006141871
6299 6636.6542873382662033418317248434926
6300 6637.6253636813437726831262325056583
6301 6638.0904738505303201815607526419615
6302 6639.0757533705158338841533658245343
6303 6639.8595624355623897378718344838703
6304 6641.0551208324405374951660745287250
6305 6641.7862286418660411047539432101419
6306 6642.6442836337124922505924809452110
6307 6643.2925475423329426917436481648538
6308 6644.1199028684434279421505033154559
6309 6645.9184023721572203635715765346000
6310 6646.6117955384769261636497142464255
6311 6647.3224238632127702137480520201222
6312 6648.0779195973468566842460970755355
6313 6649.3840899335572177836687656504578
6314 6649.6473519765432052963047420198088
6315 6650.3831349798610118073326698676571
6316 6651.5451394337644125142399908586680
6317 6652.5836610099934490255070650462807
6318 6653.9412406791724624063984558169427
6319 6654.3662684862308800804856956070583
6320 6655.3345734485096358764582529431512
6321 6656.4461146773131930136229185450906
6322 6657.0537554928113466893749649143882
6323 6658.3357072293747594295508838960212
6324 6659.0550778316433443769973380197148
6325 6659.5218423207476397120703875560660
6326 6660.5035555986705738763357269450048
6327 6661.4616489333722203940069032967013
6328 6662.3467206316387926233502343252416
6329 6663.7190226783084701694386613672078
6330 6664.8729169504756172434326655847481
6331 6665.4329169539792055549754286511212
6332 6666.2360979258174923781573563665543
6333 6666.8083530824964535605567545284050
6334 6667.6163508993130298514567140974132
6335 6669.0973622698375717622723560932512
6336 6669.8100095176073771438453921706245
6337 6670.1757023139645309032260142217892
6338 6671.7137788089453419586041480619924
6339 6672.5264653951319637190800420181654
6340 6673.5394181821294585817518148062638
6341 6674.2543595539382924401988264958163
6342 6675.6081272352263028270969947836046
6343 6676.0210795148653809504429335816069
6344 6677.0340620706781647925160006461056
6345 6677.7736023134347962369881078358893
6346 6678.4381978689442625878573496947460
6347 6679.1473004229443908464066239706880
6348 6680.8900980381884669225218836997418
6349 6681.8851272415685760846592618160442
6350 6682.5656403066991262671801525969761
6351 6683.1846178114996752086554342280046
6352 6684.3230871449829979148803044500447
6353 6685.0846373654159922170978533865711
6354 6685.9362443194873248816948660978194
6355 6686.6563497515175390129024488192327
6356 6688.0407419207551220394121079626076
6357 6688.5035021351931936084797527078353
6358 6689.2599354617621103173367812289287
6359 6690.5087075285384649918146970983051
6360 6691.7049200092548435557623977925073
6361 6692.6475412547491942189103311373661
6362 6693.4996518711016910216463138144783
6363 6693.9815160360877291375189639943708
6364 6694.8237028849150213308272399576652
6365 6695.9389818362888216806875920431694
6366 6696.2723106469200291717469456384772
6367 6697.7790046864516859410742183494111
6368 6698.5076796229052085318898774474860
6369 6699.7616392181282794560868320699180
6370 6700.8713681814537411386699375491481
6371 6701.3757982368715441396463341463773
6372 6701.7846783304730566657453039673920
6373 6703.3368066779399873318962878557687
6374 6704.2705894934249944428094610136725
6375 6704.8736860153970160242279153794844
6376 6705.6401061656905097077189679487460
6377 6706.2140759977981497360292721587824
6378 6707.5351686326138716505129215144229
6379 6708.7210486896811659721428488623300
6380 6709.7269916992648873086095561230065
6381 6710.5451763895619132488093732611305
6382 6711.5030246579971616723840446794770
6383 6712.0899038681221888525798137925256
6384 6712.7317599295463323703342727695379
6385 6713.8253453854459956918366266957127
6386 6714.5524638908727047795222793027695
6387 6715.8655763874749490100941404433659
6388 6716.5583659725717292001586223014534
6389 6717.8096750114312667507344165036477
6390 6718.1865197125139164094142442921183
6391 6719.5596872050519366070584369283002
6392 6720.6261961730928661247727959094056
6393 6721.0434293197017001592563558018524
6394 6722.0476682493475970201879975751429
6395 6722.9141702547970792556487906971950
6396 6723.6497849450998892008146661853412
6397 6724.5732844185118361333300888636316
6398 6725.0628012404170492982334635620915
6399 6727.2034842134040625116347743954003
6400 6727.8613530288481825567552049720238
6401 6728.1910872989975667378547450850058
6402 6729.4860190964508812675950671293514
6403 6729.8952372932086042722761796973350
6404 6730.9349466616145854717220586299123
6405 6731.9612488797758198562479540836922
6406 6733.0131972726111410437787721036516
6407 6733.3526519700283907888679722830013
6408 6734.4914113336366626608600038975167
6409 6735.7445237747820034849972405841273
6410 6736.4096053577992912841158735599605
6411 6737.6512279004983829027378333807243
6412 6738.2971810919190829923389412437992
6413 6739.5524138121807208168855438493015
6414 6740.2617217348611358120991499926031
6415 6740.4576974930201431479236829302873
6416 6741.3665276174796051643517329881239
6417 6742.6740483326934479134224041244730
6418 6743.6721832454239167766843027188197
6419 6744.7251465061838530747113233663349
6420 6745.6708498320264537060838283638309
6421 6746.5930808798466147491838934893290
6422 6747.2424378905605690404871807613600
6423 6748.0291724198166893593050536074607
6424 6749.0310102373070912941807235451665
6425 6750.2136853422224560029698897485514
6426 6750.6017595397446634428823599079380
6427 6751.7863257114481806417836027386198
6428 6752.1780203611046643196286165937177
6429 6753.4369047571426626662101712228385
6430 6754.8008702746635607299107071608372
6431 6755.9290607212538457343275439856608
6432 6756.3490561645649724452250430128539
6433 6756.9879122688129422309670801351406
6434 6757.9688181856547203243873860817017
6435 6759.0405869611047493266481022728122
6436 6759.5019321282590261609948240979445
6437 6760.4624594005947635559588906282139
6438 6761.7201803248281934236527906241516
6439 6762.8714939117470165138948444054046
6440 6763.5508051039109998889027699716575
6441 6764.3154309665113045569956153470785
6442 6765.1775070034655375360951892756927
6443 6766.6264183438416525282790891147531
6444 6767.0553878421267342559492316464918
6445 6767.8264974440456222216993113259582
6446 6768.7627294728660563686433886795616
6447 6769.5856768370719522346920405620472
6448 6770.0938793963882775403818005237406
6449 6771.9551484248546773500965451850735
6450 6772.4956929950842002947822078728485
6451 6773.7403830494811323223904565132598
6452 6774.5729468025764877704745335539214
6453 6774.9938401080701574211395448489729
6454 6776.1466850024398993442400763485994
6455 6776.3592359973865774868776130976528
6456 6778.0948595143068245895389897695046
6457 6778.6841720788367887873390082150792
6458 6779.5860180712407620235755556335435
6459 6780.2175371077305488594198310593557
6460 6781.8939876243815062991574135155423
6461 6782.3535936584820346852355549371568
6462 6783.3530365924791376682103384033537
6463 6784.3693411232434339211319469531520
6464 6785.2264557469542041316937143123175
6465 6785.7834153640019863192897113386877
6466 6786.8600122009884767725229812953579
6467 6787.1907233062758503123389604696902
6468 6788.3592879177391266424406921389949
6469 6789.7956429943130580184705820993695
6470 6791.0289154554092570576183908528316
6471 6791.3764097155381111615494787196418
6472 6792.1966989816552810793203749294105
6473 6793.0615934446360236247614657527476
6474 6794.0966238441726797337998662240591
6475 6795.0078156681049883533587549191481
6476 6795.8969192497787163552318315532399
6477 6796.2955550038957999391373535086607
6478 6797.7741358809025732583279708668542
6479 6798.3666256149054555303889482061628
6480 6799.2733223549854765729868290605830
6481 6800.7720514173688090736341549816226
6482 6801.6569882804156702460169481285735
6483 6802.2241324159002483705587020073487
6484 6802.9571303396546258490545701358758
6485 6803.9059594805925273076202289843283
6486 6804.3696224048813316782350910690164
6487 6805.7317855788910335941625413281900
6488 6806.4014677431435910867411521140968
6489 6807.6895860813869191608965533431184
6490 6808.6903015968140860079913783891219
6491 6809.4030801637824532744952630599743
6492 6810.3663311813205591736675217223285
6493 6811.1570363900807474223991011297973
6494 6811.8507648377498608449764312997226
6495 6813.2421603137092715367568480981710
6496 6813.9373106082877778882924562798645
6497 6814.4624659532297687216763906920612
6498 6815.0810963071208160801646172405214
6499 6816.3353386474455768038467806174185
6500 6817.9574783219120946981819114795078
6501 6818.5956481092090830125916516469456
6502 6819.2003788657038493348438201956479
6503 6820.3894956361550368655080796516540
6504 6821.0290543049780640522768751347470
6505 6821.7006400494110340899684134117644
6506 6822.5037195186525920514552739931463
6507 6823.6872030332401479641393899897989
6508 6824.6190850227340866016646826498277
6509 6825.4308334301798708446230467529466
6510 6826.6945587271058610936207207599625
6511 6827.2151958398168841327505858038744
6512 6828.1960241158847014873447483122759
6513 6829.6003998804062863039126447285426
6514 6830.0830273782271556506993153235310
6515 6830.8702136208914689528493350122190
6516 6831.5450282546025456333107180888186
6517 6832.5562382351387914723744013224125
6518 6833.3892604218850376474688410694954
6519 6834.1778586524294100155864943277838
6520 6835.8016281186515394627029121708681
6521 6836.6543393083837726217543068414128
6522 6837.6080076633487254967611356557590
6523 6837.9619271283072769934338075343783
6524 6838.5736553178604008368366777013529
6525 6840.1609591582464946582803199826276
6526 6840.6294440187816279223830282950941
6527 6841.6521288083439427063069308814063
6528 6842.5684067409236271298125334025878
6529 6843.0977168121787832924168812010274
6530 6844.5420694265375346364612497535963
6531 6845.3955965465738832729605599731703
6532 6846.4376006493473766896390598216187
6533 6847.2308691247429149579276014060263
6534 6848.2113147790618519323080837997247
6535 6848.7759082036150529590241316978022
6536 6849.8796682620965462934525807944458
6537 6850.1137165741324334460705795756287
6538 6851.1159112701809831403241180020115
6539 6852.9886394474845188348534223709530
6540 6853.3664850791109073779011365337963
6541 6854.3634670968181853432275381022964
6542 6855.2924918168726858848603115552269
6543 6856.2622832564456746275001040214423
6544 6856.7601316716171360650372040066458
6545 6858.0494118005695076856996385301420
6546 6858.5584292143759314734962040371119
6547 6859.9224639593766453177061221852632
6548 6860.1878588993682376352058708568920
6549 6861.1083056614117449993261632527756
6550 6862.2515523261971458271379257724185
6551 6863.6615606619656562788934526222543
6552 6864.4680787143675628508878553885991
6553 6865.3201962295580650517128157930239
6554 6865.9475333295576412548484875086338
6555 6866.6059574223160353684397463890270
6556 6867.5072917433469709987081570036509
6557 6868.5821536416898926918573746456839
6558 6869.5691277476833800504552253060007
6559 6870.0249345508404479507818839908468
6560 6871.7890738567012303084133130900821
6561 6872.3724483820018053249566107152489
6562 6873.0727236139716192864073204417747
6563 6873.9346940342378862770720728504999
6564 6875.1533240996139092048575950037671
6565 6876.1453158616632712389450285129427
6566 6876.6981174103106999194728293378194
6567 6877.2376465769329456364404965515568
6568 6878.2588631246132733939387815113787
6569 6879.1124218128943109571247681633779
6570 6880.3779424106039451538433877317164
6571 6881.6880383842129934597521796714718
6572 6882.4451973585254804244014226722143
6573 6882.8385772111288845128921886238684
6574 6884.1813014668348974594019313264708
6575 6884.7013842785165889057198332744699
6576 6885.2632827502610752917206103799942
6577 6886.6236611191151665487124619437006
6578 6887.5499683082991990018558865870392
6579 6888.2509928670999808751980823858017
6580 6889.2896810882474136222143539914981
6581 6889.9772755090680769588414567659792
6582 6891.5373728354636766045148402850163
6583 6892.1827382606158489070785008869843
6584 6892.9509765021174086201911277783078
6585 6893.7499415604757183346515401258212
6586 6894.7257962912286566458381650659787
6587 6895.6153871723481465756702552466665
6588 6895.8403119755087706234040621307165
6589 6897.0820032258740904012004312205815
6590 6898.5023430140773668747767306659181
6591 6899.5604146785533688026787342538621
6592 6900.3187429902444718132022650558039
6593 6900.8581097548490486014125438380850
6594 6901.8343153210345938493286371895239
6595 6902.5786768722280001268812612534269
6596 6903.9379982272946082319647566810372
6597 6904.5351863649318855929464819323271
6598 6905.1406614386428242098234551106855
6599 6906.0940628945617019015030033683893
6600 6907.1400326304385345292902978848661
6601 6908.4422818980695145160335705968450
6602 6908.9030895412931751057433891170629
6603 6910.4722556987437749383479602471457
6604 6911.0489245630718709489865297158709
6605 6911.8199068311336133263711413156070
6606 6912.1921445763358825082872563826965
6607 6913.3035555473999064175423488501039
6608 6914.1875433710849141889364606577777
6609 6915.3291173156620216367255028254825
6610 6916.2450639289284055849278634296257
6611 6917.2164684240753039326074569589883
6612 6918.3575870138070533780229750317031
6613 6918.8173566630684213203714475304622
6614 6919.7503510560990859583092707759034
6615 6920.9674734147491409806451003377665
6616 6921.4838279352227377932221459700597
6617 6922.4809739991568094531797992848194
6618 6923.3540340458659656302243388207436
6619 6924.1458840357428622261577958285507
6620 6924.4604278193886227784281257504117
6621 6926.6548313660461475283254860984733
6622 6927.2867978376896783812166324424395
6623 6928.0716632565657968684931330204038
6624 6928.7194318980004466905978463986211
6625 6929.6270519130548184299642673389694
6626 6930.5288900496335076508609388305229
6627 6931.3450586500230646051238136209880
6628 6932.0232508073936513992009952552959
6629 6933.3045725241875261057548756551583
6630 6934.1845359832108368245981046375454
6631 6935.0453708947623293438635330267623
6632 6936.1081343424330762384694035440085
6633 6936.7387490303018192046670962384124
6634 6938.1424600695686268781384704552687
6635 6938.6768249981278326521636731858958
6636 6939.7281744167386979168813913334102
6637 6940.3113446037554312465808871467369
6638 6940.8026495799423444802537147480212
6639 6942.0494003246266451265980969523043
6640 6942.9477985505658009611561073165807
6641 6944.3121639190048269021389621562079
6642 6945.0715005634294207122564460132734
6643 6946.3114645582664398926829475307885
6644 6946.6613911008115379931239269941168
6645 6947.4726319635273314669938927359931
6646 6948.1439686132562575093538713655419
6647 6949.5842467284729212518944231997721
6648 6950.5580318393208966873630651842217
6649 6950.7787188004129988451525301543098
6650 6951.7317567706731232947260074772856
6651 6953.1707172409026707005745572848392
6652 6953.8076364829484555332875582818204
6653 6955.2615585519683332553412836408742
6654 6955.7884415348294837595497758675623
6655 6956.5460436365525430109562179973251
6656 6957.7559937038826664471499418296450
6657 6958.0328916597834137226445239842939
6658 6958.9808432887552121391191435410662
6659 6959.8165664847972888558454248273653
6660 6960.9014797515205609356377775065949
6661 6962.6074120616796115787195352503090
6662 6962.8702259965559724741326904677518
6663 6963.6802844813581377952102292397661
6664 6964.5336840790569835238602033927166
6665 6965.7967867549724532665365095848102
6666 6966.4786353988407681367345582264522
6667 6967.1409980809770257146582986684886
6668 6968.3165010865794056318063796371361
6669 6968.8018283388755316611531490682817
6670 6969.9322377609975792912258911244541
6671 6970.5353687436660952540334193074286
6672 6972.0959361457530451788737536575065
6673 6973.2624145969068104905336468451969
6674 6973.6546564890821746510829589550193
6675 6974.5915106708168906142212985359064
6676 6975.2951979542347375049240599930281
6677 6976.0082576628779095323103850093916
6678 6976.9190544907092772169663378511558
6679 6978.1816150189057868933465648517245
6680 6978.8423931589549440808717411817021
6681 6979.7628434174119896850442602864612
6682 6981.0043321765920486151284584624796
6683 6981.9768666838244389133804208041873
6684 6982.3974155795838429343133816506993
6685 6983.3852898480101876469774677319864
6686 6984.8438748442277633750010286187907
6687 6985.1517218562328274932410870815679
6688 6986.0036749609568544260606667477352
6689 6986.8506336755177782823081199710106
6690 6987.2541263227946039622830239324992
6691 6989.0318704652078353544822474473694
6692 6990.1131716536887881413284877317845
6693 6990.6787113348334914194946616494666
6694 6991.9395201703680632730132679315821
6695 6992.2754982558379343901729337132549
6696 6993.1590838275055276215585534584508
6697 6994.1099784175608436104066191697697
6698 6995.0393397330088015101368241956470
6699 6995.8193518756857947502378950725541
6700 6996.8869758704234443404731912173981
6701 6997.8086973489172848829055150583058
6702 6998.4987952221067480998088420856635
6703 6999.6826786545564822970499059136758
6704 7000.7176875888045202941949797671135
6705 7001.8559008907555706540661850053345
6706 7002.3528358514753627967238424349096
6707 7002.6915086805398253656787817006702
6708 7004.0437234993286768681900111882853
6709 7005.0628661749205813803437835888415
6710 7005.1005646726467215687204319795170
6711 7006.7396623839491132765194710814942
6712 7008.1147420573949078853241306185481
6713 7008.8174736332548757707492075177848
6714 7009.3677507071490551906871853828139
6715 7010.3540804723651137273375958075396
6716 7011.0005018797785969097723772946618
6717 7012.2361459789587388117742386128815
6718 7013.1584342236389772439599517960159
6719 7013.7064264790374840281822459942519
6720 7014.6298801550819636555081082995836
6721 7015.2804669242092771546608579353866
6722 7016.7216102956623510764861311607335
6723 7017.8354358236356047494191721365123
6724 7018.4822238077437392155051676027106
6725 7019.4377969460299469504389373962156
6726 7020.4358773825404537747607926313208
6727 7021.0230661092845171350889736909372
6728 7021.6575572471575842358754656297155
6729 7022.2952244440441982290676321798720
6730 7024.0428320315907610850868981787739
6731 7024.4551657024306432819021406091598
6732 7025.6993040462432919471229070174874
6733 7026.5947237317961159158404468783799
6734 7027.3083066637397319921198807076864
6735 7028.4544744274520979673650213442376
6736 7029.0267363813939129420754437326267
6737 7030.1609378124449892800699787050853
6738 7030.9164806781588929281163642316161
6739 7031.7359080856730764260707708756050
6740 7032.3267893931643933694254131390436
6741 7033.3748332996741186542189465957937
6742 7034.2920198751832570644486968534010
6743 7036.0429834502358123754202496129124
6744 7036.5903282382503993468952777489604
6745 7037.2876509711987770878915882857422
6746 7037.8263787916755263358573177501999
6747 7038.8921591177555805994360601399269
6748 7039.7246908530863871566157212644449
6749 7040.8283120588010624111566735140819
6750 7041.3804673399971527283312129409531
6751 7042.3671906902424186310001918511709
6752 7043.6602314218966348590385279929840
6753 7044.6448955462713676601692391658866
6754 7044.8316353170589627582892043466790
6755 7046.4871851807291609457609204152493
6756 7047.2250720492546001758794044853134
6757 7047.9484384541793564127641385397669
6758 7048.9494018639696112858875338398320
6759 7049.2802725166990459239008345299035
6760 7050.2972131718487270883319575368172
6761 7051.1260756032520079655139776390667
6762 7052.7311019981767292825161650011789
6763 7053.5298314098406817815566959380447
6764 7054.2293257763200413443567041144675
6765 7055.3622543259116784383907036758838
6766 7055.9860049434462305366175757928881
6767 7056.6147581348213663060425239306470
6768 7057.6408593334854752300438415839064
6769 7058.6297804537283652212739308260860
6770 7059.8895968937142813979034652486735
6771 7060.0465707717957573381616816431284
6772 7060.8973003468286242370840784165266
6773 7062.3966718274881362952092302108553
6774 7063.5166987921507075644488079396586
6775 7064.1115433912152796018381316646198
6776 7065.1493285259326232261530420396666
6777 7065.7838285806697431941142033816471
6778 7066.7006574751638894086939323261252
6779 7067.2322755078398400388008317775914
6780 7068.4076646475056753188770295178014
6781 7068.9108235848907448331946483325933
6782 7070.6317755417773192251729824352428
6783 7071.2575490387368093488340104578496
6784 7072.4371150545691826515415569123010
6785 7072.9831875614585423113049992235001
6786 7073.4666629949168960164151919386057
6787 7075.0671364148411384484168229345880
6788 7075.8908735534468109039416526182904
6789 7076.3424641501851707792574970727731
6790 7077.0659124719970599031534079819798
6791 7078.2716188654312950679179519677019
6792 7078.9318908042481275809890227479333
6793 7080.1373042624138003355406037915351
6794 7081.3290455678526859206682605528886
6795 7082.2786421998726366006558623458928
6796 7083.0242062120447990309709526698019
6797 7083.6207341810473778586443920485572
6798 7084.2990677967832842728151813062520
6799 7085.2487287978664195735859801995879
6800 7086.3067314392449937400678290079569
6801 7087.1862392372898235221811720277896
6802 7088.1727756464569499585702382882519
6803 7089.0624819204489328949514112791301
6804 7090.0423383539937024656358772170440
6805 7090.9947739089016785160905209766979
6806 7091.8675038728597846022697053897655
6807 7092.6763422512681253519276012601545
6808 7093.5025117623461605386417355749254
6809 7094.6886959515383958126753832459146
6810 7095.0857203831487607788227947211546
6811 7095.7256025616092487058080928188395
6812 7096.6341056382540035072944085430564
6813 7098.5430922999490145186289590699415
6814 7099.1057477062669852553241534743577
6815 7100.1486095188124466724134521110577
6816 7100.3746741315541922186808764791238
6817 7101.8050607781711652773130887217718
6818 7102.3263504948771300801791143256569
6819 7103.0385862808588894064357681253358
6820 7104.5103860601785081340159713369165
6821 7104.8536534293357486395655631684765
6822 7105.8402046179221147866539841873455
6823 7107.0894071190662385389593248012915
6824 7107.7345433917303672359176210092728
6825 7108.7760716957537807482215665707006
6826 7110.0018605789412389728891875019896
6827 7110.8902942491229348202890986631270
6828 7111.1962203684592864526941491303885
6829 7112.2805529461168794122993029558131
6830 7112.7003322338133819738876934714196
6831 7113.8749065985603731107270641652855
6832 7115.0042760764711468221372404712217
6833 7115.6667291770261941900312430953599
6834 7117.4122243245858366832635535527717
6835 7117.7509257345407496070592477531409
6836 7118.5333358361630640784114936885546
6837 7119.2836653607475865477304679862119
6838 7120.2507690532103144351699027501627
6839 7121.4215168821932001585014461417737
6840 7122.2058517736348200872504345095335
6841 7122.7165942780051790823079698657085
6842 7123.6813705825038305615811529538209
6843 7124.4890581082639743242572009720155
6844 7125.9158368574315602046312077360330
6845 7127.0351118993732192592981664385949
6846 7127.5698832378440459103574318266007
6847 7128.5643265824006784454682242760098
6848 7129.1141478366053439728625329689431
6849 7130.3299851235992887067516200758721
6850 7130.7107171386848820682120830508824
6851 7131.4608145450081164532611270469781
6852 7132.8748077579006361161679741211375
6853 7134.0039376570233408503002953033312
6854 7134.7231141549687565942954337403354
6855 7135.3846228340664914966212811988701
6856 7136.6407491826560534310856362569580
6857 7137.2882359535036960447097291881012
6858 7138.4676860631009005584222094570944
6859 7139.0269028435523926583240815940995
6860 7139.8571392717828945865885366530581
6861 7140.7938420974381831955583749748716
6862 7141.5468921894836396024613462091307
6863 7142.1721951632329598266073116534649
6864 7143.9710770694891339898845983613683
6865 7144.6426720746796863821640835937014
6866 7145.7068914911725499025770097686561
6867 7146.3858833166616090091002702276541
6868 7147.1522142469561617414247210136681
6869 7147.4213422559991260426090417200412
6870 7149.1028313039301320177949735489323
6871 7149.6906493652787477021473074958576
6872 7150.6753863734720287038669341348415
6873 7151.2410407226705036145774745145563
6874 7152.6731383487528484443442605387312
6875 7153.6294144301553193169997329281668
6876 7154.1835651469835725948312893666658
6877 7155.2230165587159718395339315975251
6878 7156.4837670965514895695649647177048
6879 7157.0695736995542057638152136265397
6880 7157.5600091339497878098218496753767
6881 7158.4797215591108276794176694624942
6882 7159.2306103928818068568895783019438
6883 7160.3324454346759818069484573059020
6884 7161.8151723211870236525781124818001
6885 7162.6379870168032807963187725445564
6886 7163.1374871992122475592784172734906
6887 7164.3719359186466418921158173804861
6888 7164.7119871433454297870748518250476
6889 7166.0425268622679832854616514162246
6890 7166.5324473894844765623267493466505
6891 7167.5956139113970273169545643103635
6892 7168.6439151005658865119511791264898
6893 7169.1920358568924917449571141669281
6894 7170.1615016055239253402730298184572
6895 7171.1357059604601371867003451012238
6896 7172.8067442728936386009387270211179
6897 7173.3550881878460740017792851201076
6898 7173.6227709056667023758514168116972
6899 7174.9079559753507303543816045111255
6900 7175.5474785197912750396334739118818
6901 7176.3807459808915063956697231017189
6902 7177.1358200867108266363762742439054
6903 7178.2804382689835394564495820355687
6904 7179.3693265601708934930537549664515
6905 7180.5576719654478062728469839416144
6906 7181.1407981886470135829737677618264
6907 7181.8556623612130251173361386226298
6908 7182.7616478774330511201915634132228
6909 7183.8504951166859548752319523828445
6910 7184.7208597121835504473641522559791
6911 7185.7253225736821243129460476264302
6912 7186.0279413119368805193680804379208
6913 7186.6896664285968970251240963630254
6914 7188.3225945088391070861804999560191
6915 7189.1456904993701586321346437332996
6916 7190.2946128428705930352363507250787
6917 7191.0679009378354915332521430899026
6918 7191.9837333125830843097134625658000
6919 7192.6823987278737872261750066366905
6920 7193.2210501469655822947639496504630
6921 7194.0537412910150910783944417278916
6922 7195.4217907123311068532044428147527
6923 7196.1877627654157816384888351256794
6924 7196.9578142001868576876158971504922
6925 7198.1436063640303577036983072518791
6926 7198.9934532068235809498089740404215
6927 7199.7444786345508945332832582562227
6928 7201.0571497770883224624873772828624
6929 7201.5777940241157921595342486623129
6930 7202.4814148231148164028715423988456
6931 7203.1720446868594067471746873639834
6932 7204.2654863568925170346825889988937
6933 7204.7640224492268420270752014177750
6934 7205.5230769747990737433055019987664
6935 7207.4450171146932658198693117679971
6936 7208.1901708541461419147509889756964
6937 7208.9277242116901357383596594807521
6938 7209.3835500257757251612356518601855
6939 7210.4137885772751505859491231062088
6940 7211.3353234957011833153119766470887
6941 7212.3633967685721183464384986988656
6942 7212.9634077015933491040330413208386
6943 7213.8367667673766058560336956930725
6944 7215.1019575427893422625328961638025
6945 7215.5327295219182950955152349438655
6946 7216.9530960551714363957211987786383
6947 7217.7108670568854232028039652983285
6948 7218.7312853137524653392056675393820
6949 7219.7130451591469338537670920299367
6950 7220.4321475464812222265719335228343
6951 7220.7847119728103038785265902242204
6952 7221.8580482324029097526774417239708
6953 7222.5388632526220048000444267005522
6954 7223.9613295090931383731025717716105
6955 7224.9602757931965936193167470041991
6956 7225.6646372854465990017017925548390
6957 7226.8262324211872369172188846772275
6958 7227.6706520978448631879910913832811
6959 7228.1049734355140365851796682250757
6960 7228.9639845929100477370134941087544
6961 7230.5789798497595920066340373731065
6962 7230.7818965571723072561701693805469
6963 7231.7121682259552554540039930580739
6964 7232.5073372223485576613254131502274
6965 7233.3057256019159463689720214685377
6966 7235.0324103579397972875041979756282
6967 7235.5920476010082637839146316896199
6968 7236.7152931417308411992239005560032
6969 7237.2927009881941767364955434056669
6970 7237.9238155496524879963842881854041
6971 7239.1071383586411926036996278584171
6972 7239.4928249026312690421867644060274
6973 7240.7445745801140928198485614170544
6974 7241.3837375229159211524203059083544
6975 7242.8130034287811725470673744940016
6976 7243.9083678025157637330679321192310
6977 7244.1947398838362866309371506835057
6978 7245.0483511709162204978722992959700
6979 7246.5219716617347633707753166940430
6980 7247.1727432116858866032746416000473
6981 7247.9801351648979685798114197133211
6982 7248.5588773260294508823127263616016
6983 7249.5755158202989889629441197181641
6984 7250.3113068821722847234743214706800
6985 7251.2355731522371034036743138919815
6986 7252.5791333343875345191126163649978
6987 7253.7769677204766146185757609485659
6988 7254.3815813726369493828667097680788
6989 7255.0402284349717389927379366695463
6990 7255.8946164934276584768747961964425
6991 7256.7287425073024610384903519025389
6992 7257.3588092974698502268066463517362
6993 7258.8841400878883111050797582202765
6994 7259.5195926969186705436988636031425
6995 7259.9708401820087020692878574504551
6996 7261.3337977028498659585595200323748
6997 7262.4459740548641364966004530567028
6998 7263.1228320076380582563550089987335
6999 7264.2729940533678150244515297633770
