12000 11566.4019123684210171185811207884503
12001 11567.3915519915974416457453602895638
12002 11568.2383874786119384402023025148209
12003 11568.8615845879300949850127481469610
12004 11569.8568394510673049246578995912152
12005 11570.7135603435770680701908078739786
12006 11571.3725877178190248376738577601014
12007 11572.3734771006287690372855368530217
12008 11573.1102481521042754512652847928824
12009 11573.5337803383580953386832018654622
12010 11574.2297835918608963965782303628810
12011 11575.5327161612820365516109510154847
12012 11577.1592211178623492246099522376325
12013 11577.5592892704819608458927030624106
12014 11577.8131554840661868318031855994690
12015 11579.0519472651470615675795061305348
12016 11579.8447500658775347387610855789158
12017 11580.5629163911503649161375718074392
12018 11581.1002638028324142369786665588439
12019 11582.2459649491177583056726758648851
12020 11583.1620047017036459049433416478815
12021 11583.7810598917659605185022708249764
12022 11584.7188329641050168785695544979301
12023 11585.7977437966566968974760436202403
12024 11586.2628978577730166909268795763067
12025 11587.7853746881755794945579992141546
12026 11588.2376783136390804613143926027377
12027 11589.0333051230238388351899761100955
12028 11589.8202385807908464704703040698156
12029 11590.5411330049895259203440604667432
12030 11590.9363475496209071610147446107215
12031 11592.2248695791152769249609586706115
12032 11593.0211685389400517698932630521649
12033 11593.9518016262556544572259540880729
12034 11595.2738973182942210786451979552888
12035 11595.9216334352720251022831273093979
12036 11596.4771181386016917080593212216836
12037 11597.2706057619319019459786152259383
12038 11597.7865841145694082417914975650976
12039 11599.4528945912404624951874881633127
12040 11599.6346604724396880638455786238463
12041 11600.7548934288452140626571586990885
12042 11601.0643643485141624319986740750293
12043 11602.0291020679553131234215184174694
12044 11603.2759857386983341583575008500928
12045 11604.0641571571825601151433981306714
12046 11605.2781202110259221398890410098146
12047 11605.7158730712813649235479071215187
12048 11606.7516578732394398063200017717283
12049 11607.2588825722613629702859171592069
12050 11608.0372909016256676730384496801469
12051 11608.9848977642832712724398792032326
12052 11609.3163808065516555890275684361497
12053 11610.5427249295677411774932297072473
12054 11611.8314142106292367402899764711887
12055 11612.4868931232446407436371354184945
12056 11613.1716898354416213478569236769355
12057 11614.0171796714516630530649239510255
12058 11614.9846658444127623885561485582470
12059 11615.8152244766278915887600690515611
12060 11616.6179158748765578559020360989781
12061 11617.3467434140446999748088383675657
12062 11617.9550776144445798653390087846024
12063 11619.2299052572231362894016612283041
12064 11619.5734474391569066024825015175160
12065 11620.0865377812325598144216851738070
12066 11621.9462219243950006297834342097904
12067 11622.6940265137285004574755777089872
12068 11623.3923325240777516232382602543338
12069 11624.3988775638858878970151747954980
12070 11624.6738709032501237509912559577911
12071 11625.5133179357025507000158103090515
12072 11626.3493718098233476385136877884438
12073 11627.4333944849507679221253135390371
12074 11628.1607824289965574370271352252639
12075 11628.9094791338867120138555441377424
12076 11629.7268493095559899843322439894290
12077 11631.0209760326853135637380810518462
12078 11631.6283026636071498147507248064520
12079 11632.4880628266349928227339147993762
12080 11633.1011773954358478719490278777491
12081 11634.5326777422975956004333874065339
12082 11635.1380989621094903069531215100016
12083 11635.4634679296471478798931248699794
12084 11636.2637622609972566314284880054616
12085 11637.0797245123987577557752690760891
12086 11637.9515136798221107480545621089491
12087 11639.3961987198370574113086309754368
12088 11639.9886899801626111666454194550128
12089 11641.1544988548535682493744655455880
12090 11641.6208696250643967943979672124824
12091 11642.4001939038050548207856380344568
12092 11643.2623441903842871081668501106523
12093 11643.9042656017154585058245583609072
12094 11644.8719571156997970865580563012981
12095 11645.8657405755809653638014105373624
12096 11646.3774837011015736401901696538006
12097 11647.3508673674557050073215101896893
12098 11648.1758131524776494602122151963738
12099 11648.8847491284755772901423401451659
12100 11650.3449839161395617904497486491510
12101 11651.2276957266274573455175799284591
12102 11651.6909822547639664500616822479571
12103 11652.2289580115299953956383121193291
12104 11653.2416658082257746805240180067173
12105 11654.2455601178475270067369117413152
12106 11654.4586576038724478771490027964307
12107 11655.5184812187197623672781493175532
12108 11656.4735757319374023324954345408766
12109 11657.8021885830829984469777763967023
12110 11658.5597162877229268334241588599166
12111 11659.3778487802799838976254535849581
12112 11659.5586417184033637570368346438570
12113 11660.9706648728711426622721968215150
12114 11661.5742717210131364262835799604382
12115 11662.5444690797596992927645675897660
12116 11663.4253342483634489157885189898637
12117 11664.0284407723960988620922986553052
12118 11664.4513670531818352302532519875118
12119 11665.5699484886905053809501029773265
12120 11666.7876672088514556867803929705090
12121 11667.6177689663535041498195005783960
12122 11668.5842060329099651589248215114759
12123 11669.3085108722253038181521352458856
12124 11670.2038404506839830725955943290224
12125 11670.7828021185486034756064496938373
12126 11671.4034471202109303678192780904525
12127 11671.9720390741882661627685314469683
12128 11673.4370675104009998489939293198348
12129 11674.2057316065240141500891939158314
12130 11674.7813667055435728397312049554477
12131 11675.8419508005410414971152779490607
12132 11676.8454169270251599441415470711668
12133 11677.6589555087355638797780373808851
12134 11678.1725734767286493157132968434395
12135 11679.5203711183322420383209328978330
12136 11679.9290375803725317099576951675407
12137 11680.7899512723068900782951628680523
12138 11681.7798950802758967486504815816781
12139 11682.0338901721653213000457722457630
12140 11683.1691904284594867936247459602700
12141 11683.6865851239040790295184889704657
12142 11685.6294378861560606006362446391208
12143 11686.0194199452300564638804649454557
12144 11686.9530943959998036639916922189258
12145 11687.4116774929986818521511142497068
12146 11688.1890866064146571015048360853033
12147 11689.0395336008074525661121625896585
12148 11690.2324616377992926259340159193795
12149 11690.6780551288274544807185056300278
12150 11691.2940512088055551113779432982849
12151 11692.6753522507220327430211872125031
12152 11693.2065263045848748164638008392227
12153 11694.1684464284790504758362356481537
12154 11695.0399278963664938400991277317408
12155 11695.9876884744590304446006454446819
12156 11697.0899587633954913386321151940066
12157 11697.6094470907372298703610726885196
12158 11698.3544634710757331344941511717929
12159 11698.9898848851836236225514660132813
12160 11699.7328258128454644547486584274123
12161 11700.5796531432004236684616802780367
12162 11701.4692868385811573116743775932538
12163 11702.8162107593235510208178068742869
12164 11703.5687958043315808836940990832162
12165 11704.1346295285172390112937836227209
12166 11705.6351625967474662771748237820084
12167 11705.7092235091989980195906084316104
12168 11706.3186567443970512209705318915905
12169 11707.5329155949788270171041716372452
12170 11708.5033162904816514110785905129142
12171 11709.2509425799256171682018711901675
12172 11709.9841815319801809211609713070663
12173 11710.3116818598050683192851534619948
12174 11711.5009633292916394063040640551306
12175 11712.9507100377026084581220600549463
12176 11713.5215573233248751375472324401223
12177 11714.4967030479058808622973874855166
12178 11715.0168958096679872512465878633263
12179 11716.0984807975940974678003763667116
12180 11716.4945366317080613345247099736946
12181 11717.3576403136346489700313281348180
12182 11718.0435433165478701907498338979592
12183 11719.1446478807004851790782204526518
12184 11719.9151110789594547101253297222726
12185 11721.1574130988227637025828106546635
12186 11722.0370796369950190079539965430363
12187 11722.4115481762387884199010004112366
12188 11723.2042275561818293700661962353960
12189 11724.4594156553973143461569546395364
12190 11725.2996165252956481321576898537096
12191 11725.8788417465611421733477183839710
12192 11726.5140543765082923590289252712121
12193 11727.3756684709762720211766094942594
12194 11728.1765176885738891170404558867615
12195 11729.0274809412921271193850022923299
12196 11729.9064520940241241775447172607442
12197 11731.2654911558034382611595186708483
12198 11732.3198236158604942018387122641618
12199 11732.5931605409512640551281620012342
12200 11733.2114452314843366413677677312373
12201 11734.1962931332386580292824823233658
12202 11734.8675059993195463808184393426853
12203 11735.6843719351774630917565992931619
12204 11736.8333021499319893250200616174606
12205 11737.6849111413072975009449444821085
12206 11737.9054768950465140603796829105358
12207 11739.5094726386263307018926573781230
12208 11739.9762999864486289043202724575412
12209 11741.1105052347752392587127749070376
12210 11741.9084532094585072630868382868946
12211 11742.5468659263655914455443629885459
12212 11743.5308316549204887427644342944271
12213 11744.4287735837740759054175161992827
12214 11744.8362342787351583247953450212892
12215 11745.7533346910873326291478636688744
12216 11745.9498204007249709391348763060537
12217 11747.9086718370873719315447578181619
12218 11748.5952529156331397064511274926162
12219 11749.5082000249667125845385735952355
12220 11750.0955506622493247381025658037864
12221 11750.9916236447564360640148711536865
12222 11751.7286536789607509840908181669787
12223 11752.5005441379014959349959590246536
12224 11753.2570078855208732522901621188778
12225 11754.4577073422456270980067773524822
12226 11754.7945352050257527551960068670509
12227 11755.8072159252435980740313408168750
12228 11756.5984894929569828208638604210761
12229 11757.5112297022352055315213813559981
12230 11758.5316525142498084058326960958524
12231 11759.5722503510754602635910774026172
12232 11760.3996913592648328761406031276646
12233 11761.0943139317239677529124275983020
12234 11761.6517650781586364022367868015005
12235 11762.0657727249515896563280870913647
12236 11763.5949767699572152051931173124157
12237 11763.8650598645092217268504845238360
12238 11764.9074663460528936934925343551162
12239 11765.9217497598282535721638742310177
12240 11767.2068120877473635809877675596772
12241 11767.7045496400497316575219736730218
12242 11768.4797402697661969676038713995275
12243 11769.0697582675766311908620457936819
12244 11770.0085084408136147832419662759849
12245 11771.4764120761261222122252842794472
12246 11771.5799440559383981745159376638100
12247 11772.3111864013993665782296519708741
12248 11773.3595910404097192618616129258482
12249 11773.8732775669011780170223441066480
12250 11774.8268410803406039058575546173639
12251 11776.4921102725991449041878086885172
12252 11776.9247554434490753827756230483674
12253 11777.6409885660110701254401095670386
12254 11778.5817182890651858834173532518389
12255 11779.3924573738368969480286430318476
12256 11779.9367366366032372369645244950685
12257 11780.6328806993564503808744615122876
12258 11781.4962610543820068651940054024765
12259 11782.5503474637637704248473430383617
12260 11783.6457084939682005748509168822299
12261 11784.2148614985404424498639395405794
12262 11784.9509326873248912275268204459331
12263 11786.1480163571729057506700652904777
12264 11786.8117338224090600310068353635703
12265 11787.9798022899648023120319619852259
12266 11788.2288243005318237009969222614680
12267 11789.4324533817017886313073523264629
12268 11789.9649600203519749076213506430179
12269 11790.8101510680870634205495715012314
12270 11791.3903035170043865371439795864535
12271 11792.2678953357392406544297753360947
12272 11793.5496059487423363847453642224668
12273 11794.7195143586659524595414165631910
12274 11795.4075855054474758829030288461340
12275 11795.9525986920373511842399322331144
12276 11796.8622774867580001851958615158772
12277 11797.2031965994839819536486006947835
12278 11798.3821524480999878071902529875051
12279 11799.4722808467828483757793859229857
12280 11799.9900263284578411665272183052299
12281 11800.7023364691599392651037834700944
12282 11801.4581021553828039539193563365830
12283 11802.9573437627628643659745745405929
12284 11803.4514652702181038734106761462712
12285 11804.0773447251202180147133767385807
12286 11805.6197082759964835033096597240192
12287 11806.1079890781874816878631419023382
12288 11806.6998636935221285613431795855569
12289 11807.7014085643805043252005244854253
12290 11808.1291063621838721852612471983909
12291 11808.7719005950322682273411717215571
12292 11810.0416392025735967798431440479323
12293 11810.8801082809350210692500921619832
12294 11812.1323013869327978229030679491427
12295 11812.7002974526974486057470252764023
12296 11813.6110801395597487735894147223342
12297 11814.1798961105602758983366749389330
12298 11815.1437448889641418661994296564900
12299 11816.0805290248450509937653385409845
12300 11816.4719148895645080626574138549973
12301 11817.6941156029713413892108968937683
12302 11818.4906647328062898640431991785751
12303 11819.1247256547876965600529882632231
12304 11819.5615725226883426752734182484773
12305 11820.9194092660240520047020549872642
12306 11822.2550640959918284990748007700185
12307 11822.9541248950662342313888185712964
12308 11823.5307113491971211634951996198179
12309 11824.1179799347937191018087401769998
12310 11825.1376688661908038512383706280318
12311 11825.9987806617045096884819763513963
12312 11826.2885361599166010685199146399239
12313 11827.4789975901751149609209206570876
12314 11828.2859483479268418778620565576828
12315 11829.4345436112870609184626599670763
12316 11830.2210022271634639283872933321613
12317 11831.1063065620802452514466537976616
12318 11831.8141755687585312089522983487400
12319 11832.4161250879615779753495053000940
12320 11833.6377005575818056872220760728875
12321 11834.5703024650528458563316850568248
12322 11835.1181046729609669485205158556713
12323 11835.6101750641703546739681017587368
12324 11836.4323826388027549213431121194305
12325 11837.3795587371387078816348600404739
12326 11838.3332961557119254859279592293392
12327 11839.6658825319124588593814468050450
12328 11840.1120169593387666930195602379823
12329 11841.3497990095263902538057500182894
12330 11841.9712937186819595393266982511410
12331 11842.5532750975682471790245719159403
12332 11842.9753732177563602687120237457357
12333 11844.1369587144056637131702291088528
12334 11845.2610978564341497948934624245483
12335 11845.8222698777622220603817596039547
12336 11846.5303224058384810582535212028328
12337 11847.7409021793397524279998003309734
12338 11848.2423441397584956721910297562271
12339 11849.5003061815480145032736449556855
12340 11850.2906835337277499700441549179079
12341 11851.0002728205035323858333498276391
12342 11852.0252090519859963309669074886083
12343 11852.4604770562191193647060432863717
12344 11853.3567304646650748006621075162646
12345 11854.1122104479150121960688208890438
12346 11854.9921815026944288534086273419721
12347 11855.2128562389495235440070519719841
12348 11857.3008118003473189125249627854379
12349 11857.9097230169476075655215153075286
12350 11858.5451324384468764444267685639387
12351 11859.1887490807425244070099064862677
12352 11860.0069115061273644338367258816063
12353 11861.1145552735215004236314971351313
12354 11861.5712801785210906367695085064348
12355 11862.7012223615657467952436142984726
12356 11863.2177903937970788473357453928379
12357 11864.1674554291693834544676060330571
12358 11864.9314275988219281425382097511920
12359 11865.8172095451122068701955895081607
12360 11866.7415506696079881724509951877804
12361 11868.0609517676453710732442682477762
12362 11868.4368357939178716770024674956395
12363 11869.7556600198356196320800419276066
12364 11869.9631517261554739726602011813944
12365 11870.7016366859236831858558165477176
12366 11871.6165063289249959822054358058949
12367 11872.0901225586561773348701482122531
12368 11873.5980312999764007755511802071234
12369 11874.1939309321984756572200377685819
12370 11874.9544327915843452115256258935399
12371 11876.5018048600042506340645429813840
12372 11876.6925101154404441637183296265695
12373 11877.6557808265697195002447220359970
12374 11878.2138130834242079755202990246354
12375 11879.3353388186921632810594022544593
12376 11880.1907555118440386733364458628868
12377 11881.1395799349111957334032704090351
12378 11881.5021742135368367002707335535273
12379 11882.0977494363487392676781646246154
12380 11883.1192214698847208466477788282544
12381 11884.4405782245639224019828951390949
12382 11885.3239796085842810512171563795377
12383 11886.3400665365554118123971685245320
12384 11886.8676532524957288134565693144663
12385 11887.4154324540300896380272126399509
12386 11888.4368912774402082860154937757254
12387 11889.1396545622204373727828493776467
12388 11889.8820648103590796942240320795255
12389 11890.6320037197199216776584696577942
12390 11891.8189571322140574650257917687049
12391 11892.5065123758110322933192803701747
12392 11893.7359357788746434098420053088534
12393 11894.1144088734704814011494647629357
12394 11894.8926911441676610556491154363748
12395 11896.3395655998406029191453803279057
12396 11896.9537251587647996081239432192342
12397 11897.5904589374445453543616507487419
12398 11898.1445900276756164638443021574460
12399 11899.2268884325852446952163807527804
12400 11899.9129038070319488049315204732381
12401 11900.4584529822358054870596739775098
12402 11901.5682068491482849769857913281406
12403 11902.9386166676477211348555589403886
12404 11903.7785024221267966287716174734511
12405 11904.3092055990627714988111866097127
12406 11905.1589592621965379011085359254553
12407 11905.9685734714701062976311957790289
12408 11906.2646388407140860922954680926363
12409 11907.6319298689364966757489506256631
12410 11908.4982369214404285782210616738403
12411 11909.0962292350379119010193065379683
12412 11909.9966516781657232112591337388660
12413 11910.4483985291428097479620241888842
12414 11911.9847220170654186369957090561528
12415 11912.7135046062314897724873501635394
12416 11913.5458736934276058189789991889807
12417 11914.2362177850481461996842050191764
12418 11915.3452121572049646701522479200961
12419 11916.0315646576767554576092333707145
12420 11916.6375341285211239722897625310764
12421 11916.9635884486822476740347657222658
12422 11918.1569078892902809075902859200731
12423 11919.0505165611723181612845138880850
12424 11920.3591525379792653065634609699906
12425 11921.1077633325436225381663339798252
12426 11921.6988616097104458290984053621171
12427 11922.6761219586062861813481092853429
12428 11923.5452132878238364692735043490888
12429 11923.8847519533801534872240517217423
12430 11925.4345936306542266759468536250213
12431 11925.7110819964068513186379975443393
12432 11926.5063815473244910557939312343247
12433 11927.4212146467267439068944776964927
12434 11928.3691578949275273770234828082387
12435 11928.7926711558439103014734527081636
12436 11930.0542826157245049016097267967660
12437 11931.4758716852697725016286135991099
12438 11932.0177284825224949638347087005300
12439 11932.4835207392391062611073378775680
12440 11933.3757057327145012366954921144113
12441 11933.9415884729432055470530446152088
12442 11934.8442907037705248889810265752312
12443 11936.0029317597280805798128969428605
12444 11936.2870786809966325489651696516654
12445 11937.4190241293500955834368717595695
12446 11938.5962926902587112822120496454698
12447 11939.3887647942142868776796430605598
12448 11940.0140369464329993593542967746154
12449 11940.8447666662786085081628864567532
12450 11941.7078244979501732359170915730580
12451 11942.8120471500040009227017076093538
12452 11943.3001891024671322982549927622281
12453 11944.3225875052119605404342292183355
12454 11944.7866683912405298086768966150774
12455 11945.3866082660835082391717881211796
12456 11946.3122769337538758499302347207693
12457 11947.8799582161579643374216739904010
12458 11948.5807991421160683755637093695987
12459 11949.2852077819402407768760459654828
12460 11950.2549007448665087692106523217789
12461 11950.8298044513102482147737377037042
12462 11951.8112222881891295955065339667403
12463 11952.2096857672797142567896048019337
12464 11952.9603069642168700048982851199371
12465 11954.4211859416999683503558666768119
12466 11955.0234122609772549713664019753517
12467 11955.5411349992843799122176156492601
12468 11956.5554571902620538008532104194450
12469 11957.7587697305362458860998750158163
12470 11958.2575536756245114646169235481120
12471 11959.5360217945821569874825600788711
12472 11960.1624557608128321733757473585808
12473 11960.8058891678846508431086744392769
12474 11961.6136343778888956932839988545337
12475 11962.3195998040335568442232294347965
12476 11963.2518046875676599793690420271322
12477 11963.6242570052000033010327569049524
12478 11964.9448334673070319965252751969535
12479 11965.9888815174446454873899466235746
12480 11967.1758654546854474965890593912312
12481 11967.8180924392400144208350033540674
12482 11968.0403747784974202295851351374854
12483 11968.8423966317797193245877176013823
12484 11970.1987798038896029254855806981365
12485 11970.8401898701998599870559660285741
12486 11971.6359021906305161025763104490881
12487 11972.3455172617617151458979155307265
12488 11972.9190215230928648872526127546929
12489 11974.2562403632219046722145225852935
12490 11974.7504714731790149820848215276078
12491 11976.0193304094302355423181768470638
12492 11976.8214543890193405856398076890792
12493 11977.8193194444059670065269169328108
12494 11978.5091315976432085365786513324614
12495 11978.9112856455575500165347262890012
12496 11979.9403094183849813323738740627165
12497 11980.4209807912586613275234144298027
12498 11981.3192807972680189515005170536356
12499 11982.4698567909859306451890191621647
12500 11983.4591716833850027242575566896388
12501 11984.1832583118155422138961844696229
12502 11984.9882151845812892271455565166254
12503 11985.9317328885845757294795693020715
12504 11986.7925884785656574665337909773676
12505 11987.3660166550020893281091772208585
12506 11988.1878936362452777397196908708053
12507 11989.3190369853104111405378602796016
12508 11989.9880771714564397745678657318397
12509 11990.4493755278795650653336097932136
12510 11991.4963816303286139778989614801456
12511 11991.8195015997441775356093656977534
12512 11993.7962993785163263893467209145560
12513 11994.5320320315633411984436898626403
12514 11994.8792954753600294967994919144441
12515 11995.9066341426511158404031150898939
12516 11996.7627428817253939782206179552126
12517 11997.1088313576092035176319116122229
12518 11998.1115521448700071657300230348424
12519 11998.9990091812187951802662803749158
12520 12000.0251668735620797400735689588986
12521 12000.3230196306858078040289316714679
12522 12001.8692944873883797240580026963875
12523 12002.4491795813208156713725506238622
12524 12003.3133302761368279844266783878379
12525 12003.9828406770674414115361498166669
12526 12005.0992085413691260890942576719475
12527 12006.1670370360588456386130494529841
12528 12006.6170642680503891811264365637322
12529 12007.2594705293636240980550948449062
12530 12007.7954633941391086677742499952722
12531 12008.9160313328237813374614599169517
12532 12009.7474082964173846083011111698126
12533 12010.5885623172537578097998946823011
12534 12012.0706636758978524178353063322192
12535 12012.5182938873192379498209846755270
12536 12013.5370230273581847343141122405646
12537 12013.9951972238614171091722780976708
12538 12014.7480406910585821621860517565783
12539 12015.5129072744578259195945926846730
12540 12016.6961715402421951890454980585792
12541 12017.2704367726728991689584503360055
12542 12018.3296355239938108659483778742339
12543 12018.7261141243357363230552448550238
12544 12019.6595867777810252399079999617694
12545 12020.8169132769247274958202572476481
12546 12021.7888379258680426692624447304774
12547 12022.7250524283041689066716667174627
12548 12023.3470858813755050135841360026124
12549 12023.8343607016844175365627453903919
12550 12025.0955108695622255299712297466005
12551 12025.6406968100622415578388020601998
12552 12026.1909681401577416991577572675234
12553 12026.8078338789881999928633208198835
12554 12028.2983940563167184309655962664104
12555 12029.3635800480539179577987578686207
12556 12030.0089671558682220677301909310749
12557 12030.7439018939783586393818393933387
12558 12031.5394114585575160260760864022296
12559 12032.2957554028625699127159456461876
12560 12033.2960611424254209580757346250000
12561 12034.1983458219007993423011071632790
12562 12034.5804879051823256511269057082388
12563 12035.7539311633671801601525032570292
12564 12036.3531485565550313758995063239421
12565 12036.8271989246584444139828525616372
12566 12038.4490347300040809416934121851874
12567 12038.8517805428991838644739098326403
12568 12040.2858337327119838967929954060793
12569 12040.9756185314051804663525363571960
12570 12041.6978331986564147126004152499570
12571 12042.1617079852228242420968638832277
12572 12042.8568008648848776856288696493745
12573 12043.7573859384009476226578658755113
12574 12044.8209845603678655654085319626338
12575 12045.7500964224121516544186653151075
12576 12046.1506004944576851800393127367298
12577 12047.4112997792817077484268043088725
12578 12048.4830475048118405339493856590923
12579 12049.1437578203353311651087686011344
12580 12049.5229099152531639889828368787705
12581 12050.8300676972626180395313419550987
12582 12051.6601263186999941638468449368027
12583 12052.4239087645672890492186753225896
12584 12052.9263300352914622985255869271549
12585 12053.9017238537045774941832266527243
12586 12054.3327672896417782884080248705542
12587 12055.2762524632022336126725153606681
12588 12056.8423961751061019602357226578836
12589 12057.6948410259932059884515290365524
12590 12058.3272407220981265268186909947412
12591 12058.7992713684929369713042693422243
12592 12059.9205379922113525348264151583622
12593 12060.6081373130304333902749611379612
12594 12061.2067720599077344131943158263596
12595 12062.2608426240644665426297244723570
12596 12062.8551118757970112561084937222198
12597 12064.0885470446347190648665810377107
12598 12064.6705951232475369825639544442404
12599 12065.5945014244737811006282475731477
12600 12066.2075816248452010581375492656288
12601 12067.8549598818241728536999520190525
12602 12068.1289605492215054944300360205447
12603 12069.0171432523219953933985189945628
12604 12069.9401331186154308160971995403274
12605 12070.3919331887393441069872034508735
12606 12071.1711507776487213807998171494605
12607 12072.1025518175244998764260737150605
12608 12072.7259078340405341181482439951604
12609 12073.8839668069690569210043379341399
12610 12075.1496136150471259972097328587597
12611 12075.6887585761442054515019075786847
12612 12076.7992437304248362902881971896671
12613 12077.0536982008012239983531047281681
12614 12078.0400673924520430074859250659509
12615 12078.5802575740203338340686208803198
12616 12080.1313409327014343472777397073197
12617 12080.7711250873272041848890335122027
12618 12080.9276852652610301513745917611372
12619 12081.8346017080532507073430079572099
12620 12082.9893802180529832139906043189845
12621 12083.9487074071082457389024599989381
12622 12085.0190442967322005632522563001118
12623 12085.6227608311841464136375336660649
12624 12086.6385954199470124880411859597899
12625 12087.4115399672845635435439753210592
12626 12088.0515242361937810891112807789859
12627 12088.4975935206695795826038962082522
12628 12089.4676880384107370734733739357793
12629 12090.2651995807405952123972094987242
12630 12091.4476300019693068065066547515933
12631 12092.2067368799133432072482118406199
12632 12093.2732099977990472655110135461394
12633 12093.9921721706027941020695167325717
12634 12094.4985106123516632789975634166952
12635 12095.6744449478344750958552731844563
12636 12096.6297358632692394881621682019680
12637 12097.0476917425479627035720614135672
12638 12097.9654394108640159082984082533985
12639 12098.7281937872500440094195424175254
12640 12099.7395705670708600298825171916593
12641 12100.0854941872308991196308386656233
12642 12100.9107284361729939382744376350075
12643 12102.6192289562899313233621539167733
12644 12103.3409744072229817728090449146398
12645 12104.1526408231595610727942887148384
12646 12104.6924999684928640626869479879912
12647 12105.1371002751852906095572964816266
12648 12106.4130458607959694264272761761818
12649 12107.0034695527871704594852066403611
12650 12107.7470095372169613954904438454685
12651 12108.8619022662759265458739299408801
12652 12109.5116900404922812914499403043089
12653 12110.3467725085147768346626857608656
12654 12111.5929767347299745747677739308475
12655 12112.1973326514463442848537263328778
12656 12112.8589287644377021502907113360053
12657 12113.9895904437485806356482189137882
12658 12114.9859369515556109877642659842028
12659 12115.3536285629508673314378416819578
12660 12116.3653756869217480020748908845383
12661 12116.8061394289650345730719219633388
12662 12117.3632931860493159478030596675690
12663 12118.6829654984388432941601537419808
12664 12120.0472569173295264759526796354330
12665 12120.3619245032773506955552471232227
12666 12121.4899067165911062543668450279580
12667 12122.5198080265612313755736538552558
12668 12122.7809957954306641179120120556963
12669 12123.6316559523906920395073523194025
12670 12124.3720504845335637606078772247618
12671 12125.5352267466860922811840965477527
12672 12126.2232086643723540270150531671606
12673 12127.0601979124049751710249791125134
12674 12127.6189880207702798225202608843311
12675 12128.5940082019785155614643571076012
12676 12129.6443688750465355548565413961377
12677 12130.6313418052810065595659193603109
12678 12131.6380097384187083220600469403650
12679 12132.2773509712382144728349182592559
12680 12132.6843611477512736202329320203022
12681 12133.7507359106124119782856789636908
12682 12134.3367805371777058608959889760831
12683 12135.2434670512821482251937089520378
12684 12135.9584854851472580592699247934635
12685 12136.7445668960721665099353640190978
12686 12138.4797978565221129387827422456560
12687 12139.0602806436787694931499934914608
12688 12139.2347814835884645216483212347619
12689 12140.5142565546094254051713981259540
12690 12140.9749580672544027043171746177302
12691 12142.3309508580845313599980216915717
12692 12142.9056649289302073401153486223210
12693 12143.6222308027520389183793018200571
12694 12144.3347120645541476205020407677567
12695 12145.0992538631090209826260064240360
12696 12146.0320797075227120682002468499779
12697 12146.8284133565579520840590969534794
12698 12148.2502728410842448905668156974402
12699 12148.9452539306596784755975412207823
12700 12149.6074636240240399488234924461826
12701 12150.4695347371576127576594673381146
12702 12151.3432163318220447901219768018292
12703 12151.7511323005053387281024921333912
12704 12152.2262552620197086647337690694908
12705 12153.9472706624473915446726482832920
12706 12154.2625233102054031945834522580037
12707 12155.3471631260868527894178897683035
12708 12156.0642128869258933389974099191119
12709 12157.0750928940594469466998474820397
12710 12158.0702726621822128839948774511369
12711 12158.6968893996399299045004686303502
12712 12159.3912800867993019341998096309684
12713 12160.4635971642092541770881387800100
12714 12161.2293417601160376870042870036912
12715 12161.9664180796040617088438354608702
12716 12162.5095249232009764207102719162731
12717 12163.1230450738956224193012397572726
12718 12164.2432012879551384126944218308935
12719 12165.5845154430215732409967294870456
12720 12166.5484067542400319095869108934380
12721 12167.1137869813742573590386514352832
12722 12167.7509323645108981702940495767167
12723 12168.6064820990644065311258468163765
12724 12169.1839173272178022893560301034781
12725 12170.4327532447092723147384054309625
12726 12170.8878405648563883988872086507442
12727 12171.8612949686790091271895679230483
12728 12172.5150210581944606368826064132363
12729 12173.6126283150344246218766355952975
12730 12174.5555431003129954914550096737315
12731 12175.0833603214731123154267575386459
12732 12176.1046885405466259474109745840799
12733 12177.5651028512748288187329627150906
12734 12177.7874263524132748904756605269375
12735 12178.5422375445786732776123940957077
12736 12179.0628255136735307837572897365197
12737 12180.1606900663871807375080399525336
12738 12180.8078763034620930443651625118904
12739 12181.5058274487470419171647363303368
12740 12182.9327364170663475396674874173164
12741 12183.5834536620887201841316847601249
12742 12184.8068756237452790390804923305150
12743 12185.2689167597607881690352657313306
12744 12186.0235614193710728492433280203571
12745 12186.7020756773581410569447817690720
12746 12187.7285664557723901621681160788063
12747 12188.4564574189110706055406671928767
12748 12189.4980653378123645393841077238828
12749 12190.1582815809156097876453180186521
12750 12190.7378251236057071301250171618786
12751 12191.3051760266473372582793912075893
12752 12192.9550340298579799027475852710741
12753 12193.9073551919079562110043587050438
12754 12194.4058116039700293624691911751125
12755 12195.2278209095257650076330852684687
12756 12196.2795981274507211189619027898258
12757 12196.6375704833506318347967115431385
12758 12197.6324045470754142619227405165783
12759 12198.1191382926048070702545230038024
12760 12198.9157695333004866719553307960199
12761 12200.4758044714444030570183416125401
12762 12200.8097831682710239833446326170917
12763 12202.0246716087979439968515433666215
12764 12202.7787650760774007783158315049526
12765 12203.3210342573821146490852872136606
12766 12204.3853363194170625208753326389064
12767 12205.2464291510176701161252256688835
12768 12206.1034420905402089040980016091549
12769 12206.9488094051092261709031903359657
12770 12207.1247486044914436470300861750485
12771 12208.2729261410800492790340862996055
12772 12209.1731773526858144631485300004271
12773 12209.7579748148566865346971340281878
12774 12211.1209680074717309940170846932693
12775 12212.2975635655479985366388530130304
12776 12212.7618605238240888069583832434858
12777 12213.6086836008183828789008578355680
12778 12214.0453235635853531737132972812951
12779 12214.7567486306200829002149407811444
12780 12215.8432838489488985284471712905121
12781 12216.8829225591030292577736952229744
12782 12217.4395308398856410626463679944228
12783 12218.0577117844056914073853147790277
12784 12219.3451571054707702531162486725976
12785 12220.2460118862330893198362969964276
12786 12220.7382669594292075605268511992304
12787 12221.9941503559491008127484977933708
12788 12222.6724252858388211238329061553298
12789 12223.3536412966689510601229475930454
12790 12224.6547041977355500968877905288105
12791 12224.7432947558114048667692409428202
12792 12225.5777886369765109245321036571765
12793 12226.3407736639548347386439266378931
12794 12227.1375931361737025461428896046051
12795 12228.7727004465928528217317017767580
12796 12229.4767224940149370487460451898172
12797 12230.1965743071314546221660242841443
12798 12230.6173733006756541904866471273815
12799 12232.1240301760991789653664254535211
12800 12232.2896438579550733578057737832323
12801 12233.1139073302980488149250249343293
12802 12234.1068394193313078575555215644225
12803 12235.0400942965356013251613413049803
12804 12235.7802943616525762474239760802657
12805 12236.4301861300298755215437277035256
12806 12237.2449323986563999511441038608575
12807 12238.3616916758341490489452075595991
12808 12239.3902915901361175645690633139364
12809 12240.4752360527624642179410237539469
12810 12240.7252822943731270671290256863718
12811 12241.8347503531573609825396428138903
12812 12242.1626451921859931140812695676181
12813 12243.2100137128235336747865400336491
12814 12243.7005263307951227611585491501440
12815 12245.0437696872132132111781590954048
12816 12245.4351336288610219157510709857425
12817 12246.7776571131573822734366491563175
12818 12247.7310672371200382612353414458896
12819 12248.5330461298243387645719612550999
12820 12249.1846631487390955542732988481561
12821 12249.4043459981450596004696778696609
12822 12251.0627384773084946222964839427540
12823 12251.7643511478114694569393490024614
12824 12252.3991851001939164561665857923326
12825 12252.9079883844648325926657524885732
12826 12253.9701488146518365234842939016650
12827 12254.4019030335162735065333282796568
12828 12255.9352807697829619837087932914650
12829 12256.6447449652583578680252789465663
12830 12257.6859941940253411247551441050844
12831 12258.5898803089062435690529931435748
12832 12258.9812956806761112390080302243768
12833 12259.8395272436359670257288348625494
12834 12260.5705380628630016094649436482693
12835 12261.2847841932329253817077513101453
12836 12262.1294475255405827387001353715807
12837 12263.1780039931911298986825550139039
12838 12264.2614368977224074611373459768894
12839 12264.6834027229794287886149462654261
12840 12265.6370936391712759710003301277437
12841 12266.7265348001900947237176624664103
12842 12267.3583305267613239956600036653260
12843 12268.4681754535013004833244315284929
12844 12269.1235430223438214552078117031483
12845 12269.4790730258689155886324489832826
12846 12270.8992558186739689563049887937804
12847 12271.3221111993343462426367053471856
12848 12271.8395092533676232079587447119663
12849 12272.7043422333243465670847205159951
12850 12274.4105462787457246347187059116566
12851 12275.1559287581342595625522080002996
12852 12275.7503919731622448513746083261550
12853 12276.5951151675717482925615602371857
12854 12277.1713084326138202277201993591878
12855 12277.9811548677678838785510739477965
12856 12278.8373559067096137673478280172992
12857 12279.8592083340270937467033268941434
12858 12280.6569939013528229633620820967121
12859 12281.0470999060862039324396483129650
12860 12282.1452601674883260346475410675937
12861 12283.1856472571487411685591488646561
12862 12284.0634797960575865627531767949601
12863 12284.7029215113482268837339911387037
12864 12285.8250005292550999920050447842096
12865 12286.6711868311589582883729007809891
12866 12287.5430879713531227535797875350430
12867 12287.8000278510882579633307955268281
12868 12288.5169439761451836631278228591394
12869 12289.3290154849643381030907365477561
12870 12290.6659697453746392434243917441897
12871 12291.1719582287097076816581742467255
12872 12292.5126693775094774181495642515963
12873 12293.1993950456492346903460230843048
12874 12294.1108467709381500580403923159381
12875 12294.5927617405929948634772190515208
12876 12295.5929223483374118737022384250628
12877 12296.1726788734496802629580620377598
12878 12297.2577450122694020811470375809657
12879 12298.1804570164145767037556052222502
12880 12298.6177113401409453954535319214047
12881 12299.4095129337496257410756502753923
12882 12300.3963665739800709555070929127019
12883 12300.9988520632974481530878497847316
12884 12302.8517067613085745293605724678695
12885 12303.2450274985968968954213360417882
12886 12303.8119328680833612132708541380400
12887 12304.6309339922983411480362204880227
12888 12305.3956729172186548565634017487400
12889 12306.3941471539111754204507690187190
12890 12306.8050333234333180906218594585228
12891 12307.6582196371588996576518663555464
12892 12308.6968011919003524770397460255670
12893 12309.7142176698473387574440595427380
12894 12310.9113758177767193385378315485150
12895 12311.1244345867066373747612236027330
12896 12311.9908818768582740035453682267042
12897 12313.0672736957913233437009506909158
12898 12313.9436787164532221295244906745315
12899 12314.6351987938999671904642697602826
12900 12315.5422543768553286922567113174537
12901 12316.0842788294788081792245200532893
12902 12316.7368071857862957317801224076148
12903 12317.6337793822861680442925285636492
12904 12318.5500827904132499447043316890154
12905 12320.0392302645793893431712673301684
12906 12320.3507963779876136880545418020342
12907 12321.5815195754732065995377089887539
12908 12322.4143369156982353138318369261906
12909 12322.6959751989147345942451807286182
12910 12323.4398186134275568564931481685881
12911 12324.2669764180219881938679977178835
12912 12325.4371667165658001152275261952623
12913 12326.2627562571634909339489031997730
12914 12327.0318535484525944084069652410505
12915 12327.3659738335583105744322709289927
12916 12328.9795824824683716401121940093142
12917 12329.5930717523734071312735213712008
12918 12330.3962697117156880386533179192754
12919 12331.2906352334723128687916142912911
12920 12332.2195763400597952440603836723554
12921 12333.0328673222780011111413844511719
12922 12333.2987843826386823051472591655098
12923 12334.5064049886912034240885090285847
12924 12334.9859381429294709849328114622806
12925 12335.5929351300173857292080444948551
12926 12337.2079630108329842958434015171313
12927 12338.2514409334695147827261428485371
12928 12338.7064514845091148919734127403994
12929 12339.6943581726675342857115657072348
12930 12340.0175651558055438992694562753696
12931 12341.0455781432023352754693219989757
12932 12342.1597694216459795562923973747269
12933 12342.7841378136226489264364115580794
12934 12343.2236971838574672494213455658794
12935 12344.4375800313974630031891292448533
12936 12345.2359084512008305865444301389758
12937 12345.8133041496996729100054435773032
12938 12346.8400413691407928552249388276231
12939 12347.9546785882474609847246290125584
12940 12348.9864451540461067730858688814069
12941 12349.7091221755235803097193082794664
12942 12350.0659451309249250471964811855507
12943 12351.0929762935573820814385191562614
12944 12351.5585295837928191537544421699209
12945 12352.5147345356998640810642071204163
12946 12353.3139352087960419193881518245282
12947 12354.3581012742340103187984352615114
12948 12355.2626903720593964910848801420576
12949 12356.1699602864145588722615884885104
12950 12357.0933396086686832134272945874293
12951 12357.7169760417698293618596661591922
12952 12358.6496754940402762209768121996612
12953 12358.9820601885386483134435323430457
12954 12360.5039922020879926865774971735752
12955 12361.0480886543987214945123385550285
12956 12361.7768354576427823633450651973134
12957 12362.4224360237996657355066139281057
12958 12362.8441402480374888194710529022972
12959 12364.4075711528233074891937915727456
12960 12365.3973225249446569598135752518617
12961 12366.3209981651296187351417106135177
12962 12366.8996042176452312482773551734291
12963 12367.6119520379205662945728339589855
12964 12368.7433817529475316028705703273412
12965 12369.1218687441041451217470050860118
12966 12369.5873233416055264318951215015733
12967 12371.0093810962839048773497581702465
12968 12371.6465125367182440913803873125069
12969 12372.4422214421522361187228928448666
12970 12373.6591284445937402189441561513895
12971 12374.3133008229068744690769597659028
12972 12374.9149747598631732980552287342072
12973 12376.0011350255623307408185271607473
12974 12377.1971889574978636796612838770228
12975 12377.6045021345575293916125257433054
12976 12378.2746372001323652020384241097900
12977 12379.1620246329646524489895215318267
12978 12379.7690688252901909267005853471245
12979 12380.8069623361000801078136814229840
12980 12381.3114472379914539500954947511024
12981 12382.4328640270525849299277934283220
12982 12384.0186438517629189670743482833684
12983 12384.5057816787534849016488983999896
12984 12384.9400850508749448960014770140821
12985 12385.7522558958331350994570591783722
12986 12386.6191781208557911112391038093099
12987 12387.3089993527950320378500547478732
12988 12388.5141689949580701215543530573906
12989 12389.0441247001408499696879628909256
12990 12389.8648635353633037332144085374555
12991 12390.5913177361484181102547741446294
12992 12391.5253815611761997421566954536191
12993 12392.6862894960208695186758007976066
12994 12393.4064519638057764117367349090358
12995 12394.3311134982787371676640620472560
12996 12395.0696532408953487057746235157179
12997 12395.9378133598889447996544981971976
12998 12396.6698579787884514642106573176932
12999 12397.3023132588255368953788370097150
