34000 28755.6188911894159496953037341728196
34001 28757.0601096351242248915174678057629
34002 28757.5454160920462399038149307756471
34003 28758.3853246671222583738563541411880
34004 28758.7177297812913567157456626565004
34005 28759.3080684777811090418177947049598
34006 28760.1298322554955092723026184187237
34007 28760.8486767481946210189859964456160
34008 28762.0004154786212738050442660311621
34009 28762.4800828566026403118008292194140
34010 28763.8820179627370598438043762961818
34011 28764.2333655602293347789871860292020
34012 28765.0022433715706472701430357571948
34013 28765.5243364437492504527449302709980
34014 28766.4171647758458884640516578287783
34015 28766.9126438062550743708743433154392
34016 28767.6398671917285554660796650345520
34017 28768.8500145018038032018152287166975
34018 28769.1489639242314743483062979261589
34019 28770.0709968787266156824438594840948
34020 28770.5723697683959859288339987442578
34021 28771.4140238873909067175595681844739
34022 28772.2914413582081473120540920374861
34023 28773.2717723142712278917763521305977
34024 28774.3581888171400372965329968343192
34025 28774.6459425896122466999309822012381
34026 28775.0751752951403213940239751173783
34027 28776.0147040265534506182187776603638
34028 28777.0799216853917247766914072833569
34029 28777.3089575885532176904899114939943
34030 28777.8246911900907283191978682607584
34031 28778.7223733479910711488602481315071
34032 28779.7036322174394106457362101819102
34033 28780.8151080771363486734905449820350
34034 28781.4811618651854545198434495308554
34035 28782.1529236690298649364349063142526
34036 28782.7055284070870254788216829090755
34037 28783.3620274997205321661125714089387
34038 28784.4191734311866863448352413172029
34039 28784.9393910827067764995738432494962
34040 28785.8077092294670708601191556606433
34041 28786.5333602805710374977271206053390
34042 28787.1576646271717200912121764762896
34043 28787.5792164945664169367555896400276
34044 28788.5416350186735642943721064273436
34045 28789.3115222220506795443886067355396
34046 28790.3461547088960692477073216575045
34047 28791.1005775040891935947827105442390
34048 28791.8790031744134794518394862488737
34049 28792.8718738937063941443082591669037
34050 28793.2828556076909597419497555194677
34051 28793.8404348335700093286790326587230
34052 28794.4005691157968187336795813092676
34053 28795.0629617902509665487319702780040
34054 28796.2233859857996456804826341519204
34055 28796.8503965354594578127832965189097
34056 28797.6766109613129389579603221910024
34057 28798.1879478641448410283705739073385
34058 28799.2234428916420347302009172949076
34059 28800.2146231783604862524539991061366
34060 28800.6836627741733103863227402135678
34061 28801.2483733557817770726848553354393
34062 28802.2629883909761815895338614378614
34063 28802.9478798293951186615816698289237
34064 28803.9263762327997746677062307769658
34065 28804.1608820292158189762311125304531
34066 28804.9188278259133106960793790016836
34067 28805.7670017562360220597487228885269
34068 28806.2984836599399234152188851667456
34069 28806.8449232704926966493489282302414
34070 28808.6834763821364330609116412662756
34071 28809.2025125394623321144271272824956
34072 28809.4976483095923149680173390792870
34073 28810.4973618981434671475657135302718
34074 28811.1748012205643393664043726013027
34075 28811.4851082093020144393553089468057
34076 28812.8552369637379080094274817474138
34077 28813.0387130221602197908011019880197
34078 28813.9456802951621623986772099999469
34079 28814.5682129128997597267131041060825
34080 28815.6570074639919741238371853777578
34081 28816.2372620608345891404305982746435
34082 28817.0115475652057564541827320141469
34083 28817.5927564611526045558051948811253
34084 28818.7009486075351796397550652977837
34085 28819.5175225459896029143026357225662
34086 28820.2293505033644889453966376178529
34087 28820.9010411638431936297521045714147
34088 28821.4664981190524316921209559172946
34089 28822.2572416637342153952648468638079
34090 28822.5734762825108926596616305801258
34091 28823.7558318373518992853032243853342
34092 28824.0425040084284075883181168172015
34093 28825.1837508836018483305444384460476
34094 28826.2365340214330030554632397936061
34095 28826.7701160103310915948277882307972
34096 28827.7615330998072584132527120892286
34097 28828.4317950975301838120542841970678
34098 28828.9046286166709576194760058482103
34099 28829.5416331383189856502486046689776
34100 28830.2192026352138727897747931267527
34101 28831.4319726753589255514108590125787
34102 28832.0475341492136436365626404326946
34103 28832.6624467801281976840400303370876
34104 28833.2298873575482075559219055676483
34105 28833.5975477257365750320538672105187
34106 28835.0724525827839240462979550313970
34107 28835.6662232466376026196699002806726
34108 28836.7160747070307328709274569498771
34109 28837.2957476124753818007718214411812
34110 28838.0504788427276135725660222249237
34111 28838.8363852835226427849515596917443
34112 28839.3019977039017537894407831646632
34113 28840.1496675004468672448023405223822
34114 28840.6326467007109846286859652047544
34115 28841.1763254977848928550537469465507
34116 28842.4778763639468989884422609296769
34117 28842.9340803721082318094643372981414
34118 28843.9621549288834072453508727023399
34119 28845.0249329901736173633069140699598
34120 28845.2991827845496114202728715204834
34121 28845.9277371278715135402409579796028
34122 28846.8684213175109944668276079490686
34123 28847.8456557111407283989413151175709
34124 28848.5894747896180371254374347419806
34125 28848.8453379030683169126109240828445
34126 28849.7041532070247296793354314920672
34127 28850.5876452108944003432455493423572
34128 28851.1688953153333972641212441997913
34129 28851.7454456246174068620455536788695
34130 28852.5560781530771955563470449556420
34131 28853.5449846555193152710505046019383
34132 28854.8493485332725959788406262466912
34133 28855.4573748856122480497294047974034
34134 28855.8115182650904042853432140692295
34135 28856.3000248549519198965719006073668
34136 28857.3794608621822524633220899312059
34137 28857.7854213490893578244598618225376
34138 28858.6311809492701016530209052331007
34139 28859.4405733267045129438621421602757
34140 28860.3279332394435158092351825551420
34141 28860.8156498596543840266684632047271
34142 28861.5903620420335410874203468812915
34143 28862.5930365279135976089490769451352
34144 28863.3486471827912727254393135773380
34145 28864.1103708881556370552866146711554
34146 28864.7340666318537652912733582288505
34147 28865.4851181408887727003228893696719
34148 28866.6326963126472378146511529314120
34149 28866.8808930850873882349843618859563
34150 28867.7262543000406348399169044075621
34151 28868.4298388555341463179028427037547
34152 28868.6256267849878627368950639173856
34153 28869.5112151208984043063514875514524
34154 28870.9065675991623924552444514020122
34155 28871.5563027489691980034112955730203
34156 28872.5044533740696904406148257249793
34157 28872.8563429045389026935308495493160
34158 28873.8878140313053266944600115039660
34159 28874.5518006444672052064652101240483
34160 28875.1211330994309678407011214950287
34161 28875.5166268285766837938019272257773
34162 28876.8035207007695510715005608091163
34163 28877.4318957162994396715765988258680
34164 28877.8882703760477670434990601266364
34165 28879.0362407504864481856692713160628
34166 28879.3087389617830736049316252730716
34167 28880.2240766058258490761120295023306
34168 28881.0806124621378961476786911769370
34169 28882.1898436236831412526064478317623
34170 28882.7594258580692538857681064326600
34171 28883.7408696023547777942269121764410
34172 28884.1844176255185274843906250351825
34173 28884.6338261281546991620041735589815
34174 28885.3849532753204508899878610145915
34175 28886.2183617380929186048380310964270
34176 28887.1963720554034618750631922653839
34177 28887.3503441486607209231622746714327
34178 28888.3104805981482122534763348693618
34179 28889.6560617598475196018121320362648
34180 28890.3203528526468723366993336877540
34181 28891.0265147458600927887540969522921
34182 28891.3850425351041692460831782604465
34183 28892.3189699510070013471278369894638
34184 28892.8530236446830377751998847278116
34185 28894.1156410631556972812610747882381
34186 28894.5797521466302161201736903039823
34187 28895.2565939713737950413330322331562
34188 28895.7363308584893379368190478076635
34189 28896.6394537628841894507620323699817
34190 28897.2941865482852831024833987359687
34191 28897.9449963585530435769071220184266
34192 28899.3289203153701261296927322978786
34193 28899.9295228616506879211877296962824
34194 28900.7884407448379809545018487307339
34195 28901.1831688190619573129866514882713
34196 28902.2856678574748576069681187062044
34197 28902.7461511442609260052657847370569
34198 28903.1894977748456661830390748844331
34199 28903.9621409981061548018624025188062
34200 28904.6457502749853666765479637609353
34201 28905.8880361630271466171219955962114
34202 28906.5413379136798370399336070914588
34203 28906.9775908624258091218908752764928
34204 28907.9251994584911800182242408546727
34205 28908.8487587181313390145128728258683
34206 28909.4837866667723010308393995280422
34207 28910.3046262447196529221378664739252
34208 28911.0865694171144127631226520201592
34209 28911.5649574221957670129769716492029
34210 28912.4712482888185425179687667157400
34211 28913.4317930446175298394901831025863
34212 28913.6225445153977164871019438710056
34213 28914.2647459343970259551770362044046
34214 28915.1348711091870706546701741309858
34215 28915.8550436312400411244540548180703
34216 28917.2744944472028820458407789354295
34217 28917.7856359063456015913767982956574
34218 28918.8415587562461919355361510447542
34219 28919.2158787971427712854262622457869
34220 28919.5820035399967582684561530477214
34221 28920.4724696716009415995209601439357
34222 28921.4115742793845767140631612628596
34223 28921.9874298681997544637408112399415
34224 28922.8660936153766374499329090151611
34225 28923.5322366108427524847293039028912
34226 28924.0310738150562592507852548174295
34227 28924.9388435097900842198785602371323
34228 28926.1760227724438623669806394489957
34229 28926.5513761363027444993509792088724
34230 28926.9687708594431902537317586020071
34231 28928.5184875007250233404009955412791
34232 28929.0752530454530024249591087686234
34233 28929.6031884819113909171451661265710
34234 28930.2564652492165451793034593215889
34235 28930.9709356514285332455538344967200
34236 28931.4127656523327394567591281203397
34237 28932.3888666726020555162787231222638
34238 28932.9520279036814885322876423792997
34239 28934.0211454921170273327373528568400
34240 28934.9369037997728007558057600372342
34241 28935.6430192724731891493060407585866
34242 28936.5159314031825688694394016125399
34243 28937.0053308422797651763092397899386
34244 28937.7928211210608847697881823013238
34245 28938.3360197684761727697056005323397
34246 28939.3894338007500095867040474486712
34247 28939.6703833659490674411385794971439
34248 28940.9298285456763638083053742915322
34249 28941.6189868383316892459745420483185
34250 28941.8136717552258876963141659017440
34251 28942.7921376826103912384298470296210
34252 28943.2198665622977911430908713698479
34253 28944.7820783572508029064098806880444
34254 28945.6515048666202977774178355223986
34255 28945.9333147215189337684840579951768
34256 28946.8201805846850562240905717703437
34257 28947.3729366165933407805158835754624
34258 28948.3952918195034029823277659986131
34259 28948.7054119720934887039247751432990
34260 28949.4232887904794899401537572004212
34261 28950.1430134183539261530561383593875
34262 28950.9801846385224848887452708017435
34263 28951.8428083783897867740085218027699
34264 28952.9499340577672069964021450525270
34265 28953.3331153894023888002337683668030
34266 28954.2309822573253742784414586616044
34267 28954.9740257775231994232758388333020
34268 28955.4965335732800622457232609408423
34269 28956.3592383045959892881188070927877
34270 28957.4962565416970937253977895284476
34271 28957.9163795863330971036782677341031
34272 28958.4912141792849485793674666853210
34273 28958.9420301135451690087360204089844
34274 28959.9575472158813188580560334508856
34275 28960.7234849775305243503468868333124
34276 28961.2672807925793651863115941882402
34277 28962.4610291645700023767052040792950
34278 28963.3246552699018867609073581978771
34279 28964.1367779716113891870515435008907
34280 28964.7745171964521079206449962348448
34281 28965.3621002691294851899004201560675
34282 28965.9293449179362791757119658888203
34283 28966.3430771512666236474066882989008
34284 28967.5150953220014250152632380112030
34285 28968.4491891127453323663985270809597
34286 28968.9360100487294786541386694131905
34287 28969.4155215765693797612007316526188
34288 28970.6840747318883832438830315290250
34289 28971.0793971356617112770340764675173
34290 28972.1135287818706056501255944168121
34291 28972.8966671842951614436621127196503
34292 28973.5659730086809199340541552886578
34293 28974.3623595738857581740876674261641
34294 28975.1602094136142579400992596943255
34295 28975.6694514758003736471374234232176
34296 28976.4477178263383779811991784122499
34297 28977.2958040604048853793138306117259
34298 28977.5469792446909138105215501226516
34299 28978.1521079475014926071292646548610
34300 28979.4096116849586333303955129937794
34301 28980.6594239334032644321543671348673
34302 28981.1917058882973053342909234676408
34303 28981.7903210741972802395861158615703
34304 28982.2417429330989968637685688561264
34305 28983.3197626814199974332160118156061
34306 28983.9642044927784992762143299873744
34307 28984.5706067467401991224887480344013
34308 28985.2850158037836144218887447723144
34309 28986.1057236373434355592819755295323
34310 28986.9233528481551196134436701162017
34311 28987.5514654392320467330477884718615
34312 28988.1607291603127167209656486436378
34313 28988.9492151354461937861549127774597
34314 28990.0016830183205867421289458797352
34315 28990.6558721120296379531442983114725
34316 28991.8006292517826152399465010139370
34317 28992.3283945144448255256112725508567
34318 28992.9156067248537747065503235496708
34319 28993.4659326451244046534007884121639
34320 28994.2754989651023362835286212364954
34321 28994.8550990172847792864287338052610
34322 28995.4772406140959959733704258207527
34323 28996.6294842820961135286928814380031
34324 28997.3935300290618377011809172504774
34325 28997.7327910195564033923426167179784
34326 28999.2964939078970987549849371298771
34327 28999.7723997501878149158741066038175
34328 29000.3122567604528457019686594605679
34329 29000.9259851795703679750208513978348
34330 29001.5865944383499822255629427244530
34331 29002.8333423070294975838461484293999
34332 29003.3227431459891092812029557407444
34333 29004.1433865505335624168781398704193
34334 29004.5260446108814102225613311164721
34335 29005.3710563265711583011264627547037
34336 29005.7117709314492348537756873213137
34337 29007.0986802791482980325884006240635
34338 29007.7502041811139801188353620041142
34339 29008.9370589249993730695958316777799
34340 29009.3355682654126430955430173074923
34341 29010.1986602442625450981903732191599
34342 29010.7315337994185148940737358299360
34343 29011.3919692570833336052421838994730
34344 29012.1355888791539774784007130949388
34345 29012.9454031456883546099016436747922
34346 29013.2262682878770303211481611925889
34347 29014.4928573172547299842557051268198
34348 29015.1483215078238685868446461687522
34349 29016.1407141961095017752087359598435
34350 29016.5523326876353363573443840985389
34351 29017.5162029740630255255130727459650
34352 29018.0234330719195587076614190865991
34353 29019.2958417128046478938243707877191
34354 29019.8364677329407786504524851810344
34355 29020.3474921125363958074724546977420
34356 29021.2125010524018559762667557058231
34357 29021.7492125068221459405350651749940
34358 29022.5619069212647696187137481466473
34359 29023.3637577479537615809607467976594
34360 29023.6880829647355850764550999807686
34361 29024.4842556732986778549716498002169
34362 29026.1129010233753680398677072285326
34363 29026.6214361016925128999162197383631
34364 29027.2322538065471027568029635699141
34365 29027.9674764037107544482188792296281
34366 29028.7152593948416052806897791491655
34367 29029.1698911903142431536190432348708
34368 29029.7530783618075225522730145873789
34369 29031.0945165304033846750999400219489
34370 29031.4641999373268418385292833779648
34371 29032.3261709007576670386301845709301
34372 29032.8667613588925325325671854099724
34373 29033.4743108606799425008823056018846
34374 29034.7961241572224729200011365216301
34375 29035.2249208632753674351470238677086
34376 29036.2804883305792932973794235335987
34377 29036.8138481812156207404776877394906
34378 29037.5877786122413925618027183307704
34379 29038.7224530259408504642459893952515
34380 29039.1652360698797125890275614995734
34381 29039.5664499524083622924719031541214
34382 29039.9822786695527429841275359477657
34383 29041.0896043891033740542687451308755
34384 29041.8141035719159411900531687487725
34385 29042.6772993727124819273784460926565
34386 29043.8296384304175946980656389745878
34387 29044.2352228774840050308628485933021
34388 29045.1326131550824527429644692284044
34389 29045.9430127051224222723411038040667
34390 29046.3487120092462162312574637188409
34391 29047.1793303498239265623980337046609
34392 29047.9420288578576275991894999081938
34393 29048.7435105788134071850612727173961
34394 29049.4683582020536931196240564925628
34395 29050.0427265360856892222028917548618
34396 29050.8525247910410756047353697956554
34397 29051.5436318319660871654434143677284
34398 29052.0635948143879373469691790985177
34399 29053.1232343872373254020257829970859
34400 29054.5151565421553420185114336071687
34401 29054.9463575292892702962095769871002
34402 29055.4373724342789812935727508677949
34403 29056.1645424153046137926620701395537
34404 29056.6659884137218945040006205010610
34405 29057.7633867435495955794219752304157
34406 29058.1304665284736617134638129117608
34407 29059.0118039845709814459417063165745
34408 29059.5537653468681972800855441762274
34409 29060.5987651493251955027890459856295
34410 29061.4515278000258990696546279269603
34411 29062.3090308272389235179284251122555
34412 29063.0206241548575131910023022047854
34413 29063.4656452760263540691489273904278
34414 29064.2355975362030704782584382106931
34415 29065.3672421649789049829715716477602
34416 29065.8849234632444321571964809948246
34417 29066.6324291270960219308716246391013
34418 29067.3133899263423711165320333428394
34419 29067.9594017785414533717299776313822
34420 29068.5198590556601963077720394387417
34421 29069.0470559389060109026369920373525
34422 29070.3382035507871679426001400611327
34423 29071.3578456821907733860860663700409
34424 29071.7411161197454964767546729949532
34425 29072.8612769213164475472816392826436
34426 29073.5240467769064136728861923648035
34427 29073.9805305916428128221970750775779
34428 29074.7641455348842832295663976569718
34429 29075.4081105704880843585984640274567
34430 29075.7604209581740201254797832158082
34431 29077.1318595119933729466346922220603
34432 29077.8556799601778598846346350454376
34433 29078.4317641999424461179626415993315
34434 29078.8620572733267121414661465151093
34435 29079.9377985064543665372488522899804
34436 29080.9487660805357407093898675931010
34437 29081.5527687119645278308447727679998
34438 29082.1710648852814356432703373878625
34439 29083.3753110447306574916203482909341
34440 29083.7352511282578135008363789922376
34441 29084.2738345290201647491755545846611
34442 29085.2556964998515989096957997934834
34443 29085.8081358421516287052883345515343
34444 29086.3744654406845082903956197368888
34445 29087.0572701745612433206060077804545
34446 29087.9634410808803645884100718794369
34447 29089.1873636536714699067358904101884
34448 29090.0521166378506872375294316000256
34449 29090.6174729970477918281340808186305
34450 29091.1539455719502362906231041373767
34451 29091.5862514147860251704593122289432
34452 29092.7196478826684850937931399860452
34453 29093.3163124655686848334511906796327
34454 29094.3050183132147720483449449126755
34455 29094.8829669725148650883603997121872
34456 29095.1592138396444674604474049231843
34457 29096.3261706449431187672578145354837
34458 29097.1298168949265654836142954852638
34459 29097.5549266690722443678555486900980
34460 29098.5389487907337788261910953765903
34461 29099.5772779164872888947609007489656
34462 29100.2900614907956807952222824368823
34463 29101.2444708839904794200091834234124
34464 29101.4602700265907179852639856251827
34465 29102.3834228483090996256311758298496
34466 29102.8233791375287984878476741928573
34467 29103.5718323351045773163368027205420
34468 29104.2119919188202142496481395887967
34469 29105.3155137746443895789012828554166
34470 29105.8821971387634437122146783737342
34471 29106.8904230766533781013888252423377
34472 29107.7697531630898976516657712283779
34473 29108.0937637397909303757181666765936
34474 29109.3604245564777792228647704927904
34475 29109.9098057646103741124617589964837
34476 29110.1700835065177276602017178473055
34477 29111.1793379181586129623380865440019
34478 29112.1914385786382388994433083923219
34479 29112.9613634697630771592941792800562
34480 29113.2519813891356742440333650125372
34481 29113.9024642824683606383851376362402
34482 29114.6743061999079769680850924113111
34483 29115.3354274607698404414000153393626
34484 29116.8711255160952173068854220846950
34485 29117.5587517154364436073703919204467
34486 29117.9352888060854296750902511809749
34487 29118.8212601503982480024205290624177
34488 29119.5195181579923088535837309419049
34489 29120.1746437724510654094219202014237
34490 29120.8150339343679154662784431110733
34491 29121.2896388049281101581459303207968
34492 29122.5539101607900420208074461144578
34493 29122.8473652186826954526571981610558
34494 29123.8424117378155119168691854652163
34495 29124.5997461871416183270174268235758
34496 29125.6749092164374244115281491509383
34497 29126.0862021823997795423518650164123
34498 29126.6862068058393265017971471283879
34499 29127.7270765219466952638048115442767
34500 29128.6617773834431628877177054385338
34501 29129.3799167501999996107528034989983
34502 29129.7637565034684742178054948577678
34503 29130.3903969706596438854038539391803
34504 29131.1373204941802635824589441533764
34505 29131.9073502556957256115735514314038
34506 29132.7150343739344235025024257359298
34507 29133.2076307703937070661117561399226
34508 29134.4099373313320405243006676372225
34509 29135.5509329775160444197562305809452
34510 29135.9373727845242703192939987541804
34511 29136.8532947451117681552131370203326
34512 29137.1374751461942210782916022490308
34513 29137.7705462735879357191897692494585
34514 29138.7550393606687052140701654982165
34515 29139.5775808710821822269278637334428
34516 29140.0701490557957096988487262690599
34517 29141.2715475295347788367597242775288
34518 29141.6284741822507410564829258849333
34519 29142.0105612555586192983087481902108
34520 29143.2287109967944728232935545862775
34521 29144.1391625590203986374179301293567
34522 29144.8207787234239028128313727408564
34523 29145.7577627880987766667318265363734
34524 29146.3476609292037448414068516457791
34525 29146.9075513403859317166412767574335
34526 29147.9323978464230981668864442066448
34527 29148.3930784528833214020197207768964
34528 29149.0809124411568279982693427440168
34529 29149.5520911265102432498566078789425
34530 29150.1575527305747056736474820822957
34531 29151.8048315374137368332774737913963
34532 29152.2135887012874727809732283698336
34533 29153.0302261715918682386326335937166
34534 29153.7355925578721673238118729120968
34535 29154.6326792987133827463193039408172
34536 29155.0121320759086231480535523468599
34537 29155.8766490003823624596821455288731
34538 29156.8360543373638011920222700726368
34539 29157.2193326895045880061097552873466
34540 29158.1338506877614706059369418859838
34541 29158.8555316169616621929074783600043
34542 29159.5709153365467457315691900763906
34543 29159.8909773895725476130649372907124
34544 29161.0743157776341490759977753962499
34545 29161.7502367720903502327785874940544
34546 29162.8560952833888653943001420139203
34547 29163.7876108042432176868874404129984
34548 29164.1966140816043367223750622132819
34549 29165.0615770590134431734680572271427
34550 29165.3763226590246050285523591583688
34551 29165.9483060128346590098904473996854
34552 29166.9641810934426805808871873088297
34553 29167.8503682304082484329185422753077
34554 29168.3479418248195856978539944888228
34555 29169.1627188974078915452124985269154
34556 29169.8962770066114219116232534461280
34557 29171.1850652499059002295526884695779
34558 29171.6380125212874883985653296587620
34559 29172.1775035528269312949564910719205
34560 29172.9836819288495154735409302507521
34561 29173.7370301439451838522517441413710
34562 29174.8213850232387983799726339640138
34563 29175.3697400855959658379294501956441
34564 29175.8829601966867992469201425965380
34565 29176.5890416400672230175807904747075
34566 29177.1546674016497439091174422859802
34567 29178.0260937897618110733092082955807
34568 29178.5989311863210176704422634100297
34569 29180.0481142816304755565527899661887
34570 29180.8104645924672599825106478738310
34571 29181.5065781272899840166662010701422
34572 29181.6553732722651605725660838438814
34573 29183.0507446726563693715784712248503
34574 29183.3207466495818921811688094380102
34575 29184.1633706059173357389846274448253
34576 29184.4859892958516460797055095424933
34577 29185.6721419076978948819509737812799
34578 29186.4026345116924906065182991491954
34579 29187.0546045492875988714208470011599
34580 29188.0991899729711264079921670767475
34581 29188.2943677753126047714341478484219
34582 29189.2534198415767320668774532295339
34583 29190.4327630036868850101443258964580
34584 29191.0958984023509378795179972806775
34585 29191.8160545152206312834038451979475
34586 29192.2425245293606188274258179313452
34587 29193.3788582654728197499076714497323
34588 29193.6438370253617856180065960078795
34589 29194.4184176361283503729978507449484
34590 29195.2008659652393290274173850020331
34591 29195.6512052065144327325919092545178
34592 29196.7279617543545342441489560839129
34593 29197.6315907903142542901296160346183
34594 29198.7764986032905085881227318626509
34595 29199.2688690943714605728616461243420
34596 29199.7610897672577164024603286969709
34597 29200.6165628298893167006078083291545
34598 29201.1040195455808824330130963725779
34599 29201.8293592919673671721921028184000
34600 29203.2682773313650343714208222253900
34601 29203.3849205380766150670862002575857
34602 29204.1881393753457773308602431872262
34603 29204.5894360999593252139486033381905
34604 29205.6131570933428307543041178108391
34605 29206.4245142236250014365891579122819
34606 29207.4539242928857539043509372542112
34607 29207.9135913485308916232660951802764
34608 29208.9123637962925168634188230628073
34609 29209.9697973229192073696995228189879
34610 29210.3369987236400637369511552964986
34611 29210.7626917743046583165379221072122
34612 29211.6520378668723531914094305965076
34613 29212.2737023719025977824144573489632
34614 29212.7581035342793042039730948152977
34615 29213.9411637857040541389692083582053
34616 29214.6362748435885345456381083074099
34617 29215.4707063139016776125837512140326
34618 29216.3078357730725912520404607911643
34619 29217.0004631782950240472427046354507
34620 29217.8387045415426497323707133963448
34621 29218.2111577533563982469272163037301
34622 29219.4325812734638192198984417254208
34623 29219.8401703198931430348985484778929
34624 29220.6414723874443463092074138065309
34625 29221.2467865582251697442006647714103
34626 29222.2376048014317314207466051150126
34627 29222.8456452197600973753646633650216
34628 29223.2687218356195417253809868651078
34629 29223.7351122649644226356018854136492
34630 29225.4741374712805621144085209481180
34631 29226.0917689378416298269453682137433
34632 29227.0341393781748899391642304393195
34633 29227.3438381238363693749852921695638
34634 29227.9950537608554175782735645724338
34635 29228.7088299284511055468368016895764
34636 29229.6153812436682268649355920067342
34637 29230.2461055131947013170761092115984
34638 29230.6950799810225878203601425006395
34639 29231.8205378087941021046231073176483
34640 29232.4420588527441917227483933828782
34641 29233.2498150062197859920654807150277
34642 29233.9949094442865051363567038842355
34643 29235.0306161629201982384640968496972
34644 29235.4856629960798204020228911799015
34645 29236.1448874195304861658635196764177
34646 29237.2291365536854354220259447753967
34647 29238.0656139973174841263832093261301
34648 29238.4993060833065015194211270532971
34649 29239.2336727277724746693495045846412
34650 29239.7701942699732916668338798701036
34651 29240.2450656417397898425491989123351
34652 29241.3670492714001143823665736797747
34653 29242.0202970268425817276049562931741
34654 29243.1821749927455972232075088565528
34655 29243.7736638792465654786780296241876
34656 29244.6718438974280914007089832109708
34657 29245.4965227887947439930222879859131
34658 29246.1485889618599868716377495287250
34659 29246.3102320830416359319148317338309
34660 29247.2138300619704039617131717314828
34661 29248.0908330938685376941477671443030
34662 29249.1387541203198022811816884981197
34663 29249.6142288426469111101112807308674
34664 29250.1573419677792823061633728523576
34665 29250.9178787591169335349029715444243
34666 29251.8262300383700224475006409555354
34667 29252.5561737942360437499057150948337
34668 29253.5312227021190015961099324342558
34669 29254.6828386998632333702823105284965
34670 29254.8058479418847126865908901064086
34671 29255.5390842287738625983415733892305
34672 29256.6448952954485228447753408422371
34673 29256.8070777498347319885143297307943
34674 29257.8136168534921698347606010146805
34675 29258.2166837276940716687096943197568
34676 29259.2722916251642911430123492303779
34677 29259.5451373268606803209759453586086
34678 29261.3035031653456337962185633697990
34679 29261.8504420842796818393261342092669
34680 29262.2366564726402819621064737506876
34681 29263.0448257841048263533324238441311
34682 29263.6556852302269217874226537892782
34683 29264.7353840470587295220756736886873
34684 29265.2706848530606079490384960489568
34685 29266.0572943055924049831531727696362
34686 29266.7221873273871667106141933473445
34687 29267.4390277278645609548715971068494
34688 29268.0411204415893056977823436892227
34689 29268.7766221873922182636016718584763
34690 29269.6450346826038270083579519998707
34691 29270.2478327668369183127041233056289
34692 29271.8049852053814933041488301353014
34693 29272.0532853403641734393170471425652
34694 29272.8381848038063250404399513974857
34695 29273.6773295443460502067801239178624
34696 29274.2575992888389588035729015403097
34697 29274.7132435500189530346769899354159
34698 29275.3078909975896382706307234405171
34699 29276.2884759362940587853457163652777
34700 29277.2885011606687492605105321721424
34701 29277.9290106843962943662338070967454
34702 29278.3966348345193438386798558627326
34703 29279.4114984572845983519902907130404
34704 29280.4254454222248666972150478379067
34705 29281.0859872132047699970050727576744
34706 29281.5435198437742253907937450712089
34707 29282.3015677093581171719742016498359
34708 29283.3290171507114143329161767859402
34709 29283.9648403711254758597315697896544
34710 29284.7304643205476373801198005582818
34711 29285.2688396553865792656983676440176
34712 29285.7627487513457182623672727632210
34713 29286.4383226000886914911738415079595
34714 29287.3351286400496363257570958873030
34715 29288.6531513241272592475351148680257
34716 29289.2407953540466054241958637075396
34717 29290.1400282970088838918464204141111
34718 29290.7128389992897099025718245264145
34719 29291.2432509873520455800631258479607
34720 29291.9842938219666067086546024070486
34721 29292.6891135865408158236476000583734
34722 29293.6468537368942280340115772312286
34723 29294.0495893167345644822783236568166
34724 29294.8493342352082987303993401772230
34725 29295.8041569096658763246337805226191
34726 29296.4988550217528274434774482676640
34727 29297.1177057594982811377303385972051
34728 29298.1710316238998131478710016439564
34729 29298.4842406129039371986029085399460
34730 29299.8011013478341717537997426596910
34731 29300.5602604273911419149501027295916
34732 29301.2302821207519869532555248005179
34733 29301.7555729741905589940561738493611
34734 29301.9441092496449330972154451021466
34735 29303.4572082410789474019191143062736
34736 29303.7426044817228407307914453003909
34737 29304.1735678696440913816276949864780
34738 29305.3272957349096374618541295226101
34739 29306.2627573515997034297955545213562
34740 29307.2109698734498048624835874436053
34741 29307.9071369707769357825283144995913
34742 29308.5717828178697385707392286149857
34743 29309.0901722009065318851186858306227
34744 29309.8786542535149498085883473745421
34745 29310.4149098351182111584191148731423
34746 29311.5236728412119451462350805769355
34747 29312.2653565715499234424365578226152
34748 29312.7753678157361155467666821776948
34749 29313.6141772125963251099170328484674
34750 29313.9492767423518802401108457099198
34751 29314.7658064393012555106808518939926
34752 29316.1179100935997386550050101701171
34753 29316.9068792182616779961781551979299
34754 29317.3172886071682481407928584032357
34755 29318.2756140719037416689650042939573
34756 29318.9782706409167435244632439959233
34757 29319.6921290461803598739186804903662
34758 29320.3968298393993896687407498002195
34759 29320.6678166491356551746061009921251
34760 29321.4073693978426606017555002772609
34761 29322.4082186094120176803056331573167
34762 29323.5207612688976436927325274096499
34763 29323.8117271742088504670890910878446
34764 29325.0274346662402387785453762385319
34765 29325.6776718025771733394930367512592
34766 29326.0789717238044566264116250445930
34767 29327.2629718091798960332295599891958
34768 29327.6951578188447135909566820689692
34769 29328.5042597665929499628876232969052
34770 29329.5976683916205364939878420577355
34771 29329.7970970976451978990171306560227
34772 29330.5176101326306662048654777887171
34773 29331.3402996563339805433826246196071
34774 29332.1162633390925583950171174520828
34775 29332.6436450298755929648072230119176
34776 29333.4693857400375292099912987689816
34777 29334.9168088277290436362040289322001
34778 29335.6454035736619988572791453540545
34779 29336.1228449161301925748495613809341
34780 29336.5250369297923154814524531515947
34781 29337.3561659277042740625583874996541
34782 29338.0424278343354790413331930891899
34783 29338.7135195785763411120819095621301
34784 29339.7426113970774970279820741633872
34785 29340.3880625340401649504016099318582
34786 29340.8117275868792716699360312948009
34787 29341.7557772123093695126318505463344
34788 29342.9306435246740894082768401274448
34789 29343.3161984839821469814451855752656
34790 29344.0467878956114661513983757545459
34791 29344.9719077886198053514012166427025
34792 29345.8150139339707479599369951152208
34793 29346.3864710548627682155183631946252
34794 29347.2388553220690104800584973297423
34795 29347.9862045009268610352344484726443
34796 29348.3257593645270191703802831685894
34797 29349.0231981938946921636598047663446
34798 29349.6587673318047639839954329777601
34799 29350.6042789090908680661289771022088
34800 29351.8501467237920010601967108951035
34801 29352.6000347270697605103729924445164
34802 29352.9827750733173666781064186629187
34803 29353.9727988927605535327810296701075
34804 29354.5831987468081686008552240476271
34805 29355.5636343175430357816084222686921
34806 29355.6286463156502677700500990773262
34807 29356.6029210469285633123395119391906
34808 29357.4229791595818218648537755358193
34809 29358.4978779350098415124829963736227
34810 29358.8460500591682821928582438871875
34811 29359.6003226956475832009874268374455
34812 29360.0401162283804270763136088097628
34813 29361.3346270331306815692208355742012
34814 29362.0571650324453455812915033021184
34815 29362.9886568461422132138693049095031
34816 29363.6807872486886934459341628947200
34817 29364.3560257899960844946767825398998
34818 29364.8346630934107780968762334389928
34819 29365.7386752087375817414063302247075
34820 29366.0731101075555117659772076573871
34821 29367.1849716954017868519536438332440
34822 29367.5678702267321455438149207298930
34823 29368.4000848351858306846243509770718
34824 29369.5305732981387687538088658292358
34825 29370.2566916716548775852196120361957
34826 29371.2782969895886154354367831928216
34827 29371.7414372937790674384534110026590
34828 29372.3690540244765277780506523798508
34829 29372.6274709370722930021432104895570
34830 29374.3378057959463293047928504578137
34831 29374.7294335685016302126188368168030
34832 29375.1570537654283417212033671830446
34833 29376.0242419084463869957340679704740
34834 29376.6014040364544056162672609044210
34835 29377.3425379352680652120707900175791
34836 29378.1836760454899781835571663183511
34837 29378.9392380471437515903022931890105
34838 29380.1687971590035272479428586908466
34839 29380.6047406597588482697996460997643
34840 29381.7918555187394868491795949898425
34841 29382.0462865823085375416127336006165
34842 29382.7387805467214517664964088717878
34843 29383.4281864527338258267167088951188
34844 29384.0193166719219132473526492025184
34845 29384.8479040495058507557847058310520
34846 29385.5770168856294836148137047242742
34847 29386.5537044179376971885430271346173
34848 29387.4018254810379097088136903186995
34849 29387.7706123422565255412482714162436
34850 29388.7026340363603924561354295799555
34851 29389.7747398958052869796110525598648
34852 29390.1676987034820881498573426802243
34853 29391.1344722892495566351554208567297
34854 29391.8448515545632897527002985559193
34855 29392.2344384824041145114000379296804
34856 29393.4812508596141050290602169544488
34857 29393.8717238835966294275395711951159
34858 29394.4203790452025678173871547166422
34859 29395.2381397660776094821993286198358
34860 29395.5507018403637575213510463551685
34861 29397.0479574737817956700393108146625
34862 29398.3210940962535639035941079574005
34863 29398.4182267502448667106469778459246
34864 29399.1310067238442968285882220418973
34865 29400.0349855225443321027822563906615
34866 29400.5372564219065746959187500330074
34867 29401.3326324244587493905586119114700
34868 29401.8984985606961433335949838835666
34869 29402.8821233155934866674659277574858
34870 29403.7377712524996709078898777441858
34871 29404.0582276331357136472905783186482
34872 29404.8051299661723281677144592045707
34873 29406.0882704429918912608710500377744
34874 29406.4577739607043713441155707731566
34875 29407.2972646419382304971415024733446
34876 29408.1001127410834287322853487108587
34877 29409.1171911700303275769685082604851
34878 29409.8433366477542164619677487750321
34879 29410.3647073625953800331355056208476
34880 29410.9386591921141827177884513287887
34881 29411.6094193727399611312946019515927
34882 29412.0405200835168585875179027344729
34883 29413.2386614209364923560701894411633
34884 29413.9700886323381382589096632679720
34885 29414.4974133342824023778140454692138
34886 29415.7585545774621409817582001384062
34887 29416.6283084963380753254228818338332
34888 29417.0687053060793423939405942524064
34889 29417.6102106707631594378435360369101
34890 29418.6863070225095760343261725976671
34891 29418.8798745944878209686012353038186
34892 29419.9652988431850007407718065984060
34893 29420.8407128125814125991403471636060
34894 29421.5782190499321657564437066297696
34895 29421.8364767247222315087833741020614
34896 29422.9017626251311386314201610693748
34897 29423.2550915153784679178851538888718
34898 29424.2602019862351802526784754787068
34899 29425.5469188362927323910087697731632
34900 29426.2154695560403643146612565501116
34901 29426.8335602879517705969110960711104
34902 29427.3579418156037717680852625483337
34903 29428.0884292537329897910352745540259
34904 29428.9815237938394067025695674008550
34905 29429.5993958432905369989047332198164
34906 29430.1000940893973318191586308742798
34907 29430.6027797952197322110645991630583
34908 29431.9709025659510524875384034063392
34909 29432.5373188334147240944481702309570
34910 29433.6629080722290034898609214221394
34911 29434.0626910039885715968712360245131
34912 29434.7243223336716528791388779848139
34913 29435.7407271779701595470549536547167
34914 29436.2446552995126402565663978436319
34915 29437.2537794761218062706056675555558
34916 29437.8920583213504146872061727597287
34917 29438.6129375232976465521880240236562
34918 29439.0096452371340686517503068008953
34919 29439.9705346005203325542169312699379
34920 29440.6901182803929184129501102160503
34921 29440.9393784724195226847750271899105
34922 29442.3953674047194650688913682268234
34923 29443.1151398749347411213486863360139
34924 29443.9581559952268220350930734217317
34925 29444.8547260751270875721103427910787
34926 29445.5442023272362292081521143146944
34927 29445.8594749063169327356741614717971
34928 29446.3315102481112195924261011375108
34929 29447.2953208086883062028022281304617
34930 29448.1943481351613267037765385544836
34931 29449.0891855525056630825602495404563
34932 29449.5276269159891142430177911294362
34933 29450.2730775887868489063743429485356
34934 29450.9528655970784282178815063930460
34935 29452.2238902590658849630998675851471
34936 29452.7348454854434649186946922537937
34937 29453.4440339588859941696690448226972
34938 29454.0760647026824391549743265328549
34939 29455.3206484806457745748455808519372
34940 29455.6835010264461489813906373222005
34941 29456.4258991405677316883792861236603
34942 29456.8616423456072313420287666870812
34943 29457.8211081360619196827854536788067
34944 29458.3121602720375458103266870220623
34945 29458.8384452104655335443751050517579
34946 29460.2777497936165917939084013553351
34947 29461.2366374343552325109200759558444
34948 29461.7113476612101433302335301031237
34949 29462.4684497914401829988341788514940
34950 29462.9677888818907451836799409166380
34951 29463.9070897345496427243940030424192
34952 29464.4768196065218260531175554866753
34953 29465.3446119247610230781904244517561
34954 29466.0004301462964164171275753347418
34955 29466.5225920492091232908698456552065
34956 29467.6797490661657252352907563945524
34957 29468.1916436170862381880489580445776
34958 29468.7530489652052468546359741039891
34959 29469.6308745433588253399258620543339
34960 29470.4162995026458214741336080319679
34961 29471.9289237086682850694766323796780
34962 29472.0945931945009821290556948758321
34963 29472.7203285751771939897500814645468
34964 29473.5812630565259762871784364000249
34965 29474.1655267351177446757259943509092
34966 29474.7925309013047137396277328680010
34967 29475.4827729826741704569050068134859
34968 29476.2184554579409074809720484288216
34969 29477.1430308456809569114919923142730
34970 29477.7808938220468069080161259209374
34971 29478.8872385495281122353087863686614
34972 29479.5782408583668349306152595211722
34973 29480.4452408213714628989798691993146
34974 29480.8723196069845589739553099345667
34975 29481.5356282045558597124238379353580
34976 29482.3382178503694023599670311761379
34977 29483.1854214868673254158289078813229
34978 29484.1993013452831675660556338062890
34979 29484.6837204797458868092954305376972
34980 29485.1707443943027482657410138770896
34981 29485.5055641517507383724633321836807
34982 29486.6975303055756385064067204524807
34983 29487.6899498385048853221999371632436
34984 29488.3633046538505607631341038236906
34985 29489.5527743279515284051632101082207
34986 29489.8828721498218545111517672480591
34987 29490.6323487771059773420350479507134
34988 29491.5614390405383995772615600107733
34989 29492.1654208197422907725462656410844
34990 29492.2867127662253081936975812595420
34991 29493.3154040035394783797736182808483
34992 29494.2824603583233527917587752457099
34993 29494.9604047537009098249737676007305
34994 29495.7621129881237337492245455979201
34995 29496.4429781099026319538624791632974
34996 29497.4956991709463085466501942432959
34997 29497.9268316960685031890776050430903
34998 29498.6301478480922602643423643297201
34999 29499.9055927088169820119397165572214
