44000 36107.2277448716762848744279231556621
44001 36108.3742559528114778563663860786132
44002 36108.8932225885705674152702353959612
44003 36109.3222488555856031471107509340851
44004 36110.0751167088841785479482606205047
44005 36110.8869695709191359435084356844062
44006 36111.4885950273222153009952822035576
44007 36112.4877667222344858830260975979954
44008 36113.2838421305616090143367241321611
44009 36114.0594689347524214707074744384956
44010 36114.2286415866653501692199561849312
44011 36115.5224165858399395288337074424497
44012 36116.1791569131146085097826963884544
44013 36117.1604012242559642823977096973644
44014 36117.4342182889413822285370973005573
44015 36118.3650748124532107656253564560968
44016 36118.9309921714578761258346058264501
44017 36119.6840190444793081492424064734939
44018 36120.3118734293153035377973070763595
44019 36121.0427279402719199328616049206133
44020 36121.3337306675749960113514280511492
44021 36122.4899486555627093743414213790352
44022 36123.7181446614515978519609183502811
44023 36124.3265702649361336086379549234449
44024 36124.9580491364292825332404766975838
44025 36125.7024890549388698567246639383641
44026 36126.0862992533919812145639416713020
44027 36126.9326107690592047939173405435796
44028 36127.4315258286175957169281324482053
44029 36128.5010082592043861227670797314698
44030 36129.3554077995025852766299133924074
44031 36129.6833146535543001732684445356906
44032 36130.3921758353856273116146759651109
44033 36130.9820398743746617708521429470501
44034 36132.2021672164383278758628367437817
44035 36132.9553463322869765000253288045460
44036 36133.3430273967919514665705486354948
44037 36134.3337997617217811604999385361081
44038 36135.2763558217445808844409171505347
44039 36135.9045710864390158924703219027955
44040 36136.4576228034453578348387635314772
44041 36137.0325259364545927910595375865946
44042 36137.6048178638854041396112444847173
44043 36138.2663247711584523126725708444016
44044 36139.0160096245343888791016887170498
44045 36140.1595762877035326864208456853721
44046 36140.6848388131554394374697141622039
44047 36141.5348009816758343411146226940583
44048 36142.6138547537289969042971971182879
44049 36143.0967849555409867149755881097735
44050 36143.3853816484661170881477721128842
44051 36144.4976207801738879883123656653381
44052 36145.1953847597264961404207285962021
44053 36145.7367972303980262669348196151659
44054 36146.4911352081950783277600633677523
44055 36147.4151766132563086582420116217791
44056 36147.9431928604110180598922266480272
44057 36148.5498798397790368236285442597826
44058 36149.2333655016877643399123850091947
44059 36149.7893661792300208501791275832912
44060 36151.1787117027120573959799731143271
44061 36152.0844153962673732836612590793693
44062 36152.6089088828752159895982423458651
44063 36153.2488494575006835208746805536214
44064 36153.6372737321330207246519577112524
44065 36154.4108292933824338437257651428867
44066 36155.6075943577571488237333130223988
44067 36155.7025738775147789039807811574506
44068 36156.2764796797462210767059924013475
44069 36157.4367409604610319029052300428131
44070 36158.0617016966282391121605257239427
44071 36158.9929939594764248594010020423991
44072 36159.7141631440254299348669902703347
44073 36160.5502364870635112950808150947289
44074 36161.0175548218060577662622963209978
44075 36161.6948629971208266772583651636349
44076 36162.7823452596020822487780318528541
44077 36163.2321510731367168059146091718806
44078 36164.2621303394857681672067521143205
44079 36164.8567111742988331282414636544307
44080 36165.0058611961062614459078514823081
44081 36165.9203965880292385980545314725064
44082 36166.6597498688537474673587895985841
44083 36167.3208041133058018952171814608900
44084 36168.4801941368630082531279252798385
44085 36169.4065974283981825017437035403910
44086 36169.6779517475581054712634533819637
44087 36171.0818110942591640160604822206588
44088 36171.2320027926955159732089022808714
44089 36171.9954945582249321959350967900780
44090 36172.5442031621253509778486497343755
44091 36172.9473563991679887237874273655426
44092 36174.2773404428947187883615581434439
44093 36174.9159988049062897854313856600494
44094 36175.5885787834741304205123773195648
44095 36176.0209601799109714653988222791938
44096 36176.9765549659057242077021806754887
44097 36177.7168848927147414615937746210664
44098 36178.5642682498391892564165430095110
44099 36179.5303808974637315247135772984341
44100 36179.8991446308883489524790238568892
44101 36180.8781297808576893876498920212095
44102 36181.5977529202280051206295534466119
44103 36181.9916913491046208775317609542420
44104 36182.9255352595035905788130644336565
44105 36183.2426107784755208163151591209607
44106 36184.2289710188987711423267252575370
44107 36184.7027175746683439548918415210830
44108 36185.3223679735151168095543140298094
44109 36187.1125890895893635374950064339479
44110 36187.4194569235728402336734031960579
44111 36187.8978743288825548710105579136793
44112 36188.7757342779765547438483901310529
44113 36189.2029669046478278056633208141841
44114 36190.1558854018084687834671890947206
44115 36190.8152005459800849862742255336174
44116 36191.6901546319698552572112214268087
44117 36192.2354154391802901790080454249061
44118 36192.7358255239113214127480447008602
44119 36193.7148207131912549913324973991080
44120 36194.4059131284715572577616471583414
44121 36194.9415310435764090302064660969151
44122 36195.7698650427849597289723336845735
44123 36196.7687254965203881678829975565989
44124 36197.7087121958403342620554525252324
44125 36198.3803275335737419978338376958832
44126 36198.8293040972708356093066554107694
44127 36199.6354100367274345072656847780654
44128 36200.2625394837822918964085866871712
44129 36200.7089618700458469731355109948774
44130 36201.3856891515491182352870811939233
44131 36202.2931637800257455353440549304028
44132 36203.3189056018501295469945769574516
44133 36203.6763700132200533956674523396429
44134 36204.7136629487381766382465609596642
44135 36205.3488456427502952342175653866746
44136 36206.4674562828776616106243671760519
44137 36206.8016620859169577390574407699446
44138 36207.4784939405108792876894399684748
44139 36208.0417307436656968493822033900595
44140 36209.3072478429635327967257769584289
44141 36209.5501938601573358967833063767816
44142 36210.7093602375385747571323791738009
44143 36211.0882927497244050481233084409749
44144 36211.4521044561376570375142326861785
44145 36212.0547812595259673883716233860449
44146 36213.3629040227418276117585005524195
44147 36214.1719950793890656863902480265458
44148 36215.0506155433899359940155241320486
44149 36215.7927633096406224544859458739625
44150 36216.3526596743067627495988553280253
44151 36216.9156547546733231695781685748662
44152 36217.6667500904577098848736506824569
44153 36218.3913250878955406566945391275957
44154 36218.8844178154739377490389064954772
44155 36219.7491222799132685983094286502501
44156 36220.4159331884239628026054444555536
44157 36221.3668721149079825065726129178060
44158 36221.8826347366478664677993625114160
44159 36222.8618681914957941657349969616505
44160 36223.6617951710256335278145840012686
44161 36224.0230162465857052829149931135405
44162 36224.8416828007095220761785279785421
44163 36226.2037117754085131086020546802832
44164 36226.5494357495764300524623632299175
44165 36227.1516759171015380728939163842300
44166 36227.5031510751488092181930521167041
44167 36228.5683228155903972186794589148147
44168 36229.2146157847416239911055574438475
44169 36229.7075218596037586902699162919852
44170 36230.4608402237176990124078688252876
44171 36231.3045302693863227118596130282886
44172 36232.4841225542073702129929599892800
44173 36233.2906460784651584960787900365801
44174 36233.8900661361070371674701585315378
44175 36234.2891957402113124900530483426339
44176 36235.1022115716333469531937439471867
44177 36235.6591490363827721819033641572429
44178 36236.3957471046594409128201231894877
44179 36237.3927657379863585391517469829107
44180 36237.9396920378233125148093565217861
44181 36238.7286939851700458342302193038791
44182 36239.4468190709028502440338113017644
44183 36239.6675054451378858449068481459955
44184 36240.8652477319408665620063361933012
44185 36241.7143543524490982368646464216102
44186 36242.6955245597992882815701119123171
44187 36243.1262765177102676560140795640651
44188 36243.7771653874714381451004085751968
44189 36244.7938535190908766336282475934103
44190 36245.4064588806390579432596887696875
44191 36245.9873439072181747941081957792681
44192 36246.2990666671753508620923343095292
44193 36247.2374615707383347126114803895362
44194 36247.6786107824222019300022164866571
44195 36249.0871007098981455565295690147305
44196 36249.5860513768721647439081903090430
44197 36250.6335395750552807875566218576745
44198 36250.9983365378310882187973604440676
44199 36251.8297252200528298865756608281962
44200 36252.7453024744181944354376826248628
44201 36253.1310853812077420277962358008218
44202 36253.8403893635916730007736513015528
44203 36254.7934787686635869455989679138238
44204 36255.5607083174104534950718352083391
44205 36256.0160889684170755107978866475296
44206 36256.5440708181179421909441714457300
44207 36257.5844641653342142164063928219672
44208 36258.2060030587979993795485538961813
44209 36258.5684507439198393580694699256847
44210 36259.9937472219257905275774451526063
44211 36260.9534797307981643233591475869803
44212 36261.3368839683611971634174141590309
44213 36262.3274992806265252896376162245923
44214 36262.4593780301746996979286065700859
44215 36263.2840572742620564439726124222172
44216 36263.7631557850584513562881182663961
44217 36265.0035461549330487089868371132839
44218 36265.3563441769498956922577904838395
44219 36266.1975126033670097912542225058185
44220 36266.7469886912947386935823540639743
44221 36267.7859996469476928213082452319989
44222 36268.8347231468304685461999485575297
44223 36269.3087881428498703308739884802140
44224 36269.6110290125463663374439116279447
44225 36270.8742849954808984493913852478006
44226 36271.2953992546606124828554239534464
44227 36272.3080288198970329047324007571847
44228 36273.0560948239398639324919848703278
44229 36273.4103862668394398776419450648501
44230 36274.0914394782768554777282407880985
44231 36274.8115480550137978232441454044591
44232 36275.3766420824000963136953079598108
44233 36276.1044223044737413952803586672364
44234 36277.5026600672180837123887124505553
44235 36278.1646925618646083188507529384018
44236 36278.6948288007655484235173830339692
44237 36279.5083870616372484034641006399597
44238 36280.1423554361810441023666047409759
44239 36280.8631985951117614872728653315581
44240 36281.4903346027964830760921603659372
44241 36282.0574962829123634961790604086418
44242 36282.6205304316700589951967681224430
44243 36283.9163910616308618009753823108305
44244 36284.5267033954578605483941739140538
44245 36284.9555351953083781519724481186445
44246 36285.6005421892978189523655789957966
44247 36286.5476330161263521180297363659338
44248 36287.5363323494899445552615757426249
44249 36288.0887870447884965110726444584529
44250 36289.1065819759642950497946401768459
44251 36289.6860374867403666817359218942818
44252 36290.1223147215965910330796351260797
44253 36290.9800094569095533091036574605770
44254 36291.7650709371493317633514075756545
44255 36292.0579048817946181058128406669352
44256 36293.0447891845645661992263286916169
44257 36293.3445809025564443020976173085622
44258 36294.6979037400459115739733410366902
44259 36295.2627930421462215206613978260564
44260 36296.4699124553282218010656150771400
44261 36296.9823888132742091798773108397149
44262 36297.7283011226460387691841913608502
44263 36297.8393725254867684500301744547453
44264 36298.7150456609268918438611860277763
44265 36299.9378271018232842412514963488640
44266 36300.3862375727010667750105161180041
44267 36301.2393419874762233956894070660335
44268 36301.5501626769079179805808994105832
44269 36302.4110273125492988431962327984273
44270 36303.0178175776994279991884875843846
44271 36303.9463850838514019449341696227351
44272 36304.9250813144447488426667316709692
44273 36305.2789438944955962276570809793435
44274 36306.5283887135461441367373303432384
44275 36307.2764837708332422454344724118983
44276 36307.7843998860978932316486416092881
44277 36308.2725452607849087934611337825536
44278 36309.0049596806961466705411326438558
44279 36309.7143450389899000259909853556224
44280 36310.1159276873528475042199543102654
44281 36311.2541432116471949410133714629288
44282 36311.8203164658304715086943336434534
44283 36312.7974708981620661420553776836386
44284 36313.6153727046658453786087198295517
44285 36314.0705106980204154180217365359352
44286 36315.0109681156023424955977129982373
44287 36315.8367619311183554984074533615795
44288 36316.2282322449290222942612694091220
44289 36317.2305372997607032056793477002667
44290 36317.7310311566322081362325403389837
44291 36318.4938667757767815295124392094253
44292 36319.3780802948900219226251185249291
44293 36319.9286508043037964680685727530576
44294 36320.4727863613788521689601118063335
44295 36320.9974408150002800583617804041385
44296 36321.7603196955164991073569041391073
44297 36323.3586633454060097105841981786532
44298 36323.9574322453004764146107473373039
44299 36324.5115079484409829321048467236083
44300 36324.9048134068340787826871476606475
44301 36325.8918628510815732550310133062712
44302 36326.6384891994941607588668381962308
44303 36326.9663391044442988688762142560641
44304 36327.6984206837784523051990971990702
44305 36328.7419690113499001413503001811376
44306 36329.3921748853046992073759266220819
44307 36329.7558388781605589236763265291150
44308 36331.0687118977433576656962402607468
44309 36331.4449627548302846542096545770077
44310 36332.3764403451516037446565059086262
44311 36333.1390878950711720789746234534397
44312 36333.6324651075656513354587076321989
44313 36334.6750207329203551596151056816204
44314 36335.4797611126202900643789095802182
44315 36336.1053586026069308468052943078620
44316 36336.6229454581143010153816979913593
44317 36337.1246793714085213244628131752277
44318 36337.6573700989837645892040678402506
44319 36338.8011228949124242171239809949735
44320 36339.3959495530578179214317918756750
44321 36340.1088328197204497111324144852047
44322 36341.2289091839621929741255701615555
44323 36342.1369475515280509987038956577577
44324 36342.4757002980750993873965558537651
44325 36343.4379057222315822954852345383837
44326 36343.9119398949021310362476398574111
44327 36344.2523148535813382936401199863447
44328 36345.2813860411349749115987447886701
44329 36346.1833833363189151040309835065061
44330 36346.9525825887621914040217467368897
44331 36347.3329053812817921122301544442089
44332 36348.0944094716025860296745857878358
44333 36348.7879039223880436810151097998728
44334 36349.5652753056020090316421760190669
44335 36350.4513434184924253260242627316890
44336 36351.5198532138744088346477818503764
44337 36352.0564340605778922016506536026313
44338 36352.8163860327744640100024229090656
44339 36353.2936339287040485766789644194514
44340 36353.9985919311801135072494667207823
44341 36354.8697217376326565177950260775983
44342 36355.5509623953619506320354562958733
44343 36355.7634665828664081367818922560231
44344 36356.5452584571449701162986580355711
44345 36357.6504062059325262062325353762079
44346 36358.7845782663100343932558091813137
44347 36359.1593408798622636467622859751373
44348 36360.0981361605821990056346304675797
44349 36360.4933359835445798788078676012401
44350 36361.2206506862659676211926854043118
44351 36362.1501716628835172660870691102342
44352 36363.0371184128782088653126871309781
44353 36363.2758806649907207495459876862116
44354 36364.2772503691694069185087552437587
44355 36364.8138359366857490697586810029583
44356 36365.6578672552743271615395460319883
44357 36366.1648312638370480322513222733989
44358 36366.6958651665578261368261252767259
44359 36367.8919526454341321331108232380946
44360 36368.6669685437890667728559295507316
44361 36369.5762495579575701309444895208522
44362 36370.2299713984362660205509151899643
44363 36371.1471471883422985076593378892843
44364 36371.5486425667077678855266912698083
44365 36371.6959773207379715092120056537597
44366 36372.8963615854030348153474474227354
44367 36373.3605628880730743573860784279318
44368 36374.2592815634282555707421188147987
44369 36375.3917026485714099655043498304007
44370 36375.6392980961567890289817743521967
44371 36376.1118639405509307541766937944499
44372 36377.6567129816053334934746520948439
44373 36378.1357787620540044693077449908112
44374 36378.7365345530899485713144118227220
44375 36379.3175131748000897513925690747724
44376 36380.2280876437762119985655126420743
44377 36381.1329934276772112632320510898341
44378 36381.9282808194507906747778617516852
44379 36382.0572807522807842455405492999659
44380 36383.1027361163228429879783941024784
44381 36383.3676379202128810253392461575343
44382 36384.2729534956931271616302399796635
44383 36384.8833888758003660804550448381159
44384 36386.3593788917672823190844649039709
44385 36386.8465415393576130558194509279526
44386 36387.7023279438458236348571639189285
44387 36388.2689767718316553038711135083146
44388 36388.7877471737881112511786506582498
44389 36389.6096242923075188118604956022741
44390 36390.2546298621308655822904083617296
44391 36391.0451000206655388962256879606862
44392 36391.5747605775202395578094772806490
44393 36392.4059278196258061616329106755103
44394 36393.1804893718824251876529943272897
44395 36393.9458235289009789669310273039721
44396 36394.6200792018432022758302673141983
44397 36395.2970324250416395952839765118773
44398 36395.9141839375626784901113227807837
44399 36397.3429625393225682010105480424368
44400 36397.8584639677539501757515509733989
44401 36398.2247879209167276025332444842140
44402 36399.2214586939882327873280507393664
44403 36399.6537409624674222672488307004521
44404 36400.2393972138999382240277759966200
44405 36401.1898372718502890886414529774251
44406 36401.6299246274717261932871070323361
44407 36402.3849515558853011796762112101250
44408 36403.2186947813147368281219854526891
44409 36404.3732623525216514270748063203952
44410 36405.1547226339085615856561605015617
44411 36405.5685712569268366512749390063007
44412 36406.3712593494122743614157468060292
44413 36407.1124965276020986764521357352821
44414 36407.5391065247388584240573446716056
44415 36408.2163359278509496701384698291987
44416 36409.5015940270249484487843197536812
44417 36410.1621765778698993227515576048240
44418 36410.2759104187442054421122639705313
44419 36411.2479881295910122980963296244855
44420 36411.5759935614660775908129714041504
44421 36412.7762318600476487655349041792012
44422 36413.5915558872288436715151106223559
44423 36414.4763111813833645045902779600851
44424 36415.2011250643234440557025176769305
44425 36415.7114679407762653098169969676065
44426 36416.6921425300902978444091916933779
44427 36417.3241420144968134556363351439516
44428 36417.8317037457633603266054472066213
44429 36418.2037935110990372426399968707500
44430 36418.9540357325413977481277044341091
44431 36420.1888388814713063453661907988003
44432 36420.5483812534508025532834008998325
44433 36421.5847855487809937390495878948911
44434 36422.2365691590131125964565576557442
44435 36423.2367361815634407311370257874434
44436 36423.5178563986642280704142390105897
44437 36424.5753068134533222721195947692651
44438 36425.0179987876886807143555403419716
44439 36426.1425565187768670773355073522810
44440 36426.6423252583625781535606981679025
44441 36427.2003941289476769124517085468029
44442 36427.9007733979507826701372559996081
44443 36428.8219180315202269134986462711288
44444 36429.2424341845033073923908796737534
44445 36429.9270999510517524567905975240520
44446 36430.5587159171725356718878726299240
44447 36431.8362959293716003046387480545133
44448 36432.9037291736363768479126850255659
44449 36433.4587696120046108507299550723685
44450 36433.8915351131738571297498945071145
44451 36434.2671698104496134130837823737738
44452 36435.3265181573472957427078122198732
44453 36435.8145637717908089285472764690318
44454 36436.7837284440988497859490603193515
44455 36437.3713930479304211537648304877682
44456 36437.9341752002348202846928436171040
44457 36438.9559835051457348859744858050265
44458 36439.5044334404433875105991613012095
44459 36440.2705642555040320359038994637918
44460 36441.3111136585888185893285721539015
44461 36441.8695563430988036986992181092523
44462 36442.3693211754827969039010405277416
44463 36443.5690194623081361496277293328380
44464 36444.2078321666891813181201479640776
44465 36444.7071991438265731865495395170734
44466 36445.3965490755213787001329688676171
44467 36446.1535076763402192712192313638722
44468 36446.7618340842235282772766075554057
44469 36446.8685103954117601599280179743354
44470 36448.3029920270942415949289074095701
44471 36449.2507122880090433427294510154435
44472 36449.9922692603050242243111389153359
44473 36450.4310584804679061277522229450934
44474 36451.5733968946102687803380403187825
44475 36452.1095710457710835296594502330105
44476 36452.6279763424787642410791502851991
44477 36453.2798499761409198048820550377290
44478 36453.9359591678937796895490376049018
44479 36454.8830167738838951578599210813705
44480 36455.6869057194643306352152400362887
44481 36456.2830361015445576520785392107572
44482 36456.9302662001253286491411123022134
44483 36457.3857758128767404329997150620609
44484 36458.2864853695604016242940921276371
44485 36459.5158215717110470358125071842728
44486 36459.9370428785696555118962554330931
44487 36461.0059775694452139998636646269852
44488 36461.6834424387009359845209079342630
44489 36462.0042512154607729283714900877195
44490 36462.8031435908101897960652792557836
44491 36463.4736262582908159972359804297066
44492 36464.0746595138307030052945454254845
44493 36464.9319043892459281969341607381512
44494 36465.4573244905085761056738474408663
44495 36466.2113050742602505734272848228656
44496 36467.2915890414222549272075951901625
44497 36468.3907704086656380926473126038433
44498 36468.6989231154725218191736176640460
44499 36469.3357706980776176182237536946437
44500 36469.8854744304358259987750617042668
44501 36470.8352851177548414456329870237540
44502 36471.6962159019618625895467747214640
44503 36472.5206381353480797616922386459312
44504 36472.8262861685547752343007513687978
44505 36473.7020851993273768388121662320182
44506 36474.0109508155271608162064787807123
44507 36475.0952659647440563371496469030646
44508 36475.8590048552905161656025504154172
44509 36476.1597573443805679933341071300443
44510 36477.8517653797231512173289581869837
44511 36478.1538119536842254423019832304693
44512 36479.0060085391486737826702704013401
44513 36479.6381870528472868963066961082088
44514 36480.3035443291436079005720072287015
44515 36480.8876185347344006241796861226727
44516 36481.5569439363148022552901093100598
44517 36481.9477860079875276029813796174799
44518 36483.1732139843910133498547024902735
44519 36484.0226473255225118293345447888447
44520 36484.3507168542855709487853164779476
44521 36485.2488166777060749095361511947731
44522 36486.0798617292889119172656662603027
44523 36486.7180362664803943133374278517039
44524 36487.7672287842392975244670653283773
44525 36488.2927049055549238250879220924304
44526 36489.0258809306999631699285510718643
44527 36489.4577689052167470349115328657964
44528 36490.7420270424592874185508916126542
44529 36491.2282007048640974115450559234093
44530 36491.5142481393335839744743366759037
44531 36492.2866272398251755630491119560277
44532 36492.9649960020629611074471067633273
44533 36493.6421469026772743402360883981952
44534 36495.1450227754766477016354762121340
44535 36495.6604156588319039310923332264549
44536 36496.4072987363268734101193708528391
44537 36496.9636538202219330194401265195642
44538 36497.7524906812899311312411481585954
44539 36498.1554169207089942420716020055631
44540 36499.0729429752814266822587314301411
44541 36499.7148966277151803484540379918597
44542 36500.5253715011947984136739244688570
44543 36501.2389626091645424879633795398784
44544 36501.8619160393147817656107740162082
44545 36502.4002065985641066087275910442227
44546 36503.6393386359874978134843177051815
44547 36504.0686144163093133798928520686098
44548 36504.7947618472895196957255029303667
44549 36505.6376291086835461367555926186887
44550 36506.7607706754141909455526145352285
44551 36507.3410160723616643033923301059376
44552 36507.8306247856441899088888855376681
44553 36508.4683693812480378487404314660840
44554 36508.7753689285907864351319563181045
44555 36510.1663853007466992773208557529299
44556 36510.1959229297818032531573923446195
44557 36511.2346553998890316078579373418621
44558 36512.0670204641790095975695681093291
44559 36512.9466685753237557259917596239197
44560 36513.8012405731586421711444146757057
44561 36514.6132696619805622819404813351202
44562 36515.1176774774758107259907466319307
44563 36515.5890978762953844045905816428537
44564 36516.3518918722157150063936588407241
44565 36517.3069604507949684274699228270468
44566 36518.0117807322232773089988669346580
44567 36518.5032588627785983316883671041158
44568 36519.6502284812000860604984796590126
44569 36519.8617158856984084733364940045560
44570 36520.4735089245152239418277570111338
44571 36521.1267489348441080515743926693510
44572 36522.5118748608837453596794731366478
44573 36523.4267477919787709351651821875843
44574 36523.7631580054086802892211021314909
44575 36524.6602654944271852896176561709622
44576 36525.1821131558173398469523233828801
44577 36525.9220922361260409793824143154269
44578 36526.7911658387680697493446028317466
44579 36527.0733007339947535390649347180974
44580 36527.8723155912799187762731965044061
44581 36528.3676880659931036000187625131653
44582 36529.6893522501294041581035218707783
44583 36530.3196582052438675031967221162091
44584 36530.9855764200575141181373346099429
44585 36531.7239273129953756456740197502587
44586 36532.5115789558306303238398080510431
44587 36533.2419189930995193969683175409933
44588 36533.7890233517504263039062253091825
44589 36534.8277870749587442994217638543724
44590 36535.4793693158190489286142998046717
44591 36536.0466083337419686489334208820398
44592 36536.5967553397104945438963952225162
44593 36537.3851864569534797387260092994215
44594 36538.0974333072697769296889115883452
44595 36538.5314189990215691539898708368703
44596 36539.6925951095345285036511131559025
44597 36540.2920031611580557840282072974951
44598 36541.6882482782070054865917158970761
44599 36542.0560643331024280810335147062471
44600 36542.6467676335796446236395439957741
44601 36543.5073210232278260402596323671195
44602 36543.8220248929156008638226945877102
44603 36544.3180326711523265704200126382049
44604 36545.5201667101247032490309176423895
44605 36546.3558302426104720421520054704546
44606 36546.9807624105135069885061036625085
44607 36547.1876670048119040887296392332137
44608 36548.2691268152764496222486285355342
44609 36549.1896274062393538558221686627659
44610 36549.9367077526271167191337629361711
44611 36550.5192943161714301332119253225588
44612 36551.3416594194044565116074057792894
44613 36552.2323665268109778173410862059734
44614 36552.8308276890666022978487358447468
44615 36553.5292021111985477579464442050897
44616 36554.2384088311605655715552136811092
44617 36554.8218737862389602842746222532998
44618 36555.2205046257789941580359208603923
44619 36556.0498333320103898635621222412537
44620 36556.8278825482898483238556061819674
44621 36557.8324471975162037556257502556580
44622 36559.1483013580037247777578788050425
44623 36559.3024506170391365990560239705759
44624 36559.8552168921299298247270042614403
44625 36560.6324294149738888803806273597528
44626 36561.7928484214932243879269643648959
44627 36562.0877290756970221203210835399707
44628 36562.5247147340331831008771332410608
44629 36563.7651913793838836078390613074751
44630 36564.1143557485315280229740959032900
44631 36565.1178279799693255547679780568006
44632 36565.7614316373374617154944550463460
44633 36566.1464724365277886740792688516644
44634 36567.0234760590734934089385627358289
44635 36567.9025863780389091649759643842089
44636 36569.0623521409734693672581638770851
44637 36569.8218032887117922799441650469926
44638 36570.0715505868430893232612827422336
44639 36570.8649235802715238484489312444187
44640 36571.7025192089995601320305688962474
44641 36572.0473431596574471175789405079371
44642 36572.8979314807498087564947543027725
44643 36573.4183733009857318954108339334186
44644 36574.4143286862810898625071208412304
44645 36575.1129413475658666159124755852006
44646 36575.7866238064337187380223627631111
44647 36576.9186696953879196054697316291587
44648 36577.5674059253741878296769344942066
44649 36578.2923350437039947080981346115590
44650 36578.6934829362483264156638774646255
44651 36579.2848385328657581308849639862993
44652 36580.4329163879414266957301726766656
44653 36581.2126190851941140951713567231652
44654 36581.8520939275936558132332405854527
44655 36582.3248546407548776499727333338538
44656 36582.7548078168191170974497057059534
44657 36583.7128924399289386646549006300376
44658 36584.2876371367237780020629526047488
44659 36585.4619053313921917649077673391625
44660 36586.2416093033349927092255690848570
44661 36586.8846605110042465376421542671646
44662 36587.8191200660002235011421957503393
44663 36588.5539836178121236376744644095227
44664 36588.8846754871696307849455117538386
44665 36589.4613653990921676167206945188095
44666 36590.3455321763348791388350293761477
44667 36590.9482930799904525287792686258829
44668 36591.6556786688518000986325247887363
44669 36592.5932386473854220785210936940169
44670 36593.4098568095425453127770872553802
44671 36593.9117113448021083161290969418169
44672 36594.6864953349523961024259383721205
44673 36595.6844421546190749265804059034159
44674 36596.0618568711945030960576186513640
44675 36597.2325833353634915428605362178011
44676 36597.7927543103618091788289446689539
44677 36598.5690362287348474491257023820799
44678 36598.9134226813285504311883840510773
44679 36599.7701149647820077896109955679057
44680 36600.5657608493067942360524014377630
44681 36601.2402935780345495473026566241489
44682 36601.7087663137678722744443179815775
44683 36602.0667254249034438037069637049185
44684 36603.9912552289354354947789160980419
44685 36604.3327018279899303449896278239660
44686 36605.1104798217147790390441801204239
44687 36605.8018196117801539990077039498989
44688 36606.3974520676055550197954373188030
44689 36606.7799182737991174621426917208422
44690 36607.9156709245282034883753424138455
44691 36608.4287413021529906563955794021198
44692 36609.1894283321677714002813081290666
44693 36610.0984070421717133246867909473874
44694 36610.4730049244457351642302899788635
44695 36611.2586654397574086165624855704898
44696 36611.9701729505125878315262293080993
44697 36613.0567953660871277002592621350752
44698 36613.5221248634587727843367185207231
44699 36614.6137344409359545498397557631620
44700 36614.9878133398186022671637048395653
44701 36616.1643242485380455905386208645401
44702 36616.6392096968221307140082788739344
44703 36617.2589935258978804065442359977995
44704 36617.7939509846933567872671460184992
44705 36618.1902314588833475503689724254016
44706 36619.1456176081474004501408289825976
44707 36620.1846265509108213485987898039380
44708 36620.7295474096157226925968801085643
44709 36621.6893407894500753525931363991569
44710 36622.3552235765119391378671701317023
44711 36623.3195290180104276647647779979901
44712 36623.8867817338168118180839001739389
44713 36624.3541116824060493664831683625271
44714 36625.2150282941498258883512592759914
44715 36625.7734437729964086218714173681649
44716 36626.7064302477182179804795306198329
44717 36627.6171419527683105795150400741228
44718 36628.0360537004284016069090164864757
44719 36628.4085347510259588799309008717171
44720 36629.4761247581653374714308760953668
44721 36629.9680356541178419986033549044729
44722 36630.8331586958976413082866183243913
44723 36632.1671272271670015859670137003100
44724 36632.8321646600704857610824489317127
44725 36633.3697814334648756395097337141557
44726 36633.7091702331054719670868676627962
44727 36634.5885515075349050405520646500183
44728 36635.4158404414324713002355214320626
44729 36635.9075185174207747354380224835886
44730 36636.5566945596714372919698043405213
44731 36637.4196434042939844883440887682262
44732 36638.0001003762526852746932256071719
44733 36638.9118556547663646772893430970762
44734 36640.2116688043702233338391846389505
44735 36640.3271815999604767891990522276310
44736 36641.0081174810464216644597955791009
44737 36641.7995223405651635600802153376624
44738 36642.7568192803435983343608983080465
44739 36643.4778645715225582716761198394994
44740 36644.3365551082853343809535214319599
44741 36644.4916325468010441638769324616098
44742 36645.5413753283587097660654344440075
44743 36646.0962866202106061999513701089265
44744 36646.5282356248263880692218281617028
44745 36647.4551784835151729045631397200060
44746 36648.2177313823690529254216760064106
44747 36649.2771835732907110778928141033494
44748 36650.2273982312768261294116658595268
44749 36650.5785014422860699564881750503660
44750 36651.6417859107539393900619716316012
44751 36651.9555790481748851484843420587696
44752 36652.7850013268990347244095406023589
44753 36653.1727944095142822960355652819129
44754 36653.8368622530462315143409283972176
44755 36655.1621682280162477062697765911538
44756 36655.6185174988372788532849409130140
44757 36656.2257620810196642143277281745120
44758 36657.0181499837623874459303533430549
44759 36657.3783743395365080251715103024927
44760 36658.9490847342492261460411462432215
44761 36659.2752782216038795456621499595405
44762 36660.0360035542388406902011701866690
44763 36660.7168782788391269196900952264006
44764 36661.8577127698494410636429400460185
44765 36662.0631562217983675135585032123757
44766 36662.8166093073001842887472094982933
44767 36663.6519776252532748387264363196427
44768 36664.0217561065080985809945102232016
44769 36664.6603013601027104135830173630950
44770 36665.4843424004597501788974512362687
44771 36666.6482583648185347675403514117647
44772 36667.4454340989225165245940715822173
44773 36668.3115633398384209570980778941747
44774 36668.6583612827031273795846201707242
44775 36669.4036238089388786437839205483715
44776 36670.1622668735019017074161986651490
44777 36670.5622061349165413174433238950268
44778 36672.0292137194208368600382958878424
44779 36672.2746845561586223236005602320613
44780 36672.6135055823318753345839142135163
44781 36673.6495083103824296793803902482483
44782 36674.5650274502016933181874859959316
44783 36674.9691394462254947903392743267236
44784 36675.6911448937012801045865269478517
44785 36676.6090201006203581422730578995297
44786 36677.5513659953005756453888122177666
44787 36678.4536740878487897158383873157227
44788 36679.2641457458409440265453694633603
44789 36679.4505066318914707619351362248335
44790 36680.1288577413472262527291389701488
44791 36680.8048758599320758107717695631690
44792 36681.6078512379384707798479137008964
44793 36682.2947706583195227022927923364815
44794 36682.9078707572137228772761322770648
44795 36683.8723801723727116635999576042881
44796 36684.5954353313235101793866253323421
44797 36685.4762578706979334111009313691204
44798 36686.1879414565250756109729814500651
44799 36686.9079489528540526028905177858224
44800 36687.5986704094253705311619513471701
44801 36688.1431242293530922507708222860583
44802 36688.8834806528238319560936565722162
44803 36689.8440701467998178235461748597881
44804 36690.5827301704139298285107762953160
44805 36691.0759754099077039474820106450286
44806 36691.7728414135627619013972062436203
44807 36692.1510627894809708751846654450425
44808 36692.8582678296835558414728481387874
44809 36694.1133209653730647291539346996845
44810 36695.1887174028971906376821297902030
44811 36695.6147931417202949611004032660254
44812 36696.3035715075094163510603880757936
44813 36696.9569335397945767262075050003391
44814 36697.9028186674950715935964822468618
44815 36698.3556727589341283631017864488430
44816 36698.8724238160911808203274133253383
44817 36699.5039621417707869177690451019021
44818 36700.4855996746398347238182034298661
44819 36701.4035755758910473569080596625744
44820 36701.8570575525128771806550009064112
44821 36702.5533714828130911536482703043146
44822 36703.7337352521114868930258986434951
44823 36704.1495877719425495806291122538681
44824 36704.6471315050003928187162059248086
44825 36706.1129143187020024465185631648574
44826 36706.3256138608884154187668735401380
44827 36707.2783131117895487898259296249232
44828 36707.7689507037027729718002301429442
44829 36708.5834959155164059120711508707449
44830 36708.8507637015101727356045927683608
44831 36709.8311405526334273308519554397936
44832 36710.6649296728372150102553371109593
44833 36711.0066750403660471400926221539319
44834 36712.0407231073712669072024520021522
44835 36713.2971115244618880998234943203114
44836 36714.0281244036689505974124473369541
44837 36714.4732202566539202263219397127698
44838 36714.8443164519076994258262452803130
44839 36715.6616305773484680996773847551078
44840 36716.3569099878863675481595365492359
44841 36717.2922084247494632937484559601880
44842 36717.8982157261490892300248324130940
44843 36718.7454216677250970808041238104671
44844 36719.3569687303899752146275676060584
44845 36719.6296692758685406463192077156799
44846 36720.8762197907172360288773754267647
44847 36721.4880350022277538910435023685352
44848 36722.3152808966170500794290798297369
44849 36723.2118145816161204923037133712283
44850 36724.1405098277004564956581599423944
44851 36724.3100467111313207677734926840330
44852 36725.3838768468989304084347996021529
44853 36725.9973003329759256038862561101567
44854 36726.5427607478055261465419088472763
44855 36727.0519832062340340560091678898497
44856 36727.7804988216947235540696733356420
44857 36728.4217043233319180423656480354677
44858 36729.8944956599286386074759496733890
44859 36730.3133382806660738106637985917780
44860 36730.9497833064519194812413585747897
44861 36731.8357020199234583063346992470095
44862 36732.5176277538009133347643506799534
44863 36733.2278095037565291707711754206852
44864 36733.9063962163710628306296509143260
44865 36734.5006717657499328390543020625373
44866 36735.3672320060589562773404615568180
44867 36736.0261906188779601621957136932438
44868 36736.8427865259561339185951114239240
44869 36737.3330848248514970721191768602485
44870 36738.1168270729548194516651379251542
44871 36738.4012728043446919335729488465646
44872 36739.6902348250960971421006609718914
44873 36740.8424007614528695041841856526965
44874 36741.1908341042123365620386465010601
44875 36742.1701529597774499565017441365787
44876 36742.7309778423660392466372966549623
44877 36743.2990844466121167350560290962153
44878 36743.6524149788974632047508043504397
44879 36744.6240548210706367855482827863905
44880 36745.5034972738718120310413272958662
44881 36745.9968928135579754796194330411410
44882 36746.8213750462665092863417429644970
44883 36747.4121131478306981601596302445156
44884 36748.5801633646115565106214828799327
44885 36749.1215632403726337045997293364471
44886 36750.1876573604073411024442239669801
44887 36750.4149111170135286442710777664945
44888 36750.9199591242821634937893740122716
44889 36752.4325006475038445242418905251240
44890 36752.8676742799075104854121081020214
44891 36753.5704418845516720841589449998185
44892 36753.8994102948247412056715263301457
44893 36754.6300659905828525610224280733379
44894 36755.4853603604510198042145132676930
44895 36756.0245050773614160700121851807091
44896 36756.8063229610875464116026876034917
44897 36758.1349954591641892511588534085625
44898 36758.6046064891565806359096598663054
44899 36759.5930322557487898454929950185997
44900 36759.9397765533654020595300010883046
44901 36760.7930376164752363950453056522447
44902 36761.3886586234097596794809764272237
44903 36762.0057557556203799918377203366207
44904 36762.5702216442010253610476333407249
44905 36763.6099001341948154239375371475021
44906 36764.2154944120694336043648433147072
44907 36765.1069139580910089375547786486635
44908 36765.6593676488007455809379588565848
44909 36766.2529010200384281726283152712384
44910 36767.0167076980033246801591796428713
44911 36768.2206107242162009858006315232108
44912 36768.7988099102353996915766143005228
44913 36769.6367411692637735641728775636489
44914 36770.1997697155488021317032682482083
44915 36770.6069073619633244068787194838242
44916 36771.7314633452555928930741284510249
44917 36772.2609342804973396986855144498239
44918 36772.8890030131922704451271634327208
44919 36773.0870820307114365716474267963514
44920 36774.3397520630012745678048248648039
44921 36775.0206983390265240033026795753299
44922 36776.3061481385257547931445818859519
44923 36776.8771608290692670885580994311034
44924 36777.3671022192618059162324994206093
44925 36778.0470995113876176357307068841038
44926 36778.7907950216362705043291356247466
44927 36779.4088361525907592886251694226244
44928 36780.2125257221319996093567828441902
44929 36781.0987884152708582879539792377062
44930 36781.7616262240172892986325112714372
44931 36782.3479184773081031407365596415570
44932 36782.6456177634670078641231799654429
44933 36783.7486588574031708797741221674310
44934 36784.5530662565040256189920227204956
44935 36785.4155861552459985573348799808228
44936 36785.8910421309776825726789639258516
44937 36787.2088936008825597936388947201277
44938 36787.7228499494551438972874818102275
44939 36788.3320320477486186044576113173878
44940 36788.8842132142192599153957736816548
44941 36789.5658038216350580383057743260896
44942 36790.0628132881703722299008350969796
44943 36790.7349525879444433713783977833829
44944 36792.1133093598100932675335887069011
44945 36792.3454432790026314889386070799644
44946 36793.0243016832966615634555583418103
44947 36794.2974034296657023310549162498639
44948 36794.7443437354307077262603337503927
44949 36795.6788288930383288524001363501893
44950 36796.0280865833052102240596929809255
44951 36796.9347473315504208159208723423120
44952 36797.7505608228454949518823452212383
44953 36798.3070328716054897661134768224348
44954 36799.1566072733728782225681166533048
44955 36799.7304897460316033230103313056563
44956 36800.4935928931770555865766690017932
44957 36801.0685988477679941063688712977980
44958 36801.4214542877784395111429541113333
44959 36802.4488952314710623672814585864611
44960 36803.9538762397769220974735492261225
44961 36804.4485069081946452451599025730470
44962 36804.9285085677712275676424338728513
44963 36805.6617639375027105101715343569903
44964 36806.1946111137630482062983464605815
44965 36807.1105553627105566182112532113740
44966 36807.6538727793273822840863416999972
44967 36808.4693524812326588130347458799497
44968 36808.8621412268852536348546984000223
44969 36809.8220980523804664055334691507106
44970 36810.8367740678504516675630161640469
44971 36811.1782279827198762233117791939413
44972 36812.2204765757414240167336348517831
44973 36812.6840675707557506339730380059938
44974 36813.6945947371760985374814767902732
44975 36814.3044887546280975073368400008056
44976 36815.1665864525845617422432323282357
44977 36815.9948897315674464760306198917720
44978 36816.5713429488508424578765470675715
44979 36817.0357214156467086931043453916340
44980 36817.6198273554950505441917777519624
44981 36818.4537020714105692575019721761793
44982 36819.1418743018509834481009907818962
44983 36819.7477460215578701091736359164324
44984 36820.9746555243573088906954339920365
44985 36821.6891592649570060534497186574598
44986 36822.2687457759521846880639098699193
44987 36823.5126729932723157904468815849781
44988 36823.7986100160884701407606722504808
44989 36824.2322664332315563873853755154373
44990 36824.7652668896155363456609862627915
44991 36825.8199231670105653346342680963539
44992 36826.8622283957726603259389273319210
44993 36827.2688428531375116049110322350128
44994 36827.9139688681067803395490895355764
44995 36828.5623443711389243412427804667820
44996 36829.1465968877990317773442515596272
44997 36830.2558082308780733862610235388761
44998 36831.0183554485484321146204475433403
44999 36831.8222586270607705183925079916746
