26000 22711.1344280264890117652160004526285
26001 22711.7795667720603944547486845894030
26002 22712.4634932748868237810617044031141
26003 22713.4425417976524218361581336752824
26004 22713.9610499920833485998954439981343
26005 22714.6774262909613870867093663913011
26006 22715.0552326627874364578386522560992
26007 22716.5828793793592334235422595294078
26008 22717.1947250388096564171894329058124
26009 22718.4580891825831862168426252252726
26010 22719.1125512028587666131187545857808
26011 22719.1991198359238042555068659936000
26012 22720.2059225790345674388743817096019
26013 22720.7905004456123919356758753120751
26014 22721.5922654436061952896872714798727
26015 22722.4759935513569221099337878425931
26016 22723.4556602052878700580261157127055
26017 22723.7492826927028100784234484135273
26018 22724.5836990299264037739977467576476
26019 22725.8810798823488584085256324250846
26020 22726.5502605997909520930894759368242
26021 22727.0952261082326445381760364019277
26022 22727.6788904654336309301851906202590
26023 22729.0302994103235162521496950138224
26024 22729.7552868249274972250151008425487
26025 22730.0608551081230473755991518736678
26026 22730.9494343113368803043685519843786
26027 22731.4373737568148281779414124141398
26028 22732.1831263363753395899672647880980
26029 22732.9783164390054391164966583269416
26030 22733.9771433840916871672704574008111
26031 22735.2286610077534920660015360376610
26032 22735.6163198446621368814567606304293
26033 22736.6110204603454644613494564426310
26034 22737.0798073648599124474178417599884
26035 22737.8679582581119921552751439666199
26036 22738.6267270560731632727179869161096
26037 22739.2020865102971882353520193938357
26038 22740.0967657520405768492459806982420
26039 22740.9021477775545897780048540813632
26040 22741.7359110271816986876108692141280
26041 22742.3358159597179566389368380205280
26042 22743.1184064088808045554746389758371
26043 22743.6395459100781746675535897568071
26044 22745.1386270206645495113376457473871
26045 22745.8630193730122863122087546203266
26046 22746.4707309454053556747575150895847
26047 22746.9848165714070214000209763388261
26048 22747.9439839006523032692820455471496
26049 22748.5473669422976756121818320833578
26050 22749.1456595056426459990143463557093
26051 22750.0396203067247922435136710523884
26052 22750.4865780546313993661723790481976
26053 22751.4646797008572188450041750323696
26054 22752.8522628792368185603057971022897
26055 22753.3005002817621945426132963281785
26056 22754.0576772970011921964730817887939
26057 22754.9168026928748488633751180475512
26058 22755.3685449578892533442156270917832
26059 22756.1266521405005584971734813008200
26060 22757.1343948333835935150377413974334
26061 22758.0291215894016892567999358475821
26062 22758.6585952960903240393776231348424
26063 22758.9941660659836785751803500289346
26064 22759.6682296750173532509685671076688
26065 22760.9389330494987251509980575684724
26066 22761.3726514201422846364008381936017
26067 22762.6267237353502224061182804423783
26068 22763.3955008836838004851027109631137
26069 22764.0218599392070497261740157500372
26070 22765.1970670672769909393378414701074
26071 22765.4853422603513643539269742480042
26072 22766.0259284081604539293091784682483
26073 22766.5798804728886124632415890821872
26074 22767.6495766913836901348599556045380
26075 22768.4747209271606539921859770644276
26076 22769.4534512587000102619292202794614
26077 22769.7387989503667050056753199450321
26078 22771.0195566692610161078411413697790
26079 22771.6195979792063543750692124869167
26080 22772.5765502047196165993049375867897
26081 22772.9846005506394358397981167473276
26082 22774.1707815549677059701546270837689
26083 22774.7313655844876397105974374286896
26084 22775.3589723871485958246419609412327
26085 22776.2634756212861462782394122377099
26086 22776.9700962131694530407334805664849
26087 22777.4218912538360442013205985551867
26088 22778.3199826974555247749753316352429
26089 22778.7047919144926137623980420413302
26090 22780.4486453082630745636152006685798
26091 22781.3054814060488863862109256784096
26092 22781.6134904171691100784188561037312
26093 22782.4895050161595393358398376111385
26094 22782.8378186023221206204857725543590
26095 22783.8603932020318163086257167037221
26096 22784.9140436066544293435579886736241
26097 22785.0009583945143246871367326035151
26098 22786.0107269828095702835067334503288
26099 22786.9365512356494124211387999082615
26100 22787.7089865649969183167573864784220
26101 22788.1958679606508459120093358209211
26102 22789.4748130007555924466452355750007
26103 22789.8659216257572321518764112177167
26104 22790.7939449200226513324922526483336
26105 22791.9181030834379853863139717213920
26106 22792.4337113209117575800674394271330
26107 22793.2292249655456781902610150892878
26108 22793.6634394910475122208225478976109
26109 22794.5057680186158942488789702283435
26110 22795.1326502458381749469963038333576
26111 22795.6172152082412766243072883646916
26112 22797.1375492323909924002716738333700
26113 22797.5225891400346809171596662235541
26114 22798.5615675919309912459475418628909
26115 22799.4325769513928565342900100551043
26116 22800.3625399289277732614314357248728
26117 22800.6646208968912735327063329045180
26118 22801.2992434737993145130167449406375
26119 22802.0624428493668267018016523040925
26120 22803.1879226307079851474741572242227
26121 22803.8861388908644580675341754290033
26122 22804.5699944218159122613909451812114
26123 22805.1452707840414819098838806603057
26124 22805.6514977124668402341831055538808
26125 22806.7223664667206569622918667240806
26126 22807.9398692241253944567845534951879
26127 22808.4348144937402646409454924293790
26128 22809.5625413514704519542528324523411
26129 22810.0622773666135835728922843434330
26130 22810.6400474162544355008575510640301
26131 22811.5219674996056613300257028561160
26132 22812.0636057126955784472434428704274
26133 22812.8243031088762696441668061387732
26134 22813.5001550487386588714449710499406
26135 22814.3046597366695329918680800787322
26136 22815.2814137824666909311332360904461
26137 22816.4716084383867332783653643996400
26138 22817.0249523267749803128296571892376
26139 22817.3178050008295175919401390938355
26140 22818.3855477068886519408081772174031
26141 22819.2383275931572773413982147043231
26142 22820.0079884002283154198979556886625
26143 22820.8944695954223512405461687762459
26144 22821.3692487327509946294387067268915
26145 22821.8000521357538002759436843329672
26146 22823.1168306929868826702149332067284
26147 22823.4579405084322176947048615830526
26148 22824.0816788230760839338870866103195
26149 22825.1794286526508026536620363223384
26150 22826.5534412365629316832549987319654
26151 22827.0746007615883844928470968216485
26152 22827.5840243927554337712115029927539
26153 22828.4455220267689224274025532115180
26154 22829.1296169632712242709677348385288
26155 22829.6181361864837572204844395590777
26156 22830.2515458107120334249140633414458
26157 22831.6293303263119077933743125400911
26158 22832.0803971140882055513274583225986
26159 22832.6930402291842527980951857567218
26160 22833.6471474913547438073434395485370
26161 22834.3762944717308570049655849054559
26162 22835.4584520555428245484321227883613
26163 22836.0817035875057293879848503809349
26164 22836.9412504441535371081877350556797
26165 22837.3096161790498885145082783243325
26166 22838.7463701851626623843981813404066
26167 22839.0315800470341184372493432740664
26168 22839.9499697964608547527417695053777
26169 22840.1025237713433426301212156770404
26170 22840.9796789406229132034518063849510
26171 22841.8035204084296376412092281544999
26172 22843.0753653166423552756357437481062
26173 22843.8788762896701142043507323316656
26174 22844.6860501542994477315680001575073
26175 22845.2388578568073108276946289136190
26176 22846.0185657793464902975585654843162
26177 22846.7465745971944509823328217787413
26178 22847.3569379966923998767083343243144
26179 22848.1347163928560835509864992723193
26180 22849.2366366336533558503691051698421
26181 22849.4792084414379528929687194749259
26182 22850.5542220713217056661878141184310
26183 22851.1277623869086248117183828004134
26184 22852.0194178836834128623546559852442
26185 22852.7713001564344087876004378708678
26186 22853.5657008271511748594417905343101
26187 22854.9416007654467236286180116406079
26188 22855.3814926191628142602588614613683
26189 22856.0455736529385827839841681233745
26190 22856.4459500250332181528115186359396
26191 22857.2824633861627295657834323411162
26192 22858.1269038509338927263446069760900
26193 22858.9730767919078926824437011252517
26194 22859.2585899508802052088535622016939
26195 22860.4870599942427788154368697506585
26196 22861.3495467938890351242326789613256
26197 22862.3703677742917660906347660165728
26198 22863.0944634176190616018532430632122
26199 22863.5460864689649683611102615274418
26200 22864.0514332231614855718827620673433
26201 22865.2615679294109254903128007219188
26202 22865.9789507685842869994114938428965
26203 22866.6074583137070077004620280009654
26204 22867.4694392105177705194214809275207
26205 22868.2134189832391955553643491159451
26206 22868.4770716744160215349742434202857
26207 22869.2952184551134647660393037089078
26208 22870.5492560198644554198068907779257
26209 22871.6686720198156420009535945838410
26210 22872.0640214635243895129350151326542
26211 22872.8693873989573763282513010529483
26212 22873.8894811229464910699821909656219
26213 22874.2152911555100060333868589635688
26214 22875.0614820418136940711287769535569
26215 22875.7121448667688666463460320657841
26216 22876.0928325528254040283352014233591
26217 22877.3255955304862243415852369195646
26218 22878.3813788206482804745529633381937
26219 22878.8284057661909670734223999133516
26220 22879.4370646241247102946982275303102
26221 22880.7313820786082284293822036272023
26222 22881.2060772436747321826239371803437
26223 22881.9426930682639346255893071543453
26224 22883.0753884927804976250314699167354
26225 22883.4154618431297898559338627603382
26226 22884.3881232534169522419066584970822
26227 22884.9985433707065937603071629149794
26228 22885.6199546964106906576610879791585
26229 22886.3086884327132517123071051453699
26230 22887.2287798231590216734778943560707
26231 22887.6239877607217299110111861228147
26232 22889.1744647346765098587335913099238
26233 22890.0421443268618693996811021360486
26234 22890.6230199680445656098156591379384
26235 22891.2631899207928497160975516996656
26236 22891.9108289633459056721451806467169
26237 22892.3166947241674143211199344296791
26238 22893.4916761243414767743540664610248
26239 22894.3375623626668597034903178631059
26240 22894.9643174086746014808916006568504
26241 22895.5088861423675061128439686167777
26242 22896.2554120898968286356045037261887
26243 22897.5052218042318145599010392541442
26244 22898.0297266223558638298416219192564
26245 22898.6906685661834099933373633095136
26246 22899.8483826789204130683470883575820
26247 22900.4719137391439081467690389890993
26248 22901.4783142248277712170491430039874
26249 22901.8499640867071538777834208716946
26250 22902.6673034605164524672195848664778
26251 22903.3241156304389699451124960965423
26252 22903.6358386550153103731308776942954
26253 22904.9280041965828529387343371395868
26254 22905.3787616966697899438164518037391
26255 22906.8107180047058996827866645806893
26256 22907.5148542057220144370760486525840
26257 22907.9678011031340873227952298196125
26258 22908.8436860928302677280489582927191
26259 22909.8075355972900298221301493630303
26260 22910.3028349194591369759649818998886
26261 22910.8205825026854226356464248127889
26262 22911.7881216431541308121039743092304
26263 22912.8656907009799477914911224699280
26264 22913.2716855619199425750751280878057
26265 22914.0207720594699514736905413126358
26266 22914.6193193752398245464776990234215
26267 22915.3049701794875759022368631857725
26268 22916.7007682930785385256073347839836
26269 22917.7178397091879641937332094078680
26270 22918.0096398875612590117995844573595
26271 22918.8867323493788167130021727501724
26272 22919.4911314638069148241598299691872
26273 22920.2923598536635264077169939027873
26274 22920.9899757740361685751430430416514
26275 22921.4347063298788809046896511842264
26276 22922.3942243566134496785374222169832
26277 22923.3943993765542693953790503881130
26278 22923.8182753823098134506787436650322
26279 22925.2178978127933515024718438121317
26280 22925.7719091304632234081294889813193
26281 22926.4628005361088537964735164840097
26282 22927.1409419486805287658362404357540
26283 22927.7216152460198216197772286918723
26284 22929.1247938994926579851409008860754
26285 22929.6981853513617996628656725472419
26286 22930.0416167685824607799521210373460
26287 22930.7856652952235709658432473939395
26288 22931.5982357215607061360247145348607
26289 22932.2188727715697679819750799957063
26290 22933.1554209409383390263954654516530
26291 22934.1442558582345621366806777561646
26292 22934.9167588934472499571393977590738
26293 22936.0835739065160526878832893979178
26294 22936.6350653781803030803919308158007
26295 22937.0878426586189245162035559118699
26296 22937.6783616780548807066664449894079
26297 22938.6060836261188896909605743378000
26298 22939.1733279679528889371740954680586
26299 22940.1770498800861086669779017822817
26300 22940.9362750806659670784892282807114
26301 22941.7468543155231319771223551449151
26302 22942.2716791330856228343168496456516
26303 22943.2057061589078173602431959602608
26304 22944.1383004155357987024983226694101
26305 22944.9727112140766060532559723430880
26306 22945.5999071151521802204957086183304
26307 22946.6240705401749556250907544362053
26308 22947.0723623138373307887085866275622
26309 22947.6742466138900233187284206471977
26310 22948.9746739206967310035798353714615
26311 22949.0961397192221923623257438568262
26312 22949.7795536962230082056923439093588
26313 22950.2988739523857264340997907940462
26314 22952.0822724143677761986430315569595
26315 22952.6164332860631515849651653009320
26316 22953.6005459486169899576540143261526
26317 22953.8832466705260601558491489718493
26318 22954.7206334985793641907914043293942
26319 22955.6460902254994878665782387741392
26320 22956.0662868868116385988183668497999
26321 22957.1491637930086312414731788072611
26322 22957.6814529862941553256940962190094
26323 22958.5638073001220278079270429922145
26324 22959.2223158881097645995488035096929
26325 22959.9098678382864616223308496708399
26326 22960.7219084450217677872331857441075
26327 22961.7373337031774130720775018696305
26328 22962.3809681639967911366529854630295
26329 22963.5426003362565355651452277147721
26330 22964.0749676612627257575871255575652
26331 22965.0318590056823057494331264701149
26332 22965.5494254732508444931942540930215
26333 22965.7943562960252289238569595547503
26334 22966.7089421945364138739077599836642
26335 22967.6076422854888108056077793390486
26336 22968.5950956978410935439367363392324
26337 22969.0673558121935277152229029899008
26338 22970.0394133557235959297689664048080
26339 22971.2428867742543032793406791305319
26340 22971.6586158958928221091658105565603
26341 22972.5539071788438331214520758488873
26342 22972.9078813589189762922802220119574
26343 22973.8268772775692050715149508943058
26344 22974.7344212976935011412127149290541
26345 22975.6866274529793100090835225543400
26346 22976.2637124370032937397798870783609
26347 22976.5188827555327417310131435696269
26348 22977.5151336536775134438722713212074
26349 22978.2500456035236389876094066480518
26350 22979.0279478175713447479735966545719
26351 22980.5085580387839484263879733790446
26352 22981.1764794975140278431209147990912
26353 22981.5759850104314246716796212194118
26354 22982.1955141925959458965518447562926
26355 22983.3708439355784250236184608309361
26356 22983.7154088114236879519878197205539
26357 22984.3332452583339382819939450766171
26358 22985.3574536463211306251767060030896
26359 22985.7493030163423059912439816263567
26360 22987.0215328345980437004564026826318
26361 22987.7058566981843092061949794992848
26362 22988.5236128543344012019986595326509
26363 22989.2852907561274673842069615555187
26364 22989.7050207205416226437837533992566
26365 22991.1503410222598355738285164276372
26366 22991.6382185844951218879297610371447
26367 22992.2787265209945949574726815117972
26368 22993.0336026336340161736354312129378
26369 22993.9419938332591530766412995876266
26370 22994.2163457607147447795197773236228
26371 22995.2038240399481861817731867812830
26372 22995.7591635386680422371263507872303
26373 22996.6279832032840642470148927227043
26374 22997.9609214315701434609554577440414
26375 22998.6379498703945245517305817329464
26376 22999.3827835646951355569391270493046
26377 23000.1523777215714217510635650176618
26378 23000.7243579548149090252112019215436
26379 23001.0917360617252686471981119324559
26380 23002.0906847833297171296008362386623
26381 23003.0537169960521239521455727523781
26382 23003.8788613370415514599541795511440
26383 23004.5018278645580435020207832387192
26384 23004.9037968440426603529845643760344
26385 23005.7928599398907201402279163531163
26386 23007.1947319808051461042851064503100
26387 23007.6410644806853364501792178951562
26388 23008.2348838503031543393408567630442
26389 23009.4424510514364647846773010958079
26390 23010.0124018919999143531819097250318
26391 23010.8567795652540471795527983877183
26392 23011.3923053535255512100820582866875
26393 23011.8084946535579108345958300965232
26394 23012.9165171043929430257374142071001
26395 23013.1385797505572074763745028290290
26396 23014.4650798056014101473169164102452
26397 23015.5172852089660278638161403707807
26398 23016.0492254076299168189312647063448
26399 23017.0534812678430781112835287648661
26400 23017.5986555524723416374662945188296
26401 23018.1988033305102756950334103069764
26402 23019.0332886816004319354492836974952
26403 23020.0658174682605087369816121952837
26404 23020.5555263017261559905843457568685
26405 23021.1209879264687627389245974341031
26406 23022.1537764918046464305214203116079
26407 23022.9563292722867173006209619674426
26408 23023.3973760462797562966162799572520
26409 23023.9971527717378573421863373939397
26410 23025.3398387172688994079757842798699
26411 23026.3472898747627728801761995058114
26412 23027.1102626618900617329116091407952
26413 23027.6482994373786645480377925795680
26414 23028.1231370398512148687580367760382
26415 23028.8199410958673410716122123116334
26416 23029.9547845132307922668590299098543
26417 23030.2071677504659178766808240567487
26418 23031.1250473783624126644901623436972
26419 23031.9958792574238450313402227220722
26420 23032.7575039903415767423497560764454
26421 23033.8626390255252554190355190403351
26422 23034.3977778674290462136977214088826
26423 23035.3501239242264683830728825933141
26424 23035.9071348647464895608932890319376
26425 23036.5575138993237071378017763031417
26426 23037.5608880593696483778016796090245
26427 23038.4756183736929497490027674880641
26428 23039.0691326741854178981701880464489
26429 23039.5404629447906432987338468974218
26430 23040.3067667962765811014917505715077
26431 23040.7584900229176341267003246420016
26432 23041.9208935182183023853819311928598
26433 23043.0442768287593577744266569216705
26434 23043.7907453506970733037979088690560
26435 23044.4292956554656465536623462237703
26436 23045.4082042127637038342468298887530
26437 23045.8735665827369571497515001195876
26438 23046.8539509065853861343193748588644
26439 23047.0842454690288437162558850680671
26440 23047.6984844861589717649173166225508
26441 23049.1895751984298041294039278483069
26442 23049.7809334954762629534521628468807
26443 23050.0544486034497683185801721509164
26444 23051.2805136063250514119362913844551
26445 23051.9597786046795548687216041030473
26446 23052.6756057942400652460683048872199
26447 23053.7440109030688092673965470005835
26448 23054.4348515791085825331806141203172
26449 23055.4630043901969940550933273043759
26450 23055.6178260177145323568665267284938
26451 23056.7117542245166748473772608080472
26452 23057.0875591363689966016567953006084
26453 23058.1322113987739251513298905038229
26454 23058.5008811566934865321225125271124
26455 23059.4131638638307918978652809703603
26456 23060.1556564912544879146983721541610
26457 23061.9017491436929484684047408538893
26458 23062.1671400136252568374668019582881
26459 23062.6892121723703164342358839426518
26460 23063.3361602028990191874774825037946
26461 23064.1864670628046799719415242787291
26462 23065.0114023150788044238572950838611
26463 23065.8301027528738901996069043812629
26464 23066.5406293424940791433358277195216
26465 23067.2790720671469252667275237692210
26466 23067.7554486875152752588981858085305
26467 23068.7341653962001184122039524830619
26468 23069.5278931811725121289741975593105
26469 23070.2318079012145163724066020273979
26470 23071.4055345974707317400493121216874
26471 23072.0460708005519181917402091188733
26472 23072.9523161057728229170101175059986
26473 23073.5164377409651867683947273325178
26474 23074.2619998946543107185350194345188
26475 23074.8073100166902636498765630480011
26476 23075.5886411035245236551465980498691
26477 23075.9189195589020824186033420360915
26478 23077.3172446000701790792433199209325
26479 23078.0244268634926391886595716010003
26480 23078.9724846586557448134678158875116
26481 23079.3453279275081353838224066008525
26482 23080.7681720129840764223876688331118
26483 23081.0453575755219854150881283310262
26484 23081.8987978868267840234820140347086
26485 23082.4637489163669082131960097084739
26486 23083.4341859152864334093930627413098
26487 23084.2610403566171925981398322481133
26488 23084.8849138463188988936175252760681
26489 23085.8127889418775667928047010802294
26490 23085.9642731172557600171563859400684
26491 23086.7222558363236980046883922140944
26492 23087.9554028313220426479456066793779
26493 23089.2292378481814604825385510065371
26494 23089.5870895834330227190401383570256
26495 23090.5163190597221014087965649917544
26496 23091.1993453945313579749588932656178
26497 23091.7346072992624468516586281832260
26498 23092.2374069222570405406385565120202
26499 23093.4112454826961800923751424699866
26500 23094.0319629174173016794728422239427
26501 23094.4893183054991494421855458520056
26502 23095.6456298893307307801369112318753
26503 23096.2893103208378099027812447165251
26504 23097.3101921025348892441320192196261
26505 23098.1225292167249302574272692863050
26506 23098.5421464712844814784335519597752
26507 23099.2978450090407360188877789754900
26508 23100.6910392030189003618802049017521
26509 23101.2931736565970118445235912862065
26510 23101.5445934271432562203079293708817
26511 23102.4575208200812554360195248029273
26512 23102.9355237270208454009280051177072
26513 23104.0568567462079287767806365516227
26514 23104.4386004464540965716217446288382
26515 23105.2984359955320262086322189563810
26516 23106.6732414116439955556683291953972
26517 23107.3370458310596735818665003214436
26518 23108.0259534179604179755337076918339
26519 23108.9478531584461589710186276730995
26520 23109.2395113516094826461422951797034
26521 23110.0678269657873197608174301513971
26522 23110.7080999757718387813418380197704
26523 23111.7170561114690977701787473256598
26524 23112.4377179250216203110112730339130
26525 23113.3432227854899350203318375440952
26526 23113.8712685912680740920454865170332
26527 23114.2738009842277539424202691015608
26528 23115.6135776006875888816883464982232
26529 23116.3575852857989618692605566575641
26530 23117.5838452704314365406995368717375
26531 23117.7831429717133726822144449505074
26532 23118.4820465587382975551183319005673
26533 23119.5909839404118615911069890631653
26534 23120.2681818845428401348945662799750
26535 23120.6444698226203947743228019494616
26536 23121.2585062809545302472423534544638
26537 23122.0488724647920286065103779678312
26538 23123.0841331699252485303341733400808
26539 23124.1458509572675435799067434060723
26540 23124.9310770491810462599390887733056
26541 23125.6690756925275439668322066461418
26542 23126.1525733632498684538883789611495
26543 23127.0097544780109445187678434688538
26544 23127.8642003612582409887542702424319
26545 23128.3850539129486881874296107932982
26546 23129.5374623877932477661421047887260
26547 23130.0024560863188153034018189547768
26548 23130.6795284631905808877514502578616
26549 23131.2970168815114880375419151928588
26550 23132.2311562120634750492992207359903
26551 23133.1260144529906250951778164033097
26552 23133.6359071483992047530564179143923
26553 23135.0001154122044056889050416724627
26554 23135.9238454553103714189204762064259
26555 23136.3248097535365496292430492342757
26556 23136.8464516860928341179183987012659
26557 23137.8074899532016335803177332800883
26558 23138.0236098251036166369101588859367
26559 23139.0831571710129916010016512956308
26560 23140.0510573328329577238853066971465
26561 23140.7371702882912524626359713905307
26562 23141.2015713770943314521311446131839
26563 23142.4389483275366739773270875076622
26564 23143.5217973390368646209036894769574
26565 23143.6313689943791188279553416126954
26566 23144.6282261087463712753172181687261
26567 23145.3852261449757534728922320147054
26568 23146.2361515309149643281563408782748
26569 23147.0217168177596786293494183292879
26570 23147.7287743951769528027454002558278
26571 23148.3178853424988376242714745963782
26572 23149.0637052278034572873821964977747
26573 23149.6105697214422509523117494500747
26574 23150.1855744744298109079371450954573
26575 23151.9947529488077299825213554554192
26576 23152.3326022511068247581183650350938
26577 23153.5149672226085839491081860326659
26578 23153.5742270767432547037193509531709
26579 23154.5631979832228007676196040063577
26580 23155.5038375144610061510847798535465
26581 23155.9787869148503599340613213656208
26582 23156.5168416859380502550615675395433
26583 23157.5046774752333408676676437307433
26584 23158.3036697297243492514162932289838
26585 23159.3643995312496991668777933127792
26586 23159.6574545784461556355185952480443
26587 23160.4953830839298619365930050984022
26588 23161.4566428694117752257897806109491
26589 23162.5043549751469420659437696309655
26590 23162.9084191846009479128239893009439
26591 23164.1213015836698368606529851424888
26592 23164.6618165426721735101765187127760
26593 23165.0607649178277000977250520544089
26594 23165.8364713149573770103222252234291
26595 23166.7968419346149286180537499535894
26596 23167.1853765218328192986265652747401
26597 23168.0161428192361907648740094607529
26598 23169.1085918651852564994087590455657
26599 23169.9736579118321965276491258968667
26600 23170.9214851036669002629200421518894
26601 23171.7363549104076562111660740005766
26602 23172.2446704608217910007105984883552
26603 23172.5572514209323489827593869002653
26604 23173.4460283143112142772103964677024
26605 23174.6965485439646441128472459964619
26606 23175.3397549923737984373451782763613
26607 23175.9477704052645993430367255306212
26608 23176.2843788732897804406813156849147
26609 23177.4742725123064698653642032391887
26610 23177.9360503061821603674895313043642
26611 23179.2124595197392972278089346538487
26612 23179.8783601668178191813865310434562
26613 23180.6970039826902926465223723829101
26614 23181.6503165173911764541222632004373
26615 23182.2951960299894210034314030892065
26616 23182.7309119692648834666357425654604
26617 23183.6216643100929395346746733962887
26618 23184.0845965642864954157984930354119
26619 23184.9030930683161381479219059865243
26620 23185.6350334908752075130066132237767
26621 23186.7794402129186840885646126546447
26622 23187.5338378397051073833562755108966
26623 23188.5054686222279409119541460406166
26624 23188.7962654176970417946792801078580
26625 23189.7765559848297147094311130682925
26626 23190.6914642020845326876130333893910
26627 23191.2919919700905891853823020509674
26628 23192.1813324202888784588905046532180
26629 23192.5410407551556063217941102733133
26630 23193.7211457490560462869772627445922
26631 23194.3628520100238116535919869624753
26632 23194.6813730966292451272807196132632
26633 23195.7004460835341341599160398771485
26634 23196.1582586299554163196095666411917
26635 23197.9126358748755465344664938444069
26636 23198.4842002516515171215934898349918
26637 23199.1168786711296512429115818937495
26638 23199.5958599662434959507563481548004
26639 23200.5346544415518747365124333582064
26640 23201.0917759847192236979461178043616
26641 23201.8217592279469701298343923958837
26642 23202.5029913965198462084424456634652
26643 23203.6958907785484502185608684989164
26644 23204.1095284267613598591458597707630
26645 23204.7278682428120747466284140706356
26646 23205.9438487848152694238155200439498
26647 23206.8526561079215859507124449305016
26648 23207.2540187686790204798686330395634
26649 23207.9746575740525727060304153275846
26650 23209.1318580812346739207398031320221
26651 23209.7239770730575739077609135132674
26652 23210.6121361649641175428226154621342
26653 23211.2708482673049296006160988939151
26654 23211.6451497601657860764166373962150
26655 23212.0732181233384756646603539209047
26656 23213.4058744763614853025183193835280
26657 23214.0874018730859242768499289562609
26658 23215.0314072457361292273137178279984
26659 23216.1807421491880880333434670422678
26660 23216.5133940931143532848614913044286
26661 23217.6121288796749154638071733296335
26662 23218.0299425539242308478922108187923
26663 23218.5478223204960181866632306279647
26664 23219.5356139236768821307788847417127
26665 23220.2165216012681088163873766046224
26666 23221.1414473740287600008208437409723
26667 23221.9158158361996610797406164761763
26668 23222.4344161057629227850325406519887
26669 23223.1611288875388509179481878521271
26670 23224.1161082678115464466254607408696
26671 23224.8479630046341522008980415273847
26672 23226.1228570817214316936082523494271
26673 23226.7584677740066462309640988202425
26674 23227.2348165051294387294217827727434
26675 23227.9647098735604605472496004350290
26676 23228.6245115653777680704936748044231
26677 23229.5958023816952114052056562664908
26678 23230.0645743371770463381755536496942
26679 23230.7561784743614555495638748500918
26680 23231.3543529293121043128523432532265
26681 23232.8921972020008418081203542413466
26682 23233.5871745496826875688261020407138
26683 23234.2531605010330287419590153647513
26684 23234.8101883798263162280985505235278
26685 23235.8797741922524110682330489766561
26686 23236.0058277547750319016188117678272
26687 23237.4797940640199283069363752224240
26688 23237.9553912571744224495840482492477
26689 23238.5681110489143875558347678417465
26690 23239.4270419957497756326627941033416
26691 23240.0195830479041129999979787506626
26692 23240.7556795022739368640348044556407
26693 23241.4355228428862069180559634475142
26694 23242.7885583966368976475563165162902
26695 23243.4157701637423171884429825642201
26696 23244.1639154052982149517523502283209
26697 23245.1623542030327611015937366322061
26698 23245.8272618681643548107529591777599
26699 23246.2260988409343690239013199910473
26700 23246.7368032660029895536593765581899
26701 23247.5927387844883838503719363215984
26702 23248.5594575005390932644735417006407
26703 23249.4792507006749908040709549507218
26704 23250.0931065753162956201626941668889
26705 23250.7764135672268467435144253266649
26706 23251.7227233871763813246633175842790
26707 23252.8761179577036365889679033490820
26708 23253.1409639259201118381557015376101
26709 23253.9562323017353939561415698957692
26710 23254.7273084333704026076676344291444
26711 23255.9309707411721136618962155361340
26712 23256.2016581476185623930040812817410
26713 23256.8427985667591356806589812742852
26714 23257.7808627990648856469974542344826
26715 23258.3038546733025314062537307900258
26716 23258.8015810610253567568714589433985
26717 23260.1726568040083566056454271694750
26718 23261.2787951308408829701314255052965
26719 23262.0484889149433981237905949576675
26720 23262.4105768445505854790261925746358
26721 23263.0797626735735070780685383011781
26722 23263.8599724007495699981025229088491
26723 23264.7132516957413546427819583838032
26724 23265.3678560625143726756169799684071
26725 23266.1101372900342750599045991559715
26726 23266.9382054154623859696741458021380
26727 23267.4797181338213271777889445204898
26728 23268.6561108081661461332770091847842
26729 23269.2861820812545270172665885690423
26730 23269.8832880384693723565268364155611
26731 23270.7573920868570540041372752448966
26732 23271.9910932101548459779142687212849
26733 23272.5640829397241425474517531959051
26734 23273.2000298483097319231669730851196
26735 23273.7712484916715636331530724866942
26736 23274.5849501435300755744667739825494
26737 23275.2193958179536411629740828857063
26738 23275.8149894755846828957378889490386
26739 23276.6850873451260888278552008966900
26740 23277.7466512725263829901978763045031
26741 23278.4436342493609931349062946785834
26742 23279.6402480365512333037738537544113
26743 23280.2030663743606213770127962273442
26744 23280.5980116795589546587294157108495
26745 23281.7348672602458351788464678474377
26746 23282.1517603589597418470859219936622
26747 23282.6725414086287714365268263920410
26748 23284.2339394052090826497385664430676
26749 23284.5323802068863907554262684188620
26750 23285.2833654939814624348915457317692
26751 23285.6945978675054124075606892608730
26752 23286.4720385063848128630253222992482
26753 23287.8377576496341081380981444690320
26754 23288.4996829408955273512774454874137
26755 23289.4873747454889645331253405894435
26756 23289.9944637804987673336260600799775
26757 23290.7995949275897276304137893814836
26758 23291.6068368373621499599795374140356
26759 23292.1237960074819998636247481960651
26760 23292.9639868235905146418002549466143
26761 23293.1672594125366626606333218572175
26762 23294.4220893855739973195095863998581
26763 23295.2660722221209476148335052268237
26764 23296.0052685108945074902427957787351
26765 23297.1142845824225128317144818033922
26766 23297.6239316100726899811986684970273
26767 23298.3443498537104511290730343150582
26768 23298.9347430204268508184104429493998
26769 23300.1304255725266707042283318491655
26770 23300.7222993547818287842061577027352
26771 23301.5877821188637737582328466422709
26772 23301.8497797133318920456258478504441
26773 23302.7586686383271032922473536311275
26774 23303.6276657169159684606717583029059
26775 23304.3491449157775284707014654517549
26776 23304.7098119274293467795200077156466
26777 23306.1340848443964299146697050630496
26778 23307.2372384738519961274093619358479
26779 23307.7361478979577466222804356345078
26780 23308.4978502963462345056036856019360
26781 23308.9183694001952281683307418480146
26782 23309.5674172209091996532830141838588
26783 23310.4031717982203249985362299824873
26784 23311.4397817353708451994211608066622
26785 23311.9109603395484518324255295066366
26786 23312.7058476852021921762204610799949
26787 23313.7054865836825153563721192091338
26788 23314.1733334696562400457736624344616
26789 23315.2074491359794036009193518869778
26790 23316.2920068336933004140379794115255
26791 23316.4896222045003143954190853801053
26792 23317.6186378530674563106143136582287
26793 23318.2421862026584898949713244807791
26794 23319.2561164295207049896788178705043
26795 23319.7505797528268566782110339590413
26796 23320.3415235732828479639012475912970
26797 23321.0585107819389619946131240152109
26798 23321.5327953673477001021139813992809
26799 23322.5278723445937403132144523537250
26800 23324.1747484469877691183230740215084
26801 23324.4475395108492453216213886500717
26802 23324.9107242165722907688830983687946
26803 23326.1894990911277761478696879357594
26804 23326.7091011984282766201195108975281
26805 23327.3559335247060483134280121338841
26806 23327.8618931595824206263381619205001
26807 23328.9861620859662588557450475156227
26808 23329.5572196606437777526720059229734
26809 23330.4803649162668712759822065557809
26810 23331.2376393341731673338935594090804
26811 23331.5679481704778893751804095726965
26812 23332.6948735538393621365707415057370
26813 23333.4350320302796994453111678997769
26814 23334.4933160234620763678534552198655
26815 23335.3612542377008353680587483158921
26816 23335.9971243528745752704147969842440
26817 23336.6838527768729989156759937285586
26818 23337.1122290832283800583171096380978
26819 23337.9910535058342231742676198319376
26820 23338.5429033848115458516856394242139
26821 23339.6777769636502603365866560593413
26822 23340.0515728632887825851638029842153
26823 23340.9164583695210962262680791590898
26824 23342.2651439818478104119024549901944
26825 23342.9237748176944372957337835873944
26826 23343.6968858412316128183212073667383
26827 23344.0159278906900463126302862801580
26828 23344.7012179562474822235205785749614
26829 23346.0099589459812456472738958591356
26830 23346.5332478225203930036197542841041
26831 23347.3043913733203305730620753383224
26832 23348.0466041602326188870042981887236
26833 23348.4533727946291667903127065249527
26834 23349.2355755863474934687597195808848
26835 23350.2083703071437294391486167315119
26836 23351.0017560389537467728157251925321
26837 23352.1176453618383509784779658908886
26838 23353.0566850421519345226046062301477
26839 23353.3742290583146029996057415675936
26840 23354.1699524441591728271179506869953
26841 23355.0312219146945138589702526485656
26842 23355.6219321533472118173079811720937
26843 23356.1759470506730837885158618162457
26844 23356.7103750168487555583014163142373
26845 23358.1777548384896711994291288297141
26846 23358.7176416808707739401016954308141
26847 23359.3388084237152439527596675750676
26848 23360.3622972122004579850305461159061
26849 23360.9355116037077084894890535291872
26850 23361.9229944997409734241895572292314
26851 23362.7671103993656340694863774748486
26852 23363.3379040041361336301199331456235
26853 23364.1302505394540044960344579539338
26854 23364.7478653853457972098071153495665
26855 23365.7950992776251286603582891483654
26856 23366.3861002736990726827931548348636
26857 23366.5607077113093264199834007138034
26858 23367.5433703565036797844691370413962
26859 23368.5346723637662007502825294334434
26860 23369.8715248067089906850530019964348
26861 23370.3497935264042090661084628536215
26862 23371.3176124280816332012536611494901
26863 23371.7505115401349594715478264333541
26864 23372.2155381105527210245792916708993
26865 23373.3199295166694913509521747158494
26866 23373.7134451274525596750380727323990
26867 23375.0759985630487061361416153498915
26868 23375.3319678670471931414791671907718
26869 23376.1516922107169133538190475119803
26870 23376.7514631058265068889268144497549
26871 23378.0706439345019607607142951652689
26872 23378.4800489007134490127630842147118
26873 23379.5071565833962632868187216439436
26874 23379.9960504813421270771887210028717
26875 23381.2327811957231468942495137066026
26876 23382.0396016342750497923908490168004
26877 23382.5967738515965864891145635716451
26878 23382.7211984528397221257686673112561
26879 23383.7203051182170570422890967818513
26880 23384.6170394101599219992134888071220
26881 23385.0780696111475480397136213856594
26882 23386.2200509829324804182401780218115
26883 23387.0685570450569593404604161847046
26884 23388.0800151922662043926992728461721
26885 23388.6157568968897611419466484271892
26886 23389.3633065137279621247067456844045
26887 23390.3301801555798532639392090406542
26888 23390.4885951714088683077428442091732
26889 23391.5288037515121853592742883617910
26890 23392.5278257763624413768024015886199
26891 23392.9619855261292691386665576669357
26892 23393.8864692011788489427130671085573
26893 23394.5712588577213113459551783376973
26894 23395.2311815448014785177667649771471
26895 23395.5832482242020890249496822371914
26896 23397.4455754958382535559226835348126
26897 23398.0357193281535537630826091607436
26898 23398.4695947877034203003782086286263
26899 23399.4174666581757161261075465242019
26900 23399.9103078777204409147627846973350
26901 23400.8232146887424832627310946923295
26902 23401.3652742636110303626917384401278
26903 23402.1772316853539009154848960652999
26904 23402.6114031284435041999820118543373
26905 23403.7300130244202961108093753756828
26906 23404.6808927218022278276403366713622
26907 23405.4860577428643768006396919381095
26908 23406.2209898446273642458677819461891
26909 23406.8414978094144909407604519157596
26910 23407.7100404540024622861614889370877
26911 23408.3205720291222063419556335184799
26912 23409.3179581264381288413305723556409
26913 23410.2060402523248046888306943031747
26914 23410.6392986115707097600542521300028
26915 23411.2051011122580894418081020818216
26916 23411.9552958789035987061064003604452
26917 23412.7511084696767796620897264687740
26918 23413.5724879285801576662294262154612
26919 23414.5763393712086189452696895671896
26920 23415.4118103527297457426240174304081
26921 23416.4720412284042559300893805526156
26922 23417.0030257267571053854500780379053
26923 23417.6301215056713993188476155464532
26924 23418.2998951639582414896207943140864
26925 23418.6784279568681790002462898930387
26926 23419.6955076507121042200485524509214
26927 23420.8443917261708928532446596702039
26928 23421.2457956469454876071092442014347
26929 23422.1347993106592448760406521400617
26930 23422.5049048728754270152886753223670
26931 23424.0103685413034499465997280855549
26932 23424.4441001218268493059994927162092
26933 23425.1067138314338132389470851788577
26934 23426.2891018839905892260633068692206
26935 23426.9639967349120400947813238746073
26936 23427.3250376558865324319108134178765
26937 23428.4357014972915819369324480502160
26938 23428.9920504286029529928661790854383
26939 23429.5886859693498402983292559138462
26940 23430.1900576651795176800062340263510
26941 23430.8942128728051264986755751378438
26942 23432.1505522536299038550835431071891
26943 23433.4387794131856157497084099469831
26944 23433.6933385645871659635105342203062
26945 23434.4853497494237990541964020132461
26946 23434.9220841548152513852216236381407
26947 23435.9970394754622318634904933116187
26948 23436.7256472902035615209966767915704
26949 23437.4401846812786925202116307472235
26950 23437.9079078266286770698839277878842
26951 23438.9972976182107301622651994546273
26952 23439.8065767561065524650401360270621
26953 23440.1569775542829500516497414280876
26954 23441.0975263918002159921018432920965
26955 23442.0072748254899258892933634645499
26956 23442.7858705662813979369302325825694
26957 23444.0348679636678880092186242995512
26958 23444.6041271219379598114622579551469
26959 23444.9112677180605548808140274493116
26960 23446.0032429682844944447260308160439
26961 23446.5759266500968447122881647265141
26962 23446.8249459176533723401980371210745
26963 23448.0584630184616512853932799968311
26964 23448.6675618678843389395159290660213
26965 23449.7056888721077403581921305715894
26966 23450.3487763201439785376775348399510
26967 23451.3054006338346139360069762745293
26968 23452.3624603543861077500507097539793
26969 23452.7772630195598322868385729791176
26970 23453.3372603133823147419990897303618
26971 23453.9928189293702857805717851295961
26972 23455.2220710820674591765443039991869
26973 23455.9711736958711884554658007159803
26974 23456.5618697788651578672494610283393
26975 23456.9956302899173195104793473628438
26976 23457.7892668718966182276622757600082
26977 23458.4394362584136833423073196345302
26978 23459.5931802791129659389524329976665
26979 23460.6188685049857471190258691401405
26980 23461.4656990234408560968809946953897
26981 23461.8494069449075499036943901689298
26982 23462.9344285202191439654334144791288
26983 23463.4645161010499590312856886490113
26984 23463.9233281142537343182257406540762
26985 23464.7937877144992239474217984389687
26986 23465.5275598833304855724384443154215
26987 23466.3643584865455584693465402719471
26988 23466.9774634667132011136846258243149
26989 23468.3170878166629898282230288135302
26990 23468.6909084184373519715299564079538
26991 23469.4223086629868429261622403273412
26992 23470.2891395741011618939978430075904
26993 23471.1424718221115829477127013240053
26994 23472.0573144152303905724428087881378
26995 23472.7826987437350122217166792399869
26996 23473.2648063086529401778427794528961
26997 23473.9578757645600040586034634617097
26998 23474.7066359302113188894963132725823
26999 23475.6396655344476856823087722390560
