3000 3533.3282433958199397023666142428253
3001 3534.0625882801699726063896964845722
3002 3535.7725769434165884364415582229250
3003 3536.6332507055053072034666091270376
3004 3537.7080130561782115767978682096635
3005 3538.5005689073529587260093853893438
3006 3539.0899365265979973955832334311405
3007 3540.4567588071544474776618725802105
3008 3541.3575223753706746960413279999776
3009 3542.3408839175866811255417476711699
3010 3543.3223065353364067282428901897542
3011 3543.8167962869085030619746215185933
3012 3545.6992121713156520502411124063761
3013 3546.8641345952604895048790313999855
3014 3547.3147813964858367795796624078804
3015 3548.3512529635775459278326225742176
3016 3549.4583567763574438133423360582215
3017 3550.0650592255197048291180867312579
3018 3550.8532983720294984012172788921076
3019 3552.0802097503810690156038968819925
3020 3553.8406805970209709798597164373630
3021 3554.1650347894870616273432296487215
3022 3555.5341450718974880939461238620313
3023 3556.0652345356118668638877231561599
3024 3557.4271023529207076848131051586302
3025 3558.3493450384063586290438643280558
3026 3559.2656646998921587207354923915087
3027 3560.0192488235580457136065374203893
3028 3560.7761833343521871034181206709919
3029 3562.1624350828275427938579317666638
3030 3563.2151214856761510240664606573978
3031 3564.7607707140073538439453870379229
3032 3565.3964228869998113556619223652685
3033 3566.2849107762633746975524524889712
3034 3566.9166838954578352767681802219271
3035 3567.7332517490695234706162589846511
3036 3569.3431320864322823506375489056506
3037 3570.0086713649500812034574214625291
3038 3570.8229165546151709104330190753958
3039 3572.5139656279414744895824707194389
3040 3573.0798043012694154624865040316068
3041 3574.1000163089429584298835840857780
3042 3575.4931557474533036776750665953749
3043 3575.9553796437943486969245832162259
3044 3577.2052839856320856880701858595490
3045 3577.9811841105522781392482983442927
3046 3578.4103826189294189942262378871279
3047 3579.7501026145977416388903628880763
3048 3581.5853382417995907489244389211182
3049 3582.3949166198292746667872035332908
3050 3582.9230421855077149312199656773877
3051 3583.9455747749162801242359999115662
3052 3585.2062787128811792870568489671511
3053 3585.6844486615688149304730396924383
3054 3586.8407450060958977974474973040502
3055 3587.9688136679654407600566829257622
3056 3588.8594445204622133137814796964246
3057 3589.7450065450458191870211810740499
3058 3590.9834712930569335064705240088675
3059 3592.4058890800096092014230159974513
3060 3593.0285588397859690994663888866899
3061 3594.2272747854906959033714308135814
3062 3594.4692726981047015223238731760472
3063 3595.7790637538826109273104539340557
3064 3596.4217725400654029573212199870614
3065 3597.8026412945751218031402113798086
3066 3598.9485602061936700614214465018568
3067 3600.1663237967823493815409760154423
3068 3601.1040136854470159254936545202946
3069 3601.7912827519616316420385418731331
3070 3602.4188942626883515638395024969748
3071 3604.2480536334860216624631691968547
3072 3604.7549840178133352190906548019547
3073 3605.4944749717948321988481513074211
3074 3606.3593176240998874874644980768660
3075 3607.5748096453744611665511764088111
3076 3609.2833330342732797296226032645043
3077 3609.7002661689176770837478312216564
3078 3611.1016315515649175117655833987581
3079 3611.9109946767568716389397287468158
3080 3612.3241926873396226308235037010116
3081 3613.5490212410404468793347549230761
3082 3614.3278146421862990745649117609009
3083 3615.6062681246335683757924889432779
3084 3616.8406891335041042437589459068055
3085 3617.8028423970409074671775583128483
3086 3618.4525585159700618064950264558102
3087 3619.8857235070110648039296329990430
3088 3620.7055704498774432379832086553396
3089 3621.8861323661441362561018823014723
3090 3622.1792745022176104533538071543942
3091 3623.5584684730396960302372437519993
3092 3624.4375035568408062499039218619568
3093 3624.8817265977415555896425742188969
3094 3627.0603155190666688496859020245090
3095 3627.9491147907354453036156150872204
3096 3628.6103750561359448105358348118950
3097 3629.4072176115071678414074225692229
3098 3630.3634250454403173751398433623625
3099 3631.3086842887817787343399348928040
3100 3632.4781783360137501083521496203557
3101 3633.4401577754488336155405015023670
3102 3634.0561930930049741065474094104129
3103 3635.6736334279484476506073537167597
3104 3636.4396383570452511729908629514072
3105 3637.5406577179492929155498809443784
3106 3638.5537076794305671691142106019844
3107 3639.6798065177671578313456761382873
3108 3640.3629764942696737966004163969461
3109 3641.0105381463494075499865388661653
3110 3641.7071232411744296192483471178376
3111 3643.4795736481809247150693220576047
3112 3644.4033583417806875005248545831086
3113 3645.6321166435063686623730905722664
3114 3646.4508943698316947772195681448744
3115 3647.2842616804038131883695800277055
3116 3648.1584546855188499296201512665287
3117 3649.1661641315278408281713607635651
3118 3650.3020435711594954486040388676704
3119 3651.2531061634168191121813263011609
3120 3651.7835233747659720688054439883210
3121 3653.0883261963893382594998449205970
3122 3654.2114375027043051144333440094575
3123 3655.9057264414632791540777620812722
3124 3656.3345297662398754272856489277447
3125 3656.8928296333058126284819464983751
3126 3658.1293721938211338134045571913261
3127 3658.9216895510142029709743355086877
3128 3659.9075007475671822759825022849115
3129 3660.7356658149571878371866054059310
3130 3662.3689492974099521201188149277296
3131 3663.4482888549767323780828269408065
3132 3664.0020071045912317398897155225374
3133 3664.8781377294718679134968325256271
3134 3666.2370259729657330366385840098436
3135 3667.3073392330341969284394262225651
3136 3667.7356389455226553755642291439100
3137 3669.0301911574417670731470035929426
3138 3669.4237463089537145695874571458267
3139 3670.7319972691775237892299821526443
3140 3672.3493512948763274321243396038874
3141 3673.1591761441186901568854103466790
3142 3674.0876089561437902661502278761093
3143 3675.2626101296559879783756159873295
3144 3675.6624842456296799237329862208347
3145 3676.3689381372536596789223445624649
3146 3677.8932956627947928124778743847251
3147 3678.8477830569645568286985495851605
3148 3679.8183116495080812138574705327097
3149 3680.5839839084149818530567972668137
3150 3682.4187314356673058819679097369591
3151 3682.5717305490680992598615430594730
3152 3683.9710242035103718705980262147309
3153 3684.8598930882682200973527217770540
3154 3685.9744421424271559223999832869116
3155 3686.2713371809353822804080382355490
3156 3687.5384137597655442869805732589563
3157 3688.1770279719961184486714138899603
3158 3690.1842581110306556731272491239443
3159 3691.0391622529749172178442348550160
3160 3691.7569397214313182571513578061298
3161 3692.6476539273459968323602415631819
3162 3693.3709847350386813168390021509079
3163 3694.7911267178945729041074832486305
3164 3695.6727901331805855112489349733438
3165 3696.1219826335891278333676614989944
3166 3697.5859636449918907368510892697461
3167 3698.5473627665142839744479148115555
3168 3699.4302926306499552829308302199138
3169 3700.8383167596303567214980562842059
3170 3702.0507569879145000062641412630349
3171 3702.4601559332128982874411962010295
3172 3703.3474760756036803392259902174757
3173 3704.2098943829994473777131465487779
3174 3705.1292281879023311678767915205707
3175 3706.2947213559626569660356214619216
3176 3707.5790553614390226744174845451451
3177 3708.6584528687820832030925010630101
3178 3709.5822717233533147981103313885600
3179 3710.3714917767733589524122319546098
3180 3711.4048181764165296130180331336210
3181 3712.1701394666126376436696265370294
3182 3713.5835810508688247198288352853710
3183 3714.4246768398159950532016568438912
3184 3714.7393335897966153045114763366939
3185 3715.8464590349485099764982718025877
3186 3717.7510959170508673520583416091305
3187 3718.4983554744869770178502194460275
3188 3719.4834953993080277809348399753517
3189 3720.1820489326962927367175549504310
3190 3721.2960400003382880202351303211648
3191 3722.0588367681959414427569550472955
3192 3722.6273205525385860283156818941433
3193 3724.3881275011421368264684577220917
3194 3724.8823199903013770415603924669988
3195 3726.5177182649192530196334510152557
3196 3727.1052959733276731101744458665945
3197 3727.9384659555403607515553873032726
3198 3729.4727917019510747760185325828117
3199 3730.1873206763542965731464996646324
3200 3731.0751592483726980215958209932378
3201 3731.6529373026427503803252775691264
3202 3732.8474756134118325327457163869772
3203 3733.6716968071256633233104025688696
3204 3735.0076446370125690800752738511982
3205 3736.4628556169841397367306415621654
3206 3737.4267027849502652406337582784403
3207 3737.8477793319287655937762461989076
3208 3738.5880554676940120390513042218830
3209 3739.8316906601306023657016221219444
3210 3740.8751536871639533111914359272814
3211 3741.9250793486801168859996619518322
3212 3742.4850135468453014111544776384600
3213 3743.8596162116295294551998444125777
3214 3744.8466719650539096752146226060283
3215 3746.1359725128025868113244745663571
3216 3746.8409531031138683832431747053380
3217 3747.9971270445783514783810456220397
3218 3748.7528607229567677403458357126514
3219 3749.6727079110185021766028901915670
3220 3750.3031584312054088606291970282643
3221 3751.1646445103578721941057890246065
3222 3753.1864491298881084233869639706745
3223 3753.9469890663860618330936105898117
3224 3754.5073218829747346462718479343117
3225 3755.9228188424128563079564916833859
3226 3756.5249727120171246947984711965064
3227 3757.4814398498102060291084677059258
3228 3758.6964262963299495122392613132161
3229 3759.3592166755781106946502753087654
3230 3760.5827291326165775221829809928623
3231 3761.0853349517628339693293695995437
3232 3762.4750790963393599989860391093142
3233 3763.9998426976775476141921968377420
3234 3764.6442801699852834741795048551205
3235 3765.7460260640962879255522057646725
3236 3766.4559675318206676639597492468182
3237 3766.8724214842778079820035887413792
3238 3768.3386401559544341750853468491963
3239 3769.2933943130064489337593030838787
3240 3770.1054978991011350005313128467435
3241 3771.7289927617213787910885422528683
3242 3772.5123312174398903549181342692685
3243 3773.4673277409885581219260411042112
3244 3773.9415803049849731603462483142710
3245 3775.7527118401154270111123034784678
3246 3776.2588073422443316806187875123638
3247 3777.1432443336559447184165544513794
3248 3777.8333706021158231362556278632688
3249 3778.8393737852585930115749190695026
3250 3780.2264864506457590179949142172569
3251 3781.6686461231608352712652179390810
3252 3782.3905756618516091474347019814437
3253 3783.1266494637203462534867731699950
3254 3784.2655503452296712238806658112519
3255 3784.8651050998246194100661321883839
3256 3785.7910186009255166088839614122895
3257 3786.9356979060591794167378493755793
3258 3788.2636648702519483652515310677122
3259 3788.8000503319394934906166249651779
3260 3790.0417766725735173560799206037749
3261 3791.0209144046887589053291183112420
3262 3792.5602476715885498437292831977984
3263 3792.8724795019395463825617806520207
3264 3793.7909902764855092462338368438914
3265 3795.0216534164584192182119332796852
3266 3795.8085881478736398747562573076708
3267 3796.1391779332950544388606752161046
3268 3797.8540558429437540120069247003812
3269 3799.2984970773118993178494761414780
3270 3800.1324264034065013402510800008578
3271 3800.8776355788800277080306005955541
3272 3801.5906171756519221730925886611571
3273 3802.6402397325210126734812473173055
3274 3803.8292004657145502274912150370394
3275 3804.7908403936539114243415447854770
3276 3805.4346467548178429570881218926646
3277 3806.2978967553317464849095611183100
3278 3808.0930498963314483276993229383952
3279 3808.4595078365611450468338540438538
3280 3809.8742483129062014129913272536609
3281 3811.1847123343966959548006288435574
3282 3811.4282217647810900411182283027618
3283 3812.5447543989860009348445665744429
3284 3812.9783089017855663776176137493201
3285 3814.3270174617773101977614567352230
3286 3815.5318198580709882195138601346371
3287 3816.6025981278224433565681395415235
3288 3817.7687079143083052833904085232613
3289 3818.5055339655857317859078806585760
3290 3819.4144985478471879075060394137095
3291 3820.4383133692537608711103617633788
3292 3821.4380596667728192881334587807264
3293 3822.3719133855518141334674235363570
3294 3823.1481104075610655687624918589444
3295 3824.4185531245080245298075173304035
3296 3824.5410371593506165487142806545481
3297 3826.9476272377625437733362810628867
3298 3827.5763356856688218361031354125018
3299 3828.3395205196409362969057546579290
3300 3829.1448104868887969839261641921514
3301 3830.1618239230413558315122894930866
3302 3831.0346791198478499604737294615335
3303 3831.9324871295548143995973108616357
3304 3832.9415488494686777292716818872476
3305 3834.3530945611934380307671082940282
3306 3835.2203987240400183927039454058814
3307 3836.0228819811864031092755644533694
3308 3837.2388472241513155043005061319250
3309 3838.0840586674600746430254783379939
3310 3839.4262684660378121016044031952145
3311 3839.9740027663091888375464363939863
3312 3840.5046787481952297274960911919073
3313 3841.6823448121854179888207787417776
3314 3842.6785326364324374963219213836630
3315 3844.4035532130348477115148742860888
3316 3844.8970109641682019148923779240398
3317 3846.4874754760575483006945708530386
3318 3846.7473011826589580258362652932064
3319 3847.6817496708967469274530655936351
3320 3848.4153010058626122055023132962246
3321 3850.1702018148300456338456073878657
3322 3850.6039204383794595694358741211859
3323 3851.4101024605688199073341194526722
3324 3852.7031024752486491194292116230184
3325 3853.8602938456381067518293962788171
3326 3854.9025863329918007138872543330154
3327 3855.9552544738287664280561542498890
3328 3856.7038673958854598553597947210010
3329 3857.6105830149210815460477280230266
3330 3858.4485862359921043627866832456797
3331 3859.2857381770062207218955780067624
3332 3860.0930085051726903187498578626312
3333 3861.8527193254090057575845868157761
3334 3862.9837836669569987043074426318621
3335 3863.6582860191819947707223019578826
3336 3864.1501909968229899406390882951705
3337 3865.5650772054117268950908552068318
3338 3866.8224041132865648026096927207843
3339 3866.9723281249973182375810654431324
3340 3868.4128590738810319552205839993858
3341 3869.1446669210115262243893680475791
3342 3870.1140345394578297752863825956179
3343 3871.2917501894396191280890816277876
3344 3872.6665465727944023824615426979981
3345 3873.8102083806733963694333244558261
3346 3874.2296148437606821877074225629312
3347 3875.1051975846659970608367076624383
3348 3876.1737406898067367891597066869031
3349 3876.6579649377929779335073006799158
3350 3878.2561749410546933979152623231175
3351 3879.1103387099945883115420673510712
3352 3880.0822135974417394818401072660923
3353 3881.5403505113977965036725325724325
3354 3882.1168452597794871454140970139887
3355 3882.8999925504702557465991628584172
3356 3884.2097992079887440303419592327964
3357 3885.1099630861123552945296216959537
3358 3886.2252097662456383758573069160810
3359 3886.4512897905003951956869728046865
3360 3887.3520137600368259570010486373435
3361 3889.1553463444960944316505859516343
3362 3890.3091819690271122018857621980549
3363 3891.0868830024086458572367480687432
3364 3891.9299369859904908562846350264694
3365 3893.0011310769670695685671127706724
3366 3893.4070620833340966521577431686159
3367 3894.7837302889170973049880472694589
3368 3895.5679312739150742335702461579538
3369 3896.6426322751342848186497318894555
3370 3897.8707502910930032860082656134023
3371 3898.6519617945553361756695743229889
3372 3899.6237434556147399399063455756206
3373 3901.0077646104220261715223576385149
3374 3902.0774270422586989730272891514953
3375 3902.4111605108893549727830549791485
3376 3903.3515430731457573398379322178735
3377 3904.3791913041209371702684386875575
3378 3905.3448516662035967426214497095287
3379 3906.1193191118838940967979689611830
3380 3908.1881654381936260583681607527239
3381 3908.6063626660699318917509198260160
3382 3909.4658474041250290243381483071279
3383 3910.6327168565397047510199216154508
3384 3910.9114382361583791208200100979404
3385 3912.6429485985123489599607365064791
3386 3913.2591378617609875691447647803375
3387 3914.2199232692189542725745589008293
3388 3914.9490012449064104450941725481881
3389 3916.1765385599513403854571156697123
3390 3917.6581659536083666245686629579867
3391 3918.4430529876501456749627675796195
3392 3919.2227409606925186556053655888782
3393 3920.5404310954505873988668532721128
3394 3921.1525702400518356099082610960326
3395 3921.6525603482886664385510120190224
3396 3922.6652032242026561749517339390928
3397 3924.1933105253576189080766455152598
3398 3925.2471192572930253930854935841065
3399 3926.1760835835753266871538256461797
3400 3927.0805173700931743003894800801745
3401 3928.1422182952944672095476381171609
3402 3928.8865592068203561478261644841770
3403 3930.0992812803574361258517312516274
3404 3930.8910863822848102022744891989267
3405 3931.7452173605649494259838112614118
3406 3932.6245680870190423206217230562838
3407 3933.5168818420378522818203252411207
3408 3934.9383478085994470192018014734257
3409 3936.4432861196261611319679822211893
3410 3936.9742343136550244277924461654413
3411 3937.9053808535574013625378962117695
3412 3938.2146165368646324909500095204546
3413 3939.7751868118754674660869814481417
3414 3940.4346375966889485867733930234905
3415 3941.6300296480007201299568428681357
3416 3942.3527221877781910366080177965263
3417 3944.0303628069291164847799542671719
3418 3944.6509156523957139492014835707489
3419 3945.3330636688870943660578925468640
3420 3946.8789835705702987870056862246608
3421 3947.7038640745786118332867527828478
3422 3948.4341922004875465915390625229574
3423 3949.3137058221496460699433865331460
3424 3950.1323755110852093227251608318246
3425 3950.8594664396630374943524165409295
3426 3952.9428701569171751698273289750288
3427 3953.3565265912648310612207179865259
3428 3954.7786211645969966700205616841240
3429 3955.1765463727326615830863315401493
3430 3956.4202171916141356228256819071773
3431 3957.0199017765426398705006929557545
3432 3957.9547179470922535460745236531100
3433 3959.4707555055295167446536368819187
3434 3960.0710287569772660311363091442308
3435 3960.7705346144793597084661671249851
3436 3962.1684619266879716077713515409669
3437 3963.4703488612562751516835958006344
3438 3964.3126495232082568142475399090473
3439 3965.1327070989123333861695894645854
3440 3966.1387149930444039338613104541913
3441 3966.7538941064041714080748619750211
3442 3967.8187614211707130903384375153319
3443 3968.4846536078960332511402914208439
3444 3969.9146002196605400694493675073822
3445 3971.3180702122163993773049896474674
3446 3972.1157602645602620368466030310452
3447 3973.0106815035858773692838250945419
3448 3973.4570147838243219236668260218696
3449 3974.8934133682831600522636483570124
3450 3976.0661831956738261662054585075372
3451 3976.7314189011923739909860750250778
3452 3977.1139086949716000650145367535893
3453 3978.6861199792565948781942634190169
3454 3979.4973411762782551042505303660909
3455 3980.8440997822362505361736421471285
3456 3982.0485020868457753268919538108866
3457 3982.7640681165371516594850294632421
3458 3983.7497953691229023118351290235582
3459 3984.2274351811568515772437624134126
3460 3985.0987252423994989893923100976527
3461 3986.5161790381804072715271504468615
3462 3987.2307091547754590317451406065029
3463 3988.7194492646756497098905748427615
3464 3989.3521758089555171967156409314379
3465 3990.4814096073460736686634275659760
3466 3991.5708909851755104982935088842271
3467 3992.3311050998224618057200434785050
3468 3993.2931637317671621551005889630745
3469 3994.3958739984522647110697145771803
3470 3995.1684597230673877208684417472296
3471 3995.7978134131111658634637915068795
3472 3996.6890402330280316298279289795104
3473 3998.8092922997067320142033281808421
3474 3999.5192482853031421809071275055490
3475 4000.0172851787708175250174627245268
3476 4001.1442586346274385094148607134764
3477 4002.1123494277143438959219726004700
3478 4002.6957194147735622920360447165209
3479 4004.0224513946824465051037707536510
3480 4004.8067310286744758636404786257049
3481 4005.8767374373390641006256497192682
3482 4006.9319208177235606031152907623444
3483 4008.1420308913844391563515804910508
3484 4008.6895962524762070752869644795578
3485 4010.3610190238095604509064847598001
3486 4010.9833112803046479978893384449735
3487 4011.6638815417869300394656529295784
3488 4012.5689160008923924787244832678211
3489 4013.2336888054666810179849339187667
3490 4014.6572948182774204133286897224522
3491 4015.6576510516409213431505942672702
3492 4016.9689380100168097979957168631633
3493 4018.0292684585755977298289013334331
3494 4018.7769516000200674380747898329458
3495 4019.1060650408121679092453120666628
3496 4020.5707731036636393602803955805480
3497 4021.6280142173745023054054812076822
3498 4022.3801064376045880965766820440138
3499 4023.4285049742052802821447269508713
3500 4023.9051514000871676419848866041312
3501 4025.5831990267254241303258418524727
3502 4026.6027591015993936762357620834704
3503 4027.8662975719244152220281309882936
3504 4028.2471729197274797727806763687860
3505 4029.1955570805403152021863987477129
3506 4030.3832801990618202690640682031888
3507 4030.9161077860281356950073790462701
3508 4031.6543117159448186808771880899196
3509 4033.3744768773769632484567460513570
3510 4034.5208201621907399978371538319299
3511 4035.1055990299208281073288725641388
3512 4036.0793896018629776146912725817869
3513 4037.1260145710260099830605175536945
3514 4038.2906988592791284827852801918973
3515 4038.9483104343033252605664852200790
3516 4039.8578192222560950117197202507851
3517 4040.9405632217962253922270350984558
3518 4041.4646776447743745916379329262451
3519 4042.7024803963152502236689880906421
3520 4044.3222870034345707289007559017602
3521 4045.0551473872909245439774336089261
3522 4046.2147848291240311575518174930675
3523 4046.7382108173143252201961147405509
3524 4047.4680443259769162313615802697631
3525 4048.3807098275631774212001030516808
3526 4049.9737046865763426334098877301435
3527 4050.4313906242043577551298922360420
3528 4051.3843795512337996566798650410915
3529 4052.9976259815062603371931521554045
3530 4053.5662720779342832386153103800334
3531 4054.6907128702543440518703575993282
3532 4055.4778525033570403396050403109968
3533 4056.9963619032244025552111608980019
3534 4057.4289042335245672905123513173880
3535 4057.9934935391755528013191129820175
3536 4059.0854282881830952495386480564337
3537 4060.0489960067828105568552627736861
3538 4061.7439330496353381112380188765447
3539 4062.8502886929005174285330047811942
3540 4063.1577254554326515748074445826363
3541 4064.3583801963901348977142734481640
3542 4065.1784751928993218600675234832164
3543 4066.1095926505193133398772284412861
3544 4067.0741068688125640297097226552487
3545 4068.0832238260243833599712580175424
3546 4068.9692976260756073606981508830596
3547 4070.2819125697779398340992238174399
3548 4070.6036776496076977822754378840181
3549 4072.7051287061931089752185090588052
3550 4073.1264501723920094108897572754932
3551 4074.0876811330337096068085356931561
3552 4074.8170645106657653606458376259626
3553 4075.7413466700905149608995774099997
3554 4076.7197818637920538958736279995134
3555 4077.4133454845276131444674296612611
3556 4078.9227713602117550445233443140017
3557 4080.1083044812015670959300019017430
3558 4081.0660834209457562385232825541516
3559 4081.6985684317979510763664141700028
3560 4082.5883481411195791746554712276361
3561 4083.6300428600710341485309075718812
3562 4084.9428832029123079654106982555154
3563 4085.5153705858256261004189973184719
3564 4086.3792210746122507757968092170213
3565 4086.9674789752759493548064613177706
3566 4088.7818814831580547327882641119278
3567 4089.7302856376565348016525782822066
3568 4090.5912659102789652400626727342637
3569 4091.9108461592191937284489454049358
3570 4092.2972064646249306457530371318115
3571 4093.2483622291244305329506260688471
3572 4093.9059119452891257193144333163118
3573 4095.1379307512535041736347020016082
3574 4096.5108472965604077445436556293314
3575 4097.0636844603532989607753003671873
3576 4098.4751864481557247989958680285582
3577 4099.2448452936269924758477968305742
3578 4100.1075341305196445816702843504192
3579 4101.5784479215601211889515054061779
3580 4102.0373625351255807597175900680252
3581 4102.8259418257814772581738613352568
3582 4104.1413312021921668330696122563437
3583 4104.6130985798289155625072453383475
3584 4105.5128525692249589318426272745302
3585 4107.3272193558822254635344875347831
3586 4108.6242334302783055815993041796190
3587 4108.8524431607724948446376759831157
3588 4109.7109312857961262008277963352296
3589 4110.6343198867211416884972055593355
3590 4111.8598454450777175275401766894665
3591 4112.6672060187223752999993971190219
3592 4113.4859892270366010446323017886355
3593 4114.6875678371589645543469414655879
3594 4115.6157737984771031607109210239210
3595 4116.8139808912574001225149703098458
3596 4117.6007107397971614619218019695693
3597 4118.9743526694582413143988709060223
3598 4119.5963328836496454525864082285737
3599 4120.6342105843689942907928239423335
3600 4121.3486568027880746463629970283407
3601 4121.7946587850416575502102342604074
3602 4123.2400866695443129350735621222322
3603 4124.6488293801972737696673112037151
3604 4125.5921284526051042925040357542792
3605 4126.3780638805290216931346482468767
3606 4127.5933708083970831109566319493733
3607 4128.2981666996784666707284821480714
3608 4128.7776752025759311350121824767744
3609 4130.4667637802597526893416789734616
3610 4131.1369798993219699232708521452142
3611 4131.9280024327844595910874070729830
3612 4132.7244513073765449645366612060681
3613 4134.0506488282693758483154146568926
3614 4135.4417600213289648411980737143245
3615 4136.3966888734095197542226253202985
3616 4136.9748534834821309590665053889728
3617 4137.9629413796430792062365565687703
3618 4138.8383395555023918324910007567837
3619 4139.4640991552383081426901604591267
3620 4140.8928301156327413383797779429120
3621 4141.3737753201281721810643649640439
3622 4143.3470625004511336451716536602871
3623 4143.8976248560714817059975008235486
3624 4144.6032987983904149410524142859855
3625 4145.5647925680090094318605254953695
3626 4147.0719222795251516141899828582743
3627 4147.5950695475050492105980596220262
3628 4148.6525207788084418972675917710233
3629 4149.0694510507631333469810340709996
3630 4150.4450979524851518159591793742025
3631 4151.1468515094982053154803010345105
3632 4152.7687252656433442518985496492952
3633 4153.8391467450521275303744773915157
3634 4154.6308990059789879525827159289895
3635 4155.3347872616323351444083884786522
3636 4156.2963049628375726247875936378652
3637 4156.9139079917413289974420256923333
3638 4158.1293344138112420546851310834750
3639 4159.4804616989798292576654348387178
3640 4159.9216658407593891871546288233742
3641 4161.0962811821248032413727619335654
3642 4162.3779145933772406247584377860817
3643 4163.2788530508291651493884766335217
3644 4164.1353514406314720279154525521963
3645 4165.1391629555957564119044614784461
3646 4166.0784280623988295256130597452538
3647 4166.9841734083568666202416905413133
3648 4167.5098753457728683544427954847125
3649 4168.3034536255334870173533151144615
3650 4170.4828061105640123004625788103343
3651 4170.8751143816478778796104557098578
3652 4172.1307580515465324362572393360596
3653 4172.8769668517038839875342245994762
3654 4173.4168640228045212572065904585641
3655 4174.8731818746072455292323224877330
3656 4175.5120522522078405724349579135028
3657 4176.6430719201976262553434578690801
3658 4177.3221886240398029649082298982643
3659 4178.5303041831755227939377318332604
3660 4179.5746994301868570677775790289725
3661 4180.5031817652030835789573054807938
3662 4181.9224931844642972435429826525687
3663 4182.8507928790999132591033680778539
3664 4183.3775043717819055519510563697770
3665 4183.8463444593191536198355819302010
3666 4185.3127276752928382924720488760519
3667 4185.9579366873769790783675726254606
3668 4187.2007188462342452445890062160054
3669 4188.4199772401568339776725927786209
3670 4189.6152797933950584324365969122845
3671 4190.2332692909087138690935572622568
3672 4190.9859122256716710077855626835273
3673 4192.1097123457125172250708522160863
3674 4193.1758511657850989735451390980792
3675 4194.0922458821318892722529717169193
3676 4194.8990138882609414301504773398067
3677 4195.5413516551437665510626608506544
3678 4196.6045483558047951800367554561943
3679 4198.4259891124792490278071697081759
3680 4199.3351926311643048619296209823284
3681 4199.6330028296364218875102160579577
3682 4200.9974634665757065700669578292151
3683 4201.8270022366841270096648476952128
3684 4202.4166987460144309596190583350051
3685 4203.2808136601392693687564421090003
3686 4204.7360110733413224817885873799521
3687 4205.6273652673858133911260032499956
3688 4206.8701918882573106389018823386873
3689 4207.3545421043877606723830984507951
3690 4208.7347820983272310206714577216865
3691 4209.6429027594125536849409111142241
3692 4210.5497931940429529903533905711609
3693 4211.5279807000391281527445081622324
3694 4212.1702281297213526723282581391257
3695 4212.9672932334691576649777448589398
3696 4214.1176865835779808105401247676201
3697 4215.1792932818307738607387831464624
3698 4216.8321357638502306690069809391009
3699 4217.4955242517711199776991425280238
3700 4218.2307886268755634503526522225652
3701 4219.0864103562896679620143530634864
3702 4219.6720615312195703658139611089182
3703 4221.3067397104834333954720958867138
3704 4222.1266714410450289008802914839229
3705 4222.5072437051379964632310703965918
3706 4223.9011799922204502044505734741397
3707 4225.2823658463629516435126161146786
3708 4225.7223073328702177580545031053825
3709 4227.2106305017863148447968315781110
3710 4227.9847050721362804181179177628933
3711 4228.9808341069101065348879558039033
3712 4229.5334114976291637064753356324175
3713 4230.6578479751553650097485477960898
3714 4231.0080797545031012775793999604405
3715 4232.6603273787824495132404999703902
3716 4234.1372607509548020056808095718456
3717 4234.6721864854282095077738317511424
3718 4235.5028147846495305598235137267291
3719 4236.7087780813335530933613930909190
3720 4237.3431050885987008659663336555834
3721 4238.5815624292195240819492597495876
3722 4239.0833550913521494270371829392234
3723 4240.6092232762198739071174123331062
3724 4241.1040242900797864712091654085964
3725 4241.7837530832547862954225722991534
3726 4243.5736524940196258573231084708993
3727 4244.5758226329967184421864959078425
3728 4245.6210599955467437960425728809333
3729 4246.0109615018983009031523675212911
3730 4247.0506663694944327259710805727313
3731 4247.8828636201209727457114563583909
3732 4248.7982299207260977304324400587471
3733 4249.8423605507841851091880286419019
3734 4251.0245719169358947024528907434646
3735 4252.0637703766928234712191205002238
3736 4253.4521570430949747097626485408961
3737 4253.6419434954151979934161434762258
3738 4254.6067412447408309060579240791706
3739 4256.2539779150781169436403788751360
3740 4256.9039163798913038488170470482108
3741 4257.3984260708603735530488997992362
3742 4258.4123094989238055286281923844656
3743 4259.2199715039591492378819154231519
3744 4260.8287804000285775258286149075909
3745 4261.8013161539053041465125366460828
3746 4262.8349177588181312713796277718792
3747 4263.8510700901616531572308238972529
3748 4264.3264840974727808088149870445917
3749 4265.1977535302338548915744673318464
3750 4266.1755262978287785977201217005470
3751 4267.3750181158749953080673653298616
3752 4268.2230320639581356279339871576393
3753 4269.3119633831982563165097430932703
3754 4270.2289458522372681132789313798488
3755 4271.2193577240184742985066673177364
3756 4272.6265466827885518639501230579585
3757 4273.2660703757915752756583590639923
3758 4274.0061984852674990365475628436967
3759 4275.1067326338996280783535682180412
3760 4275.8636480704100392996444469285292
3761 4276.7331763403854980926734261289055
3762 4277.4200429594294336074771984922139
3763 4279.5488671881242680649584859910563
3764 4280.1616255246782373952632170977713
3765 4280.9737876927871847310956033787079
3766 4281.5871597611300068340570751610039
3767 4282.9434791386283177076340938884346
3768 4283.4937286326523119836023583507916
3769 4284.8449654014707491901268355434051
3770 4285.6290536482149238577412567873961
3771 4286.1581072869077036816646920710772
3772 4287.6805181794383826782410020209939
3773 4288.5047662744324921124224702141444
3774 4289.8121457606455300746435003914828
3775 4290.6838263576424902805459827685685
3776 4291.6749193937858862270709919059377
3777 4292.7264449752313765421638676462688
3778 4292.8172633905141375901529206484275
3779 4293.8138149597473856256279269948099
3780 4295.3482114483819765466373768749208
3781 4296.2476875537822033078847723587228
3782 4297.2696684926992129905827294039681
3783 4298.6631790896359158538755833367042
3784 4299.0549472829095733012770473020346
3785 4300.0891483781212389967990491535146
3786 4301.0120506093015362718162684446797
3787 4302.1451948823836665341420222277632
3788 4303.1833841787373496944540432368285
3789 4303.5346369035851802827362664220733
3790 4304.6175280010252128840307254658232
3791 4305.6138237120481457775778911670886
3792 4307.4490775990558969083707731241291
3793 4307.9989917543064502184249123960773
3794 4309.1729649768415083018346919805542
3795 4309.3586150696957034618737773729638
3796 4310.6321760972187017872771266204086
3797 4311.6620072439221971487704276845023
3798 4312.2264301237907370326900066116741
3799 4313.4013702585289854030146772105849
3800 4314.7992831602553362096988476981942
3801 4315.5737418052109850778613354217647
3802 4316.4646563069236692716551420127643
3803 4317.3561907402627006615771733857012
3804 4318.8675428542131841332384007021387
3805 4319.4068283920358018675691182647785
3806 4320.1622436023622993550469636487648
3807 4321.0748916274321006072927524771731
3808 4322.0761651900216172705427330898967
3809 4322.6645664862745876187756426328191
3810 4324.5467480081507457721161903334572
3811 4325.2930857280181408862506749633139
3812 4326.3501185835848283900758730507376
3813 4327.3946907037589697816577792875122
3814 4327.7003625594612807283988830413120
3815 4328.6157690544135321473542301960959
3816 4330.0278359152543706173599677441237
3817 4330.8900657917320797453390367378300
3818 4331.8519156221062963276586061222244
3819 4332.3039022867194617483261590667704
3820 4334.0205810836625758452889539166122
3821 4335.0631473708845273004467286362595
3822 4335.6066671653050495240877104951055
3823 4337.1336626056691068267796343740214
3824 4337.4518429808836585313442600204356
3825 4338.7191221625736005018074030215601
3826 4339.0270615069788819329406165604485
3827 4340.0878325409012342351830680897540
3828 4341.4130509623837968755363996235477
3829 4342.9016181749976444267983530966930
3830 4343.5632012070744855985291117714523
3831 4344.3346414911404748856332643946491
3832 4345.2496571545650372289251317965938
3833 4346.2428962103636473677939899387362
3834 4347.6280300722896408016384933177006
3835 4347.7887353217787201093088486695983
3836 4348.9754308519822825911899842302522
3837 4350.0139221055455716854366681650367
3838 4350.8713843550955506981612243211722
3839 4351.9525166328447996932842055040611
3840 4353.7001897324465319480298489799707
3841 4354.2207576250073828642860389583174
3842 4354.7245965902709223429092930100295
3843 4355.8931107822478169341241932054348
3844 4356.4827664083384034121248554573376
3845 4357.5875916930422816896883861574043
3846 4358.7556431324202869096731053924355
3847 4359.5001855978166467701884442854130
3848 4361.1910768175222492919111104423124
3849 4361.4867345026757190960079599223250
3850 4362.7615831857643982729748035152576
3851 4363.5255813188821228389531274082017
3852 4364.5469088460366852998277759241678
3853 4365.6719970085564088972732878665519
3854 4366.5273075426869697319406902372803
3855 4367.0005118490692856569548899045501
3856 4367.7110484295343128437314889049962
3857 4369.5379649273371764573439441337679
3858 4370.7346275099056616215893904576967
3859 4371.3626330220148216456329653525190
3860 4372.2279065074324385377596205541188
3861 4373.4331782909217669094511562506855
3862 4373.8638044114184426742213245470141
3863 4374.6950961607022372077824051013407
3864 4376.0832239112253909662631059751957
3865 4376.9829532967599403074591454238978
3866 4377.7684633622846838339608279443168
3867 4379.1033158754575394309888419271718
3868 4379.7598645293324842827876370649243
3869 4381.0910283098645722825701606603461
3870 4382.1259494986765892892952653483483
3871 4382.8757485232639690088891799375144
3872 4383.4664273182973074010100301925676
3873 4384.4196011390813170744970030162715
3874 4385.5798863289039104931203654587350
3875 4386.0836787074944456860135728696696
3876 4387.7562600258413546596219670771566
3877 4389.0294783915093396027112657426614
3878 4389.7196308688879083148116619553751
3879 4390.3511082752271040764921704740448
3880 4391.0212130669600590094937965855683
3881 4392.5743376748388866373263748279746
3882 4393.3586625526061436260624015212768
3883 4394.0285111268255528420228080627025
3884 4395.0608938441631352364235571456875
3885 4395.9510979306162344799624637671122
3886 4397.2232226873173573013566066797193
3887 4398.4517196330697526632853516115385
3888 4399.1774673041234804367047188727395
3889 4400.2701800391603986122863662540487
3890 4401.1754715476325826218531902338803
3891 4401.5335740801420212322844455413884
3892 4402.8082345169062551636774200793735
3893 4403.2395699241885591734429508123440
3894 4405.2186046399876923696831202794228
3895 4405.8323039939158039387590495218445
3896 4406.7068764164887634589731923229454
3897 4407.9731809396190092827540727266756
3898 4408.6237078634042372621452660460821
3899 4409.6660971341104260458450451882388
3900 4410.4911419822052858552040436315412
3901 4411.7152015307819301304557386610352
3902 4412.2372474907132381992358862046840
3903 4413.2165611653807471144588750607498
3904 4413.9340445124848395592419298667070
3905 4415.8509618265499505496688808811308
3906 4416.5939990294813312155801089012828
3907 4417.5801169756851042998942624363033
3908 4418.2415564728377493964936501708285
3909 4418.9715247908581000145026130822559
3910 4419.9224575733637021142833258278058
3911 4421.1412179966437383283632237000244
3912 4421.9047012077574156421959381171227
3913 4422.7907496209769878370225661879866
3914 4424.3396665541568587485509953603527
3915 4425.2449095746416103227811520102511
3916 4425.4956487322979915292384838024353
3917 4427.1647206562121382363756567571171
3918 4428.0731758426856649425636542538665
3919 4428.8818024316379430495845419842745
3920 4429.4880095669984858734950622600628
3921 4430.2474487954393379190521801830256
3922 4431.4243404830880573623966830707692
3923 4432.5756274545851654538531468805981
3924 4434.0292531958750761860164250055074
3925 4434.7791048360706886807229943089270
3926 4435.5290832925767438001823416436683
3927 4436.4237379836233313744065653180178
3928 4437.3941736776060446509167689153890
3929 4437.9768696285066978396878562491654
3930 4439.5575607144148323255266600137187
3931 4440.1075855090109460696625137393730
3932 4441.0649962649887834776514299819189
3933 4441.9849485783577862838695968382483
3934 4443.3659418710838147562355783978975
3935 4444.5644241103134090790065214541205
3936 4445.2383385405938800768511055946830
3937 4445.7727582489510214340267250943759
3938 4447.2630960167931472423704566071228
3939 4447.7329624616831272220240265688478
3940 4448.3019010683245097683162954286018
3941 4449.6352681243676180712255940713331
3942 4451.0981208003091808937336784176570
3943 4452.1880837051329716054401029326136
3944 4452.6807020660416943950233390321945
3945 4453.7345512711156390495765183119022
3946 4454.4629054402495338150138958076825
3947 4455.7626579725548385303650124220641
3948 4456.7032501935135072860862039817367
3949 4457.2458263399429735394288629992348
3950 4458.1887493306691134892677287455408
3951 4459.1712790161406072088554397047688
3952 4460.5485292875358262988527411898962
3953 4461.4041404785371934890773346816904
3954 4462.7346221949156879196734727677532
3955 4463.6476480672069011858656516146831
3956 4464.0385232569901292824517971124413
3957 4464.8127161276266010981131876789312
3958 4465.8059975692226514443573201591920
3959 4467.2285328830015547450293111160181
3960 4467.7398170152757302292645642350993
3961 4469.1706627374103174841383047531128
3962 4469.9780328317339467904109765737502
3963 4471.3617572522878053664457674734940
3964 4471.5501955903520335321321911628302
3965 4472.9592720151822749695126202866198
3966 4474.1862775774064403613085732479524
3967 4474.3170917789777717444190057615011
3968 4475.8011109317596402579696554327043
3969 4476.2465191575061985313369968927542
3970 4477.0158570633322578670413889826334
3971 4479.2694232763341623449690770355624
3972 4479.7306647720928195203581174400775
3973 4480.5336297392355618100493935929417
3974 4481.4100402211380477757699774226844
3975 4482.3668856889582956407153082545241
3976 4483.2382774668843274389754213675487
3977 4484.1236233693489914984877856639440
3978 4485.0522261036244087631395441966686
3979 4486.3272191629413441789598122023389
3980 4487.0841914278114481028127429654278
3981 4488.0706672490151758444978963907824
3982 4489.2408955475410785239706931765845
3983 4490.2955069948544556658649783703990
3984 4491.2184812524229907857554626205667
3985 4492.0082778789692530396737848358137
3986 4492.6380346692126769352254424374879
3987 4493.5336347352083719615683489716804
3988 4494.4937559015683570374648628190532
3989 4495.8100180298973513272142561207268
3990 4496.8934517672650727293320212556230
3991 4498.1071120464662379716671211001382
3992 4498.7783940724728573960158140299775
3993 4499.5852231074581450428129288105927
3994 4500.1646023960696532623856346720545
3995 4501.6271866439845748823620018700304
3996 4502.6738555535942218419882613294876
3997 4503.3298543457183326431235989817183
3998 4503.7155556818106789354985309048459
3999 4505.4588670930726744429955676980466
