59000 46826.9307114626188680712400921143629
59001 46827.4030616976945663939765434123932
59002 46828.4563822150139937306071660186527
59003 46829.7328336454785722144638743608563
59004 46830.1607193571591010218251847059572
59005 46830.9080412387849380346914089015453
59006 46831.1149991145124542498051637341100
59007 46832.1375598092915676501171432710553
59008 46832.6816593940111721613832447374542
59009 46833.5728629752755349259682227060257
59010 46834.0718818972135724299156187361066
59011 46834.2539983539248892712670034210398
59012 46835.8351246071195677338239033162733
59013 46836.1124703264933359991449455038127
59014 46836.9238072929920761248973058937300
59015 46837.8068394630069326842581659010665
59016 46838.3289982748202748841286962831853
59017 46839.0267197419952930750212286430524
59018 46839.8944704933429742746059840536529
59019 46840.9059612652316598078321741316512
59020 46841.1508344047483255858119172733411
59021 46842.0067888230708977659093828576255
59022 46842.6146984994890025894734015368462
59023 46843.2008584528442078835645200601526
59024 46843.7959971569212162747868947621557
59025 46844.5056667887338344163648168990959
59026 46845.1663116959849362000030174821381
59027 46846.0028718649745076990385444776564
59028 46847.1572575861938800753436319466163
59029 46847.5798745266443319489975210474464
59030 46848.6410380471754528117414769447898
59031 46849.1325527696864407859548409275808
59032 46849.7116845112048226190437175283367
59033 46850.1864387942957162812218680736330
59034 46850.6864138812473582841010908550539
59035 46851.8928972729311994196742160081846
59036 46852.7419849259873662450248172779158
59037 46852.9852416177979669789123763672955
59038 46853.9490027360375680385344949734691
59039 46854.1009387266054194638299665345592
59040 46855.1868099874988453089849087026068
59041 46856.0966771603640260816579696922029
59042 46856.8193493092883161464098969427574
59043 46857.5477030594985839077845451903911
59044 46858.1664954989627214897025851780506
59045 46859.0388909981824051795380905096039
59046 46859.7762002105503540093182157279005
59047 46860.3432601457640081469755683206179
59048 46860.5285789863699047338635197640150
59049 46861.5769797097340166210371563831298
59050 46862.1004259352163990731283865726684
59051 46862.6968119863959367980785805859417
59052 46863.6360301417581578311544237298295
59053 46864.7255137977577946154148395103762
59054 46865.5028720169314583868011953679111
59055 46865.8243324418861490313419240994240
59056 46866.4707054637792441256882409000156
59057 46867.5331279433159111872004146385511
59058 46867.8468427922037092486575566108852
59059 46868.6760540402878481182647521363462
59060 46869.7032101047996447818058614003996
59061 46869.8977530704203101252722471758058
59062 46870.5699980474536715264958500544182
59063 46871.5461707605779528633823865459597
59064 46872.2703782377189632916672082868445
59065 46872.6215987907066224947887532947808
59066 46873.1526240493880587124725638309370
59067 46874.4009847725274904432280446742170
59068 46875.4930887911696521226127031763928
59069 46876.0909277954944138840596106640747
59070 46876.4316344402767592057205693392217
59071 46877.1762971675291693026251139752514
59072 46877.9058780890048820073869826675697
59073 46878.3109524701995282590127886275120
59074 46879.1927189548623783920535918109706
59075 46879.6741891515194305626085528065808
59076 46880.7073365803076961891280024664756
59077 46881.2341621227782748176489810472101
59078 46881.9308337005311516647807836908503
59079 46882.8582093771023391533919252185977
59080 46883.5958072598629847401421383176405
59081 46884.3214028090651077463983454994661
59082 46885.1253678003737150409352753300366
59083 46885.2943712808763674010273799303492
59084 46886.3575118151369269636891419009814
59085 46887.2131049526084424494904242167260
59086 46887.9239310736492187087614869283013
59087 46888.3960917327526016860474511411403
59088 46888.9205818306002999376803891617345
59089 46889.6864810512339342037651652205639
59090 46889.8588669995434322735109342117731
59091 46891.3131527777427284055332695920491
59092 46892.0347177167117584343410291309585
59093 46892.6997204375749819082830125527398
59094 46893.7175766642922440153378055147180
59095 46894.2171920039932286263528943323937
59096 46894.7133136493887563057673792947898
59097 46895.6356702238304332224698442293472
59098 46896.1025634258146150901237215250989
59099 46896.5200535865490035433260792928561
59100 46897.4697645538324800362776903641191
59101 46898.3198020195864369635922002361422
59102 46899.0083733329367653176602488045286
59103 46899.5741813347731095699069898405171
59104 46900.1937650290226995265071205673657
59105 46901.1010632778769837769643221998297
59106 46901.9119838966608626204324872965738
59107 46902.3084174812123409365969096477094
59108 46903.5868781638691608661451635845319
59109 46904.2313305838980689555230395750849
59110 46904.7748301627724327570728995062692
59111 46905.0718694694169586388408034266019
59112 46905.9347962292240657482557868561124
59113 46906.8005944050459501721830624475726
59114 46907.4297964422680103683857821127693
59115 46907.6191141131173918416294013751689
59116 46908.6525337084820209904881328908262
59117 46909.3449971260217225973868957051811
59118 46910.7107142378131382435760278603811
59119 46911.1939215005565391149287021799323
59120 46911.9222472919579468708464624371964
59121 46912.2941094367231255410469544807184
59122 46912.8032740457651560402799244545326
59123 46913.9032296423071767689194775131782
59124 46914.4576265679599714428900167329717
59125 46915.2203574615874212854713802193295
59126 46915.9334240477648695752354080261880
59127 46916.5015878629574777443282561104057
59128 46917.1287526954066808396942364610612
59129 46917.8292019588165396120258596818527
59130 46918.4517712724710209365368628578467
59131 46919.4483613690645188774641250700686
59132 46920.3485615163789842817537066162232
59133 46920.8847143469655962915660239082383
59134 46921.8491302841907141984962775477660
59135 46922.2343764715906550684360236658496
59136 46923.2811313391732448792748371859590
59137 46923.6452364147010648326527119870875
59138 46923.9817211857303941532874544943725
59139 46924.7931207214051324045591755560935
59140 46925.4522776057503564807615591860236
59141 46926.4570196414189313656903683418229
59142 46927.2932478686456283751113473823763
59143 46927.8440063437045662022454952762724
59144 46928.4766348249285338871218542484235
59145 46929.4414341971319817348461540132337
59146 46930.2123597652950106510997396204419
59147 46930.7244827430293305116831010626953
59148 46931.3231559741104757761773711667166
59149 46932.0138392214257816743326674157111
59150 46932.9773158735060255951739697838407
59151 46933.5951956732793729577371505900212
59152 46934.2985941293582235035035300066723
59153 46934.5053494479107097016029463961000
59154 46935.5416602902300002469367246692651
59155 46936.0746539664972090184667753730037
59156 46936.5769396181395621217244644163926
59157 46938.2002053877824506610818848208249
59158 46938.8300026808912541918069976277022
59159 46939.0844834449277454270221583855058
59160 46940.1981011458460070554608212194626
59161 46940.5920137333274872708154419015668
59162 46940.9067393950715845199326355236771
59163 46941.9211908078977162827859326779939
59164 46942.5797547322466788990536753244544
59165 46943.4522368092287262039333816273379
59166 46943.8518029731278406141309882857654
59167 46944.4776287965297802860902967072763
59168 46945.5659302111902932647408310955089
59169 46946.3058939794756729770506823853450
59170 46946.9361156832362498102693879042464
59171 46947.5577911403931640669122634984839
59172 46948.1424683815388762366042324889481
59173 46949.4031877453108143839251997487994
59174 46949.7602095754214365093572647410367
59175 46950.6908526547856230264212938452260
59176 46951.0715105369548906576722373386336
59177 46951.6540431255210970626449148807926
59178 46952.2724319234991604926359784316459
59179 46953.0617240131412610895502207494998
59180 46953.8351136682274204397635930205592
59181 46954.2015185970535979268855299829899
59182 46955.6853387177629128792597685303003
59183 46956.2249966723926380937827155738469
59184 46956.8232313894706902776826041241764
59185 46957.8108688139653811770459970236819
59186 46958.0969663253208386099140354359046
59187 46958.8717943166856201116214457886588
59188 46959.5015210815150000786994046096818
59189 46960.0104707756398396210690790389779
59190 46960.9331537881556261492891102249481
59191 46961.9131222122068750677195379838071
59192 46962.4285873577331456643511175028775
59193 46962.8952105099961315343146684081712
59194 46963.3492632741398110953184036718639
59195 46964.4220916405069483966450443145557
59196 46965.3576758419555989440885084793279
59197 46966.2042150958844891505209357572300
59198 46966.6872875600889520230513104853218
59199 46967.5976253259736890003089264829269
59200 46967.9097434604086387457979710533765
59201 46968.8223982165421364452297543403135
59202 46969.6284034157228189508412829761121
59203 46969.8729677321389913006982951335357
59204 46970.5425971337196339402634112588615
59205 46971.1139978659935381732592435186434
59206 46972.3510609285509872211140890176847
59207 46972.8637404529761226176927504105207
59208 46973.8444955681424608733137634811162
59209 46974.6656517292990343131695223735732
59210 46975.1121504747309044628947778662417
59211 46975.8271098615558794122909330628915
59212 46976.1964788410173860537559802395349
59213 46977.3402383824988405827197478256487
59214 46978.0738577804674252795844485698808
59215 46978.5980125998099331856480936974859
59216 46979.1692497522174162661678086789190
59217 46979.9270378206428610407816521544029
59218 46980.5041679002163919622913053278564
59219 46981.1727402326243881564127059603376
59220 46982.0636863721668120308680269816469
59221 46982.6845449375148943448488019415463
59222 46983.5401251432079982951848101459924
59223 46984.7000644274606641641546447052984
59224 46985.3377017370314601421592097945069
59225 46985.7407753151667274085404531748589
59226 46986.1053797875190042189537653079296
59227 46986.9035538067870146598595161816085
59228 46987.7436457881365734067315351103008
59229 46988.0838627731195007611024707022648
59230 46989.3260432335130404013386992577817
59231 46989.6335608628925641346141648494470
59232 46990.4917955625943948792696991673510
59233 46991.1949836261269461632224807796970
59234 46992.0978848228790266373574382832479
59235 46992.8103112616274367587472080076901
59236 46993.3760911207209769930133100220895
59237 46994.2596588094468314094395305598607
59238 46994.6702032872758963044469487336069
59239 46995.7010737248982432798328741648354
59240 46996.3173483130179118702041231806705
59241 46996.7872590770537731926255365106298
59242 46997.8236618119766564243649604349051
59243 46998.0580076919684593955486599797010
59244 46998.6682365171739281151945522634648
59245 46999.1654059294416299326806807392532
59246 47000.5546385036930392032167896004858
59247 47001.5497343639903947190505744955685
59248 47002.1751167483277708583079366049740
59249 47002.4185677563330568709067638377833
59250 47003.2175017928851941298127452763400
59251 47004.2774426714073683902484529577240
59252 47004.6213630051336719370756402448504
59253 47005.0716224480990649320766631749264
59254 47005.9214718365789458411102869918036
59255 47006.7849281299523888258341721012798
59256 47007.3672714226568739308067243362148
59257 47008.1530426035200933684509285255601
59258 47008.8099074173885202194450763828814
59259 47009.5381256215868094961230539059443
59260 47010.0662459642697477708598547042340
59261 47011.1912982639503645164885927101637
59262 47011.8241632157704804913443585445067
59263 47012.5028172645126520788143677934274
59264 47013.4773883934728815422955038671864
59265 47013.8869757237058424977862408241265
59266 47014.4212952347210290093277758920336
59267 47015.0649976601269789619802430507386
59268 47015.5590126305044269138515952755563
59269 47016.7464479292389608898581891494691
59270 47016.9734297018721860368889572637173
59271 47017.8667410597010499469967740103443
59272 47018.7116870539087650587205685351984
59273 47019.9823649209328783933517581754670
59274 47020.2136740006593567038739639765871
59275 47021.0155845337455203844911875296242
59276 47021.5344509659243462579810035980845
59277 47022.1631246575300372284080575306861
59278 47022.6430132018921113694398601908862
59279 47024.0778222844434280733918469128851
59280 47024.5282815484923851828538572165515
59281 47024.8127880316453826162837358077748
59282 47025.6295673011160178032238210718538
59283 47026.2648387313013934104993037482716
59284 47026.9835111004877691351686433866915
59285 47027.8522533007636909689150751662479
59286 47028.6012196369957439625965957621662
59287 47029.7350162248248915041637781252435
59288 47030.1205260431949456277073324214808
59289 47030.7851090565724571525863448657917
59290 47031.6443291759843416955637452480912
59291 47032.0352165361927441679815112239399
59292 47032.8424213309713351033981914909831
59293 47033.2983756333456002645966494738576
59294 47034.0052137505145321949629597987212
59295 47034.5562225759807092429479371773880
59296 47035.8644675418610436060205769462312
59297 47036.3087396045420405839559903862389
59298 47037.1869226598798285633195477255923
59299 47037.7916332014407269626287677494039
59300 47038.4346715484647365912779637740925
59301 47039.1899686703591521785607542579302
59302 47040.0326420261098260526502353236095
59303 47040.8407706677452052797784704664384
59304 47041.0993577954563375140110012712124
59305 47041.8974630728092079448865844598852
59306 47042.8214874536943451022352276482825
59307 47043.3739170419529577003286010460094
59308 47043.8765068022407297855304151831169
59309 47044.4896027547636851997589585411484
59310 47045.1029299471213635018554470498361
59311 47046.3841433653321845609062187048391
59312 47047.1955987516916612473972602560148
59313 47047.9558062711738741713825221023411
59314 47048.4851799243531567991020388565651
59315 47049.1371287598391602207907179201233
59316 47049.5634570972878487003599396607117
59317 47050.2837900297366472363802670880309
59318 47051.0820113850523473246551093255927
59319 47051.7076534716281702126766843020877
59320 47052.5129036669950167772084867601839
59321 47053.3897922760318158759275501176144
59322 47053.7259330921311748821721362602913
59323 47054.2932051680044767781064902004391
59324 47055.8337353719845184942190572516219
59325 47056.2524829059589554471917412531034
59326 47056.4633789862200878907902026737274
59327 47057.4487028864158688625714393958103
59328 47058.4975714882837591082486380956443
59329 47059.0655833974871047458677026792415
59330 47059.7412464237648099583354182024213
59331 47060.2539681501032491156857162257152
59332 47060.8117412707313776398971754745982
59333 47061.2730954298332663734378607224160
59334 47062.3217004456818511995643695141246
59335 47062.7672117452101834044121312789138
59336 47064.0810101850596845119262382492051
59337 47064.5005218633879219750045471838336
59338 47065.5310252473056892735585101462535
59339 47066.0776150916258974508490084843218
59340 47066.8023067457651874482676408236152
59341 47067.2249411437266470229113023627158
59342 47067.9315471601674811825889476234862
59343 47068.8085924072622538610848083284975
59344 47069.2854203205561886344334193971817
59345 47070.1319224979997781172762073354720
59346 47070.9128940874685084076694707692879
59347 47071.4765224805285054632720856812752
59348 47072.1417414399675627453346599830165
59349 47072.7502133554359120282940616072353
59350 47073.4459840320912397425497722762635
59351 47074.6485712135267666055356053683172
59352 47075.5150476933238931147928958821475
59353 47076.0038504377401960641968924448583
59354 47076.4016966761602116147618807444003
59355 47077.2433374760388806299880732651081
59356 47077.8309146340937964196979514778403
59357 47078.6347612445603262550188622904315
59358 47079.0667846688739326343998161801560
59359 47079.8998554617956876232008802886412
59360 47080.3007106152695774035779604322053
59361 47081.3237534100420229428224945067959
59362 47082.6244231814950986528409928798499
59363 47082.8546791685624166295237899742554
59364 47083.5252080360426594241175942281702
59365 47084.4250448004974663197264627611395
59366 47084.8289841660977962888041806704166
59367 47085.6326589039118131199399204795805
59368 47086.3400674820651803159864525638500
59369 47087.2412478990153197594798990927842
59370 47087.9517539448783002105321928061295
59371 47088.4119655635923323870093179593297
59372 47088.6588945273706279918123275556673
59373 47089.9523872877838312087194269698411
59374 47090.1268044156265099151882253151148
59375 47091.2620036907572420937877165812846
59376 47092.1721108821542118299013260665801
59377 47092.8937077827928619659693617837710
59378 47093.5088597905433494839576391709548
59379 47094.4198238981705612523181334634314
59380 47094.9255028251485405427039418791615
59381 47095.5647773630357448312423244504953
59382 47095.9746660219323603314773041795250
59383 47096.3792119487344809541629666027683
59384 47097.7266982773280338774545789302228
59385 47098.4375201392642478927786458451808
59386 47098.8450821111792232275591055545477
59387 47099.5479663559628288262308577074802
59388 47100.5949466533415011320920087055308
59389 47101.0633220162555963533765472396752
59390 47102.0617857123411150425239270836770
59391 47102.6382264428817549802525375985970
59392 47103.1666410623099530570791176063302
59393 47104.1436448481164507710899832695077
59394 47104.9330613281418559301474717569591
59395 47105.1421350963319850122591257024969
59396 47106.1504598777246228830727997616604
59397 47106.6862940057319565735713297623138
59398 47107.1627671447936144003344198027124
59399 47107.9550608879112600117504667103220
59400 47108.4642600664062463217047550583984
59401 47109.8646292733318823217838032599428
59402 47110.7385546112822197090809086314750
59403 47111.2665277116690525865524985212385
59404 47111.7909746941547449733535766188280
59405 47112.1630782222727957239713415778561
59406 47113.0921886443570774040713104201345
59407 47113.9157584958910292469062704419713
59408 47114.4782492533494184091816043768916
59409 47115.0372682055078317648747975560356
59410 47116.0152755835392400602840372542475
59411 47116.3111507797888657196863756541496
59412 47117.4796275570002068508267129020951
59413 47117.9082026509484698109713545010146
59414 47118.5677755677014856812388009928144
59415 47119.7677686747680612948201983206676
59416 47119.8647231400588377114482137115526
59417 47121.2598737849680906387309238263705
59418 47121.8090630206722545981006556744945
59419 47122.4433992267830931913967273447257
59420 47122.7994368915369476986879468831628
59421 47123.6053721839674941894218002257859
59422 47124.4639633842318258378890233181968
59423 47124.6433118202225192458677295650480
59424 47125.3722415337491064907644388673380
59425 47126.8054926068404143576279702518099
59426 47126.9654526330454681233968688818209
59427 47127.9941622020080047020791891502956
59428 47128.7861970500359894285044853744088
59429 47129.5840140990584288586225640504784
59430 47130.1681713343005589673899482319599
59431 47130.5960017490092857482180214033400
59432 47131.2252233783952740264306034732093
59433 47132.0851933145855656271569896545405
59434 47132.9507626240428623545332202011490
59435 47133.6454383372776592785071568161841
59436 47134.2682779511821901622822008519902
59437 47134.8614932824373154385409333341855
59438 47135.0219488837940717303347976130869
59439 47136.1717479788389491743493650941254
59440 47137.3253912762592670710458299272294
59441 47137.8584418761159797345027857954794
59442 47138.6967489815967166283704456757258
59443 47139.3091290972714316556353610329614
59444 47140.1322772020602900048458998843721
59445 47140.4819245489980849404143435393987
59446 47141.2052054853192069693316789145326
59447 47141.9592755424951463962325209313354
59448 47142.3919042838752776626749502076582
59449 47143.1817575841780889771788022474494
59450 47143.9751883999798694394158789334742
59451 47144.7790381161690091721475095398575
59452 47145.6105320724993735893902426433490
59453 47146.4629385989874181330661352566452
59454 47146.9375040968604872774264495846068
59455 47147.4715807150097071541606360592163
59456 47148.2986801466550476035187900107377
59457 47149.2567923616001259774374766319150
59458 47149.9551878844369095114576923721897
59459 47150.4175481418856361515004686769534
59460 47151.1555972411609249069694704330350
59461 47151.4894180561704638671110258028721
59462 47152.5820112688876929866194161468046
59463 47153.0385661043800363683788670277628
59464 47153.8596137077390171448699752022923
59465 47154.1580368275876333502939596733391
59466 47155.8060675329582131835757297909060
59467 47156.4973744528195551715740428645098
59468 47156.7854174736755587384774702055417
59469 47157.6686434880670613066270990504383
59470 47158.1615441930049539564932660847587
59471 47158.8578227615038218060287424956355
59472 47159.2257855723806159054778319042508
59473 47160.3057305362092329146805352541580
59474 47160.9481384369857317974328477090771
59475 47161.7110639980404099755392910371684
59476 47162.3442104198179317507417005911132
59477 47162.8589090875553440285828483536231
59478 47163.7798764853362291202927772226495
59479 47164.6393631940701483826092305266652
59480 47165.2159752905302207894866660788906
59481 47166.2179081186307908067453737217036
59482 47166.7754086958049116366234374707303
59483 47167.0692522302966492935148806862066
59484 47168.5948425549853031671803338219950
59485 47168.7050040700766883249640953448569
59486 47169.3657603177183490793550413694695
59487 47169.8050925739758494894490124874931
59488 47170.5162650767088028173670269886286
59489 47171.2409645903609906060676387515906
59490 47172.2384814446898117853701617664119
59491 47173.3945828262913914432833845387520
59492 47173.7537355486234299472090926629837
59493 47174.3881877528933181712438753826100
59494 47175.2151760330223404428557032519940
59495 47175.9324477679123516682299424609149
59496 47176.4558160739927909828916486535555
59497 47176.9796025070158972405023715182349
59498 47177.9390754922411000497058063734553
59499 47178.5251344054324563050676615678951
59500 47179.4483184711106194104573357179683
59501 47179.7900533673140968516695504823663
59502 47180.5551223729570970796998136538874
59503 47181.2573831184867313482642900279538
59504 47182.1244882926929170530183265753328
59505 47182.6311565372288358843359688571106
59506 47183.7991115056527274521772226455660
59507 47184.7234191701937250319963158817939
59508 47185.0313244961245051369619618966866
59509 47185.6922339828767792667819784846345
59510 47186.3497916039434614043315636680292
59511 47186.6893578870484266362184749488181
59512 47187.7135580934918340164920150904565
59513 47188.3847569342448960257040507918757
59514 47188.9180370978799338549148613353444
59515 47189.6610711870583533599229697222920
59516 47190.5564792858697556926425172964068
59517 47191.4139430772809671638868260176197
59518 47192.4689935194737136902735230606330
59519 47192.7916156895597352219967360318374
59520 47193.0555810559375836837278839641965
59521 47194.0336523692752009208486814437898
59522 47194.8572918784991142033329409670038
59523 47195.7764142865945749692192339331100
59524 47196.2118049398720990274004797199704
59525 47196.7181115193651448692739442320288
59526 47197.6895922734625249609286135493072
59527 47198.2144774700077217549576179300748
59528 47198.4002413814765960203802238874865
59529 47199.5839611618828184291106632424238
59530 47200.6400705374420262752677666887742
59531 47201.3810648997188867567340615895710
59532 47201.9500942820506152140253320346506
59533 47202.7854004042848943370274248538379
59534 47203.2855306225020566954522104081477
59535 47203.9470399753024247898803002105566
59536 47204.7264043295562990411015708859578
59537 47205.2226053966130683337816925660058
59538 47205.5908551864619279288903093109273
59539 47206.6190086839870261829658392481047
59540 47207.7717764694746517084147202156285
59541 47208.0658058959625442427712386685090
59542 47208.7721700532801657887740939686802
59543 47209.4189313086549271528804226291777
59544 47210.4369842274598920740007830418753
59545 47211.2362589690488642351081635109813
59546 47211.5592975982887580083503156072431
59547 47212.6831404585586256068501753496785
59548 47213.1341587828013986875471933986929
59549 47213.7910633377625225058554963008663
59550 47214.5100880521829694293026520951981
59551 47215.1458246327632279864572071062154
59552 47215.8026061572983628785894285546998
59553 47216.2574124880903665211953799148893
59554 47216.9444852667646320601044046856465
59555 47218.1085964462721146533872391746032
59556 47218.9034069960233621178618318958358
59557 47219.8607755493929469934028309009294
59558 47220.4309236128578400429785228160429
59559 47220.7436651386244993097419447859162
59560 47221.4695639016989802302849816879690
59561 47222.1489447404805482548967681565167
59562 47222.7318471404228627470699530139064
59563 47223.9272727977451944671532757338715
59564 47224.4477512128291494482760397498563
59565 47224.7981076117731802396915253640553
59566 47225.4499317248975852729251010559431
59567 47226.4686419190856218726765656180513
59568 47227.2131066154974424184955045841361
59569 47227.8435310590020907737155166641819
59570 47228.6274394794144614556951364575870
59571 47229.3172258711235248570585685671254
59572 47230.3490388480689933063520646504365
59573 47230.9029099717180381403470562111233
59574 47231.5675386701455712363908179110782
59575 47231.9149163715027817169039935456571
59576 47232.7643717833529751113510100904122
59577 47233.1435562794448143969695099800725
59578 47233.9521256788143514214614508413785
59579 47235.0025134577360471552803670871978
59580 47235.2859721632986437351246621998434
59581 47236.8100629320082734908814392567397
59582 47237.0005615781688636963342316795286
59583 47237.9301236085881974922361892411459
59584 47238.3022359756361634966514081876451
59585 47239.4730994315686618194185588419177
59586 47239.8132306791471496713332189846088
59587 47240.3453580194601118604227224482476
59588 47241.2002415270405122697138182149361
59589 47242.1659548864138540346614418578311
59590 47242.5967448675018570788759826049462
59591 47243.3392396686750990533490744622736
59592 47243.8449576312399214754821998182503
59593 47244.5368133572823035196936146378118
59594 47245.0609918599256348019316952420588
59595 47246.7587726717714723740232748910276
59596 47247.0622661326079091710323156528094
59597 47247.8441426960586147917082687498228
59598 47248.2898870958032980531387702734602
59599 47248.9347325937942584827597675705636
59600 47249.9199481371522151469524477937503
59601 47250.3115692681051120346747201255112
59602 47250.8091931685664916899029525843136
59603 47251.5940567440024600366047259848124
59604 47252.4916390023948940072746365618454
59605 47253.0818197259465593837466942120849
59606 47253.9027550161986283712334258043551
59607 47254.8446596768805802548320032935691
59608 47255.4203436460147361904334337633185
59609 47256.1330632613343532589170287124862
59610 47256.6757103845370995895997588394451
59611 47257.3345583988666510622488398867672
59612 47258.5415529054872373268620430202520
59613 47258.8671286775216061415937002884594
59614 47259.7389301355380405675819334992915
59615 47260.1947847443063705089134557552778
59616 47260.5753007282819306149013581310463
59617 47261.4370146032235319567294950656254
59618 47262.2569550733976853584565454634043
59619 47262.8944992438974377526352811608597
59620 47263.8687199819682508397245915872083
59621 47264.6406650492833591952276466040157
59622 47265.4800074855512184707437265018908
59623 47266.3253872016774211871243810541709
59624 47266.6086001963079228420332412350958
59625 47267.1965381006764317164713085100850
59626 47267.6518034763538994199047282412419
59627 47268.7847469017882011966697761035679
59628 47269.2215087697394385277543301817191
59629 47270.1764341427336595226628500295733
59630 47270.8500137106330737793875483081624
59631 47271.4293449559541926053569062620526
59632 47271.8985441692551309642406061081262
59633 47273.0987064407735114794860140551961
59634 47273.6389878629349552390914213908976
59635 47274.4519172575113835670451069370183
59636 47275.1557917267079656923903990093132
59637 47276.1726649658708631118518967010668
59638 47276.3671730945342975858479079393602
59639 47277.0311405216880096943410799458083
59640 47278.0379324581834928325121107569747
59641 47278.4210439423847731590550662406524
59642 47279.3068939570839641859240354731781
59643 47279.3789344832646590227440600514005
59644 47280.2420476352768575115290481355806
59645 47281.8091131685292606425583929022568
59646 47282.3864675536051868833333014979816
59647 47282.7770726552186805504263697866744
59648 47283.6716318640225117867578351972497
59649 47284.2402172170560989341086902535765
59650 47284.7063656654721419568658359359203
59651 47285.7418728449258688581308915848067
59652 47286.3598193220905241215929957186591
59653 47286.9264142347882462295000466741004
59654 47287.5490033186251525130797642528572
59655 47288.5493928172710917544216191856011
59656 47289.0234197431832487691893602573408
59657 47289.5252171089984359928288784350956
59658 47290.3894297559925933894943678028128
59659 47291.2550988749350585752589345322277
59660 47291.9911817929358537847976980755525
59661 47293.0819774775739379760581664879455
59662 47293.3883034664582067341777981300273
59663 47294.3230286094295544733082698410817
59664 47294.9102136269673948470487607347430
59665 47295.3162006138708075997442303735368
59666 47295.7647509577589654872565835626556
59667 47296.7450806979623825358360926157157
59668 47297.3816006098374502580384147931137
59669 47298.3547290548450526599029298854399
59670 47298.8604928994472189053627720744703
59671 47299.5361869405934355017498682018263
59672 47300.7009989274819024301084597280422
59673 47301.2390760487524756908856112115362
59674 47301.9340290616514365424573366227309
59675 47302.5828110642111190138011574667201
59676 47302.8474927085857763001009582464538
59677 47304.0569321159113997516247448937417
59678 47304.7740019705791137986738106963759
59679 47305.5100675079049046143647802234270
59680 47305.9441241930161448430563682911292
59681 47306.3334355623061844254682011324801
59682 47307.1722008507594519056603573783226
59683 47307.9422869376491873184781215360697
59684 47308.6503764584771738335583136845637
59685 47309.8831707246510642522504142300938
59686 47310.6119378731239991560877304040458
59687 47311.1223286538715633861804086459590
59688 47311.5634697616282864055127813857538
59689 47312.4290756447678153040902795958696
59690 47313.2379851259390332451527416971265
59691 47313.4825660667223263241237413725730
59692 47314.2893001596178253133387973199733
59693 47315.0488284662030112833003362102597
59694 47315.7808307213759120868772583844775
59695 47316.4386649973549599467687141383127
59696 47317.4148882852726870507527138943601
59697 47318.0850359325152767244845419239116
59698 47318.6759357365035494446372396138881
59699 47319.1034270660869045641885639449842
59700 47320.4117122070093903022219334648776
59701 47321.0310934516081916534846850316720
59702 47321.6214008796065884038564321747497
59703 47322.1933840952952388888147290237436
59704 47322.9698002735311788220405958577847
59705 47323.4021366959416701396916267058747
59706 47324.3140583059054288447306508142503
59707 47324.8690721387377393218776587689421
59708 47325.2685821191625985848634688828786
59709 47326.3010868114198351429803298746336
59710 47327.2002266790245205987767725521924
59711 47328.4162982820812466857066342855071
59712 47328.6801957129262947293466763705798
59713 47329.1783707144012846768478372503486
59714 47330.2253040219078988526180228118648
59715 47330.4392933668952790087042108745338
59716 47331.2158213835556830968605198587579
59717 47331.8426357140179921344240425065599
59718 47333.0922205517281309392368051707549
59719 47333.4938296629705783463146182267009
59720 47333.8929126188184004707816563911074
59721 47334.8863524335698864562667864234630
59722 47335.0764271782237791709807301798344
59723 47336.4616353066781938612927655525221
59724 47337.1567193335813409641583237894134
59725 47337.7804844787336933520428724352640
59726 47338.3531943700170905833020267616380
59727 47339.4447495254101613108105838573264
59728 47339.9527715688843410440643881281782
59729 47340.6298560087963673318092298020245
59730 47341.0096680608075067596578500983911
59731 47341.9017627846622938280953382067959
59732 47342.1216620596253747081019690463743
59733 47343.0126716024302702149146320473856
59734 47344.1976980120736903461312138747507
59735 47344.6966636317894468150681481573321
59736 47345.5258673618551945634391528869479
59737 47346.3832682225547119956749987682536
59738 47346.9225477117968646414251613574609
59739 47347.5685789534926565351994992290621
59740 47348.2064100267595450717512842511564
59741 47348.8982719142244584757537941791633
59742 47349.9409820905331284581104332265178
59743 47350.2696814953257066319221588434016
59744 47350.8836539284189570300558815002796
59745 47351.7163371717741206685383004633817
59746 47352.5397638259258427135434971782618
59747 47353.0930539993557543777669908261244
59748 47353.2568172443742821181074137878736
59749 47354.6644161073911659253104720602121
59750 47355.4940967546934175096445494584109
59751 47356.4575103191099409992452127853861
59752 47357.0079787802369564259279702088834
59753 47357.3887781252379328324718857590782
59754 47357.8729773944984818985462228849620
59755 47358.6805274638826110662681037274299
59756 47359.5391366405177248492671654495857
59757 47360.1583960711669579638400522086792
59758 47360.6196817647598585546752785035793
59759 47361.4867174125776586516899292636604
59760 47362.3028390989342886389675203771055
59761 47363.0882865354625862819682977442217
59762 47363.8355265628571240324696289796600
59763 47364.6081612884979612100631260007998
59764 47365.1177967139676093650136227316214
59765 47365.7658397073562546873436474985012
59766 47366.6540399999115994974233539957848
59767 47367.4196684085552414814704132057905
59768 47368.0961497180045192086906029612357
59769 47368.7149687272363591102011020595703
59770 47369.1870667576417576807984515896748
59771 47369.9170375987323957434763212866525
59772 47370.3167782702893705318386796475111
59773 47371.2247454984750380176954874244956
59774 47372.2798726512443251995567790375111
59775 47373.3382863996765335426302717161469
59776 47373.5463103848804657764584550502087
59777 47374.3458792736383738707125717685188
59778 47375.4077185192490630987273035709221
59779 47375.6832846003921599578491016297299
59780 47376.3002452763673911739073843128061
59781 47377.0224101775140571196149803679209
59782 47377.3497864892587519974052014222993
59783 47378.7637057971882970885229725429970
59784 47379.2570839777374905932290190070996
59785 47379.7452990291893615187379154945925
59786 47380.4865143848443310225147380170408
59787 47381.1371441728478481432166614118934
59788 47382.2240217378224217599535287810751
59789 47382.6214070442719153317464828885315
59790 47383.7317207371605657657493105793088
59791 47384.3955964440211939752967113145196
59792 47384.8468627755720751443037555909462
59793 47385.5863246831777361419492673259859
59794 47386.3648724170731413314572998802053
59795 47386.9639594051042630313433309512301
59796 47387.1663888052474341877018344668237
59797 47388.4256409551170026458058713361749
59798 47388.7709887445452052823784010175985
59799 47389.3820856463158246492196649221401
59800 47390.7805141436066870027953382377445
59801 47391.6293119956854412482420318467127
59802 47392.0696613930298674001436563592191
59803 47392.5206413550748261941914061541643
59804 47393.1904410367952681625107013249451
59805 47393.8450295840178681545838253712112
59806 47394.8774943444683792346066931497900
59807 47395.4146467473545788469486711356267
59808 47396.1535421143533166188077869212089
59809 47396.7240725823217004224309761471533
59810 47397.3410418456971928106869028514508
59811 47397.9094134028557065348983151595953
59812 47399.1199781646140547886419380509063
59813 47399.3473234697027171163196491698413
59814 47400.2067619887131497928465494031278
59815 47401.5605957398837800112266624678693
59816 47401.7951230296459519531714037902313
59817 47402.6670644219385116305832308143548
59818 47403.1939572734426615112608250871626
59819 47403.9027141832358073201615078265411
59820 47404.4430239427153052974710838850658
59821 47405.0061025464077665312962277253107
59822 47405.5833236417944567184675249526378
59823 47406.6714219796551507512588510266105
59824 47407.2863171451368464743493221283287
59825 47408.2488509600295437836464294718364
59826 47408.6772450184380200683332849500515
59827 47409.4700764554565448418185903584407
59828 47410.6086584967662008806752368174371
59829 47410.7827568073494330013124685509414
59830 47411.5743083243027462812723681836296
59831 47412.3784067062959654122550091211532
59832 47412.8703206786391568532273336106667
59833 47413.8437236743475420244008665867571
59834 47414.4949617634252805392759893638043
59835 47415.1438623194219768444292011241061
59836 47415.4942205878047539500602851816257
59837 47416.0700943856260042285218431784836
59838 47416.8933013826412873451135105892768
59839 47418.2898706242704597157563393211468
59840 47418.8965323792751251907932442961905
59841 47419.4345454757626719506525738358658
59842 47420.2569234536785497550706050630242
59843 47420.8406288734343705561867385843512
59844 47421.3553210515526014986723928556757
59845 47421.9716558527913261417518125240859
59846 47422.8310727256638819903830132853042
59847 47423.4267249417000667596673529414393
59848 47424.1302194282908050555458134312323
59849 47424.8571942179771280312101693866915
59850 47425.5959451954994727793574874908421
59851 47426.3439909752350323332244421285088
59852 47427.1671194890724311057244822399261
59853 47427.9116509105538763881542417768681
59854 47428.3616686233730123030094607687080
59855 47429.0893106136384550456128883997073
59856 47430.2934165257577801159935915906208
59857 47431.0362816509337936037386275257709
59858 47431.2635251769202761741589947785766
59859 47431.5602064011147178716890633428711
59860 47432.6005352268900464862348138118216
59861 47433.3002149489621893694037949523726
59862 47433.8799017255435603881993603487981
59863 47434.5198810753554435293824167854434
59864 47435.4912805151111843972631230458031
59865 47436.4362714577761013492863861923819
59866 47437.1769079644604586170286669504623
59867 47437.9642331188592274241239655304008
59868 47438.3277025321895279596993857163462
59869 47438.9594300436925023394150282717837
59870 47439.6488498818830521756496035539376
59871 47440.2160593303592236711340856599632
59872 47441.3709985844807594920886995877993
59873 47441.6731961504105901993279835369046
59874 47442.7057442824849110070934535840288
59875 47443.0026917567358959590990956835706
59876 47443.9457385290637850228733138025993
59877 47444.2175153317515270099860643981158
59878 47445.3941827600692197189865901085113
59879 47446.4237979674521112166586258914687
59880 47446.9614524031815414829823084209924
59881 47447.5129663808202770324623051226174
59882 47448.3508371953093148190516867190258
59883 47448.8259228734475277012493039792690
59884 47449.7361576226565272221102305451428
59885 47450.3068780219347092578561852387132
59886 47450.7736558817410347699974520389818
59887 47451.1313264524175021759863078095005
59888 47452.2474006677987066513909286493964
59889 47453.2285969934975976659411362012535
59890 47453.8840817711700095827876516545375
59891 47454.9178460475783663270443842951640
59892 47455.1377808525814482162364013022439
59893 47455.7840634046155692611919371462583
59894 47456.8396919163838951060783886801799
59895 47457.3943312198979172397874248706099
59896 47457.8298140253863900991045472428772
59897 47458.9339487182149573357610398060491
59898 47459.5146603542762997175711924232602
59899 47459.9828769481086249525150517261133
59900 47460.6662187540814481802144495049683
59901 47461.3658982696622231844871016932138
59902 47462.0499046785785829162165947241861
59903 47462.8876112609625583485573836522668
59904 47463.5808067675697756598126961240219
59905 47464.7525697813792438524339423963905
59906 47465.5153403145385661353026114989195
59907 47465.7893111790242489660748210683929
59908 47466.5668414297171648924458629969981
59909 47467.1232763713921951026372392824512
59910 47467.5872955531956372403040278283920
59911 47468.3439849402325770541726289310242
59912 47469.2925306405348949570141548873257
59913 47470.0988739907551025944539644304640
59914 47470.6532237777111968072880874232084
59915 47470.8902327882841084652285741781468
59916 47472.6263932710078404288718859243769
59917 47472.7073028227008590794854774864009
59918 47473.6990033556068787975571384630125
59919 47473.9830350698119465737379246300374
59920 47475.1048361266739578430128258379306
59921 47475.6069400723297800360131587424678
59922 47476.6237903804769426543104049084107
59923 47476.9968306416536382336363478420916
59924 47477.7174685494797708204426115592668
59925 47478.3325139759117512899367371108739
59926 47478.7681021232971678294610630105096
59927 47479.5715902044577372712697314092523
59928 47480.2319394601620270995277189204228
59929 47481.6535291913562549164733764060381
59930 47482.1541552493937110459662536973533
59931 47482.9543012492860306919020417087985
59932 47483.3066795115713668776573329785604
59933 47484.0328352742857838607439550653842
59934 47484.9179080418875592081929498392086
59935 47485.5211875407610412977099583205497
59936 47485.8450323162895805528908940070554
59937 47486.9612805004650021957876492360709
59938 47487.2054845228284001563886685154352
59939 47488.6242199708262984741416229085773
59940 47488.8944842007378519206515664618360
59941 47489.3989325567193239348487159670608
59942 47490.3016191786081502023022066568962
59943 47491.0881144577501462997693334791841
59944 47491.9476267433045090738226041345242
59945 47492.8653440698816723286022672023048
59946 47493.3078120801776701016901146857596
59947 47493.9981922603155124769967171855370
59948 47494.6771715764956985757940607928285
59949 47495.1932346357425148204165432136373
59950 47495.8297189187896497218483263440611
59951 47496.7811126787093781719309054312584
59952 47496.9743858234188452864225881986334
59953 47497.8773851860576123361621923179753
59954 47498.9877608077690680628660841503425
59955 47499.6694889718785350989370050530132
59956 47500.3866993903072405857458038512606
59957 47501.3562030410137370720545455490916
59958 47501.7417169265142749508426394579887
59959 47502.2211685281880847237206404714222
59960 47502.6297313469989670084520409555804
59961 47504.0943491102500096506136267492834
59962 47504.5205164159004790203790164586975
59963 47505.1625456201131805109503933044160
59964 47505.9370292914568943315493384189400
59965 47506.1213638347803776542041957938970
59966 47507.0843274533910513705644131713162
59967 47507.8052294490778934886740292685520
59968 47508.9472159402875497842821794682226
59969 47509.3488149666730950166734019011287
59970 47510.2954580293555666115180530070054
59971 47511.0062264608847132569184297105182
59972 47511.7561073516573788985982418850922
59973 47512.3354942201725844989837272299139
59974 47512.8014296711403163093940553587950
59975 47513.2678529726862345371789350698516
59976 47514.2039952715398848081028259502936
59977 47514.8434091611839251224104096923871
59978 47515.4938136027168918845780904682546
59979 47516.5892148186663947607256201729151
59980 47517.1751371789510817159704490115999
59981 47517.8655323608744348701117008323768
59982 47518.6017068139224622625214702346942
59983 47519.3471935296593761019517673299001
59984 47519.8425284684294923900588064272816
59985 47520.9751761761006835450098051531221
59986 47521.3339405738360841077203386107117
59987 47522.0222525020894794688282047863663
59988 47522.6696499165414848769291971408572
59989 47523.5826882122199863731922336777809
59990 47524.0086943038912871684405723766778
59991 47524.7099927577586490891699124328621
59992 47525.2151456131305354969313081471204
59993 47525.8908485698750617596799180702282
59994 47527.5339231189480911623580279600493
59995 47527.9863994351513536966813861972633
59996 47528.5887393409184896477675103745095
59997 47529.1043430546699038296243999108646
59998 47529.6480660112731917890021358794918
59999 47530.6992893439309271212043717682298
