62000 48935.7706562850176066170096515375470
62001 48936.5472629172876671785403561698035
62002 48937.2370915130656228995001607377581
62003 48937.9810103141283326030281399260846
62004 48938.2509209984157710354236563469294
62005 48939.1472845970889895685158528667397
62006 48940.1766714248949706246925524154480
62007 48941.0733806175412804871672139958874
62008 48941.8944520090523950982139937164282
62009 48942.4011973296848591572586300998577
62010 48942.7509254503391202609246064703680
62011 48943.4027946040526941439393250274550
62012 48944.3638846207917812325816675755425
62013 48945.3167193232203442003409149498756
62014 48945.7220780701836483826228094829853
62015 48946.2274788014214511143159753297236
62016 48947.0801292358736145092257112494206
62017 48947.6147127315998849692233383448240
62018 48948.5436587810486378377751659848991
62019 48948.9023009594307991470303891260686
62020 48949.9210891747887890376590360709666
62021 48950.7089677459476273476053686106778
62022 48951.6923620759910893536558581961351
62023 48952.3481448063860687682604135871151
62024 48952.7051858366549086382551952518455
62025 48953.6603367948196252754101651145328
62026 48954.0272213880687903167781282490294
62027 48954.6034804511060621163080278679532
62028 48955.2878458828911075527714604270460
62029 48956.0289840939939641481910078787169
62030 48957.0130135776724451629146537844473
62031 48957.5736419698090737703854642100018
62032 48958.3780574959551447376008875089731
62033 48959.0797887023025697749468919101377
62034 48959.7254711112531671121669808837661
62035 48960.8088215289188510151480634249772
62036 48961.1216234277446204792298151424055
62037 48962.0045515018274112612317330346978
62038 48962.2211943060840945336246901380878
62039 48963.5464367909364238525380138646936
62040 48964.0850994927434858862577707218128
62041 48964.5426074960646103719043868947402
62042 48965.3479720743222782254544702222828
62043 48965.6549830375284180300437838764887
62044 48966.3431606896682402925601499476924
62045 48967.3330474951793392567277428515197
62046 48968.5692991814289445869749154607700
62047 48969.1172438632856937991959850022715
62048 48969.8682885332268757673523661032064
62049 48970.0886477765279834960953636146237
62050 48971.2061002064301030032158706794287
62051 48971.5758602489548764592400616142241
62052 48972.4324872755072286321703147439562
62053 48972.5837562798824609798004991842790
62054 48974.0532749663662692961000270375741
62055 48974.4069300106149601646443691728673
62056 48974.7237855101281764278340975940853
62057 48975.9568106036511298155292273014770
62058 48976.6808492708217441318934815911432
62059 48977.2171751537557500710397927069173
62060 48978.0540014871884925526196214372218
62061 48978.5058486909769223653971428255715
62062 48979.6538535313372682485652227708357
62063 48980.4398975717467405552051608210625
62064 48980.8735755867202804907436472939562
62065 48981.4815235702169964221561460972959
62066 48982.0303982959533835677580703043349
62067 48982.5528303242511905487182684567270
62068 48983.6446636914992218491530677212266
62069 48983.9527067848287613109502008043233
62070 48984.8227243188693967110887829060012
62071 48985.5828801560606876418619034826090
62072 48986.7714900658100648945072071825035
62073 48987.3888373266250663179303126788742
62074 48988.0148159448339115916430827228920
62075 48988.3162582368341859667632955548492
62076 48989.4100189260753098811793424300893
62077 48989.5823694781205460863833362166623
62078 48990.4876707804134175446790009393471
62079 48991.5216984436384176142591392587456
62080 48991.8725123170409939111025972775121
62081 48992.7470590424523401763070199272181
62082 48993.3440320516014615167043569408858
62083 48993.7311785850900824237872631470623
62084 48994.5373978873905321745126994553669
62085 48995.7237116993796597728754131584002
62086 48996.4284449128058115093254891235839
62087 48997.0356505894237501353327034427772
62088 48997.8820307587843530483617484178128
62089 48998.2668014013840919665090147212086
62090 48999.0440462872646081243044284293310
62091 48999.8567632166296159830180173730100
62092 49000.3678171057397945286216256895378
62093 49000.9081308361184353088616077506960
62094 49001.1909391472421507376126531814847
62095 49002.4944461226149105460888727773347
62096 49003.3972969089550383187821688910109
62097 49004.0959661386176807854101025628913
62098 49004.4938492498917371991943492326732
62099 49005.6996428566016586092403459335294
62100 49005.9400586719707920873081248664685
62101 49006.6184928469738857812305204711407
62102 49007.5257455471611474632957992829808
62103 49008.2882356524308572205918613244653
62104 49008.7516684022204491751221081893044
62105 49009.6659230663693705461494433507453
62106 49009.9830360715175404797148324046334
62107 49011.0328525154972331783104708707141
62108 49011.2403052347548873937445036863777
62109 49012.0851639559868508837590625124361
62110 49012.9479038124189118436547567083337
62111 49013.8592604849755962961931202896869
62112 49014.6459479289185843656632208533017
62113 49015.6111983385955495465910283744486
62114 49016.0896012336681860842692705600913
62115 49016.4770220768238931506124259527871
62116 49017.0089040879440986391171909694529
62117 49017.6583411656096756549112745864160
62118 49018.7559346990127751259019009871660
62119 49019.1457833844395408995275541785983
62120 49020.0883617771671257536309170575603
62121 49020.6211316616167911450064048394676
62122 49021.1929330547521603499739542031121
62123 49022.2512896148637201807612990833245
62124 49023.2250432175190631068938208329398
62125 49023.4863269958827822436719377937761
62126 49024.1072348266813655648650488801076
62127 49025.0553454264525784715428275925037
62128 49025.8459389354088599275167572360578
62129 49026.4900586231887792857140564646356
62130 49027.1721602900004726119902657722643
62131 49027.6309533699814091635946822997329
62132 49028.3579190774217095530005870239253
62133 49028.7769306774343765697490576236884
62134 49029.7183335102604376401055838832778
62135 49030.1311723453403592131221468128462
62136 49031.7278584212734089088541000764448
62137 49032.3801702850652298445131551068976
62138 49032.5209644250166179756257435085890
62139 49033.4617442392088719119580584559654
62140 49034.1869264920757250434104139803658
62141 49034.7540430955066877141882817411016
62142 49035.6104888013061293281703202840911
62143 49035.8494841105005242806327411077620
62144 49036.7146992693523141577274292264823
62145 49037.5790332260770640202782676603183
62146 49038.4045092910038186747275965149824
62147 49038.8131395678846668541371658452529
62148 49039.5140350637200840629371804314681
62149 49040.3884517570666642057466842385128
62150 49040.7592964208322593327558513270822
62151 49042.3731829657061868201712775331110
62152 49042.5322062617733706665525683610442
62153 49043.3215954268868327896806792694517
62154 49043.8784424471481979966777017081067
62155 49044.7304007237004215365223268400505
62156 49045.2993515103299630145109754029194
62157 49045.6830268748764374235596685392690
62158 49046.4581164920839814888416795137815
62159 49047.2921240508773080066286483186171
62160 49047.8321786192097002872016648525782
62161 49048.6772986831207808465058354572657
62162 49049.7892446910101251960707818387366
62163 49050.4026484976902596335548852613774
62164 49051.1182839780203210834985604401186
62165 49051.5805113839981207354408131168605
62166 49052.3362288460442859038330131072110
62167 49052.6754585024020154258959569648221
62168 49053.7524068037695800385563128755425
62169 49054.7268677391664159368590274131002
62170 49055.1113655274782904695015224496567
62171 49055.7405843649020822050338823223356
62172 49056.0759116586374436891317701696841
62173 49056.9195794072547716671322366501143
62174 49057.9978566562592862095580098831028
62175 49058.4543443678246248796142206558498
62176 49059.4124578558892300721852198784490
62177 49060.3058473617995195623439166247449
62178 49060.8326327481347258388163945639608
62179 49061.6934284450536507560896458324825
62180 49062.2224942085897422692387794999215
62181 49062.6558639467264134844858400764879
62182 49063.3355435189842883690037617240041
62183 49064.0398663230044139876235962170817
62184 49064.5928832372641148819470122320068
62185 49065.7264591659657424348870195695040
62186 49066.1818131075419906862851250644666
62187 49067.0417258861504151932218085402540
62188 49067.9178971251989395383157110135961
62189 49068.3067127585094978384567935423940
62190 49069.2316669154608399981857795568828
62191 49069.8583375999225975262854514060337
62192 49070.5957122094961653100716808767668
62193 49071.4595295658061354420765399408410
62194 49071.9572589638067182416765000353916
62195 49072.3573759419145468301552909226982
62196 49073.4330381544614790775119255794584
62197 49074.1526683569931726653331483563073
62198 49074.5176669472162757908827297192034
62199 49074.8393162916660007518001742343906
62200 49075.8304563077802198403677779452200
62201 49077.3314274027831336834779193613426
62202 49077.6551024108017812893490611938487
62203 49078.6832165045385996987250005240928
62204 49078.9919844860380319080899836186055
62205 49079.3958219200869268494451621879949
62206 49080.4338855110842721157274283302270
62207 49080.8995060802210776100938540629837
62208 49081.6688697762860333582557890061594
62209 49082.3765341687676961357301035559537
62210 49082.9900895386788186272479015062696
62211 49083.8296829742569553710171252342244
62212 49084.5667562812949714135477640196772
62213 49084.9141245106800695418664598699294
62214 49086.1695889041185721833316567671266
62215 49086.6753328140016686917308493896410
62216 49087.4850202727769627549956810132318
62217 49087.8360181044859916518648291282324
62218 49089.1763563530595738743468398329729
62219 49089.7819884352669661306947606890149
62220 49090.0103118506052251372295189956156
62221 49090.7639151141256733416053866665100
62222 49091.3811284687871025862430181592622
62223 49091.9591946957729769123819146206618
62224 49092.5612245228711354804075366529216
62225 49093.8097058422678971846275328710772
62226 49094.2958895101599292524368349176858
62227 49095.0884625203263294900461472672619
62228 49096.1132012184626959464223510067045
62229 49096.5397961236673959779540026007621
62230 49097.4126696351687488522758569650150
62231 49097.8688243605733340023764415047744
62232 49098.2064754994966724206345122117784
62233 49099.2094999598314341162503565372069
62234 49100.0458690334319092331366602276264
62235 49100.9029207958528623889252268237951
62236 49101.0751359302090464424632493900706
62237 49101.9822831782926071322715181362845
62238 49102.6671437420660584622478068179362
62239 49103.0816081103021668323774196763423
62240 49104.2145521656994938114843803136707
62241 49105.0243232028571637712989778457269
62242 49105.9749642626279852366470615949397
62243 49106.4789698777138932676913084913385
62244 49107.0041709641906531348955521606246
62245 49107.5404777896423421407330964440600
62246 49108.5233484028266970576654221391909
62247 49108.9003786250349208598894759282630
62248 49109.6159581510558765833741541253135
62249 49110.3199654637886590336976654481799
62250 49110.8100708237695181918447167359135
62251 49111.8014764452376875633774592101501
62252 49112.8961629073075708116200990403378
62253 49113.5717582637332372869641437064608
62254 49114.0437608320690584647577042703918
62255 49114.3914587749150970300324252326508
62256 49115.4930707097926228636296549213674
62257 49116.2196383162226738615942083050281
62258 49116.7861402983369129535073847084541
62259 49117.5997904464238205681956270414711
62260 49118.2459098204465345574356950369557
62261 49118.7666911861348722574113142507768
62262 49119.3477470975941697138825912692563
62263 49120.1493130436324384121171220201453
62264 49120.8033848830788776385084763108234
62265 49121.4256794835381949431642511180807
62266 49122.5975796848486552705445321528970
62267 49123.4668394820332369634340177702179
62268 49123.9267794306981316571608893550389
62269 49124.6226813296968195793810697333781
62270 49125.3562710266696551894080027120529
62271 49126.0020123129585075791826419147066
62272 49126.3451850444487458237703268948250
62273 49126.8324651219489255883881881348538
62274 49128.0136818100822861487432807240473
62275 49128.8955302636941319830369850766646
62276 49129.3228230994918692119050985295984
62277 49129.8607547305583064506865495223613
62278 49130.6328502542469057760350609308453
62279 49131.8267692006569791289694146397318
62280 49132.2182788114465822894371942440826
62281 49132.9843440529865969384231442780112
62282 49133.6430759386981794765170701099076
62283 49134.3907760772076546037929246297774
62284 49135.0271701160138796597144244277293
62285 49136.1445554900698482573297648227460
62286 49136.2993779778624324681361945327850
62287 49136.7726086553756736104579797457208
62288 49137.5638427533313238825469512804152
62289 49138.2829467352131005464029807202739
62290 49138.8451050348503314649901602960794
62291 49140.2366107388552482214183716285864
62292 49140.8286523581235385916505580611052
62293 49141.5566748672113544329115594123154
62294 49142.1657937617603750710451301343535
62295 49142.7704721165794971526669781194678
62296 49143.1952425270101864714341089747621
62297 49144.1173769304180914962581651890087
62298 49145.0246052423588282774662045810595
62299 49145.2817741647379643172798859156437
62300 49146.1450134286601081058837059732634
62301 49146.7890266086418027129394470115451
62302 49147.6462833841690516439509825592371
62303 49148.2189441704041537609814390170010
62304 49148.9200202299432457639097541216101
62305 49149.7266126190637987342075178147659
62306 49150.3090072417866464507277653601772
62307 49151.5668864458383413876456503030007
62308 49152.2548934387947823125757529178760
62309 49152.4572843579600741346876042298880
62310 49153.3735338414219648179919943956828
62311 49153.6031180335094172065067550822164
62312 49154.5215542223997171374401121169984
62313 49155.3304515005860203381336530039315
62314 49155.7856559940102109801057165525040
62315 49156.3268537300244735924189406719672
62316 49157.7043213578592288909427764108227
62317 49158.0813825311593193425177340803846
62318 49159.0024927562270730308673452057232
62319 49159.8126200592957916065176491475661
62320 49160.3566891584817127332591629985380
62321 49160.9738644771824612965931985006393
62322 49161.2924099456587568670956735999076
62323 49162.6710090412606760676396829130331
62324 49162.8128952265269974507551937259457
62325 49163.9842977698753572234094528273538
62326 49164.4262610511856129676396735457329
62327 49165.0077910846384210837593700398340
62328 49165.5343872387230542773110747433039
62329 49166.0742138797085706082915388556829
62330 49167.3772404861231848460178804636755
62331 49168.3503206363925828966750833317848
62332 49168.7281644756734835120379149158197
62333 49169.3639188409885380786664460154084
62334 49170.3447451728245004628441234257701
62335 49170.8700894931639729502784480402559
62336 49171.3909566205513066682750221209208
62337 49172.1948695438438198513113501050533
62338 49172.4456514100883677785188281366768
62339 49173.2728307121269835573248731840646
62340 49174.3302917284954928538295658092130
62341 49174.8382288977172733672191964928221
62342 49175.7859330126731094933493345322472
62343 49176.2883228821326301545717818593858
62344 49177.2157225364352062435677611540356
62345 49177.7892994991301190249611578560297
62346 49178.4191027982883839287669078796497
62347 49179.2537947078859960264417736681629
62348 49180.0759222216476873300593924548263
62349 49180.6827031475096481227709339787670
62350 49181.2959050926717647107820059383549
62351 49181.7348127240068750630042770173263
62352 49182.5783036450442534506501081820222
62353 49183.1970721608604510077399121561430
62354 49183.9679597293000788542654783484455
62355 49184.3844856272422320529763015665535
62356 49185.3853908908592695043133685076684
62357 49186.8473276744052037496534348653638
62358 49187.1034531151177149238656041485929
62359 49187.6599149661988101113536548541782
62360 49188.2058755840265715069549325180045
62361 49188.9375067542625089201884087624148
62362 49189.4860519389162211333478863625009
62363 49190.2829111274375031059913583786256
62364 49191.1190353440201747137808477608476
62365 49191.8603697082578959453425600644653
62366 49192.3405277406257529623758438204595
62367 49192.7988683367010520076289151064577
62368 49194.0843790763485786334482768679171
62369 49194.5088819015247092352325789936226
62370 49195.2085983634008524534847102364212
62371 49196.1942767949394923515316832212916
62372 49196.7308461359502550811792159977786
62373 49197.6135375381081298913549143712262
62374 49198.1354052858405351209821672999085
62375 49198.8966536060365612036146873798114
62376 49199.5565708458962894654469082972488
62377 49200.1683153852472799409398678248336
62378 49200.4529930677375471300192482282769
62379 49201.0989588246686351900646608958146
62380 49202.3372968715226923354197336093512
62381 49202.9568658583017099759516373615936
62382 49204.0786251092242008044304914343206
62383 49204.5056913670892139920385837310987
62384 49205.0167776828321527595570361621221
62385 49205.9052246026476290323834645550940
62386 49206.7386739429055478212865331697796
62387 49207.2074946066484782973022174272238
62388 49207.5419599512615935843497360763264
62389 49208.5786970497382251053292413231311
62390 49209.4568260696402708290446700917601
62391 49209.9652848812751647427984433493038
62392 49210.6024883199399765786362252931009
62393 49211.2549798402594705748252794474178
62394 49211.6847329249482265817857768681859
62395 49212.8486070148559241463815362328381
62396 49213.5906750305389286923068759706486
62397 49214.6946864819158931244327409397804
62398 49214.9105018420786435301974172726304
62399 49215.9570552504814252649654226608295
62400 49216.2849742395503540660634867437910
62401 49216.7169162552201604861403866584371
62402 49217.7657313081408657745044009371101
62403 49218.1682013543659774724448386674216
62404 49218.9030620802092156515668289578916
62405 49219.7948825875599176712252574150995
62406 49220.2555735828668846183219066385520
62407 49221.1972958810589174586715833447896
62408 49222.2573865888575807494448199760590
62409 49222.8482304225752858493734143076500
62410 49223.2861612986326441675532844833243
62411 49223.9663178045543744015367676055748
62412 49224.4396393025590005328809366360309
62413 49225.7662957418699593226059409105328
62414 49226.4754891142696095215974466877622
62415 49226.6786750085025108599179943852463
62416 49227.2316752100018371479691656295448
62417 49228.1914367283263449010239173967208
62418 49228.6698375836764666134471527416482
62419 49229.3577305488883166070886537104168
62420 49230.1275084874257945999976991254325
62421 49231.2802126173291381386734300282157
62422 49231.8664384237383371270960317386124
62423 49232.6811908839353846339131803381159
62424 49233.3019620006395410599633452129027
62425 49234.1069311840507764838283029980570
62426 49234.2802315471205943315763560973935
62427 49235.0690250431318122155749478553957
62428 49235.9168608842182262632408764496830
62429 49236.3275906567245798006908649468882
62430 49237.1924561815994061294472004591779
62431 49238.2752095852208602442052235787913
62432 49238.6634404741097453428649484822805
62433 49239.2562725766774397783036200101235
62434 49239.9830782038816624674832379966264
62435 49241.0445288777173258928470648945125
62436 49241.6146561522007259972694232031318
62437 49242.4211789658264172944080218001118
62438 49243.0615332354315492451014569476207
62439 49243.5722682734582217801375659188000
62440 49244.4455447638394543091882308304706
62441 49245.0229510572378002284974045555006
62442 49245.7494745081915684711384919563661
62443 49246.1964077939424330160358486230133
62444 49246.8395454879958304827799796127546
62445 49247.3294459424198460216048733384383
62446 49248.8197959395609288731272452774526
62447 49249.6795531518417964166110710754404
62448 49249.9156492437758875149544627934846
62449 49250.9140007075078077629564518565118
62450 49251.3551316635348256308612315104776
62451 49251.9417055304806144274570658114953
62452 49252.7005835695338003222812746731110
62453 49253.2847487072170432193782222482866
62454 49254.4044411563462854625691536354739
62455 49254.6764672487876478336087502029308
62456 49255.5299577408567401148187430544969
62457 49256.0444394270870151997513702836497
62458 49256.6478346657950858559162982119580
62459 49257.8944233963274374465665404643314
62460 49258.3063860758719814833575900467002
62461 49258.8524795912638472760104258705272
62462 49260.0864855333856240320367594641475
62463 49260.6468925180494593702819369281120
62464 49261.3515668718412367792487207587421
62465 49262.1106552673511659911934581477939
62466 49262.4549928375814367396739357730703
62467 49262.8925801620332374382411594679248
62468 49263.6409799412915095151656995361815
62469 49264.5879338756769775387611787925633
62470 49265.3777883330443146527154117219516
62471 49265.7816067481613028363646539650458
62472 49266.8639349918782595793818683927596
62473 49267.6412794450262560282772288415943
62474 49268.4672819731297886987511092101905
62475 49268.8918047714050337051702451271263
62476 49269.4052386858395051966779451905608
62477 49270.4206864675478336819667377291032
62478 49270.8595061916728071624607096255314
62479 49271.6031312946392880330652779443161
62480 49272.5320438507758617528897980654170
62481 49273.2056451665984321884808426070763
62482 49273.4797189135994887263470064859936
62483 49274.2361710045453635562703304158623
62484 49274.9558316439188115741019920071971
62485 49275.5209530849148339623274439676038
62486 49276.8396747195856131011352986523446
62487 49277.8311946386771720555132731164794
62488 49278.1300656806662272478678893537390
62489 49278.6106088739966104378046454579096
62490 49279.2266604037458597077642820183247
62491 49280.3980845008599806366749666904070
62492 49280.6767753633399843734114179871031
62493 49281.1887865218796313198515650550787
62494 49281.9950433480297949953568446003110
62495 49282.6106107597950281049207249528510
62496 49283.6196125000112248211176884403387
62497 49284.3365261633083245304067215669819
62498 49284.9702835364947263813808900145040
62499 49285.8818401305365913879369171918809
62500 49286.2471254982485195927698244864438
62501 49287.0818991694936291907535319978534
62502 49287.9158874013042486713341777701265
62503 49288.6150616694873229032330127996277
62504 49289.3454826016265615109773029370703
62505 49289.9212651298729350653161028098014
62506 49290.4648356382907392746275090966301
62507 49291.2260576495050179241353776372889
62508 49291.6241249984349183841464964945999
62509 49292.5169695634390886650691536498345
62510 49293.1134918260402964337189069980555
62511 49294.2488692811787158890032184651212
62512 49294.8655139969673077048730687849477
62513 49295.7415408842408107807481920156285
62514 49296.6021548455911527808700921786009
62515 49297.0375625836063251132670375959309
62516 49297.3692782708933054117159794989468
62517 49298.1944572978680829330316978701825
62518 49298.6064122675421010441210807235853
62519 49299.9165650120886547369941317907333
62520 49300.4227815037416412168570959050657
62521 49301.0092510139269517245479289320567
62522 49301.5720482239003326904473042598943
62523 49302.3531843173898215680228980819618
62524 49303.0331070667873554583875828126419
62525 49304.2043460401926681362463915525663
62526 49304.7635773855537202190949602424546
62527 49305.0778540078733938258189942977104
62528 49306.3539277025839685738939206663011
62529 49306.8276792605339435040869877135399
62530 49307.6458359701087939204123443050547
62531 49307.7737466703363104003155351737505
62532 49308.8125541191052860447727252220445
62533 49309.3701831186327077288931928818412
62534 49309.8545285294946738426390692801071
62535 49310.4617513828585544652011986257973
62536 49311.7212809742629260137757335672985
62537 49312.6358373023421991749658466817101
62538 49313.2231674496232529085612251703479
62539 49313.6926068626778509892375618402378
62540 49314.4562975116018052067500803934129
62541 49315.0280485271956050933605278106117
62542 49315.9387730451105046153195818081401
62543 49316.4064572778551434071077815957083
62544 49317.4343015543942184360947863074798
62545 49317.6831856887987748639243055741285
62546 49318.3840503458646411206465431050986
62547 49319.5592909960194091873324825923085
62548 49319.7968938400639651501912268861978
62549 49320.4719979881626428198639173475937
62550 49321.0445033720888476280921503255623
62551 49322.4385413264700271955717280162881
62552 49322.9634007048237469814982963117843
62553 49323.8901765574757114448917252145006
62554 49324.3966079506935946789624254953293
62555 49324.8528129552455898221414580643497
62556 49325.5200305717482095308904173199966
62557 49326.3349373113985781076538142738104
62558 49326.6982568359248449707311561802303
62559 49327.5060139835789677521790555685649
62560 49328.3606719128995426249389157400166
62561 49329.2148354766465093531488671155953
62562 49329.4935817853401003865424987735441
62563 49330.7808770145331222758279143331617
62564 49331.3230278456322346941554960043471
62565 49332.0393103320895080630740019172501
62566 49332.7989202502659641684434331811576
62567 49333.0983791702575067409131573985539
62568 49333.9184330168506936634349775579677
62569 49335.0740758323933963455464496842416
62570 49335.4340392004069427390659759050023
62571 49336.3566521475136495803607813249783
62572 49336.6201533172542737616984589718991
62573 49336.9294204780617298688279002877692
62574 49338.0111996965489771685862682517799
62575 49338.8200096967126391632080758953578
62576 49339.7628173457257647752561241528880
62577 49340.5412647322652160826877104320023
62578 49341.2978564791078016268744694413514
62579 49341.8315887330817875434945870523701
62580 49342.5052728238878651821939421229025
62581 49343.2282719600796927558224422757679
62582 49343.7129072049012878825210216302040
62583 49344.3533620188359619202989976712916
62584 49344.9256436618631034316720426350136
62585 49346.0529857324275112394061458297291
62586 49346.6124446675858401763977317140265
62587 49347.1160460797830341793270810899049
62588 49348.0299629738203800045548032619757
62589 49348.9699108327952426556141866508439
62590 49349.2165705173387765110917507389817
62591 49350.0246771971107142774968737701841
62592 49351.2179988788470994745779079233489
62593 49351.9189221615319339642150094489654
62594 49352.0974678246722895265259767407341
62595 49352.9122215328383593362069111737926
62596 49353.5922322376070444946233534800168
62597 49354.2174833904063245445061404186516
62598 49355.0906014284265133880162187179685
62599 49355.3295446227981321640527320016968
62600 49356.1822681073836732196126331589519
62601 49356.8804590807144339709945063257297
62602 49358.3694034964838648182940634942169
62603 49358.8486254564552902051870644559234
62604 49359.2940505443079273447311284611538
62605 49359.9917835849435861293065926721241
62606 49360.5815045505729553213637538648627
62607 49361.1575631832606562044920563176951
62608 49362.1233038744409135140373489432544
62609 49362.7577089010372451397422784807575
62610 49363.3247804124605670805750164227765
62611 49364.3006896247384739192719750619386
62612 49364.7431951433113860889687760354610
62613 49365.0877886632746928699200175021958
62614 49366.2216415767817911952277204490610
62615 49366.9346586522945900539948915389600
62616 49367.7855627002111978859731712283185
62617 49368.5683820397821743311932600760523
62618 49369.0503037757801119638814718364894
62619 49370.0025942528289666554804333093883
62620 49370.6356468847647325640082942241275
62621 49371.2433411414235623475765436800409
62622 49371.7005046568172521599274771887678
62623 49372.1060642919224764069275974140642
62624 49373.0774248298793276062457417764201
62625 49373.6568506423689614621917794014553
62626 49374.9551167845706335957247276656913
62627 49375.3236162691253840255417880810463
62628 49376.0110259320990358016039736937651
62629 49376.8214460687776808614958012174934
62630 49377.9074596405977906687002655197610
62631 49378.1007717976348619562877558197432
62632 49378.6561557474541283170949195363154
62633 49379.5536879418311639241121658801120
62634 49380.3851524900309135515487114208887
62635 49381.0338014554170307541147243489585
62636 49381.5098619795280223404160740667786
62637 49382.4242555030992975884418792980308
62638 49382.8093613510826235455267258037441
62639 49383.5090761360357440902958066425773
62640 49384.1118997481819046559641764219545
62641 49385.2552170792818069682167777643057
62642 49386.4190197306602840526217947513566
62643 49386.6419541333487824202836493637644
62644 49387.4636444028994151102450328561657
62645 49388.0663504183389828354506071041467
62646 49388.6497339196562190309471884888883
62647 49388.9306586892682470122712398974191
62648 49390.2523197973729356461332747969220
62649 49390.6709801845494752103495053438555
62650 49391.2068519011131415633211362246864
62651 49391.9529632661464330404612042084959
62652 49392.8233809430465279968302961165135
62653 49393.8041944921460788857517438473484
62654 49394.2611536161401971052972378823804
62655 49395.1731666731525239471349128702780
62656 49395.4389452909944946308028177837276
62657 49396.3677299288099000781071363526919
62658 49397.3482626522469895670364292050410
62659 49397.9992830512568003416015129747042
62660 49398.4694526137067601018294084854951
62661 49399.1101166615449323589495369153036
62662 49399.6849315712779707611617838820626
62663 49400.3696601137110476634767379502730
62664 49401.1108138539402517865660341996629
62665 49401.5498366622611985326783470985411
62666 49402.8186756760858003116700023256608
62667 49403.5762205395466604223526249079030
62668 49404.3660122995898620194624946963683
62669 49404.8210541398971117592498904771762
62670 49405.6218669468851152763003288618077
62671 49406.2619658093819935081514602873664
62672 49406.9348954408572303549679664135184
62673 49407.2491637281942999629177672429796
62674 49407.9720128358007783572728768037131
62675 49409.3184394547770137934417838011883
62676 49409.5671396503740635737437846014556
62677 49410.4300296799982929115960675513082
62678 49410.7448682911139299537567930738678
62679 49411.5231963387183551276353504393290
62680 49412.6000202482367751194177498994687
62681 49413.3240486946419342164411401573483
62682 49414.0518652556082783019833617057597
62683 49414.8638379136967978095658082752982
62684 49415.1931987351738069885967023214000
62685 49416.0658224433303332603536688436157
62686 49416.7947730471933698698145831741494
62687 49417.3710487507671871108136959288531
62688 49417.8831617954671562561901109293083
62689 49418.2926498749630916286419370754630
62690 49419.3354402725849694706017139943705
62691 49420.1367829866119719371200656504669
62692 49420.8902319756731608576401191665011
62693 49422.0879969803153664338444023780355
62694 49422.5116181094178564674294463746831
62695 49422.8740872517200380503367975700223
62696 49423.5075032632743321962531635003861
62697 49424.4891007152424930826434041432927
62698 49425.0217653323928228954864962789912
62699 49425.9038293160537079841716212617447
62700 49426.6174488234509059628784225660988
62701 49427.1303583766950478568738503676934
62702 49427.4710082061762117302389419238383
62703 49428.6408561699266639258902522046782
62704 49429.0228059221927542492857461084234
62705 49430.0410630077649710708666216293891
62706 49430.4877334863371536351157732832661
62707 49431.5599751147665079536539506763859
62708 49432.5890157600725153254584687765495
62709 49433.1308785951840892278387127852831
62710 49433.4028352596261151755853387737243
62711 49434.0330636688098433194713163437120
62712 49434.8956296120881130803529736041197
62713 49435.3593718542432669603518430174271
62714 49436.0081375119930641712904243217150
62715 49437.0416142741105686733671554999563
62716 49437.5907051664549895742841377405778
62717 49438.2692734081718175724535940687656
62718 49439.2378867765720368042909965704547
62719 49439.8533120647353341820697973607912
62720 49440.6060561617067678426332272298590
62721 49441.3324226360317742475732765703484
62722 49441.8258465710419998054289892821863
62723 49442.7054067936399171547014384443844
62724 49443.2337289021085829426818603465127
62725 49444.1584882441623107225937749121325
62726 49444.7873730920747832604755287910087
62727 49445.2515321370464810088597707513226
62728 49446.0431038805329663963335888405258
62729 49446.5171023996302172507677199152436
62730 49446.8193611567733967251181725832856
62731 49448.6447738080030676973766039729565
62732 49449.1472620110606414506418191220426
62733 49449.7772673397720824841302494080747
62734 49450.3347896671047162969258754505745
62735 49451.0890913114014620440875204901153
62736 49451.8690151015225302800750996360509
62737 49452.2645707863990642202769320673129
62738 49453.0120209293920531735855835107133
62739 49453.5688421052915623318678303370799
62740 49454.5055934328468305380997922342579
62741 49455.0386150644855147330130236060161
62742 49455.9706687140663171600719367128721
62743 49456.5794801654330713781712492738009
62744 49457.1258984259234025683194179495337
62745 49458.1642527847401342835837308739165
62746 49458.6613815780306578791479011231775
62747 49459.5209366165561954624548665573395
62748 49460.1781971222355838688013425142650
62749 49461.2863594479832378653502356275003
62750 49461.6636309751251216286284238857040
62751 49461.8942723679738939353449278056661
62752 49462.7489587358074880184010021481197
62753 49463.3515689240550313956865156646832
62754 49464.2735406503448907005898671277491
62755 49464.8355488285935036445324722827347
62756 49465.3506253076778874263565930149752
62757 49466.7819863342662755066716980912769
62758 49467.1456476989768302833178867617873
62759 49468.2229534671853462068825484180763
62760 49468.6988413835931678456177456221052
62761 49469.2539589146906673964541992849685
62762 49469.5035655015033610179793376917625
62763 49470.5021689505852749895011990469447
62764 49471.5367390946322058513532415961753
62765 49472.0120155828787223897442505552351
62766 49472.7595751025012252817203092930160
62767 49473.1488050801862507039880389209497
62768 49473.9718997618604726420689039305740
62769 49474.5701785780513032788708469076938
62770 49475.5294892695333418176303658044354
62771 49476.2183771125063088889650615468485
62772 49477.2261787937653011426999831716126
62773 49477.8980136583580916829798689646449
62774 49478.2843902632855271242270167107027
62775 49479.1266025441660372814100951342654
62776 49479.8060859971380724647827148377505
62777 49480.4458264866422668404567952171384
62778 49480.8396528061752865316051104952502
62779 49481.6248354175657155238720003820185
62780 49482.0717992289981868652621964961471
62781 49483.2432939832960589615789891236558
62782 49484.1386224919154336310526929855668
62783 49484.7074362941615245071079399004837
62784 49485.4720647621461955519344748403949
62785 49485.8928234398146315585774934703024
62786 49486.8361349920572791059619408667847
62787 49487.4433795506627709807642416718729
62788 49488.3459752272349498750832628875910
62789 49488.7871388815996882633231418358354
62790 49489.2923263308009631186378687250912
62791 49490.4588430043088869893361664436806
62792 49490.9241167437801995049874642952415
62793 49491.3454005952683371055121783191396
62794 49491.9526527186158883616466376954705
62795 49492.9658416759263888217823944980033
62796 49493.4882065006360786654020477090324
62797 49494.8969157499074690188502953288891
62798 49495.3692016835130794885096834152513
62799 49496.0363384796544644767169928578894
62800 49496.5880520559975883358049334182137
62801 49497.2956447678165515826392092728509
62802 49497.6539834729114541406659720216567
62803 49498.6039249835107489073700980927900
62804 49498.9849952066424190935821333698197
62805 49500.2480809929691761397658427696355
62806 49500.5820771856515794223685177969217
62807 49501.3573143308723585624875491348718
62808 49501.7545115846474014797419889444937
62809 49503.3015769052767477465633919957845
62810 49503.6221821692078362200330899055973
62811 49504.1590121849595279381427596880893
62812 49504.7770367962631580695139456330589
62813 49505.7611875464559069263718008410302
62814 49506.6166468114321423118972010656384
62815 49507.1688624032666956157995352815663
62816 49507.7038007329432910181615702829075
62817 49508.3783559643315856461643473821726
62818 49508.8224210965741739329621479277291
62819 49509.4292444782812893637077861427810
62820 49510.4421058586232219755397714350077
62821 49511.0901306522659018598860363883323
62822 49512.2501587665650641473653445934554
62823 49512.7854851275363322349969887663037
62824 49513.6810745122465162360014100670996
62825 49513.9483589244428823880189126317861
62826 49514.8209164044971890972519658641261
62827 49515.4332233518936028880199562884047
62828 49515.9449389820760402359608546272181
62829 49516.8517927620635351608879703559933
62830 49517.3449254284664318594569088479297
62831 49518.2222571726599722891134379103540
62832 49518.9750682090789840668496745791941
62833 49519.5912981038751957084969901848336
62834 49520.1691993513020740593092234818162
62835 49520.7795387237533255784884396396370
62836 49521.7918588886812969600784005036527
62837 49522.9591241487616262732709746699146
62838 49523.1490888915108439685099939451112
62839 49524.0545200555755817366362280674362
62840 49524.5641046177089670660175060564809
62841 49525.1237633684040839395903432559225
62842 49525.8377257662466602479424061912090
62843 49526.7871723893966245853480865799202
62844 49527.0431930483775680826499704351723
62845 49527.5865957575262414216597998932730
62846 49528.5643348700155658941200140605300
62847 49529.6249768132440933295155506397493
62848 49530.4504540061738842640432714950544
62849 49530.9831539225788316802653341636511
62850 49531.5174140206426373213436328224538
62851 49532.4089678086581419418821057193356
62852 49532.9548088617893407074263746495612
62853 49533.2684807053229565498566261177663
62854 49534.6220704956834827908395594224639
62855 49535.2148863579746468369554735317788
62856 49535.6941435407849810364258337613982
62857 49536.1636077602575038015871562666272
62858 49536.9709641619627699090118487843490
62859 49537.6626112002883664411113342142156
62860 49538.2820563998768309779928376501528
62861 49539.5057356938682130333117158845840
62862 49540.1256953214535258112678248126657
62863 49540.5610504434905529831125359583951
62864 49541.8684552623987068379652647154744
62865 49542.0887854330858059513954132566141
62866 49542.9606977116792776648389977475167
62867 49543.2318782223512990260910165987687
62868 49543.7874728456347154015280804457718
62869 49544.5827744350794196696670135613955
62870 49545.5592393169549072716640773341012
62871 49546.2568848463156136867721776097949
62872 49546.8298472709763920991431973946203
62873 49547.6030590633544714616229679972261
62874 49548.4887332406387418792564047362658
62875 49549.1617294424434245072713390625523
62876 49549.7201293105473555251134941571047
62877 49550.6835692162491116344294759584934
62878 49550.9959944054891321318686697767526
62879 49552.0218113422414669024512137314165
62880 49552.6758466449590854033638083823552
62881 49553.1539390778089023088442183598210
62882 49553.8377118062937448044048125654923
62883 49554.6663411147456124164868497654118
62884 49555.2021358819890915511553282680324
62885 49555.4693491801769382707826186570312
62886 49556.5928886763137500279181496504690
62887 49557.8357543396742365150325931396737
62888 49558.6448516972180661337127900882861
62889 49558.9821464459840833551951900026760
62890 49559.6023283505248271439483041025777
62891 49559.9655912772648470070742789408026
62892 49561.0361776934204644834543041254577
62893 49561.7513240987649468220768623829644
62894 49562.0999612358495715761599341551304
62895 49562.9507957848708157706199917159564
62896 49563.6833172629157686100181557474476
62897 49564.3876720814147300817183647748873
62898 49565.0085517262557312631939733128498
62899 49565.9713694552593604120877236504846
62900 49566.5045364754817300375765994316094
62901 49567.2774201323146590500371303991690
62902 49567.8713913607058651571668917712850
62903 49569.1133724227567950095471210345932
62904 49569.5008367866781194749012620210716
62905 49569.9668551159936462495292818475933
62906 49570.9385885058871724856781264487993
62907 49571.3988854700550065313647641311358
62908 49571.8747838619237379865515085580571
62909 49572.4665479788212718065438965609428
62910 49573.3505174583923182614614294088100
62911 49574.2581794415854697724747397685930
62912 49575.1583945026396277750923339530740
62913 49575.5338909051816873561017672853748
62914 49576.8408008894385268605815007527776
62915 49577.1260851331781012580827853585914
62916 49577.7826809065866222536202509132535
62917 49578.5787337785843574095277820711136
62918 49578.8273646713073686013501544520118
62919 49579.7462839013813553059423927385712
62920 49580.6218298910736548027254905570200
62921 49581.5387496457505508719501020934265
62922 49581.8885739581594080592710835758509
62923 49582.3665281125276815749014507623777
62924 49582.9275796506652409081374597369611
62925 49584.0417989021459043713577983746122
62926 49584.9018940986545609595812499207466
62927 49585.5393285401611064188002621606487
62928 49586.5001081423195589629110351982781
62929 49587.0793828635176407324844722920904
62930 49587.4596254309236317726274954277161
62931 49588.5471910690026326409054122611474
62932 49588.7212801985812891863911899746804
62933 49589.5038926295311096045661988792902
62934 49590.2232681930493230922328956622397
62935 49590.8278101130802659618399429680895
62936 49591.4827705272839530364432160090639
62937 49592.4820463560725832934962678658935
62938 49593.6595045460581974440677824586164
62939 49593.7157379159357961104548528690353
62940 49594.7643636642818006868471013784195
62941 49595.2321389624983027687875303507673
62942 49595.6919069984352358336897656829618
62943 49596.9691263950449996898597596792301
62944 49597.5179674227766756401990850668951
62945 49598.0670579349496727757268063816760
62946 49598.6817127149377940834585734702561
62947 49599.2480855809549279268098730354572
62948 49600.0694241887851432506072921421928
62949 49600.8453529757685784364290257768926
62950 49601.2695717684584624888307990667937
62951 49601.9044933107069324741183392253025
62952 49603.4174866079135646860452188871389
62953 49603.9079236342017676524086549371447
62954 49604.5100897769297148038957605065785
62955 49605.2525233437116143650365106554589
62956 49605.8537713229520587949608206968844
62957 49606.3861944897038017455311016044001
62958 49606.8046405685760472907105730710400
62959 49607.7606166869535332939376001066798
62960 49608.5956768067323428339709587074373
62961 49609.1354682302956788397879775114403
62962 49609.9310606083381222175844569212633
62963 49610.7110568403994584081237485578239
62964 49611.0956985198743214458407772267792
62965 49612.1825709717822915984534300035280
62966 49613.0351900136455422454110071017520
62967 49613.5535033761844798843165211506571
62968 49614.0526317565488186167175638527971
62969 49614.9599531506422715447420441538870
62970 49615.6654752574792349413230865529119
62971 49616.6197428791339187795804919669923
62972 49616.9431126554874839349004969528415
62973 49617.2007454834738868472529453326389
62974 49618.2697606795182237079664655941071
62975 49618.5236496080003455303751753969471
62976 49619.6666999873681242974444701474928
62977 49620.9198563508701478748159174813680
62978 49621.2756893552556933188721535044949
62979 49621.9805027340565767991641726032267
62980 49622.6178839942219297545148138603188
62981 49623.5001674205148806937814029588180
62982 49623.8967568986831119974746988874947
62983 49624.4638631471260020073890877076420
62984 49625.3306787263982902084525611751598
62985 49626.0925260733330465531648809400857
62986 49626.6701607106574132715138993305354
62987 49627.5030037977474271509590452283603
62988 49627.8749699452647555092021293315644
62989 49628.9361127039783513509714443997419
62990 49629.4342953669047470588604216838242
62991 49630.1903869360394742784452048594392
62992 49630.9958465181946238446930934069838
62993 49632.0498194668866073028753705963495
62994 49632.7321313980432427269947779243542
62995 49633.1751313819365646065953506675827
62996 49633.6249526963575722043048401536130
62997 49634.2351897832721485027302663012492
62998 49635.1778218680194700257527170298825
62999 49635.6874369916557873691643401577953
