41000 33922.2801008984355698469358904357396
41001 33923.0998938688677047423656508158940
41002 33923.5883979640562574324332821370344
41003 33924.1253764724829258037058456099376
41004 33924.6496418790994379551776382858111
41005 33925.5610939441372617095248883358406
41006 33926.3618095732758583728907699642961
41007 33927.2896110434450332708015334043229
41008 33927.7059870105425002395089829832927
41009 33928.4762853364602453364884203390732
41010 33929.1496981753966250888488930646651
41011 33930.5081478995991188289229140696803
41012 33930.8713478191404062749158617616210
41013 33931.4552120069149863484871512295575
41014 33932.1909602401699677803140755756530
41015 33933.3800751068308337752849195281832
41016 33933.8491737228738922705678356410680
41017 33934.6704321705518623711384719769117
41018 33934.7928462686167119873157021643899
41019 33935.7210821533852989749235604811025
41020 33936.4746967920124773205303082228230
41021 33936.8874820465607596979138715872243
41022 33938.4267254601468454956005581750240
41023 33938.9403309618355539365850710816478
41024 33939.8747847275056658173948229012752
41025 33940.4693267524505622621876107643327
41026 33941.0740179366237324156908969721959
41027 33941.6581508478381291338757310334115
41028 33942.6673706452414765350705980811704
41029 33942.9954071634434802707900983612607
41030 33944.0084509840535992545357251406198
41031 33944.5587306569585367566772995897430
41032 33945.4067264228149958531376639306597
41033 33946.0384324727537905622250900035373
41034 33946.9930833200106786403087365983269
41035 33947.3065870049596775955087601957525
41036 33948.1744561975518653271363136201977
41037 33949.5818695649779035131296283733734
41038 33950.0195030252368364284052471636186
41039 33950.7786096017957783408605982307886
41040 33951.2951091832859612976907662324128
41041 33951.7958315242738515377271222105031
41042 33952.8318948484044382520399995886502
41043 33953.2463274749280878620764010696559
41044 33953.9937363297396187041278075680927
41045 33954.6634599621468194203991129192777
41046 33955.5616754935927166116525904905627
41047 33956.4521962754965593755264922817489
41048 33957.5900335212808016434048258242152
41049 33957.9403939703897722811344845626645
41050 33958.5177422081177463835366537687782
41051 33959.3427305805580200600760353496865
41052 33960.0586898487200019649824032795760
41053 33960.6601253332390841263419506069414
41054 33961.6192108279812383434228329082723
41055 33962.6584089028834378600177106447953
41056 33962.8636689695967362241108636444957
41057 33963.1624578460040749756574545942055
41058 33964.1570355811027636750218023311695
41059 33965.0430446805019659918803529278707
41060 33965.9495307176784893108750424134179
41061 33967.0370449305470826416027166759487
41062 33967.3193847595260167978656998601530
41063 33968.3694210565725043624416810419800
41064 33968.9297085012154735558851673123268
41065 33969.7307311597953024720232444150457
41066 33970.2002724195215037930094772879573
41067 33970.7061224225900187133606586315177
41068 33971.3211817531837272260657055217640
41069 33972.6396236266518127293932020403014
41070 33973.2808133178317752192854218667025
41071 33973.6579484544009167822410737235297
41072 33974.7691517119092005496623974337802
41073 33975.4962712249851518921927539803187
41074 33976.1753298584371776302023852497202
41075 33976.8699464716712085643931095531275
41076 33977.7057475108034172010657118500445
41077 33978.5573499764434299804784453804761
41078 33979.0881756520262018049219599767085
41079 33979.6935275406621939634228439319318
41080 33980.5480684178308603920320492961952
41081 33981.0411943476560061591328685781912
41082 33981.9016120122169243424865923842803
41083 33982.3236252567353165893042070055425
41084 33983.1118700031446360522052996992762
41085 33984.5707122391463217706903549554596
41086 33985.3533430998477413203545066834695
41087 33985.8713364577184347960123542502266
41088 33986.2585150338914281387438637279702
41089 33987.2472409900214511984567374265421
41090 33987.3893591043949011670835175452621
41091 33988.7237949983807947545767655977220
41092 33989.3332964107352533546624730263064
41093 33989.7711985795405744184674553453464
41094 33990.6775407710596664455708930757109
41095 33991.3642052580567653961472163826031
41096 33992.2144585640756692591762730070000
41097 33992.8082099639464868827653060302954
41098 33993.8200163257406170789331937137865
41099 33994.4352224279614347128674457673630
41100 33995.1765829276903681329550526486219
41101 33996.2507406530394028838639684585810
41102 33996.7617223634158546433737961028615
41103 33997.2661227008842464262577844414788
41104 33998.0548623144331233512005403280854
41105 33998.6384367217001859429730040246567
41106 33999.1113429693072145430775082511368
41107 33999.9698932999152711506937655850058
41108 34000.9321177089716602969446315741612
41109 34002.1271665907246280742412815933752
41110 34002.4020149742709284351087895823149
41111 34003.1296461160665450360000759885870
41112 34004.4059545151333461556534993159160
41113 34004.6657243142365342111599429374919
41114 34005.2475772095276804606216571452169
41115 34005.8093209280271877460940159993558
41116 34007.0287773280391701921033825935727
41117 34007.4761997276393246244390603392268
41118 34008.3824864875082783355389396635641
41119 34009.0446613231105852502761304929420
41120 34009.4681723427010614796491385561834
41121 34009.9916228164019998630746043363128
41122 34011.3476594170704236691481413414012
41123 34012.0953755357309268425340228483709
41124 34013.0903826598826836247540847112846
41125 34013.4666286287628542526966140376816
41126 34014.3425658815955173315412475262133
41127 34014.8348902958343237707915501312148
41128 34015.6000557676682189073136597678037
41129 34016.0496797927634003269288724824848
41130 34017.0570444939188527560243455265838
41131 34017.5062592572113606439691432160923
41132 34018.4003307352249575773443546344308
41133 34019.0865791474905193413329726630685
41134 34020.3645437326409979972481854801937
41135 34020.9088953582159857024452174342533
41136 34021.3924926832364642726284382354526
41137 34022.2010136913247278154198532529865
41138 34022.6876996211026838769631868687624
41139 34024.0363918906684345786753739401745
41140 34024.5318083166704903844810992253479
41141 34025.0199247025280028512812170791072
41142 34025.7829876320234125088376413741159
41143 34026.3077711949051784240201894082359
41144 34027.1026303990838807441541746771234
41145 34027.9284575936546580091894886351329
41146 34028.4758371388780834426582793172641
41147 34029.5188248393374868646308116062256
41148 34030.6964430755388566779710588130485
41149 34031.2904158321495354028582437534114
41150 34031.6300964652771602439263189507680
41151 34032.4810903947085364185774525176106
41152 34033.1706538177716995138831187830800
41153 34033.7279270741097917526886086185743
41154 34034.2317125532578602168889233272888
41155 34035.3287720980276152376287307864442
41156 34036.2887275337637657916304153343773
41157 34036.6060942029325706617285450988787
41158 34037.3346104544292602900293507329064
41159 34038.2006932435269293324367780824831
41160 34039.1475192260517877845409704925333
41161 34039.7062234390815955936791090790774
41162 34040.8103870509252387727950591717235
41163 34041.2873416023011105122765213208718
41164 34041.6863003089694403715330190394582
41165 34043.0072010658417848394578696490617
41166 34043.3310721987882282561841728501547
41167 34044.0668204450632183735559364729170
41168 34044.6993698245067509323860883794896
41169 34044.8757028617103544656324780331103
41170 34046.1492722202616940538839088215962
41171 34047.2636998024334657145420807757933
41172 34048.0075603762053282460661534787397
41173 34048.7073652357764891433482615237076
41174 34049.4274779606680809760328123084769
41175 34049.7393775029616326547699917100847
41176 34050.8510991954033164500226791822507
41177 34051.2748447865516939423586203932780
41178 34052.0376159666502783529626376462048
41179 34052.9595575629847980682196939487702
41180 34053.6247983536230018324696306092194
41181 34054.1016944289498900847805930027954
41182 34054.8919657170638116609868820495411
41183 34055.7762352402279482996016620635319
41184 34056.4899942543595483711073677738029
41185 34057.1802807807253476079820888795177
41186 34058.1380829020469315914776838990198
41187 34059.1374525585460856431654256919380
41188 34059.6872224121831505883185411809931
41189 34060.3957714548212590049694259491669
41190 34060.6479669580368706463945305156525
41191 34061.2680945360572144357625638396861
41192 34062.4409929057551962289098220165172
41193 34062.8514600631253233781096954162687
41194 34063.6383585311265758528917573520482
41195 34064.5441779134588287948291880962580
41196 34065.2765887370085936333515953263290
41197 34066.3903260018470717099316855079501
41198 34066.9217253306475440084827856494652
41199 34067.6072476365795429834015495499304
41200 34067.9877334963861832561502914507569
41201 34068.9653545832359057411848594316815
41202 34069.6998626785215404234121192687529
41203 34070.7151509455788252985940576709202
41204 34071.0355998351819141992667839039841
41205 34071.6810022198877855434439231179052
41206 34072.6082127652566735822724386896297
41207 34073.0661361545583296651118276164206
41208 34073.4977806785844091424930835952661
41209 34075.3055563290201681625726204711358
41210 34075.7450274285139011254512074710600
41211 34076.3601606247815901224130433519496
41212 34077.0854235744053037310572191555729
41213 34077.8448857017044299731386093778086
41214 34078.5092522558456860245824616590924
41215 34079.0642180441175185949372375562083
41216 34079.8482899459253832428528782904661
41217 34080.2678827767560992141608138285208
41218 34081.1726501035190858198615628347070
41219 34082.2876403345838990416458788137267
41220 34082.9258055329210040874355626584154
41221 34083.4121273258259556853228844365012
41222 34084.3287022260171965037344079361154
41223 34085.0868454879698709171590493613129
41224 34085.8760235695104455386672539192086
41225 34086.5935984826072792719450123500237
41226 34087.3232274762638369815042106070366
41227 34088.2159150709724832959788074255250
41228 34088.5050024569462512252003181289052
41229 34089.2799275996788515576597639540408
41230 34090.0147243948458411535456537015905
41231 34090.6121474355310589232172337505200
41232 34091.3381490642892762318168556332408
41233 34092.1986848462609399996740288343184
41234 34093.4605388250615439423246833012554
41235 34093.9362603554598356982187631554825
41236 34094.9904822698565607780268749853512
41237 34095.3239221170890515591011673719729
41238 34095.7744340247723614495333660775014
41239 34096.5555964012092377413687127779108
41240 34097.2282507802236567356308191599560
41241 34098.4660994300383108207130556524967
41242 34098.8833510661775471384993300615448
41243 34099.5580434201494472952794251918889
41244 34099.9719764649494673391402233812046
41245 34101.0318712704200486752511428712163
41246 34101.9711113538056912939950295274607
41247 34102.7536661007501869123065402967639
41248 34103.0599927793927655952564953154686
41249 34104.4090530051549441647943910186181
41250 34104.9643975792679595210645481910973
41251 34105.4451304691528237906063841630763
41252 34106.4682721332653118298161073457625
41253 34106.7535768321929050447663555203526
41254 34107.5781622945361395511688257498329
41255 34107.8585777707246213059798624671474
41256 34109.0575343704800379412677797541668
41257 34109.7150390957740736311658449112539
41258 34110.8712224451277885724024874211829
41259 34111.6522747534831491387027983515657
41260 34112.1036477230833968235558607764238
41261 34112.6708646924896065057036625758469
41262 34113.6974470796254116078794096243138
41263 34114.2677174206631682069134147086169
41264 34115.0339750627072741665831236514059
41265 34115.5643733004246684301979188400469
41266 34116.3351705949891826486815500444925
41267 34117.4089100068871742180987195595565
41268 34117.9289795759260496177728724542615
41269 34118.1284888366781749444234014622424
41270 34119.2116658640503958926386516017093
41271 34119.8987157690990670516419954318185
41272 34121.2264770984221673526210040352002
41273 34121.9561290022466447709750446542310
41274 34122.5212121154303097927490884891057
41275 34122.9012179320902763525596224950328
41276 34123.7029607612964659792293604369888
41277 34124.6438736768049472043697519033599
41278 34124.9622498351703907894219602398608
41279 34125.5815630003414868401493084967815
41280 34126.7447591735893008476420176562078
41281 34127.2127031923210761128924361445658
41282 34128.0341684101390055779463489153285
41283 34129.0467049495193728431704513047490
41284 34129.7103068824934552859664795643925
41285 34130.6420200106887458185388516205002
41286 34130.9652418087053102919066599231359
41287 34131.5173401740106243746302369931141
41288 34132.7459979182658045904604232100413
41289 34133.5260612312999979602228284411453
41290 34134.0391820502885908561868529330234
41291 34134.5846705189252755131760495678808
41292 34135.2514152885137667945126296449884
41293 34135.7322047614509136975079002249467
41294 34136.7466449463563429164961012963639
41295 34137.6115082476097687069946554360846
41296 34138.5497897292567308234876459001953
41297 34139.3097731402977535477859774215836
41298 34139.9736852527247179398365259253338
41299 34140.9311688614648144176874493389859
41300 34141.3629343386631093656970485743157
41301 34141.7231666270531800726500747669990
41302 34142.5607444241493869553799752314740
41303 34143.3471640315835335678608065780397
41304 34144.3034328506359420707028241411045
41305 34144.7219860689937014017558666769202
41306 34145.8180802830984875428592221747841
41307 34146.1890634983509382279808590978101
41308 34147.1285572094569815504700125096554
41309 34147.7431437940251185734348303765098
41310 34148.9155330482357447382955971175232
41311 34149.3496928566263946203733789360946
41312 34150.2939397282129579640884199144450
41313 34150.9599598836116322809652729158553
41314 34151.4015262629803371118399760411132
41315 34152.0823811963103175589922879960589
41316 34153.0858994504021898152388586039847
41317 34153.5618433261394904332336292241366
41318 34154.0589127411926847014677736525970
41319 34154.6510744334607220167217605587141
41320 34156.3987377003171286973732283597005
41321 34156.8839028651712915090756767831934
41322 34157.5078270547515946703156482536456
41323 34158.1333087334947271127948949567037
41324 34158.7827874950130153338521564609210
41325 34159.5163566674121715085613291940042
41326 34160.1783698237510618788617879859604
41327 34161.2131784338910105962739839856148
41328 34161.5850829786540669143857766886853
41329 34162.4952375607677511786270058479020
41330 34163.0216112478104736140390723219580
41331 34163.7299611207376243404003954247256
41332 34164.6159501193180064910176323143849
41333 34165.2262844803052342345904144222941
41334 34166.4512908328765702006902150435794
41335 34166.8775060996241455948650724629976
41336 34167.7583453150209406632081258970206
41337 34168.6628729974901789185958516289883
41338 34169.1664637752146385598395844477104
41339 34169.7199026181452700254131356083075
41340 34170.1922042228116349370270622363487
41341 34170.9297507131524974248331976780891
41342 34171.7318035489380337342716277088914
41343 34172.8738596789831887190506337447920
41344 34173.3956418546027270902519313030801
41345 34173.9709380654105480948266835350277
41346 34175.2470794429579775230037290318718
41347 34175.7893128956167814232879064519727
41348 34176.3407748406364588514210511382611
41349 34177.1013992007107724135031830071309
41350 34177.7690381588952832508683287734173
41351 34178.4564842224503427443157506381565
41352 34179.6200185063036928564960506265748
41353 34179.9528893403826274461458443924685
41354 34180.5865659898104553716076408945185
41355 34181.2165084003731160316294725215332
41356 34181.8671076468746123211966195318319
41357 34182.7337947273670826168622211671913
41358 34183.7502941649456600349751589590168
41359 34184.9594803941898997216169138278957
41360 34185.2625820851586979420569455848364
41361 34186.0340570755353009974089201627460
41362 34186.4139862736368787316690898605092
41363 34187.2188002943838191103700670791733
41364 34188.1604811833163073983418014562012
41365 34188.6341634017575820888373157874194
41366 34189.1652883229168522541562659540842
41367 34190.1966713567152971970805578648523
41368 34190.8611031016194814856172991666890
41369 34191.6406858281636433974537924899508
41370 34192.7908784416828424027083821689899
41371 34193.2047297796589849917365877551136
41372 34193.5106137177932395077518342682084
41373 34194.7485408311568783792778390364471
41374 34195.8023770718315338698049784839922
41375 34196.1116188410852667970489525710167
41376 34196.7423386452020707503603935459229
41377 34197.5331189698219076799303563472706
41378 34198.2094879478705368969113798967930
41379 34198.6620257168969059584091865628269
41380 34199.6786025521902017558888997818619
41381 34199.9638890843067708910489489314339
41382 34201.4247054674664565847434583350414
41383 34201.9783126746081215851751784080688
41384 34203.1555997894450783756860554479846
41385 34203.3741419330969491674491785643464
41386 34204.2238424698709211305350698159486
41387 34204.8862388716439208803407766798762
41388 34205.3990046266598010649520985650025
41389 34205.9673565912495601383107656169777
41390 34207.1977145913542359486159850903766
41391 34207.8021302290551362048024203759103
41392 34208.4801787530004405402669621072853
41393 34209.1710031415086933794928727691285
41394 34209.3964620682914613692098706960204
41395 34210.8159320122217849700754153858997
41396 34211.6932880604103770519160429994628
41397 34212.1556075393217970343432121811716
41398 34213.0608000177495112581496473576932
41399 34213.6235558054337886447069450579637
41400 34214.6768629627967229247636467901248
41401 34215.0120849216117024552915555679083
41402 34215.7612603137770935801490324118775
41403 34216.1454021626562120398678377353764
41404 34217.0619507300666990936613481644038
41405 34217.6373791718545176884478603780104
41406 34218.7474581015577049838156868942046
41407 34219.7495423391652781422008421491728
41408 34220.3983458176887069734378663254687
41409 34220.8498638530791335475375796750030
41410 34221.9100770667736473983277815960307
41411 34222.2186790401425865359261364973215
41412 34222.9454696598792813184493777408842
41413 34224.0739683893190689544557590975140
41414 34224.7112751094087632931395376127057
41415 34225.1062106923241570393442645715802
41416 34225.7216149907090917940234138442055
41417 34226.8357609633073023950434094376960
41418 34227.4444305687072829187092612925450
41419 34227.7782599519664492161010408131171
41420 34228.8732506760851997220353749201016
41421 34229.9075100387779026012560786107900
41422 34230.9452272118701066472488603018480
41423 34231.3100770851742246106852893466975
41424 34231.8080394920200191363577960969760
41425 34232.7187939930114061856375500850786
41426 34232.9695915421059497029854663672845
41427 34233.8721099598974472015279052339771
41428 34234.8102814705814222032652209944575
41429 34235.3961315158189669163287303890415
41430 34235.9469404845323642143901054576907
41431 34237.1388134214918358749946300724462
41432 34237.7259486214267244620712509999751
41433 34238.5217908444587603853877154954929
41434 34239.3347825433250223091172967177955
41435 34239.9845181173698475992227315849914
41436 34240.4591592680280513931218732250464
41437 34241.5363871293704824345114204169427
41438 34242.1514549584169125296185230721320
41439 34242.9492817542969156087578760559368
41440 34243.5981564271648348746602229269247
41441 34244.0373388666899121616478699863969
41442 34244.6127721793202562563091864521162
41443 34245.3047076900235245962549739075326
41444 34246.6444581936122365399031046120773
41445 34247.5386716541574927302335651409732
41446 34248.1250828365559682406114117921128
41447 34248.7145387759815865034060610218778
41448 34249.4524346983949427625024052710993
41449 34250.3985683839773659864866522722502
41450 34250.7242563038870055026590577736535
41451 34251.4261383046901652412785398438871
41452 34251.9468997369979788949315829380245
41453 34253.1706278028602524581378568424032
41454 34253.7790955545241146361234311582509
41455 34254.4349459296984425977940275713821
41456 34255.0052770066729127209120155653401
41457 34256.0420657805584359831951936179216
41458 34256.7330697619166302905099114114747
41459 34257.3673327072793365769274551480458
41460 34258.4437344850926141291555034942080
41461 34259.2051065601307445541106047894745
41462 34259.7136500533480888635167735560020
41463 34260.1483376616898421838410361465309
41464 34261.1033749690081209519170989061769
41465 34261.6401385722910448700516068533997
41466 34262.2366379328141673439609420441936
41467 34263.1432746437268663376713564308722
41468 34263.7572775374887609083333621570202
41469 34264.6884587527117901552071870306650
41470 34265.9973690040338805158424634854288
41471 34266.4604096815392762793364327575353
41472 34267.0944679391912568668863038092143
41473 34267.3640437457210720461510035737985
41474 34268.1513871373934276298320325101385
41475 34269.4092810164924757291146828255020
41476 34269.6565722241748962358299172159674
41477 34270.7100713573579089259812051059723
41478 34271.3741629726003894891051063910294
41479 34271.5950073954732003253169113788381
41480 34272.6039276286781793819348661058559
41481 34273.3812508316394416212958787651535
41482 34274.2369528547888745975425920702003
41483 34275.0111871640477132332819819964099
41484 34276.0466712348825319225703382351114
41485 34276.5032145323490434001574358139920
41486 34277.3603891734534489695696590362545
41487 34277.8810749894006863313728269674151
41488 34278.5848475477840177747864186812183
41489 34279.1841230004037122209900433397997
41490 34279.9295921963276184709627096757468
41491 34280.1930970152855235603780290318663
41492 34281.8096568990486784142335455943456
41493 34282.1573964469560394009187330562539
41494 34283.1847521492051103760895110757814
41495 34283.6409589318695825400925843588163
41496 34284.5375948123250462068048997117125
41497 34285.2982861285645445717294010201046
41498 34286.0544665179188025997890250059050
41499 34286.5416043126672786141369395603423
41500 34287.3397373314840146542175956948237
41501 34288.1936666953370363509905448467718
41502 34288.8114785048030420597890003076606
41503 34289.6612090334834748555632176223420
41504 34289.8577960770457422345528313037031
41505 34290.8741366343108769305198827938171
41506 34291.2397143763054094580044485797445
41507 34293.0666449524263553025511523520975
41508 34293.3886162110474328912571951612738
41509 34293.9666691326195455469098505643494
41510 34295.1049442566396523409418809100350
41511 34295.3719840242889572255976492151585
41512 34295.8293994275296420689993091720596
41513 34296.7516754364549311340462961178059
41514 34297.4705158772610772138966111054965
41515 34298.3681572218573130457512653300467
41516 34298.9320279898414638675387250818897
41517 34299.5097386613673372651737729910901
41518 34300.4932392485171039094619275276721
41519 34301.4982451797470834221433049775614
41520 34301.9962031615591864217957348837768
41521 34302.6838716125746653061529056266938
41522 34303.3712995385733170769297970554049
41523 34304.2608370499186918811889221872074
41524 34305.3371546208440274473123998731892
41525 34305.7851622590944492748188872112049
41526 34306.2116512313172822400304809206806
41527 34306.6262837280341416443548707221906
41528 34307.7044482207602247227814455912522
41529 34308.3835736162437393894864190072939
41530 34308.9357596615618811328629250163051
41531 34310.0906427600852214838880191473585
41532 34311.1497697618628402155867045498991
41533 34311.5183783849162924366978769579071
41534 34312.3854172164156875275895536931038
41535 34313.0073870749886423206979284686499
41536 34313.7698409844848993332880650140050
41537 34314.0035532271557792435861516386778
41538 34315.1773058397820338498582620809267
41539 34315.6419142544674944593436800996253
41540 34316.7875738200262095803552456517201
41541 34317.1149445456266182810014171361112
41542 34318.0805971632192771553933067649626
41543 34318.3948910001803224470150836587228
41544 34319.3428266705260945123302676445302
41545 34320.3735954340397684857528136364205
41546 34321.3718195741939744685440119265259
41547 34321.8774230776919379592582192418470
41548 34322.3877345561023793180763094123713
41549 34323.1303903246992682379637562027589
41550 34323.9011397331105432022339625364291
41551 34324.7922372299379230033606519122481
41552 34325.0373655520715858706206134882223
41553 34325.5925915256814892118591111100017
41554 34326.5637180805890800159493345819525
41555 34327.5576779682490315211993760087651
41556 34328.5498073263576397085513858657713
41557 34329.1283948157926216518492787406924
41558 34329.9157274226002167258345844575026
41559 34330.3453862797063714590761410696414
41560 34331.1300982195198482004743692467128
41561 34331.9149538347485348705351131231118
41562 34332.6997047922567311566324203384859
41563 34333.5362786508026181287795454833193
41564 34333.9649686212537241481091675225005
41565 34334.7710133571330475620963321384698
41566 34335.4328616752123522204714825006306
41567 34335.7739915769442813702379677468258
41568 34337.2434494674870691828594040545877
41569 34337.6138933763331474244017394913873
41570 34338.4856142158814573158021317253161
41571 34339.7073540259131602886752377195025
41572 34340.2534454512663054497292685789916
41573 34340.6126113163074706598035613962905
41574 34341.4057502367865182573218256840047
41575 34342.0563290793839015839441867344457
41576 34342.3697376431091438275177838592521
41577 34343.5245957597193106750542968392069
41578 34344.4075165279606993437335129974899
41579 34344.9653361901920280817788283211376
41580 34345.5673783986154830521529393849599
41581 34346.5350797477066194014263100019200
41582 34347.6002218025439573132483093579726
41583 34348.0058089005888119120573364391231
41584 34348.5400824254630957608365883576136
41585 34349.5375034130417219684338653556307
41586 34350.3226796856398144121885460499009
41587 34350.9885833655155567241999731000225
41588 34351.4917133158860809663181017533223
41589 34352.4851812211761674117481403391724
41590 34352.8956980284798342485514776948517
41591 34353.4910179294860765858930463144684
41592 34354.0376854851143517343484746942848
41593 34355.2788550849775879042695346951277
41594 34356.5599184827843659105918468813698
41595 34356.9230676781738578125640717128666
41596 34357.6589789153503740033529536769624
41597 34357.9645730427732433660517055825296
41598 34358.9901153551812241532993534884516
41599 34359.8024020862956320015720495625686
41600 34360.0758597054858660564672815306473
41601 34361.1745070784837091843906806654950
41602 34361.5449763886414842187864986048355
41603 34362.5044653337768750787973569371542
41604 34363.3672459151495829361479397869074
41605 34364.0601603495657220972735916998445
41606 34364.4767031627580818893937524226943
41607 34365.5822971242358349868816689825213
41608 34366.2669196781358643826121304350092
41609 34367.2508432029279909853959123708552
41610 34367.8137658121944292427750757693253
41611 34368.5757574841327825465418046423991
41612 34369.1339124087304831552556285985629
41613 34369.8567457480151084514667780722179
41614 34370.1422757489625751964501986712618
41615 34371.2970993561915507875651985682987
41616 34371.7359174200462388954872221805058
41617 34372.6390186646281982411353698119935
41618 34373.7920411147847325319387939907588
41619 34374.2600100492545612806846607205024
41620 34375.3654801968877950419568304291627
41621 34375.7823066441390741488566034425583
41622 34376.5646165333183120999306724843753
41623 34377.0587263228833519701909167492167
41624 34377.4445374061478103989421472408542
41625 34379.0177070512507433903044952051000
41626 34379.4999777297349687651363553526766
41627 34379.9190968847329153985019577169224
41628 34380.5540345494317742966909317282725
41629 34381.2826524906093979929392203769475
41630 34382.1205602832991365621109326920371
41631 34383.0316503229282374122091679536195
41632 34384.0438231394622437067251032886515
41633 34384.6360062372322227093390227719413
41634 34385.2399325218713681493822525689394
41635 34386.2822988676500203714925943844046
41636 34386.6522458671052577452870577931601
41637 34387.2588704451201945981166515571878
41638 34387.9466875455584082527354030973435
41639 34388.6289187485353557899658226444808
41640 34389.3306753831196321174714061043368
41641 34390.1648825130355664313587097126918
41642 34391.1258677987645278521703461758957
41643 34392.0462543653627123192233026951903
41644 34392.5268138646394844077794715865497
41645 34393.2956129328353693810094497527474
41646 34393.7582936027251624102251172835302
41647 34394.9050999384489701652144814451557
41648 34395.6597485809514233231659061752951
41649 34396.0483768118616985021160637673621
41650 34396.8591147063173375238815601347005
41651 34397.5339483756293175513646287820066
41652 34398.2130916164714821521224635240119
41653 34399.0089200937216716008358387592979
41654 34399.5876581603437886007241983036887
41655 34400.0191137713120883421377396821406
41656 34401.6482854335800195673120682266015
41657 34402.2354401442052867854760864419018
41658 34403.1024181140027017097445249549865
41659 34403.6497482791719239622744280647024
41660 34403.8859584039477343639998347735019
41661 34404.9182459319592471450189609937835
41662 34405.4875494015060762387996515721940
41663 34406.2688140961819867586649726774362
41664 34406.8693230665657877027922289446714
41665 34408.0593627574168322014092328299809
41666 34408.5337215828666602411690859641413
41667 34408.7816247881694310277709074040263
41668 34410.2949683497905722564832948316615
41669 34410.8275859335145915266775574432745
41670 34411.5631412815755798049988548414806
41671 34412.1184026955353064526031327457833
41672 34413.0977164946744059295588294628516
41673 34413.8210394294213459054750582625681
41674 34414.5231386679444524912388228351207
41675 34415.2892927244370105073812800302886
41676 34415.5964943081362210002664757886544
41677 34416.2433891726597564493896123227150
41678 34416.8107484913800159386706104034247
41679 34418.0875956255073204628828739083118
41680 34418.9868238002291165745623281696572
41681 34419.5791804208456619198593211137832
41682 34420.3930563653179533385709736797471
41683 34421.3276858425375753771730879421965
41684 34421.6543392554652142470492485737378
41685 34422.2908717286330548773236554638037
41686 34423.1371943275343577687675722913473
41687 34423.7922627271137318808451588372027
41688 34424.4829161851601785132745650180071
41689 34425.5367573381175695051323602563496
41690 34425.9032421431630995725173905111185
41691 34426.6324085109555985135457983762554
41692 34427.3928703149545723967206597002287
41693 34428.1939038336707771557543292665978
41694 34428.9427695363390639478432064976474
41695 34430.0660527899139337028869313873587
41696 34430.7702115947747040448242818340149
41697 34431.4829919420193244856752792144215
41698 34431.7301516617984865358959620566594
41699 34432.4566460317052250188304972262171
41700 34433.3419933642598681228052950302571
41701 34434.0161021226334705826719520120227
41702 34434.6112569678627794881492183259435
41703 34435.2792325460626390530089225102484
41704 34436.0784378037627763379878128166341
41705 34437.5743770749198527725196112880702
41706 34437.8053737637884547214462829820258
41707 34438.6277542748201614672975726615861
41708 34439.1114838948094823307508706847344
41709 34439.9895260381962083266458056295152
41710 34440.4678181306497880159718726562686
41711 34441.7661437800703509371564165425044
41712 34442.1039987220665102976106108252740
41713 34442.7873020516193095955075556436654
41714 34443.5193829141431905542827368724598
41715 34444.0398999372454448746611062675705
41716 34444.8610471942663607406385417144590
41717 34445.4887136873965984873073399757712
41718 34446.7035331838278731892516460263940
41719 34447.5858341037027882635659176598889
41720 34448.0860163990684677403790959523151
41721 34448.7199013097212129259632177641296
41722 34449.7413908116767321158398690505181
41723 34450.2930828473711974044548297381014
41724 34450.7492484108690237705953940259380
41725 34451.0712312003114801785900457821477
41726 34452.1981680480607469976534745612881
41727 34453.1686398687746706349718243250633
41728 34453.7776568008167612780857572919134
41729 34454.4433003864473765604340524634823
41730 34455.4150724764113878993258566720118
41731 34455.7616992546037336600120019014046
41732 34457.0958969178953433390898102229975
41733 34457.6541165325451313231140288073770
41734 34457.9135440386132732274890430716989
41735 34459.1878399215505082309936102392702
41736 34459.6140032809303394816506939566409
41737 34460.5490708923750483799616159035711
41738 34460.9130748465958022359216404523930
41739 34461.7151290835904244292662703074525
41740 34462.2176402240282552119126626804160
41741 34463.0129456381713756469893914589129
41742 34463.8627728836860386574442083049176
41743 34465.2326047585089358598468308619683
41744 34465.8433899738316920108539123910154
41745 34466.2967460300839116322570530498564
41746 34466.9776532230427509607864503472621
41747 34467.5731130473029121612730651936037
41748 34468.2733981253599179386183886503820
41749 34469.0399638766274203269531814059731
41750 34470.0430734633147725893935854704912
41751 34470.5210988993187218761932320751067
41752 34470.9672908550454253594829232436568
41753 34472.0093420996779823727916016809673
41754 34472.7462585950842671619422279900536
41755 34473.6014017258136511171906197104327
41756 34474.2745387543308335911227244889458
41757 34474.7579160283474178725741904792789
41758 34476.1685253735209955782536051838562
41759 34476.6098860971477450633723028693966
41760 34477.3854483350532484141370666452073
41761 34477.6945185683476579488735952663693
41762 34478.5107901735508177016866968832134
41763 34479.2522064468146295383926117258872
41764 34479.7390849725867524260287162593487
41765 34480.4828105869460937561001569226763
41766 34481.6915800356393806976835683592345
41767 34482.2133860660395324795848229419285
41768 34483.3212753649641899589648555840479
41769 34483.8143131316299243547134731948461
41770 34484.5970550899214715034331722713868
41771 34485.2497984855682173147631702320379
41772 34485.7934991759009345979386390432021
41773 34486.6660601692415299796319606931109
41774 34487.1924836163607234537574829025621
41775 34488.1779081218281734403229636315796
41776 34489.1427018946637753245318821339214
41777 34489.3574230557757305472894615113444
41778 34489.9266132824385610091439797488148
41779 34490.5672868126756312548949606964919
41780 34491.9750816062113726038379280296853
41781 34492.7571347874479684661042296253495
41782 34493.3692627077584873316187858579072
41783 34494.2583626157020401384732524453586
41784 34494.5742439656772522527187074740902
41785 34495.4977879603834408265047380032158
41786 34496.0898344373052991937698693791625
41787 34496.8214699008403404337512387361806
41788 34497.2532978247174768398642713891789
41789 34498.0007868096354451544852728131096
41790 34499.0803293819837205637012626049780
41791 34499.8558706654666454878285233407577
41792 34500.4343784949172163969769312068758
41793 34501.6876334812324714747286270159041
41794 34502.0240802214893875023741180799787
41795 34502.3985519606110555677391696635487
41796 34503.4714760286517075202762358454095
41797 34504.3648407411234133389329495142519
41798 34505.0605743960899817603063491077938
41799 34505.6977577441347933297061149610754
41800 34506.2125719220565423451793828753461
41801 34506.6641465894667502365762266448345
41802 34507.9023061614395041101264682247638
41803 34508.1932408918905301881152522703956
41804 34509.0602264477328460131972532794762
41805 34510.0886393419445401673861358394038
41806 34511.0891328876950263015308634227372
41807 34511.7394026758685349913806740716536
41808 34512.4121911925687682450754253088627
41809 34513.0811676141632541666061617499760
41810 34513.2102583152984891841739082014147
41811 34514.2301490328952277241459094398850
41812 34514.9840306555867071383758729729169
41813 34515.9330651097891939079672831310800
41814 34516.4614557278527188001755275536236
41815 34517.1451598883308948986799041238618
41816 34517.9066838923165321031618415311780
41817 34518.8248595635632630000895231063640
41818 34519.4723031369429075196987478101774
41819 34520.2789012966738876181197450141646
41820 34521.2822393369984995899068786373378
41821 34521.6411030394946627117737981403527
41822 34522.3562740895692164954567608737294
41823 34523.4129081921368263950912991869901
41824 34524.0348193493861601477314843445335
41825 34524.1466417631647787525586975464502
41826 34525.2951981180268669857739361519442
41827 34525.5766930319622835363327133283670
41828 34526.3563895441288802465920937596036
41829 34528.0494185746285270408817137925598
41830 34528.4654619618921374490668956051864
41831 34529.0255658833152015678370003548414
41832 34529.6298721872589049687042841583044
41833 34530.5962285583601539618246940351381
41834 34531.1519686928066144658321573623563
41835 34532.0268979874915926025785943846654
41836 34532.2074626406810246938007277420770
41837 34533.4958884416133575316244198777417
41838 34534.0405143660417650359195128321634
41839 34534.6193201772288905773823129000017
41840 34535.4949382028950207557548533125118
41841 34536.0526688214501867409980811162336
41842 34536.9045186283668524499701333647377
41843 34537.7175919342912494417718632184850
41844 34538.8338568877897165787609149484382
41845 34539.2969056082370457076080772146225
41846 34540.2583849813247333260947781112379
41847 34540.6136783116269453607125261683823
41848 34541.3746948012468749422011870532598
41849 34541.7983111432268934370845898234270
41850 34542.5214704867051090207926945815100
41851 34543.5863906880572061272812219985017
41852 34544.1168191058449295803161166245245
41853 34544.8705996516076850762187194482046
41854 34545.7349982320863276361968642567787
41855 34546.8953092542813488856560801847030
41856 34547.3817654981613444347516783720634
41857 34548.0359201636910915227998341826953
41858 34548.4244853465812654375800914226795
41859 34549.2497824865039507032022390810546
41860 34550.4054454262618075978509679154595
41861 34551.0044468380112746218487946401859
41862 34551.4630001292403966856714431357593
41863 34552.3119807194871709122577090420681
41864 34552.7272283028654529875114391778375
41865 34553.4182561079083540067286882826074
41866 34554.3555140331392632268606498629258
41867 34555.4027575138254406024507892641929
41868 34556.1388476908946588517070420104658
41869 34557.1536453470570642975664460611754
41870 34557.3909009817628429881766774709405
41871 34558.2855495290125944066426894963019
41872 34558.7105777458760970210074109855264
41873 34559.7478836943703370339068150738225
41874 34560.2512654913311711906965191496508
41875 34560.5278940600603477711794898973298
41876 34561.7719221305685608438206143463259
41877 34562.5140171826858631475401132314792
41878 34563.5065629295866089231114060351825
41879 34563.8011688095985680019056702570242
41880 34564.6488459350187989014962151802480
41881 34565.6587032991496376344754333778722
41882 34566.0677955017636570244644102663557
41883 34567.2134608592192021082855472389368
41884 34567.9133057866438301483413830494009
41885 34568.1810305073824049441420140729148
41886 34568.9192853161141393358117546784379
41887 34570.0110372702422806952936873448779
41888 34570.5579066095724450842196161108625
41889 34570.7458897097453916860909120796007
41890 34571.6136212912117905675680895058312
41891 34572.7838530843857874892066298321693
41892 34573.7220771785684861305364964069070
41893 34574.5869649071873249258846198726193
41894 34575.0595212263996519846248493876660
41895 34575.7702047965708734553157607545488
41896 34576.3363949162995773147811712967044
41897 34576.9106275750753836134988523146924
41898 34577.6643520016559575264216718914016
41899 34578.7541641012212935276894551456364
41900 34579.2895135008325923912466734713122
41901 34579.9358446802147669894733117601251
41902 34580.5755992843395653792485927098486
41903 34581.1827680593218689570274410136240
41904 34582.5280154866977433860821323488435
41905 34582.8897407120062435485133723855991
41906 34583.8927828119956528716426597876144
41907 34584.2400867645412286895411735769533
41908 34585.6066036048502431819615929099283
41909 34586.0572191298744197277872039465217
41910 34586.5528855424126156368332805364253
41911 34587.2536375606184410848430225822305
41912 34587.8140322273697346325126178308757
41913 34588.3120327142066360590399584162739
41914 34589.5996186119868979973432801446627
41915 34589.9831332971895221839819262063357
41916 34591.1472173206691957927887827707444
41917 34592.0419231306350309069271919392482
41918 34592.4372429034511776849831635155256
41919 34593.2146594933676670935822286145565
41920 34594.0909761017425905865834011698560
41921 34594.4673856009072774384341554773477
41922 34595.3145736366381010751553897573353
41923 34596.1084137654969545390831228558150
41924 34596.8723797492855701735313077033756
41925 34597.4079994054265141800132315829711
41926 34598.2103429001471162090615409077898
41927 34598.8930809025561678139811477125269
41928 34599.4996186880209785019400698125004
41929 34600.0779592773532535317080256164317
41930 34601.6930772862625443530190260556695
41931 34602.4065659252164206122126206061678
41932 34602.6797917302663632351127180088799
41933 34603.2813069977925498717225111142368
41934 34604.2387447360157369018687404918861
41935 34604.6621878477137116729539364499962
41936 34605.5491676194199108414620334641167
41937 34606.0751983359928284616562268705761
41938 34606.8129527825501609282279246314710
41939 34607.6044256293936128087710945760583
41940 34608.4213977774545193369538568762856
41941 34609.4880257218256169816583005658049
41942 34610.1172117638779504204904211365958
41943 34610.5666015990553796919342098751843
41944 34611.4240073382342628880655500809098
41945 34612.2120861126933541395383869140663
41946 34612.8317227952188693224142585353110
41947 34613.7910047703433401535788539366725
41948 34614.5291174903552982749614959872032
41949 34614.9297571667811895215547879367706
41950 34615.5739275561157995228218018183035
41951 34616.0731315154472526971507394569501
41952 34617.1006885858586245544239658235749
41953 34617.7981278092515143450719405255599
41954 34619.1045821188677861500312787534898
41955 34619.4020531884684149478305791709409
41956 34620.3647523437098327188372522896506
41957 34621.2090153978024901664754098340568
41958 34621.7353675621883937560658003677689
41959 34622.2038458729996072885200851696546
41960 34622.7742380080245071238723302581994
41961 34623.5990896701021389389334575278003
41962 34624.5119467067881181866509223773697
41963 34625.4729156345899661634382102965044
41964 34625.9710673923430042699179751209322
41965 34626.2598842523400981273524767034623
41966 34627.4721548189861830126201568733586
41967 34628.4611847461438566715101876870489
41968 34628.7453222766837312466326097085440
41969 34629.8536890301496036601045767601323
41970 34630.5206103420955364611501812540631
41971 34631.2745379988772842955021583636962
41972 34631.8071104440078583858299294490347
41973 34632.4601585173561054862834708185476
41974 34633.2279048943757984357166948088727
41975 34633.9006299087390894441240944757112
41976 34634.4530184275054051166455576684650
41977 34634.9425272404961324043605495707307
41978 34636.5409165212993446442785419313741
41979 34637.0957843574839750996203187371730
41980 34638.0568399690139874647457208210152
41981 34638.5677018370982491845945839606641
41982 34638.8776485715443591613573359101738
41983 34639.6350215493184833068359478374246
41984 34640.8467033214575055953935083636262
41985 34641.2680378775362103778327969859544
41986 34642.0559297780477022331628552377592
41987 34642.4496665141706700686440126788690
41988 34643.6167570564639761591874352050529
41989 34644.0276424664311761639096715947033
41990 34644.7430381312080314271917686326806
41991 34645.6330110095809447761635620446209
41992 34646.4227100093266521870130516611573
41993 34647.3260566851502453978266469640630
41994 34648.2544659027712686689286349966548
41995 34648.7516240300465347468575699189913
41996 34649.3593529790540710328970010814710
41997 34650.1969425048101067279902201681644
41998 34650.3659481273611076202705578922745
41999 34651.5028011916776743292035671925013
