28000 24238.3836574572939835889521987476236
28001 24239.8816156811728711343728929113689
28002 24240.5848012902941525874732200868814
28003 24241.1496940573641668921205579468189
28004 24241.8319270013364288377967123014665
28005 24242.2667617723293883986956965247325
28006 24243.1712169418684056923034252705563
28007 24244.3606208820263250197445818280991
28008 24244.9101708437619845358403323532534
28009 24245.2586911610942093959319641700836
28010 24246.5031247943626891947406296399107
28011 24246.6381710258060341844210696402192
28012 24247.6268373216980015296381946673112
28013 24248.6397360690159044581161636199246
28014 24249.7459574815127121288383338463582
28015 24250.2909055401870698167045263738966
28016 24250.9941562560747205413434418443926
28017 24251.9715863608252284515979960477928
28018 24252.2950470507274903465885593700640
28019 24253.3281804679810781526951557970999
28020 24253.5920178585972819541915224760243
28021 24254.3965441048890172112342190168951
28022 24255.1807219722911752448627539946122
28023 24256.4365123370059303337003311836462
28024 24257.1048035385672368297458148827349
28025 24257.8379779756119862699396725821677
28026 24258.3076862179544802139322380570639
28027 24259.7042974996503661075704337652417
28028 24259.9554988218197147357689829990316
28029 24260.7539056381044110724752820583461
28030 24261.6788418627380521650204385607637
28031 24262.4183698485810184373931568791846
28032 24262.9035513958565472041995430380421
28033 24263.8968505850153180721990807793292
28034 24264.3710550379962432472116117721882
28035 24265.0046094254915997873350252043908
28036 24265.7871286667429848411166081620218
28037 24267.3294751787401752197345004702703
28038 24267.8448338362082291382852609304466
28039 24268.6215573595282227187170815255658
28040 24269.4166011482519550122295961095000
28041 24269.9993063072422207077602294741867
28042 24270.2608664725844137903506215870894
28043 24271.3135573298367788851328126288582
28044 24272.2663970628467035578028354988471
28045 24272.9024267534360376494404246342167
28046 24273.7643565840146742397021827769906
28047 24274.0288389377179595611460321396596
28048 24275.3864118660362102240750995383237
28049 24276.3018205173587727349803556983087
28050 24276.6688148289241189860441147976077
28051 24277.4461363478285272146505663627260
28052 24278.4586241491070925299821780735293
28053 24279.3035594121675791207958046561544
28054 24280.1498442211013340699959893643590
28055 24280.4146310452384565413173768549601
28056 24281.0420492955854689969370182530457
28057 24281.8926807355264940238903118532074
28058 24282.5460745546133011426199549135941
28059 24283.4157198474300882933021578133632
28060 24284.5259082772932388090429607161641
28061 24285.3889804382615435185019443161079
28062 24286.1481427594813486946671251934396
28063 24286.8194663386827059099451369965704
28064 24287.2711096632577117667232736737687
28065 24288.3576070339606632530058917110985
28066 24288.8176891178954546266065836811347
28067 24289.5057126030262742156581561507863
28068 24290.3801657125799466483910514138160
28069 24291.5089870363936585038163109788414
28070 24291.8764260885684350033392710063813
28071 24292.3174707107880724369527660279684
28072 24293.5250420226212243534215298070663
28073 24293.9938603550341201199833732427757
28074 24295.7146901225582600979407939604699
28075 24295.8191234877438028053096867553302
28076 24296.8728131995964929557408290796514
28077 24297.0292915526889226967965468091360
28078 24298.1621603105256097702699026878019
28079 24298.8201265128887485318826027269719
28080 24299.6156604110946692107396901439418
28081 24299.7523626022585272221973046501586
28082 24300.9101128653504847171972175138677
28083 24301.9634546741520066838601735232830
28084 24302.6600486345397784173828922069338
28085 24303.7992225963913638659161306927429
28086 24304.2861981164405269628295440138351
28087 24304.7837682841802491460482909410044
28088 24305.5665019805058423527607819257135
28089 24306.5634450024550345701482685877148
28090 24307.2185594296022138748450656887924
28091 24308.1625709649868510697412333125076
28092 24308.8370172479306631079938393271187
28093 24308.9805728827990498302797508965684
28094 24309.9930099620600369167287719216187
28095 24310.7949565339544885007999152410406
28096 24311.8748280294992536754099781613432
28097 24312.5154843424013201346749763283388
28098 24313.5476234977613403805977306991795
28099 24314.3660474335693630229004873619523
28100 24315.0615944036126480437649101900118
28101 24315.5280694476327432211410539725772
28102 24316.1950721221294636559582841142324
28103 24316.6372103904587796595669110293257
28104 24317.8610702790858283950457463877878
28105 24318.4986614078279306895457813848508
28106 24319.4533129908419665454669980263791
28107 24319.8896889290122740830565375226015
28108 24320.9772972863912640434985161614302
28109 24321.7029040540777522581917381886332
28110 24322.5903328259325848228902806565458
28111 24323.1321236451993318011618868098308
28112 24324.0417967858577777819789940848802
28113 24324.8885226591525695290811290364294
28114 24325.4534925871169880579594489002888
28115 24326.1372488184295094254880235114921
28116 24326.9486406572711532585091439185941
28117 24327.5847276241025384034565468351946
28118 24328.2158977707041415967307633696096
28119 24328.6595938162664996648211913426921
28120 24330.6365636689126042913461877801365
28121 24331.0089353754701312101675581436642
28122 24331.7219123140722094241110795294283
28123 24332.2176886932765847433370876272143
28124 24333.0603030154499829687886691723692
28125 24333.9124238984339660737231220274163
28126 24334.3365057242292207484033488617870
28127 24335.4321361496493389223960284375059
28128 24336.0084207345094382524556792788656
28129 24336.5392292013492172608270563633556
28130 24337.8742937005189987174158819739119
28131 24338.1862382455395986276841115293284
28132 24338.9138427289186998389498830975639
28133 24340.1076327011329459371002473003229
28134 24340.6668039505059959852882727557310
28135 24341.6514195341423832676328690229182
28136 24342.5083946893293072040535557082112
28137 24342.9512036328204591002174892598265
28138 24343.8673136481766311160644508714716
28139 24344.1376428700193317839290736252563
28140 24344.8713109230741530641099370171409
28141 24345.8012994313622196933910062929607
28142 24346.6456075403325457996654820109147
28143 24347.4785486015073353230000222917318
28144 24348.4280443664443029126602406502375
28145 24349.1866740553723093993269394160891
28146 24350.0742068983571356136722371290656
28147 24350.6786748451530638051614027604485
28148 24351.2471595649316857291944777422610
28149 24351.6726271781668348763078414471881
28150 24353.0213059782494847927135201119679
28151 24353.8061154112271787803864577448498
28152 24354.2620946750746290477529506491809
28153 24354.9463160385342346013273462058945
28154 24355.5099256349804934120701656678789
28155 24356.3625218588900110747206128135064
28156 24357.5966898852864763574282327982732
28157 24358.2228511241625419763316996831728
28158 24359.2958595534504609074918697307087
28159 24359.9748180344747701270911546580208
28160 24360.2763454591779233386602563213317
28161 24361.2340915561207976828401583619146
28162 24361.9993644486099894410376882550825
28163 24362.4950447136843984751303409561477
28164 24363.1265077619541961487571367196131
28165 24364.1277867032329444231742223444326
28166 24364.8816046503040583920798643639207
28167 24365.8924364076349551152856419354982
28168 24366.9578589670814562704571675574187
28169 24367.0984079199789848947159875584001
28170 24367.9210786003241939296858313681406
28171 24368.7842659814935588855691108407767
28172 24370.1017830597572186228622783063761
28173 24370.3144737483390041174627398636828
28174 24370.7983564471075295568889284727334
28175 24371.9578380609673667423334487344386
28176 24372.3919281088945151746610682390209
28177 24373.3091707442780112810715232784061
28178 24373.6971666555304373232593518294432
28179 24374.6654807242592959702188413731483
28180 24375.8291663346433040573563571024212
28181 24376.8504741848626018575712821750526
28182 24377.4262095079524840416421360878946
28183 24378.0163921394335347078556206857507
28184 24378.5495233397556654874642141812839
28185 24379.4124043613517729524474042901025
28186 24380.0433451824198373125020204879702
28187 24380.6988941046829946815024306456590
28188 24381.9183366993370459551406536094943
28189 24382.5082439464236173387101043307457
28190 24382.9628838067774477505334828028567
28191 24383.7516407527414545543973338551690
28192 24385.2153825723006504268375512716778
28193 24385.3941839165268060779817436137332
28194 24386.4688374090792386249196481557104
28195 24387.0024001538031963231038998949759
28196 24387.9383436592859414177965733841025
28197 24388.9238867854945945118760435792366
28198 24389.2725832574774111417566476729856
28199 24389.9363706557687147905509365623606
28200 24390.5536519154614763049881519966019
28201 24391.1238275688095672979983604091912
28202 24392.2642576930178754478984518095998
28203 24393.3996576040711645436585492699545
28204 24394.0881707758026427700429586976170
28205 24394.7269031954590832726809965868180
28206 24395.6259320328310954348723234276669
28207 24396.2923960051505076340257848447719
28208 24396.6907261156844394828324764824531
28209 24397.6829327861410139092905530470820
28210 24398.4913166791840866280208945923394
28211 24399.0900767785146271255374477296197
28212 24400.1467442512848648224697740315652
28213 24400.2997823343845803474951361833240
28214 24401.7696699185560892296623222118148
28215 24401.8389404903852932165465968070879
28216 24402.8060754610065822162258725472588
28217 24404.1765904786367866065756419791792
28218 24404.7894993724615874896102573541066
28219 24405.5521604105043015036709953115488
28220 24406.1280242743748810040676406780101
28221 24406.8025496146263869112069783991396
28222 24407.1257619410795904437839262363642
28223 24408.4485469343970786567311129833842
28224 24408.9971898705152858513952612296222
28225 24409.3896427361160474231208450771594
28226 24410.5244091624049752656688544199368
28227 24411.6571442211368199815815335480663
28228 24412.3787796545953434284356449638707
28229 24412.9501380069444907667514694024891
28230 24413.6583580057684941518398967100287
28231 24414.4048570765387161257821569264127
28232 24415.0556667490826302454540816062398
28233 24416.2223346270471821120157713110733
28234 24416.7079739824991351748756371162310
28235 24417.5560055884777302221050472907101
28236 24417.8520922891659324935082335379668
28237 24418.8375563162134970062459253917140
28238 24419.2971486954882292713795447189912
28239 24420.4802265588073742986672743232221
28240 24421.7874772632747744756677290291295
28241 24422.1449193097889131581916573984139
28242 24422.6803639371744571561854700583247
28243 24423.9471843837010789657457151516394
28244 24424.4146142180412222500021492753872
28245 24424.7973181074171001007596639758059
28246 24425.7674562928073143646740717092323
28247 24426.0367289388274362445425316130129
28248 24427.5179684033243035721419125562791
28249 24428.0825401197404196215645555304667
28250 24428.8096097680209229707319743282991
28251 24429.4632537216620098779824337525164
28252 24430.5694484765508876925211286880406
28253 24431.1343546555409101096590777814433
28254 24432.0548165873032840967714553999929
28255 24432.7380298738500972875807606743949
28256 24433.6275753958450416301611167785468
28257 24434.1434706141865880365555365590115
28258 24434.9218577813283143922898958642550
28259 24435.6658658472204793701174028836364
28260 24436.1809141621672148548492358323000
28261 24436.8893806723260248023542365502712
28262 24437.7643167511617294609096077528729
28263 24438.7772244707635578526195741064118
28264 24440.0261053970329195290643988727754
28265 24440.6874227291497227983634019867521
28266 24440.9479889014466981743212204309661
28267 24441.6398704253513851578548623932187
28268 24442.3627388895822503573973907904458
28269 24443.3232082216742316301997404983816
28270 24444.1393279120513850098827090315516
28271 24444.7694761128327131588495202572556
28272 24445.4096033791801060361409513461406
28273 24446.1817610603952734040715187086494
28274 24446.9412419229282363359196895744469
28275 24448.0819571860530589512480944201780
28276 24448.5710553198900007902507618598158
28277 24449.2529772007202952287957538295087
28278 24450.6766803879363426143456461270291
28279 24451.0850681299799577538331183875438
28280 24451.6359589044126836687951980840140
28281 24452.3825316667413538420225676160903
28282 24453.1552865820815466433612206644148
28283 24453.7508762674401871253654258081976
28284 24454.1465949353561595372680501304406
28285 24455.4708417724081887755453053205965
28286 24456.2647870558929347428913702122972
28287 24457.1611952273958307885425283416718
28288 24457.8958491861869235435138831731993
28289 24458.5633730434592147548906074524150
28290 24459.3840000074047845835650612722201
28291 24460.2009040798697850298481873914591
28292 24460.4984135857704325901388702273415
28293 24461.5489631410723896424134827400160
28294 24462.2964090763067731368508809655922
28295 24463.1976785424182499553901392104929
28296 24463.7901070080173931889457386194695
28297 24464.3881396380049034695808723600346
28298 24464.7100126654078906993785205828007
28299 24466.2480604062714701870692452873402
28300 24467.2320072316061756205033677448080
28301 24467.8318580177192053822540935241776
28302 24468.5978775042759937907796932157032
28303 24469.1138913184917586440263541125788
28304 24469.9467917088939431548932403147150
28305 24470.7321906374109476093091157647188
28306 24471.0250976070278364517081791772841
28307 24472.0243740610501991469167248379469
28308 24472.9735106853493538104843255473940
28309 24473.3429099915654252972773438610814
28310 24474.7284253984565429530239106549221
28311 24475.2471692054772410512719100678328
28312 24476.2327363062634040822175380597486
28313 24476.6846986272952219345667968900545
28314 24477.3700964233252946795634017116391
28315 24478.3417473063274209232988406529139
28316 24479.4087363776153020994141302036818
28317 24479.9797081857360317099182230811583
28318 24480.3116974033838822145008301969875
28319 24480.8714200118120766992215173988252
28320 24482.0209877949165355184712060808000
28321 24482.6574960039634500837242671774866
28322 24483.2668029247019227121151638071705
28323 24484.5370718383910359252382947266699
28324 24485.4323737151770826236447698384872
28325 24486.1368503595423774810715556905993
28326 24486.7424604271245039263987356924134
28327 24487.5173005536442670520613031431592
28328 24487.9023049398289896407279352882394
28329 24488.5950018347980099545203647223943
28330 24489.6816618852068403547357419753674
28331 24490.5332780386356642733003879615630
28332 24490.9519373583811775234561360572766
28333 24491.9295622273077161291346873115927
28334 24492.5805051925951431791092880332299
28335 24493.3881221058704547828212432486097
28336 24494.2820056290788543585553978399155
28337 24495.4682181166990359564936271390247
28338 24495.6332203698373882242962079689181
28339 24496.6597957746750910283549996617281
28340 24497.1965049947705721488139245335469
28341 24498.2689153091280093098079791997279
28342 24498.6547762342081084597116748225069
28343 24499.2492654781943294342957566706712
28344 24500.0315239450020820829931617317094
28345 24500.5434333225948838515230341658461
28346 24502.3693130521284720787828921802891
28347 24502.7173597932937776536572185335835
28348 24503.4047589610954932899171638846662
28349 24504.4223245154558255304548393776093
28350 24504.5558033327429479740386111519660
28351 24505.8020214273756605959818873060968
28352 24506.2969717311776646247869525343829
28353 24507.0362249264875395904345475998899
28354 24507.9291330180744371494263192272559
28355 24508.7016685345486469945755836785265
28356 24509.2068366935538422922785843203543
28357 24509.9266992308685706792188192310983
28358 24510.8953221154026246567236581636065
28359 24511.6905309087996771444230885149807
28360 24512.4999063939581501373351877407962
28361 24513.5919806486247975893671984721500
28362 24514.2624571485081386888008317868561
28363 24514.8995484757972033086885028667294
28364 24515.4921706930060819008196291762732
28365 24515.8788334554949178315042050155749
28366 24516.8912579256910128375803823145437
28367 24517.5090741678249296107031251564471
28368 24518.5526948466759080713348526186312
28369 24519.3179418736823368319234703279465
28370 24519.7822297720363361962308457823849
28371 24521.2022144968600805404257423974974
28372 24521.9470533759821340889746888792331
28373 24522.3150704942904692455195209066502
28374 24522.7328150337260753964303391328335
28375 24524.0743242069396208167333427130831
28376 24524.6443603838745183064268059006412
28377 24525.4764637039984883695249126009111
28378 24526.1626697773282387234485387677402
28379 24526.8338779885329585925173638158213
28380 24527.2140684560589722408242182954670
28381 24528.1276436702407857480834612722757
28382 24529.0249258249183229061055335762594
28383 24530.4883300221530031805566622255279
28384 24530.7460430798281858908740620410967
28385 24531.8052237311760939457452180273759
28386 24532.1730730261906176402397135965554
28387 24532.8823282649702047789705018468280
28388 24533.8316245954529210472284353186910
28389 24534.4269236441064848005849138340339
28390 24534.9434726234350183094100008334313
28391 24535.7232352271348955281543053375197
28392 24536.9839546217771064896127036736047
28393 24537.4487718614337044242407055867621
28394 24538.3430788735703506230543395439178
28395 24539.0033190720002906442390175034201
28396 24539.7419870982786038204948219512431
28397 24540.8003278925027847746230726210739
28398 24541.5146728280667418379806908634657
28399 24542.2971155916955048650038930536417
28400 24542.7707562613806063110174675828456
28401 24543.5570224999365131655344447671783
28402 24544.3645243348961245213859860539909
28403 24544.8266027312938734556087192866338
28404 24545.6901871890368934547434588801197
28405 24546.2631972254388936531872097822671
28406 24547.5988480819764792168593915831387
28407 24548.5300260109522768660607297599292
28408 24549.1107233955323818496428544164711
28409 24549.8199437162500383584884868227182
28410 24550.6580059978364991015869290981847
28411 24551.0239468177520296382334666600988
28412 24551.5328432756899535292199837087404
28413 24552.9502256441598504078402960417506
28414 24553.6333753170122991429100428074730
28415 24554.1364196673197556629744011024690
28416 24554.6706208860006661461532296956936
28417 24555.5539690878058915280460880599474
28418 24556.5862077689368444762077070239368
28419 24557.3727589784460683908749675780501
28420 24558.2498111119476554041335057243358
28421 24558.7755607781774211328117054347582
28422 24559.8359511178980266888884325951563
28423 24560.5649413599473640643693468214765
28424 24561.2602853447923702460649237440594
28425 24561.4484808460846244796767896759209
28426 24562.3655427075893844076990562256817
28427 24563.0108007370980628355860560441401
28428 24564.1217803940861741042376894693211
28429 24564.6832230660145515892302237270263
28430 24566.1588248630484473378475145182915
28431 24566.4968110338591064628760167167417
28432 24566.9988450177461805123873076801128
28433 24568.1427101029036170029323564595722
28434 24568.6587217263180009086662952628005
28435 24569.3624813049388871646008901001988
28436 24570.3581224577509494539333681480721
28437 24570.9150128095734470907708734323452
28438 24571.5246858826919402721814231003828
28439 24572.5312259080554130573384592408319
28440 24573.1865732380928433835631935410589
28441 24573.5790936625254221985073588646172
28442 24574.4782575190175962789939693551395
28443 24575.8926387428499041218583735636440
28444 24576.7461033869012154968933777305500
28445 24577.3619118802383346291833651658946
28446 24577.5730768060922731819568866433499
28447 24578.4855532557001675923822045625439
28448 24579.4249010621830294621016383785380
28449 24579.7685158918140350756012438374747
28450 24580.7541406627782649278926872969791
28451 24581.3319705497268332560960253674345
28452 24582.4217090803206593720828387169115
28453 24582.9149205595285127157566234923722
28454 24584.2080441084772994141736417648461
28455 24584.5977041862426787126305172745002
28456 24585.5769182148386519456661256056562
28457 24586.0169803511047755914171563211261
28458 24586.8980797584056455043109734985274
28459 24588.0038059894892462808941312154718
28460 24588.4960030737340707913938858431334
28461 24589.1250947356061169014965793413625
28462 24590.0198053208335168686920748299224
28463 24590.2399325762568246904892386317774
28464 24590.9501344569350874314203923942106
28465 24592.4011340404181475039365150976241
28466 24593.0930971840739351591803193854375
28467 24593.8596706472453350043395909401994
28468 24594.7702447739600840221249690437986
28469 24595.5689281779565958735540407329882
28470 24596.0104628060516440317353100346162
28471 24596.6796143465662353396226883606219
28472 24597.3565875501316323432781729658964
28473 24598.0665327892500948010978196275954
28474 24599.1256850755625716919558604341342
28475 24599.9766953860448158396919811355715
28476 24600.3767771136167002168634267560189
28477 24601.0806444702389336077273111958324
28478 24602.1329321994741293365552720276616
28479 24603.0794886191315578908631363154038
28480 24603.4753318581850750001872906403246
28481 24604.9681945504664055795320345449595
28482 24605.1186665442754649097214194887379
28483 24605.9342691580364189423853568739511
28484 24606.5326767566995165396960924056685
28485 24607.3457149362414841094583556651188
28486 24608.1164963783840652697701771612200
28487 24608.7873735798684811616340359901308
28488 24609.0848031680335125355751423314783
28489 24610.5559612319048426696405468935074
28490 24611.5724228098035181585397635340472
28491 24612.4102572032550746832117345785250
28492 24612.7098587068858287132269954576205
28493 24613.3706635227495240738843381791597
28494 24614.0832868184104896795693618437349
28495 24615.1963994069408879982087561855915
28496 24615.7962734899779761727137632579445
28497 24616.5033074671017965149138441786843
28498 24617.1919156018839304793592676971389
28499 24617.8669790554365200456561517736924
28500 24618.6839195538087834454337202562948
28501 24619.4240625011470194862916281567676
28502 24620.2056685508860376295342262455000
28503 24621.3361586997988923817116755619603
28504 24622.1966701927444466959779184712838
28505 24622.6066734523516242089328734746235
28506 24623.6996694493681522639860355482937
28507 24624.1472255472690424021886287679587
28508 24624.8027493241023532642318085526453
28509 24625.1950413192676844627169807043826
28510 24626.1873460599954828949373493780659
28511 24627.0738397693017715647589262023592
28512 24627.9943975716073184133334611551157
28513 24628.7061378209583479403734636692719
28514 24629.3975234471453803610589219433124
28515 24630.3826276308178095243045546500426
28516 24631.2094970642288957752012451623811
28517 24631.6614481701279943498401210503899
28518 24632.5504978717303193483325166099612
28519 24632.9854914703237340617741846377255
28520 24634.4575025414050688769333854937868
28521 24634.7776271156535360094871421124440
28522 24635.2287583576789577773786472368395
28523 24635.9636698945507058797248757138375
28524 24636.8619674468665911896971476466210
28525 24637.3991181303678142941219920961836
28526 24639.0507594176217229959065331384769
28527 24639.5868081539538636740479578152223
28528 24640.1781953720761437314532241994297
28529 24640.9775675506126997926267519646471
28530 24641.5856341853729494105478363195906
28531 24642.2801654074153885752433229587268
28532 24642.8987271995608107501814782609366
28533 24643.8145983681863361123872503046589
28534 24644.6727899274523304685105358332998
28535 24645.0424536024183491030248346777817
28536 24646.0919478361736537379380234240671
28537 24647.0930562431083597745534200683970
28538 24647.8054446420530195664518215937438
28539 24648.2616674879503681778782307519322
28540 24649.0842414964496178227063520348767
28541 24650.3822002550807077502475656590612
28542 24650.9138062920268588701708163701693
28543 24651.4386802055572949879867012846451
28544 24652.3778066852297880206661188439009
28545 24652.5154684892387557399534267521771
28546 24653.6488299092247846403720544450124
28547 24654.3329389368077211101697302961589
28548 24654.8874491082527063619719548528025
28549 24656.0606883142229255797779536337720
28550 24657.1353051809289386040764659695570
28551 24657.7694207688595154704094585037287
28552 24658.4623487943753600369431053313004
28553 24659.1410726740381923057667457940511
28554 24659.6245045029665944059269031612442
28555 24660.5348378470940286138328550373806
28556 24661.1579091881032838109020294235964
28557 24662.1437250402995133532327050770493
28558 24663.0171026628123514452885779002550
28559 24663.4720295573580207468588372142540
28560 24664.0952776610017847402852334016128
28561 24664.7638172181942872748003115802871
28562 24666.3385237904463510655452858928794
28563 24666.6302682168260877481735916412261
28564 24667.6368431845546911008757238854527
28565 24668.2744024782756690792739718827250
28566 24669.0890291973654528603371024372450
28567 24669.5799867632498685292590641394554
28568 24670.7683507630811808596187550517375
28569 24670.9995700146681729044271903390605
28570 24671.2509109109806541180854787773372
28571 24672.5363568468946428331423387673832
28572 24673.6406944282648831308753952141269
28573 24674.3780384645789132471177888638285
28574 24675.0737847087694732141470294446566
28575 24676.0462902849896536278810122955865
28576 24676.4567708229422865041905450606133
28577 24677.2083841151205909398502527282317
28578 24678.0240434358000063989344101924355
28579 24679.0384549986105096606485704871728
28580 24679.6097052317080592993229447085771
28581 24680.0416478856019965049628194022025
28582 24681.0454815054138310509094663020854
28583 24681.7365025995748024356038629451331
28584 24682.1992504953700369990758977357460
28585 24683.3700088441082734305893191973067
28586 24684.0468272852799764677817221499954
28587 24685.2534904929296848398294345061210
28588 24686.1351661421800025171765699569224
28589 24686.4950605868578238271844605572526
28590 24687.0289014399410468872170810761012
28591 24687.6304745638093701131182687325664
28592 24688.5650931589858369173334857008252
28593 24689.2691049197727301684272648564574
28594 24690.2740714193314909495406856725402
28595 24690.7283943080311682857851199191334
28596 24691.4773191268851702108641033513030
28597 24692.8717203708287278213036742045956
28598 24693.0935033253574569318701694807923
28599 24694.1546853121152317876449657365625
28600 24694.7307065369782243881621333699147
28601 24695.4381989611715002687203284324969
28602 24696.5458162270716233554983109738940
28603 24697.0697391971754688653072833203505
28604 24697.7802961062534499265636678146280
28605 24698.5303423425442035543264822554150
28606 24699.0041246979815897577779071882303
28607 24699.6665364193320452621925039203700
28608 24700.4617458733057157684662604114747
28609 24701.9025904254376000292245867476325
28610 24702.8080817647228851328749535661166
28611 24703.1577420238338088156137534414161
28612 24703.6986343527978448449742987856173
28613 24704.8782452003522545203381752960706
28614 24705.4397778572133004211930336935934
28615 24706.0101747664008458150561655078900
28616 24706.4775188317829289708373851106738
28617 24707.7816131441061311649527474902334
28618 24708.2689765537112233202634239148944
28619 24709.2634842024874178147669414127182
28620 24709.6768922107752896274290160417809
28621 24710.6811519307343652441528149643912
28622 24711.2578347677755053109691450844982
28623 24712.4976477916485557133849822389284
28624 24713.3296302722674024417528128643655
28625 24713.6120902970768372977199879355118
28626 24714.8362375722104081736806925154799
28627 24715.1108923280528804575376103711524
28628 24715.8404011528183866532969080248170
28629 24716.5365967170894746744484649602701
28630 24717.2505231626974371643841847823996
28631 24718.2225385141566888929216604008016
28632 24718.7236231155812589676544270510174
28633 24720.0410131534167630275301094046665
28634 24720.9393081901376043681816432470557
28635 24721.5098554939476270222861257378890
28636 24722.0467879372831078141150847982552
28637 24722.7463455491545188888471299178067
28638 24723.2989073033902728871692517635073
28639 24724.6013378224031639881617919546266
28640 24725.2291265151423322642971601595962
28641 24725.8324424999430954903981593652152
28642 24726.3969187515063219703978697246922
28643 24726.9755501158976358655087659721094
28644 24728.1578032354184654940034461869019
28645 24728.8358124431821756035730215616669
28646 24729.7006202098192240905324650428451
28647 24730.8568648441307133970390440452467
28648 24731.1935345122782837747654830800721
28649 24732.3273303987681441328687253399963
28650 24732.6099102362615807113641738775546
28651 24733.3048018289749730752218948357340
28652 24734.0915645767595638794844481810080
28653 24734.7270501067952074635154942063826
28654 24735.3709366402699314704448509416864
28655 24736.6243372812885606478551677073541
28656 24737.3925639564441470333243549274690
28657 24737.8995305251933549188736674759622
28658 24739.0491929473075913869884994077885
28659 24739.4006176849286388325718323112251
28660 24740.3623608162617581777919072925314
28661 24741.2120125972122058634933003588282
28662 24741.9776402939271277513155978060756
28663 24742.3246513492538016904129313220187
28664 24743.3213249607566105368991254138136
28665 24744.3356181251337348170332971225691
28666 24744.5225065098448127714602115737525
28667 24745.3142444047704564355477047647983
28668 24745.8043277813955215864443652123910
28669 24747.5310950505066124042305134182789
28670 24748.1348544057669050028332947451024
28671 24748.9002455850127985937583974958060
28672 24749.5162345989991812937980876517154
28673 24750.1858558441118132908174599987514
28674 24750.7148921586208634843784244597367
28675 24751.5590014419225146909531212901981
28676 24752.4850781934900747344470847795705
28677 24752.8989424648147454685624932584692
28678 24753.9855197445952252391261778657044
28679 24754.7154544781353748192758897226142
28680 24755.0985608578152070264409345770029
28681 24756.5432966816506450983773136640019
28682 24757.1423047991041198194395963577355
28683 24757.5473151170503381614410041928322
28684 24758.5167600542994131938472009261874
28685 24759.5887318406658949376528779076994
28686 24760.3693553379184388084554387566856
28687 24760.6452904168286719031599472264077
28688 24761.4732252988653209838801718588382
28689 24761.8298661625668798725073349182923
28690 24762.8456474314423661701541669180113
28691 24763.6135732503112096525317034356638
28692 24764.5979592188565358920321252404384
28693 24765.5345367598670855824205354179733
28694 24766.2231689537378822339797140238539
28695 24767.2646988785572477363022212394644
28696 24767.5876777791142368545093230014697
28697 24768.2900151857986333711039851029416
28698 24768.9933619723439518202087466950231
28699 24769.7271980894268830260359707858479
28700 24770.8217376664696722117891152747621
28701 24771.3471479520195033466422174262573
28702 24771.9916941009981022404835720813688
28703 24772.9118164751723281900891019954811
28704 24773.3678812741168244472879170321705
28705 24774.2972967838175769268079177795952
28706 24775.4040834926772714341765059109033
28707 24776.4195317227884645188072710619842
28708 24776.9740255150533350704482968222054
28709 24777.2718280603278404880990628144996
28710 24778.2433678118450428592754198890246
28711 24779.1467381504667664270028824139995
28712 24779.4909174323090843015094169688664
28713 24780.3016510275344730093064736348363
28714 24780.9680045460102914038055840667402
28715 24781.7617240938731358092715874292170
28716 24783.0852461242493474774264243768780
28717 24783.9512021431614568020468392318736
28718 24784.3210051805955972847000660356036
28719 24784.8116521562657489055905938515184
28720 24786.0994325298907501688572786568370
28721 24786.4394956683862075127826279123562
28722 24787.3831993568523819235694320944051
28723 24788.3221879290586954765822328037192
28724 24788.7280216474709986397246091745011
28725 24789.6240991940903116925641666870879
28726 24789.9252445439393615631841765684391
28727 24791.0757393298214275490564999960270
28728 24791.5784685511029717557288327523432
28729 24792.8967005502828499705325310328426
28730 24793.4978135765819357526206730416654
28731 24794.6205305608846095367821381620351
28732 24794.9810052842211686475353392486140
28733 24795.8008638656862724967061045821300
28734 24796.5750602220177480281256470961655
28735 24796.8179354915122979246711662254187
28736 24797.4809570292245121637505563516166
28737 24799.0483048792869874792557532383733
28738 24799.4271484899067117483881733321280
28739 24799.9244478379386379355416359983409
28740 24800.9826528215013436498206345876125
28741 24801.8052959643490498737823888337997
28742 24802.8662306795990033062151683721600
28743 24803.2084428097498870708077109224845
28744 24803.9525818661416595751448920211809
28745 24804.9950575292319783469259898933516
28746 24805.6497415277901977682401850331513
28747 24806.4201252637068934100771153408688
28748 24806.9015003306183564201539971478356
28749 24807.7354243360611436237351455513561
28750 24808.2511507777412146838876069304477
28751 24808.8688488484619785329634520671797
28752 24810.2032414241699493182752503140264
28753 24811.2507911889066069592414908430568
28754 24811.8913469384882006280168227230782
28755 24812.6243007291135718120959577263235
28756 24812.9430971387049965755803121458102
28757 24813.8002294641849311042255349503924
28758 24814.7163088038068941358065718268145
28759 24815.3940108893950892163652598159760
28760 24816.0596860285568941660109685216656
28761 24816.6941310373177080117401162414063
28762 24817.6832339556657691885377806296426
28763 24818.5323953820355513899145487483405
28764 24818.9847020353737891063695733656025
28765 24819.9244514863547983508233506361668
28766 24820.7552149476220112524792724210494
28767 24821.6564078323597988954678875843441
28768 24822.7602141232675696087659642522359
28769 24823.1190268961803556225468523413387
28770 24823.5234022896221708653586120970783
28771 24824.4293660343653010363958829532352
28772 24825.1710430560805697368575477384867
28773 24825.8896362394268431374465521477552
28774 24826.3215855866315848811172103742804
28775 24827.5773468190669324275199281054716
28776 24828.4739505496034694990125686382394
28777 24829.1233846160642045788092961705652
28778 24830.1354164137533691708477137980897
28779 24830.7546100825801776744755636836588
28780 24831.4584867553788983775490492241332
28781 24831.6833518197377572886414517812015
28782 24832.9203233937210157735825502562666
28783 24833.6550894430680250914159125258007
28784 24834.6168579077810444682320291411176
28785 24835.0403462505527995949471292082355
28786 24835.6111802453984049139803144953254
28787 24836.1858241071761423751526956882477
28788 24837.3703809677594146180116631036653
28789 24838.5306049981461514783313681210504
28790 24839.0676491274294909344173260518315
28791 24839.7831497789349634532570269704024
28792 24840.6495490425941570330340915578159
28793 24841.3654120766678804450159502262760
28794 24842.0828966493377830705228047471824
28795 24842.2941644622890991587614009217189
28796 24843.3692461716495933398081295898356
28797 24843.8915104786858952656230611240475
28798 24845.0577563689254644073407873985901
28799 24845.6590464293168328020196832678497
28800 24846.7107593310197096731813204649180
28801 24847.3885696517607612786925181072344
28802 24848.1255104781334713488304652145809
28803 24848.5756244330121172355790519425153
28804 24849.8177469952894317026042636993422
28805 24850.4125076082976237940007238131532
28806 24851.1599371511813754596019457343032
28807 24851.8059980328115707352722137612955
28808 24852.4002790125585672338878918202910
28809 24853.1668898678168789308241887942861
28810 24854.0036248327451505694857736410455
28811 24854.6836542896289940284934303232425
28812 24855.1918880707997953824111790032802
28813 24857.1518131389191377636034411333706
28814 24857.3322178492457042174628086433839
28815 24857.9121216763300091959537491330888
28816 24858.8257644318762647205776822477903
28817 24859.2188615723827972553410177080813
28818 24859.9840502561441806655705715034980
28819 24860.9121365399152190863467534254233
28820 24861.5511300538751227119918566649551
28821 24862.5981583967385528738398195151354
28822 24862.9588027927627586868271736065527
28823 24863.7268907614798049910226106500272
28824 24864.9682952105106933555355947639184
28825 24865.3939095123222088504218072624154
28826 24866.2961893016021079290483201309636
28827 24867.2179887388479540611035952451801
28828 24867.8526889038054059258647717273414
28829 24868.4824050896328127023166725041295
28830 24869.7611510928102233233710676885997
28831 24869.8855132056037147161031144265946
28832 24870.5179426017867747413226903993208
28833 24871.1204695064152811954093209922412
28834 24871.9438605777039689348336342307744
28835 24873.1430408489415053389552199657934
28836 24874.1406213922736876608056693550001
28837 24874.6863348436669592291616727070735
28838 24875.4171651496623020059443714260844
28839 24876.2335556027589058174961614019708
28840 24877.0332240830790192288039027532075
28841 24877.4994161302507137714316506401746
28842 24878.1437309463470898013579648336269
28843 24879.1779970628257777026511040098105
28844 24879.8829639912652876943051340449095
28845 24880.6975172415636384662212894244882
28846 24881.2863814306534968726543383943915
28847 24881.7712311542966519953209583760497
28848 24882.9597735933535290806803995733626
28849 24883.6205955729729391112520835288499
28850 24884.8192826274819509528347926063444
28851 24885.3975424999394868776577600063359
28852 24886.4070509000829317552762925475119
28853 24886.5558819060602943095502711934582
28854 24887.2423204942200715603278699561960
28855 24888.0967291796997556151059501123726
28856 24889.0592109834985778628936256062398
28857 24889.3598598655849071346515337520604
28858 24890.3729622466367703798163754706926
28859 24891.1217492241062172400368069751085
28860 24892.3785027029132832560675723324048
28861 24893.0192572316142034091672252373885
28862 24893.6596328106162130439482658745857
28863 24894.2496858814664916100169599951747
28864 24894.7409012368914872242474647257997
28865 24896.2037158452513618588941893545667
28866 24896.6811345631956330194111420015435
28867 24897.4962084900208712113627957706381
28868 24897.6080349874581031694863696511383
28869 24899.0146987151114010029795077346135
28870 24899.2098220596753020250779786692745
28871 24899.9610806000170171153619294491862
28872 24901.3743414684132713728109853472707
28873 24902.0574492990601186436860642964440
28874 24902.8398621436029304874262756855801
28875 24903.8084630861862889298726842118513
28876 24904.0304977205810607699306682684490
28877 24905.1140625603828518904859522175488
28878 24905.4342829804112785323806513503686
28879 24906.2503032683009169462646700386298
28880 24906.8502263783682706223802801861499
28881 24908.0629465557767594524207564725637
28882 24908.6944355190124621480059737668372
28883 24909.7084605202933543078192321952544
28884 24909.8002396061370117580885926039659
28885 24911.0953768145716153234938389245556
28886 24911.9989062117772692209547970844817
28887 24912.5828679514205466343828813512400
28888 24913.2858315466039569979951747883072
28889 24914.1380825831710716303665256944143
28890 24914.8257684875961671696986473243852
28891 24915.4970227604276997306247401956709
28892 24916.2971122654822827582569058510340
28893 24916.8076466193072741162621743754586
28894 24917.2491310410530484898476904990361
28895 24918.4759284539759874484271423695859
28896 24919.6657412170858055661027900091681
28897 24920.3752804330404727561223148233226
28898 24921.1597225497067314000983464023561
28899 24921.5562178445611807000845076133957
28900 24922.2517462734279555794953002577442
28901 24923.2244053040135553302358342110626
28902 24923.5163081869332096910763444260064
28903 24924.8892651720028835914983067198813
28904 24925.4675546181171113787529289165558
28905 24925.7766650505866639351501733778578
28906 24926.6722367567732003821596251562311
28907 24927.7487794575504342863248463722584
28908 24928.5538519818900603211519406370553
28909 24929.0153509301653165211934145393975
28910 24930.0046032426881196495037492199283
28911 24931.0911975639253687052868708670733
28912 24931.7520089944445508692333438526402
28913 24932.2085961055825519720971644240251
28914 24932.9534612384652358626986441941353
28915 24933.5655492288288811253884787963498
28916 24934.0262699690560318887210754859766
28917 24935.2575736160998426857342992568236
28918 24935.8149802282709949396624489284630
28919 24936.6932304454357642034255025405563
28920 24937.8580979586373192994342437802078
28921 24938.4769285877456985596953180398313
28922 24939.1223581502795152684045245255179
28923 24939.7541314162817617035502362926126
28924 24940.6746914404762162073689592548565
28925 24941.2592700315566382231003181536103
28926 24941.8918410336875265997631910540211
28927 24943.0939460665494839742783632631837
28928 24943.6042355221487415387978627358103
28929 24944.0984028299625331504769918711063
28930 24945.0454512860108783976271852487366
28931 24945.3136989271045953841512258990158
28932 24946.6760655756150924127852529192267
28933 24947.9974714789018078224562895456848
28934 24948.3136336304383303880497077229742
28935 24948.9215566046462813242716218678690
28936 24949.5981649358059672238023288091747
28937 24950.5857219571552568048259356418088
28938 24951.1384909818381434067154524355351
28939 24951.7272466315513404885672498702125
28940 24952.3479931731457058123348615306163
28941 24953.2819628183259589567834305853749
28942 24954.3026445453573849316923569452102
28943 24954.9915674860699383348273793367982
28944 24955.8118024210331810762819479911128
28945 24956.6678655882737534094640183159239
28946 24957.1852849063760853105856564535893
28947 24957.9186605628225884817117550188553
28948 24958.9693713309457280872890480025681
28949 24959.7505725530531726651195074713734
28950 24960.2432308656966550357433117295770
28951 24961.0365740801465233255538841619409
28952 24961.5125690573148040601928525448337
28953 24962.2280198461139219657525095008975
28954 24963.2743709601465931040168678872176
28955 24963.7372031106802348401401139396581
28956 24965.3347379287355647018280539877433
28957 24965.4371566510437091021726395870203
28958 24966.8434759584675864150207423857813
28959 24967.4408493508470241340173016112721
28960 24967.7039751521032152547593047704233
28961 24968.2286040397387910998446679075442
28962 24969.1965491572556133467913543474254
28963 24970.2991344742783809500308653662299
28964 24970.7617465514741185535151777183204
28965 24971.6141030347763451967937862002432
28966 24972.3068774747292273046890056846700
28967 24972.8736560740675281290980481588371
28968 24974.1629816842137969421936114007921
28969 24974.7407530726742168908667218317816
28970 24975.4487500001680480444314458889774
28971 24976.4123456454214782504270108886241
28972 24977.1182319206524614061018419830787
28973 24977.8081686586232794579821781151991
28974 24978.4165158005068589386720813277431
28975 24979.1056646818664673018294501516303
28976 24979.9580391962217728039144924974696
28977 24980.2961914919588633092236177052170
28978 24981.0303692953063232832598325615202
28979 24982.7560469336012855667094083302777
28980 24983.2357937786715695789081983180670
28981 24983.9074643445766714289356940741578
28982 24984.4624960047082040075313721609023
28983 24985.4799386068432833915259108287931
28984 24985.8792622705699354388025330262540
28985 24986.9368340505905670494827827793506
28986 24987.5849520978316671226364510425427
28987 24988.0517399512760645215613268089100
28988 24989.1826123024097182162308630657536
28989 24989.7472638966614523034700514144284
28990 24990.4500486418543456570618694457161
28991 24991.1114587856087456120965378084175
28992 24992.0128113673161604051451510450507
28993 24993.2007092781463277055412961547162
28994 24993.9146565482442952777684918473802
28995 24994.5732976017318397150820344100178
28996 24995.3062785236163486044088242512728
28997 24995.8131360173466520246513583970600
28998 24996.6274267313988643717607546952259
28999 24997.0372538837623638828910593609961
