15000 14040.4598770729345721354791960826195
15001 14041.6662805352004852778501502641025
15002 14042.6442527544759637809379005162210
15003 14043.6776638413132569075907531629751
15004 14043.9634207149916909186727973454437
15005 14044.6814109362139593650342119720266
15006 14045.3725279965819809402680003225448
15007 14046.3892064914670599360120847055628
15008 14047.5441278574409932064903248796974
15009 14047.9601416508693615300686142251238
15010 14048.5976898291755104162648528881129
15011 14049.4556772301932993182768294201487
15012 14050.4532659780667573337164586579744
15013 14051.4415352411071339291516182722531
15014 14052.3547967450943936393885664626560
15015 14053.2325942990787262422317182622427
15016 14053.8462839166144887121865985406790
15017 14054.7549383040133348108264713276652
15018 14055.1448957800395326266048066101065
15019 14056.3100449436119741838490672073140
15020 14056.7556557876639666626285847089294
15021 14057.2118401721997988968504221880058
15022 14058.8530530036088537291018494552334
15023 14059.7179251445940327961195399995578
15024 14060.4170683857943565544127468204491
15025 14061.1415569802253883197286333889896
15026 14061.8697526480869849225352077698217
15027 14062.7617481151346744777352974409845
15028 14063.8057848706137167000145631069008
15029 14064.2726389060851523230878409473089
15030 14065.0142449345550294990067373407968
15031 14066.0352180986452426091360231282929
15032 14066.6876663093201591101959946602730
15033 14067.3464684940036165186789830258344
15034 14068.0194749119328772827078690908619
15035 14069.7237026952470918550373879044315
15036 14070.1348139967673814081240386644730
15037 14071.2628076619227722494652517564956
15038 14071.8587612559096505664674725011066
15039 14072.5806394747448315372493846091948
15040 14072.8356107647911471272763944809878
15041 14074.1648844409481504367715119996024
15042 14074.6253867829868974245939466288271
15043 14075.9426195665705387609693013789210
15044 14076.3907733769590236402901636731301
15045 14077.1668221474895931626895626131959
15046 14078.5354541021411654385814909494595
15047 14079.2061709228242726252942672915417
15048 14079.7889657742399876916321017858221
15049 14080.5127187348835053701451040665563
15050 14081.6972150490763611082911591297964
15051 14082.6335423476770566712057315602486
15052 14083.0176070212306959356301067425031
15053 14083.6021954100197168785337912119038
15054 14084.4343060267829572451599430507482
15055 14085.1416954555292195265967622492978
15056 14086.3373752353795414988707157867539
15057 14087.4951470796224210504560907784500
15058 14088.2761274205531034942867285829463
15059 14088.8549020634530674247466899189191
15060 14089.7665498319996412112844280899208
15061 14090.3389636678601752023418986005468
15062 14091.1545108333561051901176586835439
15063 14091.8837906860393305512368230572506
15064 14092.8264102819198960420564838022890
15065 14093.6000061938610874733697897528633
15066 14094.4327284628986895815548795740499
15067 14095.2545381273780579173952973455978
15068 14096.1091288619257895058358660872136
15069 14096.6857570528946597804997799677969
15070 14098.3778496958413005323642393316106
15071 14098.7172469844782561265698002182429
15072 14099.4060452475064752022041332913186
15073 14100.1279133074120778597933865812225
15074 14100.9459251811369615955078212521744
15075 14101.8121486719684243365211962463181
15076 14102.2297830197472932645392726079887
15077 14103.2413346773866919223410783480063
15078 14104.0347864248081295473972428146607
15079 14105.5880011642012962230552509815188
15080 14106.2604465274034046563800639439314
15081 14106.5158025213354378337913571610389
15082 14107.6577923563510704971414060293998
15083 14108.2276371272556427920165879448853
15084 14109.0163416111537677310719362417757
15085 14110.1480992007881823361954926225280
15086 14110.8538771058733260031872326599931
15087 14111.5586453665321497880935431548091
15088 14111.9790590679965044358822141112827
15089 14112.9047098443334518445064934367587
15090 14114.2029467149341589792777056050045
15091 14114.9306599093735837464594227054197
15092 14115.8916094823937453659410121791589
15093 14116.7186662339156955497327141209243
15094 14117.3683951651408191642004421438362
15095 14118.5225848566557527217275706910099
15096 14118.6449678376429804131603534548731
15097 14119.1562530151810819586433753987316
15098 14120.3608729725649688656521714421170
15099 14121.5201648343328191144423664362818
15100 14122.0268792454094451094470270375165
15101 14123.0703044852690350626047030443403
15102 14123.8679539394652390624920928337201
15103 14124.8878129977236279828340401746878
15104 14125.3359376835800145665356403781196
15105 14126.2712892663788384259048794137686
15106 14127.2473363223492448642889860633531
15107 14128.0600277228803556417903660773904
15108 14128.3484845334007543481030881393297
15109 14129.6553402953990640162104262392168
15110 14130.0696903393360306528356195413924
15111 14130.6364794966995110338726552117051
15112 14131.7807546910845216091969812042840
15113 14133.2421129928531611835323493108129
15114 14133.9718426192806490392643008760610
15115 14134.5353720890241064816455319274737
15116 14135.2207078986804840293103088853234
15117 14135.6952939242460792043660743811769
15118 14136.8926118892993087843544157746027
15119 14137.5696022467559664786006962313407
15120 14138.4679777981054008190141450640711
15121 14138.8493736076016032558207509929596
15122 14140.3008684647240559471940546988085
15123 14140.7338981312974967657217165315521
15124 14141.7947482983219874165104241604600
15125 14142.6527156557308694278014371575997
15126 14143.2245175563798611135824210565603
15127 14144.5660307953346715939369919366668
15128 14145.1195618096588125426116399124071
15129 14145.8192961781037517926181921283354
15130 14146.4533982607913815729163094509835
15131 14147.2138989522942096460429674214157
15132 14147.9144674641370423598965650280383
15133 14148.6381042710582069676992639847003
15134 14150.2746468686756173078104984087520
15135 14150.6748127471813062871443445214075
15136 14151.5952152377667390395313434554909
15137 14152.6519470135368530498657123843866
15138 14153.1280918565576043195579045277840
15139 14153.9595663090796153678708994120148
15140 14154.3355895332875020878170308283586
15141 14155.5768972516028692319215661140640
15142 14156.5662290201779908557276500806058
15143 14157.1120118226068771778034781338091
15144 14157.7707377914070646185102144806549
15145 14158.4151642743984642571609549880026
15146 14159.6492283841099204288653167574495
15147 14160.7622031592412402955616695346317
15148 14161.4406999892644409838599569338672
15149 14162.2185781345835553267688929259588
15150 14163.0372688419725859213200665317909
15151 14163.6261158983083552915404710705508
15152 14164.4782914925848733201851589835163
15153 14164.9815513709122032910146253956447
15154 14165.9552004606294145274868123124240
15155 14166.6814841927108383901587998547101
15156 14167.7542246022180427449861731712767
15157 14168.9647779265255489315390877181409
15158 14169.6546536854936789891759470941513
15159 14170.1456020704743050442680332687765
15160 14170.7193556472299528184086904019999
15161 14172.1586593333834217247306747923990
15162 14172.6272409660463283489844099339180
15163 14173.5720659233987480080920332940056
15164 14174.3695479923222279399192628923081
15165 14174.5377944049520801798234874981923
15166 14175.8123141218853330382112662868017
15167 14176.6674277352225486627323656131554
15168 14177.1548397064624495247658048312229
15169 14178.7832495678829260923343866552624
15170 14179.4229416554602242919432572183826
15171 14180.4181140781962732621089507409432
15172 14180.5361321216985873360274961901131
15173 14181.6002799983086681615145891886244
15174 14182.2740009704145914374648953536953
15175 14182.8292852921541583719949732201561
15176 14184.0420401649422806929283166071276
15177 14185.0293805531147160400443788434367
15178 14185.3260476387768334923348721615814
15179 14186.5025446222412481658047858012053
15180 14187.4541475265851892012820852263500
15181 14188.0974510823403357889203886160796
15182 14189.1922970059072299117944252848798
15183 14189.7347904593012879155282099124185
15184 14190.4583816390102295764576978731345
15185 14191.6615434264603842939429346356376
15186 14192.2204242298593906440493201401868
15187 14192.6877045531509265869624569202526
15188 14193.3658063578764749189768047572815
15189 14194.1742389359038469246796595929477
15190 14195.7930511121236944130365626358413
15191 14196.5989510801274995395397572142784
15192 14197.0744051547146036531371036739476
15193 14198.0868782974676989998676665961777
15194 14198.6306617324570833774469501405121
15195 14199.4731196217626240022103877674964
15196 14200.1477730690181261953207034613749
15197 14201.0971593839605276633405486243917
15198 14201.8415480415995231811905133795652
15199 14202.7498898900127241894919117243444
15200 14203.3035169273824629853463026542408
15201 14204.4084993286026975683910104161605
15202 14205.1453784185201796167571250904320
15203 14206.0296109254557739342693599553842
15204 14206.9713195446034753777513269483552
15205 14208.2954155285798900497746150744508
15206 14208.4527406589822992204402337239067
15207 14208.9909140674373061628342090895606
15208 14209.8368963763645951585922367464739
15209 14210.6968846580907764526752133967913
15210 14211.6664952414792658793456328197499
15211 14212.1089270759655453386766733994783
15212 14213.3902551617396767337541271954047
15213 14214.4147951857264130047834381153173
15214 14215.2283300619925090889600113454742
15215 14215.9264277705504993697709688551203
15216 14216.4941444030984488980603132016334
15217 14217.0658572421700781112453576289887
15218 14218.5217613219011978218892860318807
15219 14219.0609471169373367523004179729600
15220 14219.6372620184229468372750761627615
15221 14220.6471170596870802929106540088353
15222 14221.2679971580682696467716852524786
15223 14221.7362854139077537609287456422745
15224 14223.3089022808998940879984929544338
15225 14224.2270072044882063223425616727189
15226 14224.9685799659624204533366713764560
15227 14225.4861923476196674362056885040480
15228 14226.5791566435402762158857902438401
15229 14227.0664642450083475884477310896127
15230 14227.9828626477113151120245349128536
15231 14228.3468121970525611577087168308856
15232 14229.2507274716749067027906144020560
15233 14230.5162390435364376608570076194426
15234 14231.3015989129852335646957402108236
15235 14232.2565635914800529031537378680959
15236 14232.5717199813510290474242456755664
15237 14233.9932819156070004111597023247283
15238 14234.3986395875123890438505341594572
15239 14235.3745424974270369579283601431271
15240 14236.3697836585642452402604152921690
15241 14236.6956709777495694418234097675787
15242 14237.7805898255362233687875571341750
15243 14238.3780360444107512866446461849039
15244 14238.9427117420405915036912409696688
15245 14239.9497464108863477998895485751199
15246 14240.9448029143003225178842262712193
15247 14242.2318239067638711780764806530613
15248 14242.9946675757673640272792464406035
15249 14243.5027436875766298727057952824673
15250 14244.1486551056601195323008875123722
15251 14245.0700168282666882670274805238827
15252 14245.3684283992199289219981437442247
15253 14246.9380885887324291370335446214283
15254 14247.4132852357761076144878358404124
15255 14248.1420359306080714484335932980746
15256 14248.7194176149238988721920665613718
15257 14250.2466527762773544349675707154580
15258 14250.8258627986786748222982939353376
15259 14251.3830713290406534713822923202673
15260 14252.5314530270852164356344626486090
15261 14253.4786300673695937018658120827553
15262 14254.0741953358751793842201374271323
15263 14254.8639573423677727960750934471979
15264 14255.4975578745964747133864810974960
15265 14256.0674065184778116319763719418872
15266 14256.8400124966985805842461110965626
15267 14257.9853630319249260605236437170450
15268 14258.9604097928823747851893944639012
15269 14260.2910930653730692768711616075997
15270 14260.4293451397241635167023562353711
15271 14261.2082476532338277276027187079522
15272 14262.3205877876910903549659875621004
15273 14262.8699899436091421567883125026441
15274 14263.6868663697984965779797361566253
15275 14264.3327716152005383702900637893004
15276 14265.6039696090769524906863505725473
15277 14266.0108059185787309854619090717752
15278 14266.9274999803611524382514939501162
15279 14267.3981988686005389569207142251827
15280 14268.5846515479791550798186431657454
15281 14269.8876049551817035631023215901091
15282 14270.6925846339541423383000597405826
15283 14270.9436206949139140045648271569522
15284 14271.9745832069753094034150400804300
15285 14272.5809815161524646577392419042924
15286 14273.4275398554167351429680434763678
15287 14274.1166750848040846366731929856370
15288 14274.7532263095897705304489219953242
15289 14275.9158238196657272868005824337148
15290 14276.8061386542674711225567849782818
15291 14277.7446413952694637131726693390571
15292 14278.7272207770118742582161436673123
15293 14279.1586576896922948598147011317925
15294 14279.8183458284904715399724224517637
15295 14280.7947390947058123437020883639529
15296 14282.0017255344038849103991593633733
15297 14282.4884280405590201798666359852060
15298 14283.2071737932616337143796037305972
15299 14283.5689985988859953482676817145521
15300 14284.7572394794506091408369932140570
15301 14285.3933129399260770512605245895551
15302 14286.8745181873369109789614445325451
15303 14287.3387262615141192469271057379148
15304 14288.3639223628047728591587825284881
15305 14289.4343305928542837687392898139275
15306 14289.8138558500454949037026897929400
15307 14290.1987619574967178696730699883159
15308 14291.1350898728506685643166162611868
15309 14292.1760649721613175565706771546116
15310 14292.8357038038630208951976576052943
15311 14293.9354617155103967051125040221030
15312 14294.4841405510503498085762187406825
15313 14295.4580702039559433451942233170794
15314 14296.3444390310395134317484984708079
15315 14297.1298137128642062924230768990923
15316 14298.0981132603514754246959183444160
15317 14298.8335682034980338506206818132801
15318 14299.5887957751981362466279522924278
15319 14300.2732962706078092551079450625577
15320 14301.0186958463513252499800036026847
15321 14301.9381780956294657000662220804547
15322 14302.5314410938279179897960497734536
15323 14302.8805947005234970981670751128627
15324 14305.0566773628410171990390613242831
15325 14305.3910544405627300580799049745239
15326 14306.1493876030261864802349717627461
15327 14306.9380641216483471673039689325519
15328 14307.4177352664376274929358693184983
15329 14308.5506490059649820630565213543175
15330 14309.1852285477604915459362876113486
15331 14309.9764716919617735486665873613631
15332 14310.9752204126537645106766593980064
15333 14311.4110751278313230771294434974047
15334 14312.4956570490128859385487748194039
15335 14313.1678791392687438967359087074550
15336 14314.3068050855473451403726956353955
15337 14314.9156560367207966450185952299660
15338 14316.2515195538835980496876904482117
15339 14316.5705014889096631410562710519912
15340 14317.6904630894178966909678331832560
15341 14318.1289179444481870032026422631324
15342 14318.8305535315285005037759478999087
15343 14319.2824658962516647262877178729327
15344 14320.5684773912086155748226688727792
15345 14321.5507796376564407523084131807841
15346 14322.1410776017813281903910387607532
15347 14323.3220643489616862518709133700773
15348 14324.2027109534921709919630872793259
15349 14324.7642696887116508352769173609749
15350 14325.4996566789056926083649550584603
15351 14326.1513582941759848027642822203090
15352 14327.1610985134138741871430395832251
15353 14328.1671961671534109749195358410824
15354 14328.8584214849785532353675390501412
15355 14329.2653371970136819997868932566253
15356 14329.9790665676581425322712791066504
15357 14331.0896779080296414462129890017248
15358 14332.0917405552010088572076198577301
15359 14333.2161484777418142538698498565500
15360 14334.1924660298574143072160453763995
15361 14334.3030799522626344923881547203423
15362 14335.1489286607896327078605064550401
15363 14336.1644394814938342320337819172521
15364 14336.9207193590094261997100366329754
15365 14337.1949675812251961908918915140712
15366 14338.6059270598051094063033562756852
15367 14338.9458189821155064949752997832131
15368 14340.5780008724544999142828326265040
15369 14340.9324017204879093170913462600948
15370 14341.9317886774828829244299274645734
15371 14342.3052088898360545397361089326632
15372 14343.5925160617516695466078232128809
15373 14344.5843736373139056965451444409843
15374 14345.0276224441406116692859164776476
15375 14345.6406617378142131096328471867075
15376 14346.5946049883253876747773898354144
15377 14347.3694756688541666091498243495540
15378 14347.8661631007729901893542990850866
15379 14348.8303238824030857442343126764906
15380 14350.1003112416116736321126559386097
15381 14351.1120362351975114108917737796244
15382 14351.7114937341966434243137375747050
15383 14352.4519082831735610180033822086613
15384 14353.2841693549129473473958726149993
15385 14353.6841334648549892724882632626290
15386 14354.4556089212237690543884153113684
15387 14355.7209356671648763764113954629425
15388 14356.3816013278816803279306631990379
15389 14357.1684126291580418400087662699357
15390 14357.7492329441316044467223143137945
15391 14358.6726337443426989113232733496350
15392 14360.0650385687257251567385916138657
15393 14360.5695435179576593347534623029839
15394 14361.1501383039998641043073953374972
15395 14362.3295963254243242809449006321878
15396 14363.1688971586872563920563882950232
15397 14363.6326474645240416798093171921624
15398 14364.3513439085089528400154652143049
15399 14365.0614406704731844904728752301682
15400 14365.6686947110151106864355058259760
15401 14366.9117962752279190495265538399646
15402 14368.1581049171339174575015769583656
15403 14368.7623658338346694227995185645210
15404 14369.4249290798719939430984717794928
15405 14370.4680810185461397956276117473325
15406 14370.8390535388599574726832684934297
15407 14371.7009708266378820971028721189861
15408 14372.8938406170260508797841488300122
15409 14373.3982877270235755483739889493772
15410 14373.9766347136052107922561772509073
15411 14375.0542166952392220854835699477683
15412 14375.8467112432069280999382139669884
15413 14376.4484284927677979046930545849867
15414 14377.3935542235131495758094440626418
15415 14378.8136629330176816446921752081182
15416 14379.3813267592294516336370732317136
15417 14380.3026903568318326204280912801597
15418 14380.6520959647383247129199771796751
15419 14381.2755348117096873192680941160023
15420 14382.3123998889805466562354344035222
15421 14383.0816839468347434875114988465035
15422 14383.7695261407862640887823894420574
15423 14384.6871663925658202564704628281133
15424 14385.7412647036301405164177183586384
15425 14386.7151204190805653072548377759192
15426 14387.5133686050423233063358105286600
15427 14387.8651723352473335619367707393157
15428 14389.0408622116156370598412835956819
15429 14389.5783563054956640333051457342709
15430 14390.7160703876900248202487958178930
15431 14391.3848961236400391593129711109837
15432 14392.1940965866991382084462076065697
15433 14392.6359239614848824107615925591007
15434 14393.2174498762049689603624559350828
15435 14394.4655260279381660546154171624900
15436 14395.7665108479460087794619913595319
15437 14396.4706022535604203093226918612742
15438 14397.0617733190944655423729355878573
15439 14397.9334715922768047101579517854990
15440 14398.9873266428039132101182993177607
15441 14399.1315872499132154607431670360848
15442 14400.1934228244030058476870882982874
15443 14400.5416876474246709570418267487518
15444 14402.1658838249485206951838129435644
15445 14402.7520598293863797566216143591475
15446 14403.0889255792786344976255353955931
15447 14404.6625310405845221169524385317778
15448 14404.9780340640351715741986216573476
15449 14405.9477427684172103833924927260411
15450 14407.1371937865412033994757373259274
15451 14407.6603804085321013110430357009072
15452 14408.3657137402455172424002432269166
15453 14409.2819645077605389961838831935282
15454 14409.7355427390750713586975337026146
15455 14410.6226450198502883950405504507666
15456 14411.3890085745438169303323252032878
15457 14412.1334869664362063923320291148791
15458 14413.4215052011720841717994713557050
15459 14414.5734926609181314518001381788051
15460 14415.2586429085059312073705632761807
15461 14415.5832256756630959338314238597865
15462 14416.1967742866039874334051245262864
15463 14417.2666282625917439490054691336090
15464 14418.1933918132260000082510669786632
15465 14419.0647082121813066577867723385201
15466 14419.4970560963131487441213331004564
15467 14420.4572535130992798881081074591862
15468 14421.0647353572238600291175608243272
15469 14422.4968722685931509098639123438769
15470 14422.7170572821944200435602028420171
15471 14424.0840046792535380829729335869628
15472 14424.8217400113772479352425795485340
15473 14425.6288755052940987325565568363118
15474 14426.3897711570845966604009642864379
15475 14426.9409085306542049290841392521092
15476 14427.6794875686315286556465091132596
15477 14428.3670446702244254537281390983823
15478 14429.1089556670417721306350160169211
15479 14430.4201794147123033674678187032309
15480 14431.4693465853205050703621357809796
15481 14431.8260282056890580709096001409902
15482 14432.7950384911617111789381587945899
15483 14433.8511874419311133822075821862603
15484 14434.3220111361309959303006246810024
15485 14435.0493263526971187262433794643602
15486 14435.9844522060897652164975868329225
15487 14436.8979617873571783138304787183924
15488 14437.5302676789093615634181391297050
15489 14438.4425207066878228393767546696935
15490 14438.8368112108151448095125662281868
15491 14439.5798473641175800035179399293599
15492 14441.3727342369560032560975478732238
15493 14441.8246797108550274431502348016776
15494 14442.7660654985991571687771939979569
15495 14443.3523991764674609323678215892294
15496 14444.1529429381842936217118221170103
15497 14444.8221203717528143771437512284665
15498 14445.3602572084819176089388567378253
15499 14446.6531915969491377551124822003898
15500 14447.1098406871535855903305075847874
15501 14447.9225063397939771620762014701191
15502 14449.1327947508033343990150543417054
15503 14449.9516241281076122322244727707631
15504 14450.7051225032017923270765819429213
15505 14451.4182678028157367501666379188261
15506 14452.0056716979371913900476310858913
15507 14453.5791665683946002850414751350020
15508 14453.9191493199205148910562943703742
15509 14454.6434566118029220384823920997719
15510 14455.0777437459458535280931777641941
15511 14456.0682955606783599169127400247921
15512 14456.8736212416902118370382101168662
15513 14457.7047745642306759888095869813481
15514 14458.8920726974302651934338072047332
15515 14459.8539253420443837047971852717060
15516 14460.7230099311214054748159125986068
15517 14461.0564399775013426742363528960338
15518 14462.0498957334288500029478784288787
15519 14462.6166084384886409497585493644166
15520 14463.2892870121380999822576464339965
15521 14464.4537792119765323488667158521846
15522 14465.2009970928593167270765724072785
15523 14465.9303724790557690468703383797719
15524 14466.7432080264436860185727564146673
15525 14467.3975475217392853920417278312435
15526 14468.6132348734682052277855347728640
15527 14469.4569558924497848905804121211162
15528 14470.3844123429712496671525352111634
15529 14471.0755492969132418807520829455677
15530 14471.3975228619302685507585280789140
15531 14472.7892144232636194755353942152385
15532 14473.3671648098104297949395609165410
15533 14473.6208972694391241069598020066155
15534 14474.4466420864727225624788321539933
15535 14475.7576812461335652799233240016538
15536 14476.8814463906953345005142164056618
15537 14477.7209107451416797071004611512902
15538 14478.2179001232664594123116579000491
15539 14478.9899115357326180340699360129493
15540 14479.7140050707685537254015641432023
15541 14480.8417208237534231313658594312283
15542 14481.2100252776285131693361892589056
15543 14482.4973632206134097413544048984167
15544 14482.8441517131918782980678128670456
15545 14483.7207361662542482218673151122742
15546 14484.3289001729296470469275979606967
15547 14485.5811135302555406604623161052184
15548 14486.2918209433415712814392101443156
15549 14487.2016004860135341076752437245775
15550 14488.5359577458166758494515781135344
15551 14488.8357331278255744223645685609607
15552 14489.5513397652214040669995209456135
15553 14490.2543506652023017335262558017943
15554 14490.7818874977800074799100373536954
15555 14491.7896118942220195908260271528084
15556 14492.8418202353967062341079868858542
15557 14493.5570136772066135507544632386322
15558 14494.2078892934868272516900483190719
15559 14495.7089178811507183082293270468406
15560 14496.0352094362956369339423398616739
15561 14497.0234387246928366420124471972685
15562 14497.4048893508743361898905107611757
15563 14498.6936742313316857733073783703042
15564 14499.3435591421897780030481751135340
15565 14500.1497004321613783210672068015916
15566 14500.9201739118685374632574922443556
15567 14501.3564887038619636876316865251845
15568 14502.3688386475694173529302632370911
15569 14502.8331136201976477120598550370611
15570 14504.7440894396987402494112560587700
15571 14505.2783836804715926315533007670347
15572 14505.7825115985517107123496786251619
15573 14506.7195078681739963045019802735719
15574 14507.3573236826858124875722981472574
15575 14508.1538858206467287845915997954094
15576 14509.0326402326602843716781615313401
15577 14509.5127000461876141594698466314707
15578 14510.4796291308359891082529870062066
15579 14511.5196004003891588262178355029355
15580 14512.3689923379559404015769523590806
15581 14512.9776199433412855584823607285817
15582 14513.8127157499613065885504797195855
15583 14514.8538210757917079615432497467249
15584 14515.8810553272415437407716404525296
15585 14516.2694027249468742524019059560859
15586 14517.4428000007169814990342567214781
15587 14517.8925538580591285357534628000790
15588 14518.3261280444122786180363389063724
15589 14519.6355337979290627677885955744998
15590 14519.9066822015602716007149318057690
15591 14520.9889915154605178077586147668857
15592 14522.3816245751593694321942866516777
15593 14522.9316207539794228761861355972556
15594 14523.8756893811464058019551509594542
15595 14524.7402563251330605036498095926112
15596 14525.2383171866519339998277748471231
15597 14525.5097983661623338139337499616330
15598 14526.9651220587771444027805889015184
15599 14527.8667882028050627995192797054614
15600 14528.5745063688034215187430059251991
15601 14528.9194116164297156075288539085078
15602 14529.7641471807241731543606141717625
15603 14531.0601337909539811088100346695101
15604 14531.7454799464803591524310494886379
15605 14532.8850023573527571956962791774116
15606 14533.3561970941532585224451343186077
15607 14534.5001475172882448497836655418750
15608 14535.0590252869878094289049168636104
15609 14535.7822187012925248458873859166839
15610 14536.2846698828755584731403709733139
15611 14537.1939384280583088981322885882633
15612 14537.8781296985941575835813147644762
15613 14539.0763732171476530972420554736223
15614 14540.0042168404699984254763612967450
15615 14541.0418560567756613898028377004047
15616 14541.4056771240115871726785537721857
15617 14542.1975406378396537280876763561222
15618 14543.1497988543050406486419128593233
15619 14544.1709298424477126411666330188939
15620 14544.6373052255094284727361571438085
15621 14545.3809830682458809118910471900937
15622 14546.3032956936486693902426548372275
15623 14547.2779344788158717568809865338074
15624 14547.4825632550305768206517692148367
15625 14548.4852927274836103727871178216021
15626 14549.6169644519949688773170215658513
15627 14551.0907368486715607244369447799695
15628 14551.4022842414834845306439329269132
15629 14552.0151179350656312560342289460993
15630 14552.7028336476992479453287017231632
15631 14553.5790258927764370814696199371777
15632 14554.4066455095737028306315075415982
15633 14554.8872861139618961858715436341823
15634 14556.1393116658990851802593142523792
15635 14556.8048302256207009509341348563842
15636 14557.4980486357930563963980913304205
15637 14558.7225401140330470062767403597424
15638 14559.5643552052546433301566143718952
15639 14560.0188237713085607152861650804929
15640 14560.9067562950111836731295651957521
15641 14561.9205613271466854638746192552940
15642 14562.7989911964547130669639784117048
15643 14563.3637101138079072108368506017554
15644 14564.1261252547182436721322204060786
15645 14564.6955600894903315554882325401124
15646 14565.1497911362272363642762854431034
15647 14566.8348471102414904165729551922213
15648 14567.4886526269548980902598417584933
15649 14568.4888044660034194770524292471929
15650 14569.2577235223988258843576395686836
15651 14569.9738362035544291405848910531835
15652 14570.7901340383145061499791453503035
15653 14571.2647690231385784069228714242239
15654 14572.0086372041121306048162183410161
15655 14573.2032494394137238567620762149701
15656 14573.8574206914470677070967906545805
15657 14574.5889707805365882097707538894357
15658 14575.5055219616174375418629869180280
15659 14576.1230787555599108818383872077380
15660 14577.2458600190504046099657511966154
15661 14578.0552606815720797052765962225363
15662 14579.2221265872315495030465857130322
15663 14579.7120658713773211489495128217907
15664 14580.4344898793442829375942185320171
15665 14580.9539991987764740767237041720080
15666 14581.9990376936357110483550155783049
15667 14582.6467940027958396269228779282893
15668 14583.4220964734544314075841028865752
15669 14583.9994360796963735243049762437264
15670 14585.6802560417365902338183898641082
15671 14586.4926841501587638590700075549605
15672 14586.9160022555017635839101599775231
15673 14587.5699173446938522057105682099329
15674 14588.5712478451450817561511381006449
15675 14589.1179201083403730452378010570581
15676 14590.3867031566799186817508153375042
15677 14591.1502155322745359339190198982738
15678 14591.2957914342135943254679996959515
15679 14592.4630318385095633210959022915868
15680 14593.2091902242396854447650134958369
15681 14593.8781530240354130350356427587785
15682 14595.1698591103852087834487684724402
15683 14596.2457784887515686245199191816724
15684 14596.5464122972572647359601205043222
15685 14597.7104492521754970333590441289438
15686 14598.3950347268042572581686757776230
15687 14599.0203608926417029503458723554244
15688 14599.4818137963102167644145469899410
15689 14600.2405974606794206601741672315657
15690 14601.5780360792238059629481839048281
15691 14602.1973247333146004957076358664071
15692 14603.2466843259816713448670094768247
15693 14603.7648448919563638533077051238739
15694 14604.9225289341566632481592129050230
15695 14605.7598805045450468958090627035666
15696 14606.2474103616044710247354345205856
15697 14607.1819133824783021520842596463162
15698 14607.9565452635879555700416470970403
15699 14609.1815330263522044882434836061222
15700 14609.2830366267562883862860001422155
15701 14610.1062460573912944122961652727949
15702 14610.9814369291818051974882921703864
15703 14611.5802335306588258550652911647466
15704 14613.1555977206539532811459504950040
15705 14613.9728469566849204399487935813864
15706 14614.7516519528993807568134199231928
15707 14615.3726659598238875260732208253709
15708 14615.8496468558420398406217983001380
15709 14616.7606424690474018498254021826465
15710 14617.7033315171450974576675157932217
15711 14618.3663146543155213122634335790313
15712 14619.2129494006191586311323149886588
15713 14619.9374612013469098294438910688023
15714 14620.8383298850138329227515025478495
15715 14622.0310821974520416043107065330017
15716 14622.6226624436537859412498892930708
15717 14622.9977197625750815572583939824063
15718 14624.6296886438039015427479412994893
15719 14625.2248697890421469467354019692454
15720 14625.9075137095335545466432844437752
15721 14626.3569138167762718103215232158991
15722 14627.4392105003106559799583780463358
15723 14627.8156505268497677804745720100466
15724 14628.7918798568137154169164254165983
15725 14629.6236227624080476115035527549970
15726 14631.0464354497410163395609658454773
15727 14631.4567383963569255356245255959257
15728 14632.7220934769593051061765965114250
15729 14633.1490781482848977097262924725569
15730 14633.6911396085648947814530302646762
15731 14634.8077551774499493261221262089655
15732 14635.2752625299285824024297914752061
15733 14636.2407681925879260711912632865095
15734 14637.5296463281676186644479173044099
15735 14637.8343673006063394335777627392479
15736 14638.2062353130807381828518008116511
15737 14639.3418085901233467152722792339106
15738 14640.6254416036533363549793149731672
15739 14641.4720167324048936005148232675215
15740 14642.1979451649651137723303558331916
15741 14642.8467997140529251976229665797087
15742 14643.7118669694965111098721602902593
15743 14644.5274386043206917037065319330159
15744 14645.0677193821545220740357152763205
15745 14645.7196969263107184224409494268873
15746 14646.4879327471020771173281428706012
15747 14647.6955591793791215745246391034913
15748 14648.6452707349947214811849829473059
15749 14649.4543704082511178414559910418646
15750 14650.2899632450286042903687189430595
15751 14650.9014489798380016711685225835063
15752 14651.5882436993839531709791314734026
15753 14652.6184153032038516082960007814723
15754 14653.7095401730272242060403441619769
15755 14653.9878983111986868364853846854503
15756 14654.8795477915065350867020766373300
15757 14655.3923139693217258057899736890090
15758 14656.6349342079393642223879612400572
15759 14657.0573234664250524573057607328995
15760 14658.1328257969337742164134542101614
15761 14659.4677379343770755359221441411992
15762 14660.0913899619166382776285675964615
15763 14660.8941338408338730519513566580072
15764 14661.5077226150377698158662835915309
15765 14661.9443406006060574786642972327459
15766 14662.7641128617949176814341683352506
15767 14663.9132338397074085052122024193367
15768 14664.7434754359586245341861741662835
15769 14665.1628102688853722026727759603446
15770 14666.2902487299707231013046142471215
15771 14667.3588533512700367740420357954319
15772 14667.7835024498845400917250722323742
15773 14669.0102430665912747938378265498314
15774 14669.5518498934820323074417494597711
15775 14670.3570002341689931526033191728198
15776 14671.5016811287455758604736232594888
15777 14671.8436989942349256515510100634177
15778 14672.8867954429334968113131244735333
15779 14673.3004368897584022869256916231138
15780 14673.9556702584698775752607025363680
15781 14674.8516093432315189225036842228920
15782 14676.5633256260356170117580083407666
15783 14677.1206848005136836865119011443817
15784 14677.7208135326237560300908582461611
15785 14678.3361951174782778111526565398741
15786 14679.5939602786391324005963432889647
15787 14680.0443751037565664399581859845575
15788 14680.5128941513578954180360793281086
15789 14681.7311424007306145198183741852832
15790 14682.4145379647402611938407176238734
15791 14683.3150637445718866798249324391998
15792 14684.0242294878248961043363577051668
15793 14684.7380392377041679394546782450826
15794 14685.7807760570559664257667050201437
15795 14686.6784370211500713407188863106332
15796 14687.6489135241599780869707534171206
15797 14688.4814416925861633999447905739865
15798 14689.0597604342600166698036326668335
15799 14689.6795685144282012863870779627161
15800 14690.3874873175039163864169866407453
15801 14691.2637938910167023557281513485272
15802 14691.8675836405523852534109292460613
15803 14693.2532207753389852096019462725234
15804 14693.4680047602703817568687243648151
15805 14695.2009038813702462663785028891813
15806 14695.6602799416299327941868631710405
15807 14696.3964662009888590596704403134315
15808 14696.9040797483020597685481286672305
15809 14697.6478624412944831567083151343286
15810 14699.0911176798264975684296222311587
15811 14699.5012526241908264148900269045437
15812 14700.2248251016662943890961770884752
15813 14701.0824423316530186600458936066754
15814 14701.4653157147381841550362144979059
15815 14702.6048870414681352032712566139970
15816 14703.7897258096884247182438854461905
15817 14704.4276202997774588408921200221234
15818 14705.6319976464619516637044234749016
15819 14706.1829822261438643960289563658709
15820 14706.7044886513212139760132081742405
15821 14707.6310194335393359160597524876944
15822 14708.4131306176211506910128425974062
15823 14708.8720199216376905854683054560965
15824 14709.6742619332159810593511107607570
15825 14711.0480206627152721026151403968496
15826 14711.7009255893457737484411998606376
15827 14712.5003456659191428483613938070061
15828 14713.3991324376479442678731334716176
15829 14714.0017619271452455597308045576648
15830 14715.1268224957929779886616918293688
15831 14715.8919079876308275905659224533430
15832 14716.5277384370327246147982851749665
15833 14717.2142542737039808527086530968191
15834 14718.1833926736147443812956526936787
15835 14718.9407226742348400902935932272952
15836 14719.4519874442752143066775283531303
15837 14720.0227346893656877234033784023456
15838 14721.5652574783872680912843443703573
15839 14722.7766340334890046217339242675638
15840 14723.0401201792040722873267188898383
15841 14724.0581297874370320215144316542967
15842 14724.5856255068593078858561666832016
15843 14725.2655792938918667754852048841417
15844 14726.0238544436670442555735957750922
15845 14727.0932165315904120903211125517156
15846 14727.8466062221614532247033122072909
15847 14728.6382520590740796579042095694609
15848 14729.0962780077639848918803941682752
15849 14730.4066233100908192766603570214335
15850 14731.3476420051804925086470855265773
15851 14731.8069054278187783395538721015191
15852 14732.7898742830930092694114015594995
15853 14733.7016881293582601721337811643214
15854 14734.6670585894718706854577764977520
15855 14735.3866585576303569840570813442513
15856 14735.6240748229185574154800200606766
15857 14736.2137647035253488694821877338663
15858 14737.5958589874689080486321595167732
15859 14738.0128467011503056118195580911961
15860 14739.3942675881912458086855680252867
15861 14740.3084548240286878448522363098263
15862 14740.8853114319960137391265614953059
15863 14741.8635748526659444386209611460149
15864 14742.4196829470223508080085659341996
15865 14743.1401797563885293274324364891727
15866 14743.9501269306469255806339469905208
15867 14744.8833378507458021516399321145829
15868 14745.7603158436378480196810056242904
15869 14746.2742527760990549124437127048409
15870 14747.2021121263787469199588398286768
15871 14747.9614528439604207294619785450221
15872 14748.5769131562025855100252517100933
15873 14750.2234878664131014169402266157035
15874 14750.9878925648696796741368987727004
15875 14751.3292417720273990407508101799126
15876 14752.0371847596202900280129466855751
15877 14753.2051767954148654405604657395886
15878 14753.4231480202885373895819676311574
15879 14754.5784224849766356531083390908314
15880 14755.0201451915357296513842908540026
15881 14755.9018767901998373968724901413330
15882 14757.1940766138418140068841799590334
15883 14758.1781137927174505495029373933743
15884 14758.5854174818669566412161286685513
15885 14759.6450655260486421429982048702413
15886 14759.9755663618518846586380070868157
15887 14761.2682237855652000687900101337538
15888 14761.8629255466219633256486768266802
15889 14762.8742909851061860652662060638248
15890 14763.4030130985298338734611313832890
15891 14764.1082549134394454242028136130989
15892 14764.6927328244133829183155892222754
15893 14765.7032453932434448891412075188623
15894 14766.8407067242667251290381511609576
15895 14767.7680483471930363294969085375956
15896 14768.4549935491105662006746492196991
15897 14769.6287194381320426448590070862902
15898 14770.0346928835159121226840287337016
15899 14770.5674966088401268360108646212725
15900 14771.4675014137132443783462186645825
15901 14771.9328120667659257463250583618264
15902 14773.3834429991323061124836904635620
15903 14774.0173603373531129321498147853118
15904 14774.6306128431974832508497847891245
15905 14775.4514373049471287879095441788968
15906 14776.7124169901062974375103293344488
15907 14777.4644078144041227429657009159896
15908 14777.8266264606449028555091576618869
15909 14779.2100898997096295263860172945401
15910 14779.8234565555706856789316374115125
15911 14780.3190865289216717046850373305767
15912 14781.3856713800180419639596021291698
15913 14781.9038965293347803790147286399388
15914 14782.7328122257889488362207346743859
15915 14783.0991553970748723525496348840526
15916 14784.7002534894845461827233622994842
15917 14785.7118119527023271697878101824963
15918 14786.6145788443535235646733413004664
15919 14786.9170546152708912399209027842134
15920 14787.5674422367731065758882142069916
15921 14788.5237862315423636644431046728263
15922 14789.5171970601539125055054558421016
15923 14790.1305046432186393853135450772561
15924 14790.8187280581726047732566649789660
15925 14791.6682120002956897643160621239104
15926 14792.6708742119091037543752582085909
15927 14793.2766736406737238624120756310348
15928 14794.1420919653060037594715999224651
15929 14795.1350712319869004754280129199978
15930 14796.0732850806013901629584516779807
15931 14797.0748073577861907341370174707495
15932 14797.6582604094157184639292584922173
15933 14798.0515498713384348858903733126851
15934 14799.0942543391352909331975195245705
15935 14799.6634896901677232794032248189456
15936 14800.2724898709127605525238378405826
15937 14801.5762128895224005808005868744768
15938 14802.2197583036480241544985898496792
15939 14803.4719503011208530620657645019569
15940 14803.9436535751005598653676446581282
15941 14805.0588574160898996653786439188658
15942 14805.6453166636507475834141916340992
15943 14806.2696637458025255359561213149394
15944 14806.9015532213785916424110730893967
15945 14808.3706402075746591495291251285758
15946 14808.9361881573135971784584791858833
15947 14809.2988155688111229994716430876667
15948 14810.2649613807892264225640439200218
15949 14810.7235243991784256136687856593360
15950 14812.1118330437157066750984263281898
15951 14813.2317310483562659878625713726793
15952 14813.9006646016694527468032952102917
15953 14814.5168385536879827241733730130486
15954 14815.4540220969793404215584867302946
15955 14816.1418920569418955174662047465912
15956 14816.7941008075951748135366492869822
15957 14817.2991460390228780891185008662886
15958 14818.4568394726508428197412955851647
15959 14819.1983379011429990580951630085550
15960 14819.9784951354248548043960117004306
15961 14821.3772851979758656754862545358005
15962 14821.7905784166948781992410863162316
15963 14822.3393239378699734697314947707538
15964 14823.4590219124196732735251534494304
15965 14824.3603453742695160780254671691488
15966 14825.2081262220026634797518346905797
15967 14825.9355342227853106770369517063653
15968 14826.2936952351698267013716377132399
15969 14827.2490871128934990635590271530044
15970 14828.1099734412378922314249688187425
15971 14828.8285645157288229594939362737775
15972 14829.4711896387380598847263884304406
15973 14831.1044576129407676099524781892871
15974 14831.9335326704336412379839715986321
15975 14832.2998815937747260912590057837429
15976 14833.1659413808668105286850167318693
15977 14833.7392945561771564738006341926233
15978 14834.5053863185928815093435576689009
15979 14835.4370884300232982892314052798516
15980 14836.3067869688911760477596727982754
15981 14837.1326055457465890051451286634109
15982 14837.8075800821992292465002997611340
15983 14838.4365960248854253531954729212150
15984 14839.7781369742506630683780301228390
15985 14840.3580318167610626181599275730083
15986 14841.4264550815375656523600936862469
15987 14842.0141731395983596524552050271509
15988 14842.8820600182856364393165189164152
15989 14843.8507745145156893817031399345795
15990 14844.3187683060437149752880397299047
15991 14845.1748370967837501779388214100524
15992 14845.4265198794952322398075842755468
15993 14846.4242548657369433107768185132453
15994 14848.0790927338903221710705361908418
15995 14848.4984761577551511544225972094169
15996 14849.3328575964406931206706220482175
15997 14850.3247593933623865539790220858921
15998 14850.9393730059597899961542563709428
15999 14851.5303526758474037402848374727721
