17000 15658.3783568374013598393178242165541
17001 15659.7190199214752457341473030137333
17002 15660.0291146804319681894541325982398
17003 15661.1749584077013766470805362395826
17004 15661.5881790946510690040475392684599
17005 15662.1816088212082989557621117839030
17006 15663.1518585477195818663054819670579
17007 15664.3466369143619870327231202355772
17008 15665.2135289271888033741391619608288
17009 15665.8919223406621128901817335294383
17010 15666.9189131951010915599278194246388
17011 15667.6049983417906804179944992084933
17012 15668.3218177692045278600879974926722
17013 15668.7902954911062339045911448467524
17014 15669.3018630349136964312730586683149
17015 15670.5827039117262684433227465175133
17016 15671.5679805665828547509749231425998
17017 15671.9852987133317001150288596719318
17018 15673.2078440308222423491698537184867
17019 15673.8191353760185858578579463463605
17020 15674.8412018611156808119749864069566
17021 15675.4678740949991753568812927191807
17022 15676.2826639241474887609632624794978
17023 15677.1775985169860557881456115919209
17024 15677.9213328903013838110754014569939
17025 15678.7490971306929977347882003663275
17026 15679.1275742575283078604046589347266
17027 15680.2382158583488752096669236150180
17028 15680.7087412387611157878707743509208
17029 15681.4674067218065684447626627607372
17030 15683.2847089063647836213512582719425
17031 15683.9986857588702445437105545798667
17032 15684.1331560972217320788993482056763
17033 15685.2121499428100177002963242465514
17034 15685.6191491454192321960331896968612
17035 15686.8620494008318041241431561859300
17036 15687.2044068068114281974882387139401
17037 15688.4249274839004063791878861615986
17038 15688.8379149738997798189169620752391
17039 15689.6921765601582325382672397120463
17040 15690.8925210535175539026314843250210
17041 15691.5584685362409138706300994596472
17042 15692.0766106911856437649995921582440
17043 15693.4315577245003250388157574275137
17044 15693.9926165717257708656841944191480
17045 15694.9904550096331306127541532369991
17046 15695.6504238463571597087418834278861
17047 15696.2625671216843454362488105600328
17048 15696.8974338324581811048416179176889
17049 15697.6353062458457692589652444460095
17050 15698.3729052555015117524865269228941
17051 15699.6305807100922613553835381487267
17052 15700.4911194994452350158338323014914
17053 15701.2986054561732552984800944999788
17054 15702.1598347039687680439814232756475
17055 15702.9924896456988704826146126043195
17056 15703.4762347255069090031851316339951
17057 15704.2282237110377723277170683403317
17058 15704.9245027829754569922818518092803
17059 15706.2019245101563016645226024247660
17060 15706.9648927358260119004191840137824
17061 15707.2519851311498889844463174384117
17062 15708.0298431795056075955009164110183
17063 15708.9324531479702872312944891181043
17064 15710.3041805096221497915866802461804
17065 15710.9129520384553990734241135820116
17066 15711.8354206419151047712976637004104
17067 15712.5968809353765201896677350855325
17068 15713.2787740369870081243027189943027
17069 15713.7890294202678103619184026947183
17070 15714.7769068246586274675285499357665
17071 15715.4733137822495625842484435373327
17072 15715.9001415557915909392688563708784
17073 15717.2687603783344968925510604013440
17074 15717.9892577852024382532879192605635
17075 15719.1588657879531730584944674733417
17076 15719.9629152278340784839636138565583
17077 15720.1228889294445314874181061820245
17078 15721.0615784787714596973812437887629
17079 15722.3459998072648110467667596552538
17080 15723.0369147024246488173493946066895
17081 15723.6207651366450460134419971807503
17082 15724.0466300475119367575425938379366
17083 15725.3677810594351800761109944085141
17084 15725.7028274769704540037744194554205
17085 15726.5533462894966295600705300055077
17086 15727.6022823075683743787176251390340
17087 15728.8157942744756915084780119680414
17088 15729.5590701030919674565639826482670
17089 15730.3791405659403149863182065158784
17090 15730.8297030925597935366075057955178
17091 15731.4122537252495453609278925919646
17092 15732.4241416980261025819137314705390
17093 15732.9824783599696367191898863211162
17094 15734.0684534594888913552339214623128
17095 15734.8468809287743761373359687779461
17096 15735.7103155306540351010217227582530
17097 15736.1903158405707881346316117347712
17098 15737.5319902141644921762447361779845
17099 15738.1857999989775044052011790337685
17100 15738.9904074032484501213080168264105
17101 15739.7525826082790968316867774563568
17102 15740.5084398358267702737016796835109
17103 15741.5546146781323524982806883927883
17104 15742.1352430795937964683251892375329
17105 15742.6453933277658386555811691773151
17106 15743.2884601774750552070620876356834
17107 15744.0625268677033254930727104587756
17108 15745.5565007590133254562272206668747
17109 15746.4820292604752795484838341220999
17110 15747.1297616906742386642542112164806
17111 15747.6250981032339245028129962995217
17112 15748.7306159722889314538241275432831
17113 15749.4926623737718930249766750164303
17114 15749.6505508823569914521683106049274
17115 15751.0480500112251916747965241786389
17116 15751.7166974645381633578664845823041
17117 15752.3485208729829792337771641525050
17118 15753.2604087613965288438186800672235
17119 15753.9843513420155639924960208296826
17120 15755.1462942247469578626015945292393
17121 15755.4239930864876257374020790230718
17122 15756.9529583934552336392841996284260
17123 15757.7065293983098060982493148423478
17124 15758.2443371233574015093700364103180
17125 15758.9613024015257572120901242765414
17126 15759.6918387023508262340562097021789
17127 15760.1032991343620900365679520611688
17128 15761.3371613609550102802395716595912
17129 15762.1956688878171134771711300930419
17130 15762.4629853812551831461383433411934
17131 15764.1501009231560382730591317918842
17132 15764.8932099285386340267556429277358
17133 15765.4546134305633036386629799560487
17134 15766.1690976709112791351831987424848
17135 15766.8757647940236665480614838564394
17136 15767.7329596876909155133597634707366
17137 15768.8168220327590974061072707281776
17138 15769.4319574643095126956229748586684
17139 15770.0530996714795717128169246387135
17140 15770.8797679413849620736541443550610
17141 15771.3537110136365317666683642317913
17142 15772.4494901736294516592506999999109
17143 15773.6630812097062912166456190987053
17144 15774.6023963425618744263126707874028
17145 15775.1860804798165121114865385190280
17146 15775.7140861944678564300156580051184
17147 15776.8955965824267289423976056954381
17148 15777.3820764216746287072141592416031
17149 15778.0183715288775660518381024869108
17150 15778.5605812325010177672857540637887
17151 15779.7284693068501804069370569189399
17152 15780.7826806987284006321660863281885
17153 15781.5170004900322540341930554949331
17154 15782.0799746782098147593657744409432
17155 15783.2196841063309007784729592794954
17156 15783.8532474011019307684224308097262
17157 15784.7593464857286881215307294621237
17158 15785.5933193614105647575995879994957
17159 15786.3558868159742099065471016333239
17160 15786.9391683540856670058595667096049
17161 15787.8443629149152262765776288220277
17162 15788.5394377024860206748627966904319
17163 15789.0537387933867942966132637627801
17164 15789.9351760924547273965116359372031
17165 15791.3008630584764156521031774341258
17166 15792.0602730974042742132599968218287
17167 15793.1575038141712224726578976549116
17168 15793.7047094539947874274149709214438
17169 15794.0716008831756160413415632999918
17170 15794.7481367091871467222912437473509
17171 15795.8695186364819214420812624640772
17172 15796.7581983363142500301676887729758
17173 15797.4153279956308391568416921781143
17174 15798.1717067102439480039138617394891
17175 15798.7605120315645371679434538885801
17176 15800.0169348199568480865787176509451
17177 15800.8499746434521373655181973603275
17178 15801.4869687724030699951348818951134
17179 15802.2472779306964787027616057909484
17180 15803.5941505669898616253353150960493
17181 15804.1183177894425187645706956056871
17182 15804.5070230744621021435405719297786
17183 15805.4037052237636365408453869872374
17184 15806.1057228827146251442947469874334
17185 15806.7563895221500523803287588971138
17186 15807.6032678221377601435891934111130
17187 15809.1832235586964154411110120577261
17188 15809.4696591238256366379306445783548
17189 15810.6639796831784079067113349064142
17190 15811.0758308486679672310858186500901
17191 15811.9781790714340785025409775034217
17192 15812.7740554648615134271867620264955
17193 15813.4919247948333445292056158674718
17194 15814.1216209648072535759747857635392
17195 15815.3370308005033781081119485013127
17196 15815.7844658725857171891477646803981
17197 15816.7604999817736322179289597709597
17198 15817.1442233249545750079858354267950
17199 15818.0495322257365640543269727098213
17200 15819.7043200186705695383581104304656
17201 15820.2045077089187116476742849967949
17202 15820.8346891609705530523209247541179
17203 15821.6311545355475897758610303492133
17204 15822.3645549691885697682160209245108
17205 15823.0240296230401200292618367426261
17206 15823.9698832152212281009419101420966
17207 15824.2353062738642293275743056839741
17208 15825.7107522637540712035654841557970
17209 15826.0400526788683960070943618267208
17210 15827.4769000331078624340546016702076
17211 15828.2104794381722982732113359751384
17212 15828.7624735004093812491215588870938
17213 15829.5733034557966656039453683037999
17214 15830.3027352352191664455992181766316
17215 15831.2770196895698781292885657687109
17216 15832.3509798158738930472466969203809
17217 15832.7508605332960356517332461645810
17218 15833.4383238737961060120412151053898
17219 15833.7708913113665107944172670352610
17220 15835.3427881783860656158586398907313
17221 15835.6415132495748507866128003945610
17222 15837.0694609770499245423713829467612
17223 15837.7707782760385828950718728669784
17224 15838.8792489259749349510075241476985
17225 15839.1645498382506094774178447093835
17226 15840.1744110016856185375711018806508
17227 15840.5289416276664733428737755168827
17228 15841.2512023076887512962453013690611
17229 15842.4273139414698611729121223820307
17230 15843.3405400830628533426656469527741
17231 15843.7738166823966380354249063689836
17232 15844.7265568692084969460393367890835
17233 15845.8202944799412159801690137586054
17234 15846.2664489341466313818977544476621
17235 15847.4251316628339006184104889234531
17236 15848.2403308793035228084693001492622
17237 15849.0219385293308368857376279646395
17238 15849.5137835150753078504161650530601
17239 15850.4663573443976952395711011553824
17240 15851.2440739715901532321358592605389
17241 15851.9232741539020886366407314753060
17242 15852.3066124646177983034023125106565
17243 15853.2919371770686386104463396136605
17244 15854.9267459621485250433495764002627
17245 15855.7249924027856223470848879367625
17246 15855.9922247158515731524714715642260
17247 15856.8282669772923683853598773467431
17248 15857.6922647283763366134315777576371
17249 15858.3066496484429623055847301669910
17250 15859.5197944344913709092996844480326
17251 15859.7623748027918362824611477850795
17252 15860.7981250621313214832850009475351
17253 15861.6732945358338082419130977954758
17254 15862.2691651224091607750769109710199
17255 15863.0281143851485312322760914169396
17256 15864.4107570997156735110734076110783
17257 15864.7036077013883470286644823785674
17258 15865.9885732173800833747700400261674
17259 15866.7717332817251415241462027538784
17260 15867.4662639462964851861180009212654
17261 15867.9615458339550308199006685905198
17262 15868.6752130919259112889743135544115
17263 15869.3249882447347307528234493304181
17264 15870.2866271177721540899846564000975
17265 15871.3116229084672416132393929679861
17266 15872.1226534380083674408509500694868
17267 15872.8811108655935559929795548339869
17268 15873.9914464021865543182367845867519
17269 15874.9380303172030872212133134974027
17270 15875.1114609944948827798522247239552
17271 15875.7388916131515554832530271900077
17272 15877.1706297432561862983926536825128
17273 15877.8183360441454524691036854288096
17274 15878.3689381240144051728392222062623
17275 15879.3886989718132717473312958546904
17276 15879.7217196547335086196253004153018
17277 15880.4652320289369611254544494598205
17278 15881.8328626589851443140072088421858
17279 15882.7780695820172513764781961444557
17280 15883.7252495191611692683641985622350
17281 15884.2679868937670046718563494232545
17282 15884.8181153198787459894125299954512
17283 15885.8902687657177093714260657591175
17284 15886.2177362959977597860948091527680
17285 15887.3707557516784406225968177642139
17286 15887.7904748897619756343133742113241
17287 15888.6995651091836541484918088828809
17288 15889.8662035227902953028602811110918
17289 15890.7016606810911698877446946565615
17290 15891.4284095483835835386901385347402
17291 15891.9576497288381095555395818582167
17292 15892.9915483368561324661955548987015
17293 15894.1201600474274773518307598527041
17294 15894.6049605570703395256773355710747
17295 15895.3826711373676336850957272179339
17296 15895.9971064755491085212881703884923
17297 15896.8448397061672958747271803260059
17298 15897.5660115381521044569010984929002
17299 15898.2058236927379771830626410567050
17300 15899.1597180915323628884876931338830
17301 15900.5286642789381851590740583646622
17302 15901.3152722959370544015844768963406
17303 15901.9027838527327439422061679854566
17304 15902.5821883546745680517813210454227
17305 15903.5431620671376756630342947528802
17306 15903.8314814668943077804054052849261
17307 15904.6548490164632616023560881683051
17308 15906.1153860525156991415614323517663
17309 15906.5637350248145324379193647651944
17310 15907.0642140913224569984899969324976
17311 15907.8817435540255081572076662156495
17312 15909.1036929751289949195201299138756
17313 15909.9225698009262333671495637308250
17314 15910.6677768745234935702511729914283
17315 15911.6629508809666956449594176926750
17316 15912.0575978228519221312883031120000
17317 15913.5311124510927883208295280381308
17318 15913.6894951791976188511572133097668
17319 15914.2205948387138025953043551800744
17320 15915.0725142887226016696843670683556
17321 15915.8222103765947394716734119658184
17322 15917.0824772779195931646183912513177
17323 15917.8800017778093813587621910047273
17324 15919.0215969359044247750702643463101
17325 15919.4845490055022757741880396424890
17326 15920.0985042871640749575814195171098
17327 15921.0361880235993548724976095952563
17328 15921.8464282912040117454815791338696
17329 15922.5570033026327324433133522475066
17330 15923.4722791200657742048688499294937
17331 15924.1041850722228980975976742736471
17332 15924.7820054657527817313128802342738
17333 15925.8678545602469502833727862142007
17334 15926.3140706200244745977541698002409
17335 15927.2267650128394228437291712371978
17336 15928.6916346559155079728195854531464
17337 15929.3040039142663438083954785751140
17338 15930.2560807085209907238079362833114
17339 15930.4237854248116424818234771046941
17340 15931.1231020652890356781014237377861
17341 15932.2558032555689952547505429745982
17342 15932.8557299730543446356140689148866
17343 15933.5783568294440415380745333641740
17344 15934.4918075062898999294325544778348
17345 15935.4976305340936335384007918089843
17346 15936.3328565177171158419550147885613
17347 15937.4066328616263459476016976026419
17348 15937.7396807345876725809777077371874
17349 15938.5652185567767630509687347522838
17350 15939.4930666409306518530283336277734
17351 15940.3696871626146920340481694783272
17352 15941.2636029680310109827794709576122
17353 15941.7179242893801721541436843148289
17354 15942.4583307611118522549008108795190
17355 15943.2366696208440514866615708486749
17356 15943.6471702639324383428827726595378
17357 15945.4840574098999323273514779368781
17358 15946.1681343004892294867270519478507
17359 15946.5323467460918256107968245725266
17360 15947.8108486740187662652873541356699
17361 15948.4277965416242210599801965084232
17362 15948.9355710848845758688995318231362
17363 15949.6958739098433191633209283709839
17364 15950.3858670055460814787151102950770
17365 15951.3470595878903375358407575201906
17366 15952.5224323340005234069869861320361
17367 15952.8428944271594555404501773245102
17368 15953.7562903600030395938082240779607
17369 15954.6296144128628062112981550242661
17370 15955.7743946622831947174067575225297
17371 15956.1688619581926593092820979515374
17372 15957.3835414825987428471906178472027
17373 15958.0893190509991693960179118662097
17374 15958.6188505407059462922191798970803
17375 15959.3211664798098691374834857793933
17376 15960.1442835232990652924059356022004
17377 15960.9359372899811815281022127333008
17378 15961.5247534419361153212149372764790
17379 15962.4434707486278787313777662137004
17380 15963.9852492784372341278503420296336
17381 15964.5801081987745688817692911435902
17382 15965.2480589272453291654444816115875
17383 15965.9812557433501052978872658289714
17384 15966.2811692734096599172484580523887
17385 15967.5412066063987397271464316517162
17386 15968.4022479797456987526298845095763
17387 15969.2158428773530121488187509221161
17388 15969.5721901903698293761439003607777
17389 15970.5269715432801315171736722580789
17390 15971.3556307847651196158502240557047
17391 15972.3730232749650919332608531812306
17392 15972.9833113349198043353738476852977
17393 15974.2089524589134829093883698070076
17394 15974.9889998869566837794915068561640
17395 15975.6329651638230696650636983759606
17396 15976.2992699777404063571247645985147
17397 15977.2787331854996961377702590914794
17398 15977.6783044631719424894808447717612
17399 15978.0914487314398331985915835265272
17400 15979.5304476851630315701380394762216
17401 15980.2107746577066164561573997413337
17402 15981.3585206895116112438146211731244
17403 15982.0195741106609866625824757100743
17404 15982.6781102437142679282840942744026
17405 15983.7400398405243438930191800142960
17406 15984.4412451847222800605209430213142
17407 15984.9815100814256767103267391050408
17408 15985.8616820936481050376514625950472
17409 15986.7944148023083638388173552342636
17410 15987.7900092721957434105702214354614
17411 15988.1058634921585524040592196246052
17412 15988.5659570710244246063616500955838
17413 15989.7198378373352343397255277731281
17414 15990.8063827661098159405613810963953
17415 15992.2409916625734098140541373730993
17416 15992.3497126886593993123871683535106
17417 15993.1908839674298644050667594924075
17418 15993.9518952163394350613577682841053
17419 15994.7354242888189022628594278331879
17420 15995.3125429039357964080424293038055
17421 15996.1047309091057210247166345638101
17422 15997.3568304024556422144130083139478
17423 15997.5361191022138223801810010712908
17424 15998.6503221457613253905721358037380
17425 15999.9324562130204423174347845588384
17426 16000.3106349101968533227402233967035
17427 16001.2301865021594646244623229131011
17428 16001.6789468609745620586084562895844
17429 16003.2436292293189839515944858984774
17430 16003.7299918249631060963283845488580
17431 16004.2872083169584338850971447037171
17432 16004.9809148472829970213246126445354
17433 16005.6457247374980470957928907107333
17434 16006.5951018548002001416481173421734
17435 16007.2684105017822302001670595821147
17436 16008.3638883056484739213353952540941
17437 16009.5031452321526522607944953199645
17438 16010.1604991131612313341830631227834
17439 16011.2231553518818065235525918800868
17440 16011.3180118996065351800598197186955
17441 16012.3630389977217600357011148239296
17442 16012.8441457400183041563608988643971
17443 16014.0771447717755254106701337599537
17444 16014.5889340314121187681073641213195
17445 16015.6188932493815838649482394587019
17446 16016.5324339293686163864603637046652
17447 16016.6140196011601756863109666591686
17448 16017.9335593331036010458524923219658
17449 16019.0229767073119555959876332845615
17450 16020.0279760537056666862584324311437
17451 16020.1928038050949020016219024120119
17452 16021.5029689461211697308183668210282
17453 16021.8117594956590669528469458341388
17454 16022.7968168789387570792007409845421
17455 16023.5303033477334174243475979397607
17456 16024.0851416337573964904073263247066
17457 16024.5437151547747132399935366222999
17458 16026.2944924807318846724282219590670
17459 16027.0580880613921628370303734089457
17460 16027.6221484616479822817605907220155
17461 16028.5569961273546309504568365288208
17462 16029.1774323920094966615171862991267
17463 16029.8982095405895003363260373024234
17464 16030.7954477118105217915590623863470
17465 16031.7012597108152839077543219771381
17466 16032.4606476586574556950199842354222
17467 16032.9224693322805904444245979032557
17468 16033.8285630113084307721835444913340
17469 16034.6198242135425902796031945593719
17470 16035.4192387467310058359967027104490
17471 16036.5407082699669477402895405162933
17472 16037.3448587635095923795990130646108
17473 16038.3928331622732704344511306234861
17474 16039.0569016268889703243974907862518
17475 16039.7200568048644857380940400451392
17476 16039.9932647162684523701226949493291
17477 16040.8814595184851675483949996550701
17478 16041.9710142798124796524808107151205
17479 16042.6996836336783077959946628019636
17480 16043.6412062533960611172650605681982
17481 16044.0966615997993609743104444717162
17482 16045.6865438572591318089688318581553
17483 16046.1109419188111551259606891341118
17484 16046.6160562361482553660764976812184
17485 16047.7803068632294703377255007446138
17486 16048.3265453056505587982968432680770
17487 16049.4220449120034039647848962807448
17488 16050.0484248345168393314606630481291
17489 16050.9005289441156136352424677769297
17490 16051.1397906779516897051816361400683
17491 16052.2713600850420972483074684241312
17492 16052.6994670674187894669750797563968
17493 16054.3303663825792855216224545796563
17494 16055.2707982023652068875726746039677
17495 16055.8858244957270551977968221791830
17496 16056.2314390577461040402676940982660
17497 16057.2074335479227230912715050987023
17498 16058.2580225517047308026253407613514
17499 16058.6200876738605651309997521535913
17500 16059.2573639980165340256156433742937
17501 16060.3651516307839321262809873136033
17502 16061.3219821827476005233237223085283
17503 16061.8338786714668749982489948383218
17504 16062.9315744382239831072796629246409
17505 16063.5099827159061253256526291506267
17506 16064.3609776455506888566940255450940
17507 16065.7335909559815282217328819806147
17508 16066.1099487130386229914222833243791
17509 16066.8119954306129139496246023078793
17510 16067.7068458983940016200944904482861
17511 16068.3573229668462870617268274629796
17512 16068.9211984761309408352055092902700
17513 16069.7315144863465831903630152271580
17514 16070.6347775630102803555500279855871
17515 16071.6410294438591917077013515798907
17516 16072.6529966894671985624655048600672
17517 16073.6047508726918117893472762212053
17518 16074.2278221596134600205158197950910
17519 16074.7963016562584221349615727551991
17520 16075.4435349985636233819604476240993
17521 16076.1981796800152065248855756790472
17522 16077.5432494880706174254082437983044
17523 16078.0799991370859265952924706718610
17524 16078.6741252775081269326691019860450
17525 16079.3094377463003000248006255623180
17526 16080.1472198937327102142085810676139
17527 16081.4816422740823494575893000476251
17528 16082.0869885787053720173907653748239
17529 16082.9417574884825928991740567500173
17530 16084.0039287765840858374120085641997
17531 16084.5306843803385022446310829039600
17532 16085.3435787052011190502567448924040
17533 16085.9028053182997276927162570205278
17534 16086.5222122513117726472409466162816
17535 16087.4529833472925177537717330534358
17536 16088.1378702502793436207752123956669
17537 16089.3347547217214355626733786262833
17538 16090.3889579226978616662722812004182
17539 16090.8255839582555356794425717314729
17540 16091.6341965899746815937892725919897
17541 16092.6949010143162219240328069055231
17542 16093.0235051880380666941573402317290
17543 16094.3588602562173514677272197869618
17544 16095.0467474564062840086702459422420
17545 16095.1630657307045968143884062606251
17546 16096.5786559007825305294527029823706
17547 16097.1251845689528977992283785585061
17548 16097.9572443729421400480682651447140
17549 16098.1814715329234393486220713098965
17550 16100.0493742647024114705598769659769
17551 16100.8314282073960931644633524950453
17552 16101.5302582965267304011503952052071
17553 16102.0405213143778673279309147327204
17554 16102.8715430968420595218111197948149
17555 16103.4659631786390031328831091992603
17556 16104.3017987655455936867212576087892
17557 16105.1684368453276824894596787856056
17558 16106.0160509710070627519743728012974
17559 16106.6147095916923894318734782880364
17560 16107.8399170431969037514620463548255
17561 16108.2651394802409664636902447033634
17562 16109.7100475910608188535664321253558
17563 16109.9578786069035219365431835046205
17564 16110.7449121062660642944114894430021
17565 16111.8318252774280419285602657492921
17566 16112.8552276242636343745440228428235
17567 16113.1692295429798739574387426326531
17568 16114.0479688297200631896561139483151
17569 16114.4174671744444495477977695247157
17570 16115.2090487354748805117236393086510
17571 16116.4607559805270833341152746488100
17572 16117.3907507393138871163120264926106
17573 16118.3453159055525520865433431708581
17574 16118.9759311728885669883619274768707
17575 16119.8783551468310278124599661511689
17576 16120.6421345740875571306655086579424
17577 16121.0023094908510455765411094743191
17578 16121.8805856458524071264388426037926
17579 16122.7799436083212662373681897325842
17580 16123.8539632136608815428815869289102
17581 16124.3580255239424523257256816979761
17582 16124.9525870284459081436572580273317
17583 16126.1265554608992328718549605731394
17584 16126.6870135505719864335355698830618
17585 16127.7655841990038706481937270793761
17586 16128.9085151734797942467957421138233
17587 16129.5578198869502434155893567478722
17588 16130.0017848510862792794586043542560
17589 16130.6834093793089298907890542911591
17590 16131.8275216577167485670688937657701
17591 16132.1750724086279235032257182710197
17592 16133.0229791382534608950693355662137
17593 16133.7511853595972778952626893472986
17594 16134.7985453724719459191336775310099
17595 16136.2793238798962589091257658199561
17596 16136.6029946412707178959384843894238
17597 16137.3525897952605378389566125233781
17598 16137.7380642716976184884221989291826
17599 16139.0263590977547388532272691238792
17600 16139.7567013470763092809858472273655
17601 16140.4258200708998732673796161129917
17602 16141.3505490145831188852472880028502
17603 16141.9967038214378818435993987573984
17604 16142.4755914798267168024521037598379
17605 16143.5153880391804381176731232494301
17606 16144.3641093610589189473981906273786
17607 16145.4835757455451548085120485858490
17608 16146.3993524868840911238394409886245
17609 16146.9585723984130212244662730274463
17610 16147.9886385692863299862423583831150
17611 16148.4945959616161578030474217678903
17612 16149.0731542484136093742087513288574
17613 16149.8768323416644798648446171454487
17614 16150.4045996524159686752152577789296
17615 16152.0034048174682129778455029291452
17616 16152.3742762299608331960352467859948
17617 16153.0830356183403086729120688590962
17618 16154.1889190922026337513891956304255
17619 16155.1121710806396838732342245154672
17620 16155.7229162438394352333267669780909
17621 16156.5233787432261169740894022332243
17622 16157.2144990736574311788841023147496
17623 16158.2956300585302461703422202370431
17624 16158.9996327675003956295123476158664
17625 16159.4255826502416369996265570941479
17626 16160.3746740739381648094589533694845
17627 16160.8662673701306323313474175757368
17628 16161.7090898408406357930194205032324
17629 16163.3967561645638983154442953575083
17630 16163.8479218283322551476528950300667
17631 16164.7320612517361490682606714555988
17632 16165.4329612767243858584374318068530
17633 16165.9798554711037140989728887772445
17634 16166.5854750680893983012010141961557
17635 16167.8649113966356683879831487769842
17636 16168.3409815948417876448048264437171
17637 16169.1250699656710581066827895126934
17638 16169.8366837431304038483124563812187
17639 16171.0067693268171727400657980048122
17640 16171.6878077902723986996448539131666
17641 16172.4556559937231007465181358076965
17642 16173.1995516326843354305433106627956
17643 16174.3778939529076170435968890556685
17644 16175.1236086423744391366097925833286
17645 16176.0100605676548095038995694690109
17646 16176.2876394968084055141505225218561
17647 16176.9173582115749247553288720577649
17648 16178.0377040932056599906359229211353
17649 16178.6449074423554083043321906735879
17650 16179.2796867737978006513416132101000
17651 16180.7873103948860299527934012375663
17652 16181.4269374549604743832551627094066
17653 16182.2920257888160000003873130521448
17654 16182.9925110768500305582233910282627
17655 16183.8454271869741689847704737696874
17656 16184.2954301196028809312325793728616
17657 16185.0278300070793421134578370632247
17658 16186.3083631693376799550793867402170
17659 16186.8043980740682181782441763865832
17660 16187.7910333154362473042944174342343
17661 16188.2249226762505844341856744331872
17662 16188.7541228637136736716553697792165
17663 16190.1931824165151329103093787125529
17664 16191.2271070392772783177947431859599
17665 16191.9129273394345802935969016412744
17666 16192.5279911947224744467897598096916
17667 16193.3426838653257235459138853581780
17668 16194.2699991869108070531099636187500
17669 16194.8413742317727908616183862846196
17670 16195.3097602240543566774544807296517
17671 16196.0920406153261312269112077044163
17672 16197.2761268149059102812727153730928
17673 16198.0149238486349702947246609126203
17674 16199.1510049421683856449263400118055
17675 16199.7769324877734923024229163170586
17676 16200.6762766973421467825733667530101
17677 16201.0312345016012094561107890763619
17678 16202.1633806916044802429014258598535
17679 16203.1548364926998014369295765679162
17680 16203.6361632698372265675932323628946
17681 16204.5479199155267140699228778175637
17682 16204.9457858011209658456036309098260
17683 16205.9862095847543491724498784133766
17684 16206.5476811555828435375991502680439
17685 16207.6976364162941567838480242391902
17686 16208.3078655424859245574805577181784
17687 16210.0370388626043534741509101544370
17688 16210.3335755839660052682058722683924
17689 16210.7906043105335128442316825979581
17690 16211.5597455886232290927153764486003
17691 16212.4516503648768177141702755751373
17692 16212.9088458783288140095756683885847
17693 16214.2077013860504531278564894054576
17694 16214.7483586122179181717572348606157
17695 16215.5569771813034653307870594801316
17696 16216.3186656591225288176730657733802
17697 16217.4585697234446979094050106016533
17698 16218.2234588219319935571770238937133
17699 16218.7787997166587018614980687735654
17700 16219.8784780124403041729276168832252
17701 16220.6269976870548007305654123142404
17702 16221.2962901405895312865972931978914
17703 16222.1016829739838443695547430676378
17704 16223.1104354005762311829381715748100
17705 16223.2648504796010039243170869621119
17706 16223.8386648990679421671558450206969
17707 16225.1223825365061558258003055033491
17708 16226.6533784153617128027524851447513
17709 16226.9275377639006234091629579954448
17710 16227.8280457952107199308144474562594
17711 16228.4351045843474161694951931690556
17712 16229.4469622591603536126724976922561
17713 16230.1099375807161862320725211469877
17714 16230.5559504326593555700139806421009
17715 16231.6590507858618149738541879645336
17716 16232.4288435474467393646709771221636
17717 16233.2552734713892237803033985804191
17718 16234.0306536504939548044086630518026
17719 16234.5288115359129203135552155124952
17720 16235.6941948893836489475785653469287
17721 16236.6759912140072318092525543688736
17722 16237.4435051888799868807445446453492
17723 16238.4695588348945467241245801335118
17724 16238.8785449994085246142491493015760
17725 16239.7780008375476069612333491748714
17726 16240.0274242989683587751812750965428
17727 16241.1063116757161963077680884170406
17728 16242.0148329735625222822040162098347
17729 16242.5368952274644321395266201723500
17730 16243.6287246102190654400123835051051
17731 16244.7533579964299344226753856116746
17732 16245.5343212509472665940637648015640
17733 16246.2583549328896431512259555893370
17734 16246.8502675803325325881040428064615
17735 16247.2635631745085360651058766607285
17736 16248.6809919778527481341651285746244
17737 16249.5710687647639406092355443235922
17738 16250.0355524028263763327389088244744
17739 16250.4399360788046310939521382416271
17740 16251.5049843003243226980104640690997
17741 16252.2674378099921739559317984674168
17742 16253.0582187565947699266757109651673
17743 16254.5919129077197492715143272186474
17744 16254.9094993727335241221690331275374
17745 16255.8087830784648470080617203007205
17746 16256.8662506065917166517162867763992
17747 16257.0342139854881894092484683289169
17748 16257.9666617794444116921424506364770
17749 16258.6930986746090166646045544327133
17750 16259.3044389896929312331701093920501
17751 16260.3672322817931280015128126370525
17752 16261.4322065890482194275523893431374
17753 16262.0296811384881955321523763719358
17754 16262.9698270458155025989153438332993
17755 16263.4852637278347721794499523695902
17756 16264.7402414625500448945906224996858
17757 16265.3502086676093199536720505818224
17758 16266.2280559139495586165338342857925
17759 16266.6731745844516437134448861705704
17760 16267.7896984998056955963819454440796
17761 16268.3975745018205671128459051697040
17762 16269.0226955890003011690355382777972
17763 16269.7223252001756134087993886421342
17764 16270.4394356084398161425740957644226
17765 16272.2013495618882310864564431946638
17766 16272.5903211005640778308432696439173
17767 16273.5422408152398398152937131854225
17768 16274.2485872828215729048197346974833
17769 16274.5501452781880897593857466944844
17770 16275.6484073851715948956653189302990
17771 16276.2640377200853324257297687571175
17772 16277.1956332458078758513166873403545
17773 16278.2325258862542585851202825547580
17774 16278.6607186942213029253104531784447
17775 16279.1863428625740404807566255226434
17776 16280.8319009686580743911120348635939
17777 16281.2552556793704879609188369123326
17778 16281.9002014478262024546344781415081
17779 16282.9998478451230333016343426228292
17780 16284.0092324777951933909324475087764
17781 16284.5763537267107530342722049425500
17782 16285.2834035782684084883444271485391
17783 16285.7940794353677043333359778170513
17784 16286.5009108653517614089205132811536
17785 16287.2759531933708659256041339018039
17786 16288.5479933154712504911059722093811
17787 16289.1426610395347546307139530152792
17788 16290.3001182262400091241328466984412
17789 16291.1531736794753131900423929237683
17790 16291.6742852007714074613729248476451
17791 16292.4276769534117040285579516447994
17792 16293.0946613240305030479964609465278
17793 16294.2526219373674315334840944941309
17794 16294.5222646107803938603707609421981
17795 16295.7857654047501235606961675895084
17796 16296.4063995420721634221212900742228
17797 16296.9816524541925107863983061506338
17798 16297.7635594759999977141585455135877
17799 16298.6244801556856687864683966137528
17800 16300.0245457915698578472205233815840
17801 16300.7908658408329075326798823378804
17802 16301.5836807666673102271921785321754
17803 16301.7482511318761602671462834148152
17804 16302.7872347363932231319181976797776
17805 16303.7567902831911774438009984397910
17806 16304.1527031067833083271085651553149
17807 16304.9620640129996380820221568827211
17808 16305.7077192007349131020251624365705
17809 16306.9341134713251472252132316354468
17810 16307.8800982458931081598645631780125
17811 16308.5322974740243429495328083856294
17812 16309.1651424289827116384254243529870
17813 16310.1809717640481182744619266854661
17814 16310.6360025260665024178492849611626
17815 16311.8499119507177759541542117308612
17816 16312.6490440553138660390121823374823
17817 16313.0841040748323548651506653475136
17818 16313.7870788919579279890115337194452
17819 16314.6890768598049795228014806819069
17820 16315.1657857722962198311187017584883
17821 16316.4088394565808387963492155172843
17822 16317.4008715261593399025174447982246
17823 16318.2893767930128506586786665276953
17824 16318.9254556826230771320684327412880
17825 16320.0303520857095629035987917766666
17826 16320.4565289384949716411653698793445
17827 16320.8691489473271028872573839762083
17828 16321.5478159435571467983451058729919
17829 16323.1089243004137493963819613531751
17830 16323.4583938257325594605310767233453
17831 16324.2481532666420288947277388424263
17832 16325.1297307462409344994515923775157
17833 16325.9356801728861351619207908024553
17834 16326.9930608456381767025726029047679
17835 16327.8169401144711514255626728069789
17836 16328.2779702335773585008777973741123
17837 16329.5185797675952568116972043812664
17838 16330.0287358410365099526093471260160
17839 16330.8615822506954505473640513557150
17840 16331.3859317055890826356803280645036
17841 16332.2615606799293648349858043653018
17842 16332.8779139787533970746192141403288
17843 16333.5476659120264542269665031094533
17844 16335.1265880463698643852154883375485
17845 16336.1373712728746294239518383611609
17846 16336.5386186577634215225162814277252
17847 16336.9495019019951460508667893482980
17848 16338.0774931862120958902462430316522
17849 16338.7116319451675196309681376333622
17850 16339.5870982665002261724332656771288
17851 16340.5093859748932365424454425485799
17852 16340.8562422627475658825008161769956
17853 16341.9129315230183659826420337746792
17854 16342.8378739273320529114410672833786
17855 16343.3232090437363442343628584040908
17856 16344.3453714608469588329990681253363
17857 16345.2106573686879482800324926525928
17858 16346.4371455420484351078760563835972
17859 16347.1386040788282637432485282285735
17860 16347.3869165126089850131106246364456
17861 16348.6420005670771335868598706551368
17862 16348.7782364405620389877061152965388
17863 16349.8591044304486070256860377356787
17864 16350.3155693239758698233558238304000
17865 16351.6535782337529999453642707720770
17866 16352.3375298435274769508468656080270
17867 16353.1699985959055428090575264816711
17868 16354.3463592098452236778751924288250
17869 16354.9253734078864374784628393575596
17870 16355.4955355357140773822178121278106
17871 16356.3125597922547083603953244365886
17872 16357.0536787552643403006034692302431
17873 16358.0969428863917404911329724225126
17874 16359.0926179651286413688987966026984
17875 16359.3305185716586046099296433362086
17876 16360.0271398237646484496623957918714
17877 16360.6346407371908481195070217585524
17878 16362.1343925186464024870758605727000
17879 16362.9358870583932063595108903498201
17880 16363.8185026678903722090220649330406
17881 16364.5567097407786818867792804779061
17882 16365.3445865312368285890808883440024
17883 16365.8017120977710986896664464971116
17884 16366.7922797762363935123017653842616
17885 16367.3116252823638128358316635959733
17886 16368.0349151723441728017617302941294
17887 16369.1169940231303967967381166758770
17888 16369.9317952283369200595754165450935
17889 16370.7152990612711971347620939909522
17890 16371.8254997025116131989825820041087
17891 16372.3791438762300742531379325304182
17892 16372.8484685505382572425098695997130
17893 16374.3201303433664721627123823556264
17894 16375.0548280378266830138593045649854
17895 16375.3816705270810438230042490434705
17896 16376.4018561320254870817810912403657
17897 16376.7823385010451427993003023313258
17898 16377.9149449827767686476091994475778
17899 16378.7075694070896714869753958241442
17900 16378.8636676873850435162950649702546
17901 16380.6228965802342703782892536281168
17902 16381.5100530332892658339667971110103
17903 16382.2687014589774762460881621653394
17904 16382.7095552033769794137869188048765
17905 16383.5600559057101300764017298111938
17906 16384.0079161145129522002950595172048
17907 16385.1420811651854171078144947878668
17908 16385.8262267310554706853308341336878
17909 16386.8398296735136726277275909829175
17910 16387.3339934373039045012588938490903
17911 16388.0995655459739698192585180766544
17912 16389.0509800110681640212944583899637
17913 16389.9636749762580892193627010283474
17914 16391.0064538292411723405143535325468
17915 16391.6405387892067350944034166286672
17916 16392.2316104373036568795776336916878
17917 16393.5277108834136652493851306006627
17918 16393.9515324632473025953374160490076
17919 16394.5824882999576621648249385469175
17920 16395.0998427369952541092096804242042
17921 16395.9429119306956647564573595989132
17922 16396.9065386928022875378051215892066
17923 16398.2447222411116860708275097601891
17924 16399.0023650372739284055572089686661
17925 16399.2927155582469277905664190675389
17926 16400.7913569992282326124362217566722
17927 16400.9013187285234290426797444584598
17928 16401.9543405191869858851297279188516
17929 16402.4525824064730088944106370252651
17930 16403.6948134256983063447417189087458
17931 16404.2738040145902776059247067004049
17932 16404.8892865368700539306592549957219
17933 16405.7475983215049459970658885223859
17934 16406.5610718070895525094934695522443
17935 16407.1996499112790999204844131934950
17936 16408.4903358601852612865036343557783
17937 16409.5999209599757872373859043598486
17938 16410.0058856489185329149085404205529
17939 16410.8992682525864554678616945612444
17940 16411.3269654593394297670273026584724
17941 16411.9860402899826435718682655190253
17942 16413.0371715415705219593303801357478
17943 16413.7091584570939162767441789139409
17944 16414.6330939411273568686773352778443
17945 16415.0956348053726887466291648207718
17946 16416.6007237692470552592749871317575
17947 16417.3229014111246809341617490909041
17948 16417.8894885655702420660341378460054
17949 16418.5812894715897671828668949980427
17950 16419.3607528469314165546724996463736
17951 16420.6624327160481871690831947741769
17952 16421.1036803216362446682223227173994
17953 16421.7331394557384203767219630502988
17954 16422.7277583864138174932226257335302
17955 16423.1083301369750162071139498327846
17956 16423.8193473177740017335980958359530
17957 16424.9608197006718521821940764465478
17958 16426.1435600842979117192425366912532
17959 16426.9161567845903886275471545691933
17960 16427.6540709209628633513558423438384
17961 16428.3138763847862422986134495615913
17962 16429.0859300191521938471013107364910
17963 16430.0016588963809573804492963472531
17964 16430.2671286040279768021300070687074
17965 16431.0729254669066799584062579878388
17966 16432.4550980256770037854550864474768
17967 16433.0651484699754913106245655494860
17968 16433.6945406269459343524355690840251
17969 16434.3962176196554334318058532695147
17970 16435.6480460594685519524081879591894
17971 16436.3321017953874561970252959561685
17972 16437.1523954029917992584820792617282
17973 16438.1400436943388727918025343850087
17974 16438.5903554060564125995817169281582
17975 16439.3009713060322642919622837049297
17976 16440.4850904414297711537775781273139
17977 16440.7559482268481207074388095880590
17978 16441.2227978612151097602962452766250
17979 16442.4908739448337022097114941014146
17980 16443.4633034980181273837306418928812
17981 16444.6010081487718925938454536177624
17982 16445.4347546974723129043944998137004
17983 16445.7616139123915723363245044444373
17984 16446.5920896496253943351899240192664
17985 16447.1295629162008840713751836691015
17986 16448.2741836707016727764530623918735
17987 16449.3054866908039903658363143965809
17988 16449.5716252702460415372476624750611
17989 16450.4017397259504245063872776278168
17990 16451.1860941291599854677517748896489
17991 16452.1299555080997971904488236554808
17992 16453.1647132178010387349947526285139
17993 16453.6393917810718933483400877837781
17994 16454.8649335518360626082835551498238
17995 16455.7651263481794547825987391259224
17996 16456.4214524820050026694699215809900
17997 16456.8989535749037436795388492638732
17998 16457.5538296839393252405993997126584
17999 16458.3894112400876465753690144355628
