24000 21170.4932805456269396578563399112250
24001 21171.0767988598853841424850238745432
24002 21172.0891959020991295730105619993596
24003 21173.1660354759615951358420043679043
24004 21173.7480875010740830492851370888940
24005 21173.9338189865295083600430202255789
24006 21175.7133252804987302188836407688283
24007 21176.0822941445770335616517571121938
24008 21176.8442007231411944520622822758395
24009 21177.7024087859080761408783998012963
24010 21178.2656550808451386925727204703315
24011 21179.5233694511507882392681068347765
24012 21180.1647598803411291331158683550440
24013 21180.6023584224981115972645244450514
24014 21181.2211460416193751161985266302541
24015 21181.9434291836365462171587596801847
24016 21182.7451484732048351101598653615058
24017 21183.6565807714499578743269312075896
24018 21184.7761695395541480050504864658544
24019 21185.7343028016846710308282671369892
24020 21186.3445254411504822648761805477713
24021 21186.7895326873568649143991170691691
24022 21187.7650120316102634611365888374936
24023 21188.5321200594734054169173851555772
24024 21188.9458444751293749967966121499136
24025 21189.8473550943998585177942100380381
24026 21190.8306738475873440651870263677490
24027 21191.3976790549343822334996305330870
24028 21192.4577861582591239371021149248419
24029 21192.7832987315299827590566614187094
24030 21193.6743433877137794247350624188570
24031 21194.6990793294141565689001608466435
24032 21195.9418942555159110350467219388619
24033 21196.2538489430711454525604332758179
24034 21197.0481718722568568532007521424956
24035 21197.7069194117401853196902138645694
24036 21198.3164612555243792608679104670940
24037 21199.4953794335557857462435012316785
24038 21199.7277620218717799580926251291705
24039 21200.2537705165354247096578804134961
24040 21201.5842703393711601020718120060435
24041 21202.4812598905648192614517138456963
24042 21203.4653824719810904036536755442280
24043 21204.0421606303264716962759944619607
24044 21204.8715117866985609935140981650635
24045 21205.2793319746742761007393846942374
24046 21206.0604239875269557273933999757676
24047 21207.1788965871023263971819132006577
24048 21207.9231563421377869856768447442603
24049 21208.4792361195095385401266465538482
24050 21209.2343943500077350319812846902398
24051 21209.7735901898519787442929120308355
24052 21210.5381361420726906051770548609593
24053 21211.7786443540823510093170527888487
24054 21212.6696820003050614346895556723674
24055 21213.0872496860648020968838208006549
24056 21214.4322306311606829926657770883438
24057 21214.9465038656222570654702280638079
24058 21215.5857756926834102572848614728171
24059 21216.0838686373762186989545474696323
24060 21216.7150597113209125974773556692558
24061 21217.6809706805121683748293983402489
24062 21218.4524427954096365978514782586648
24063 21219.5182637427056051089370312673522
24064 21220.0470300271112322061355028507794
24065 21220.8820411930956484421926929710663
24066 21222.0023435419961767451361461615515
24067 21222.5331629061281038162538235475853
24068 21223.0929130066381808391979999557412
24069 21224.3100347219443610758255492043293
24070 21224.8011808454225190118417899517537
24071 21225.5914409525952798522631382404883
24072 21226.2553101580636145053247621827518
24073 21227.0714978351258685824672417157629
24074 21227.8158995153940282562375087042576
24075 21228.1666204749439037709037911946506
24076 21229.0746129522391579274769691882765
24077 21230.8011475684750658873081620122626
24078 21231.3145096443339392412606730303282
24079 21231.8599276245133382250574271952592
24080 21232.4807304847849993835586020362653
24081 21233.2498500336209655157430642502248
24082 21233.9958128621612387029431133202952
24083 21234.8641720692562023594647897942435
24084 21235.4487397301604251345758410164431
24085 21236.3040870623584759544584878486503
24086 21236.9860196046329960789212712219764
24087 21238.0293300886936796621134621871866
24088 21238.5694467141552124789623148955733
24089 21239.7653803143169788790215257701754
24090 21239.9698274767073901468534625805053
24091 21241.3107877338199352790303292541862
24092 21242.0721781293340107331303102460590
24093 21242.5399144252165734883504921175717
24094 21243.6421892418451795440214633329030
24095 21244.1367855615279711651663473005643
24096 21244.4228981005394190720285090283585
24097 21245.2699076116112197185698943817683
24098 21246.4712928803260674127538216472305
24099 21246.9709578908890583282209259985187
24100 21248.4393017717124255962514069328710
24101 21248.6610378370810084863026835821064
24102 21249.9004658533562974437938050719614
24103 21250.3652544530209830159631751554527
24104 21251.2768561835948318904335916692422
24105 21251.5196732866553953842736201671466
24106 21252.3828814983097646747517046570075
24107 21253.6943024920522923219132268107639
24108 21254.2798370141520975276515567735520
24109 21254.8132031340797040085475841479211
24110 21255.2673549075001415173433747886434
24111 21256.3595940977953729169787032462222
24112 21257.2563099962344705210092543194523
24113 21258.2192399928565259843455588529832
24114 21259.1717502345914778417307160180466
24115 21259.8069627105814951125953434058704
24116 21260.2913342152936403080605418129537
24117 21261.2383488834264884283469699216055
24118 21261.9210619487376368842887589709751
24119 21262.3376831091650359604775059494565
24120 21263.3154136494389990011168089404788
24121 21263.9469708452943734341527501038513
24122 21264.8379610074290877937788432550364
24123 21266.0640165958231827821447039099701
24124 21266.8463059855171815013172138413320
24125 21267.3464435854613129625191491383388
24126 21267.9377307920161490910723353622514
24127 21268.8025472043496705294447999110389
24128 21269.9650458371481897574202847279947
24129 21270.4820727303541313832730376015481
24130 21271.1985435119725313728890149896978
24131 21271.6838838170897495440871008725620
24132 21272.7024547345338510475466253449935
24133 21273.3955640513765365700311542305861
24134 21273.9031178924384576632784570149614
24135 21274.8688218267073180782890679616753
24136 21276.2511301524105630745886319230114
24137 21276.7288413688260496937971823693310
24138 21277.8397582383994875117008147486264
24139 21278.1953210804403026920133660293486
24140 21278.6759799817967091111356944486914
24141 21279.7059256469464700717847867210742
24142 21280.1631168687389504957109198955889
24143 21281.0522742103907084552740258696238
24144 21282.1667410908365760162317659416045
24145 21282.6546502431963771294549148137693
24146 21283.4708404201996967269135129968748
24147 21284.1456251435072949638166077213302
24148 21285.4189022906349311573189689552659
24149 21286.1158195151312903740443809099258
24150 21286.4680412481264156036960715057547
24151 21287.4503786210747496059772317163860
24152 21288.5083150027495247788755500908864
24153 21289.0042848668516269497086985689741
24154 21289.6446786878396565656561918426525
24155 21290.5168744523682808856751901465935
24156 21290.8123332937270840638278031521277
24157 21291.5102218486911486585845446752051
24158 21293.2102214033418802185794595169590
24159 21293.7262983093391549094728651199478
24160 21294.5371486543046251382580328119084
24161 21295.4577810987472758590863388436432
24162 21295.8499680371560411043579736841496
24163 21296.7625982802016929400602552616125
24164 21297.2430733745086885755875832587584
24165 21298.2562615751709040967293434252837
24166 21299.0139671283116743158295287071953
24167 21299.6284965090338264308743153763753
24168 21300.5022251474669951571518557946035
24169 21301.1826641471976332163997067532978
24170 21302.2228357873252641295142990834337
24171 21302.5799352000720376882911860820227
24172 21303.8192045020298779024455107639483
24173 21304.6417084980644026734264804704604
24174 21305.7483049440140454121549427772157
24175 21306.0176816709904251738491781646056
24176 21306.4973735327646879308541734467296
24177 21307.2790669060966806857590837638529
24178 21308.3684297735190981689226413953799
24179 21308.6812719947150041904117116416085
24180 21309.7531504044012330572857907362292
24181 21310.3173645888903120235163940868829
24182 21311.6491968287882620244989253721952
24183 21312.6782188648994156473494162128964
24184 21312.8543207990092361724336106808171
24185 21313.6131542018239681927700288989764
24186 21314.5529626796366985564487010656618
24187 21315.0734959783553755100196789401202
24188 21316.1290901263491430468442217632725
24189 21316.9405311713980512441304914305226
24190 21317.5585863302830867545042095016601
24191 21318.1158024916445697490035456591346
24192 21318.7681951985554004732709953506627
24193 21319.6212174171769752826557643228856
24194 21320.7029108278284806781085533001233
24195 21321.8632586405433820783210234490661
24196 21322.4628755240909534081022557872854
24197 21322.8786183896569560614697448563528
24198 21323.8814170023298398204995170069216
24199 21324.9439789430592787693695941374656
24200 21324.9956232369587688012307406517935
24201 21325.6835967466800236820992281644434
24202 21326.4611780006114250807049087717935
24203 21327.8025134308771645506836887234858
24204 21328.3461313594682410957474571794850
24205 21329.0605025785571648799700823480408
24206 21330.2338471535078654427905590156431
24207 21330.4943620160027991400389095017139
24208 21331.6545773212920227622610620458351
24209 21332.3182879238830321323861092648062
24210 21333.1809941970658548990333697683700
24211 21333.7559900021398889875843656890117
24212 21334.7231597866476055794484684309074
24213 21335.2235246018197125714437168594173
24214 21335.9141442221685742540129487097545
24215 21336.5737454697895046118328318703685
24216 21337.4964183702382329709681517679778
24217 21338.1939131722229359649741892325167
24218 21339.6742065090040170415768668534803
24219 21340.3438483467662553788435183933763
24220 21340.8958782190614086360465193710558
24221 21341.6036321124409613573456850873825
24222 21342.0743081035216642788964079416720
24223 21342.7938818469101024049286385630843
24224 21344.0185244799415972696391791370123
24225 21344.5983746688273273740884376605861
24226 21345.1875763505767555770693642881614
24227 21346.0492933978297673335441030289221
24228 21346.6984743899834634923587399022686
24229 21347.9755765728110882348501379018051
24230 21348.5008671659143843549704948842142
24231 21349.1150969350601854641555169863778
24232 21350.2232035430843504450294181637457
24233 21351.1761244832838432834191080124299
24234 21351.6177203940278918137402170199044
24235 21352.3118323494206182064578126874328
24236 21353.0899353440206271428790880288072
24237 21353.5021878329743430912282270366320
24238 21354.5228562919868109257886526969881
24239 21354.9481187902335257378594485632784
24240 21356.5401711946928011140387148440403
24241 21357.2182775907889163936504301302531
24242 21357.7128086330633755241846578739485
24243 21358.7082239833155725571017914506802
24244 21359.4568235767295654288429103591778
24245 21360.0176448349402488306380928047897
24246 21360.6839142289408966934879902174244
24247 21361.7680577753993031378907098137799
24248 21362.0887608084430108833751347981754
24249 21363.3473329124521348961147539632352
24250 21363.9985308666727269412779089302828
24251 21364.3804446088891632227466494314459
24252 21364.9687537686241529041460149339800
24253 21366.4727903220535091175186138973527
24254 21367.3061601648070552224886644108226
24255 21368.1458189419130001388726229163789
24256 21368.5565202855821212061136221560092
24257 21369.4987204707792991711006829109604
24258 21370.0902747286222962981953172111027
24259 21370.6421194200884788438960763977284
24260 21371.6298521255518959666654887681709
24261 21372.0947159895287679934240852261030
24262 21373.0391641393949331721413419218193
24263 21373.9502498988055265179933239499191
24264 21374.9073867913405402178376419504411
24265 21375.7080902525280804788333410423826
24266 21376.5215136281854475877911942921851
24267 21377.0416599199187505858540010631603
24268 21377.5155075186841336901456063250164
24269 21378.9468944190229491797212715706512
24270 21379.5242819883650474907870971646081
24271 21380.3157117414332549500366497823084
24272 21380.6528630042702903814818374265321
24273 21381.3041440661021896481237696280913
24274 21382.4168508694739806773630769175574
24275 21382.9748365218176459383232679672849
24276 21384.0896560056602205094785440919688
24277 21384.9466766995258923684507702294995
24278 21385.9784370119507929690906358620494
24279 21386.5884630031900478670998087283281
24280 21387.0795876282429045121464986439245
24281 21387.8459206794402480333633116042131
24282 21388.5435965500456114217556869510309
24283 21389.0099716597190040191959697114421
24284 21390.4120249512897406608297723966604
24285 21390.8043591849849879045336994820145
24286 21391.6827377979637306705086756037109
24287 21392.4047072053993332022973914489558
24288 21393.5023074080421541638246942265037
24289 21393.8527497132084505978588534893582
24290 21395.0851861609547009080058198989546
24291 21395.8712971193519131869687596936180
24292 21396.4103243095964019371459538561799
24293 21397.0790425097443018899089802226997
24294 21398.0301086566802271037534346763818
24295 21398.7951607754078652316694949569799
24296 21399.2106265156019415678440558278668
24297 21399.8731617225334329183215256551654
24298 21400.5529176893973949179095971809892
24299 21402.0147459428123202306251612655929
24300 21403.0465724098825926677688257028844
24301 21403.6022292118128079530292327025559
24302 21403.9815634847951836950145763174987
24303 21404.7933241677549736506726434022471
24304 21405.7897609032927780220890305266640
24305 21406.4746784014306519467544124395665
24306 21406.8344680379751469601002888081051
24307 21408.2458128547410988396913740310867
24308 21408.6400594868639690715790090102027
24309 21409.1407090518673832428924718087356
24310 21410.3339634752403710273223248443700
24311 21410.8745812607353866395866874912099
24312 21411.9740308147466361986335126629923
24313 21412.5942634788971460003049888261089
24314 21413.6770969351646419793653136646056
24315 21414.4698765194771078036765257363624
24316 21415.0404612155595522768639301874758
24317 21415.6196091018868354949188471191938
24318 21416.2354156988401253029612164772635
24319 21416.8796345934227833753714907372035
24320 21417.8263160054310970829740033218190
24321 21418.9183345717895784757317334397237
24322 21419.3360924465566525282512845688766
24323 21420.3925322311326373838914727108686
24324 21421.5345076353712015151206903685455
24325 21421.9566295026838189414519135381218
24326 21422.7495456111855376011407527810335
24327 21423.1348146022292051655669790657684
24328 21424.1763991267999995543966527192897
24329 21425.1950374029356469865969452273589
24330 21425.8054433967323973211118189377406
24331 21426.3352662973812577787707659104861
24332 21427.1177777667629415436903716236484
24333 21427.8554889818991960233704126321483
24334 21428.3710212050030276548057939884577
24335 21429.8800725642685000867258624457595
24336 21430.7452230321900546390818733885889
24337 21431.2678654155448357836863652635169
24338 21432.1481636508189752406869808732802
24339 21432.6528374432573382158794668677043
24340 21433.3215336121835822798286352618867
24341 21434.2678712110073434168487429657041
24342 21434.9215330883716262491704691157766
24343 21435.3554004486898417953470856275092
24344 21436.3778893303099472855149195988422
24345 21437.5492104345093805898974278083684
24346 21438.2209311186767982372999898367019
24347 21438.7521403916713957575194074888869
24348 21439.6855973464373965508986548479042
24349 21440.4253952495491106654801646194641
24350 21441.3370294558806018842202216395207
24351 21442.2020229684859763134176055330735
24352 21442.9033521360922595203362300598886
24353 21443.1799758257345706552555492520295
24354 21444.3123004978446222093554678618687
24355 21444.8186461500460082056712970888835
24356 21445.6230149712191704305860985032848
24357 21446.1420182925251146654626206697649
24358 21447.5642494785009760565367323602147
24359 21448.5957609261944492215957278340410
24360 21448.8771778409038909443156150304857
24361 21450.0768954066897625000659006449886
24362 21450.5773670463760608805516179565585
24363 21450.9145810779355513240445044639045
24364 21451.7046215203013206316880459870128
24365 21452.7597349821692187112220362343422
24366 21453.7750535424771693575336236790722
24367 21454.1323090349746594552728156986456
24368 21455.0542930751536501735248894439760
24369 21455.3775116911416584280368782489738
24370 21456.8960958406103720689719483134186
24371 21457.5338109046922074764099697875357
24372 21458.1352581823763276722599294059402
24373 21459.1637581279442445375823943180923
24374 21459.7880446210670424909611354481334
24375 21460.7821995406942399263335890811219
24376 21461.2854290189662113139478798661137
24377 21461.8635240102959522298090839519505
24378 21462.3817002431468963107406865009338
24379 21463.2987729532913535243547971405025
24380 21464.2343888328747405482411941735943
24381 21465.1801888533740700573298092512082
24382 21466.4092600912321649564419587057369
24383 21466.7009886736301172674034098016251
24384 21467.4067045150747216795465666461179
24385 21468.2877815700311985932117412063992
24386 21468.8957334242497235080575941467969
24387 21469.8936532920945449281560434668281
24388 21470.5104479694983615095464803086669
24389 21471.0872607068731687458177188513868
24390 21472.2992974018722251052241141479374
24391 21472.5139235829123318481595468771189
24392 21473.4527917297529426359700718627962
24393 21474.3500289433622444823819584336970
24394 21474.8526889251399043646845792765673
24395 21476.6406913470374754301787510847913
24396 21477.0475353240274503093300362060175
24397 21477.3883628368373713335738729513155
24398 21478.2366277644673077972468707164824
24399 21478.9046935566223911782869004577165
24400 21479.9327972011805244744113772399446
24401 21480.0904507004669061541482877084593
24402 21481.2704617991974974548788085444032
24403 21481.9544382972789871543896672208098
24404 21482.8141688957677697352429321978484
24405 21483.8431730732593041088149489331896
24406 21484.6423550483570679621525056554241
24407 21485.3398476226094639801807794620886
24408 21485.7895109465769209205787589717374
24409 21486.9031296941054122777196427841553
24410 21487.4048226269953771397706723053357
24411 21488.7065161153184606572870712092041
24412 21488.9244442008153906050040274189983
24413 21489.8800775225915808552804261735593
24414 21490.2672172162272697934576394564599
24415 21490.8116713846120652961437748399365
24416 21492.1489510450360178615677944623117
24417 21493.1882595081726743002775469379040
24418 21493.8789157179336105292665952463563
24419 21494.6082583799043741802868812588220
24420 21495.4119211255182932573354676155705
24421 21496.2717698175682337587451148451802
24422 21496.6812793302387767292232931410332
24423 21497.2153538811066405640004849359358
24424 21498.1303871921386545667427114605516
24425 21499.0664647753161249517272825390190
24426 21500.0170840008755744081591382260470
24427 21500.4392441904240774276353638759022
24428 21501.3391664851774729135348466967727
24429 21502.2103930601376611381001164505414
24430 21503.0113910239600351497409151520113
24431 21503.8910251200114058180854723834393
24432 21504.5703338533873202965182138114494
24433 21505.7901854757011833109977265644867
24434 21505.9076308219762151944273999786496
24435 21506.6298463577082249633801910405087
24436 21507.4215638389370001844221869841645
24437 21508.5105762254753026942092926701830
24438 21508.7427089183444267748286971991000
24439 21509.3906189561428722652933502637322
24440 21510.9464563629348254340022054497796
24441 21511.8380402946979505167680429788758
24442 21512.5205464935543088007433070318270
24443 21513.1005241232957550900512902631757
24444 21513.5446752352684472066502323416293
24445 21514.4118217593124354833419953428915
24446 21515.3315497609511480363179705575951
24447 21516.2896115610329720533650918176268
24448 21516.8079940522387114431903356549361
24449 21517.2599290323302162114640043808470
24450 21518.4199774711829987268030219143001
24451 21519.0455874503093549089270869006062
24452 21519.7255539308525420656320865267183
24453 21520.9414957843923603216305297844192
24454 21521.6398186201486558883338646061780
24455 21522.3949660351884992271762276368306
24456 21523.3162688279725358341907144807324
24457 21524.0393700959260037214301896362316
24458 21524.3192318582131241057855188900694
24459 21525.3261171424136229358160922039598
24460 21525.6889981425445507062572433305824
24461 21526.5617792427252893971165666863772
24462 21527.7685062408313857091307489807457
24463 21528.5825110821785678786311310711110
24464 21529.1740195614948903423348575086377
24465 21530.1184031872870661966073151053912
24466 21530.9118565550826204506032389161645
24467 21531.6079157076942100876901667457825
24468 21532.4615790988628617924622384995343
24469 21532.6903398477986208377850602826286
24470 21534.0516488297885041340199912407431
24471 21534.6908517334745864728291785730316
24472 21535.3637176844687972523628316027399
24473 21535.8811661872777032101832346780279
24474 21536.5743843702116250881411768358454
24475 21537.4208194610280294025215745880532
24476 21538.7990852341364788231072547335672
24477 21539.5052205447498137423115191844536
24478 21540.3279519438697413832906439424746
24479 21541.0228504895407760118444230652045
24480 21541.2779002068069063436620151062444
24481 21542.4495096284314541282806626073342
24482 21542.8686471124124007308241104036449
24483 21543.6779099002799503846346553740742
24484 21544.6122381579173319954300573991195
24485 21545.3507325955533617264844608272212
24486 21545.8831399297444845523911161776604
24487 21547.4235662942715157513565327033225
24488 21547.7432813911124637204564599120677
24489 21548.5675509116418783458311738447104
24490 21548.9320622091228105867995631814801
24491 21550.5854433624591284278113610898062
24492 21550.8906059759678586238621825117181
24493 21551.6295349380097849340532947370506
24494 21552.3168776424002362003943131350250
24495 21553.0005307924903175711519504309081
24496 21553.5013712918140081519682918943001
24497 21554.6595287701915361689191073336667
24498 21555.1017229007278307968559238540123
24499 21556.3713575752336092085337929875326
24500 21557.3159355642109075202389689182560
24501 21558.1936202439759116573904600263443
24502 21558.4879593109698641306650840326357
24503 21559.2810364978214927550963328872652
24504 21560.1932758317169532177476270180347
24505 21560.5144281726284721901609377743845
24506 21561.5114910004247110309507188831588
24507 21562.4541847026513616415550807923345
24508 21563.3086078405759165523360948751207
24509 21563.7825595620455899566831460071592
24510 21564.3318123496469812095625996092435
24511 21565.5025138846505918100837035036608
24512 21566.4455369287333749287854227658119
24513 21567.2479166116418842542248250177868
24514 21568.0721671716707757950192181602479
24515 21568.4800328893046523607984867493229
24516 21569.4128675204036613218413541926952
24517 21570.3119383912492637448697221548217
24518 21570.8061776892115039861314241853608
24519 21571.2140559755659136292790916824142
24520 21572.0592525827584685961154775907177
24521 21573.0321894761243545291846758902841
24522 21574.4034667063109815724172229383408
24523 21574.9228077770036998876915102270975
24524 21575.4682423096638741348472823001454
24525 21576.6577844611717624372957265349779
24526 21576.9069833192556770921267955612829
24527 21577.6235120437947582999898611568942
24528 21578.8390717460874731829642266203163
24529 21579.4003526725316019394680375750569
24530 21580.1133679369043181719715307447883
24531 21580.6966374820751942721957910951396
24532 21581.5638471489944663349891068987086
24533 21582.2955974101703475935545503381727
24534 21583.1071777721677920174894077853180
24535 21584.0535361132023513179238453534690
24536 21584.9942138780753586651405386859443
24537 21585.9808802684221239821705746531388
24538 21586.5195150359836711252295158687345
24539 21587.2137389870359801455341491765722
24540 21587.6436087405012025414177899827796
24541 21588.1628990439024828754543780800299
24542 21589.5757598648007685357718624642754
24543 21589.9854086836110345897052853150023
24544 21590.7411737219230925824528791976197
24545 21591.7206792569511134720991720596686
24546 21592.6453129370174515754187260640333
24547 21593.3855637535616912036739770708897
24548 21594.2398877983316931044178344334239
24549 21594.7779115659241783578719565981850
24550 21595.4313489990847167904073364760685
24551 21596.7003496527727738788912314032633
24552 21597.1157111224638957013063212916796
24553 21597.8730840623654859074968818830168
24554 21598.6345264065690593107599558128385
24555 21599.2512299944920533038020134206720
24556 21599.7504909460129919837822530113312
24557 21600.6697356577983788464401306329294
24558 21602.4052199823814163400226088497531
24559 21602.6951095949135897643171102486868
24560 21603.3987837731222130764896251376315
24561 21604.0233848536546163552375019166877
24562 21605.0379133827416525908332946374400
24563 21605.5738137648255089084737866998984
24564 21606.2794088152185529039371010125667
24565 21606.8780961114733314125921255799201
24566 21607.7755519563556009599100983278218
24567 21608.9416700551228942228192788994459
24568 21609.2265281461781838355328508339687
24569 21610.3070720448664829940838999944531
24570 21610.8789130062949014625858896496429
24571 21611.8463026809425768114748521869793
24572 21612.7032363355990166405586233628729
24573 21613.6919058499770727648191660961592
24574 21614.1013036886512242877759899018202
24575 21615.0215515018896126844859982048567
24576 21615.5218013613890361128420999310087
24577 21616.2531409909566272154819633008662
24578 21616.9894864865639771423159475848542
24579 21617.5655954124365589866397795760747
24580 21618.8234913634446938042060029508819
24581 21619.3272469924365240366458293462511
24582 21620.7070852591272858670371020298509
24583 21621.4464102511518599445790966063109
24584 21621.8568079772976249856624278573711
24585 21622.4463431809670036193959072559713
24586 21623.2065160242090975947914562351117
24587 21624.0138903354812469197408104576168
24588 21625.0880647754110637345934382097252
24589 21625.8459363779501091626207539122069
24590 21626.3119166678551038640226675559172
24591 21626.7311706159261895126694730924150
24592 21627.8419787309624709891794589094367
24593 21629.0483760874389812610047534000234
24594 21629.3469019982109124172422004309761
24595 21630.5860245689629519792058236223425
24596 21631.2910568153654800109448724261682
24597 21632.0912318958213274395124111375352
24598 21632.6251854221957078679097540987477
24599 21633.2625488652344915572172305749372
24600 21634.2776931810604411910972797759460
24601 21634.4390052453026605281799602860421
24602 21635.3169998300460888017188518236637
24603 21636.6998697682262228044662192181398
24604 21637.1372265431290893674259436154990
24605 21638.3758905523711390769746764354788
24606 21638.9340756783967580738495256977790
24607 21639.2994105997623299250917156590810
24608 21640.5534608175088640646054441660596
24609 21641.1773286434239388589433689163387
24610 21641.9431399580409666705556614391300
24611 21642.5443733710616180758912932222506
24612 21643.3970703696324289323741701619199
24613 21644.1693686742247350631549846266465
24614 21644.9772121288910938106531714584530
24615 21645.3239501494200216470381356641258
24616 21646.0636224840656316056187269082763
24617 21647.7363928271422135581104993322572
24618 21648.3070429783564405462803963076557
24619 21649.1452992430165192494079988374420
24620 21649.5882581746913092286127592987876
24621 21650.4194676422244111260119338018395
24622 21650.9429261262440286573640632814316
24623 21651.7873882603269202672122990774059
24624 21652.5071754597514163481108841399976
24625 21653.4520313917179996460720517051405
24626 21654.0787450324854091300485394872437
24627 21654.8894041994486899895388066712301
24628 21655.7720676511834877632944697577373
24629 21656.7602138537199472758149628723524
24630 21657.4141442573939735356582988138910
24631 21658.0273987219579006182753340637107
24632 21658.7762981150547223652395876045596
24633 21659.9322987483491299433826923772071
24634 21660.8073880407274341254009557285416
24635 21661.1077224344192869063174839118011
24636 21661.3558513937944786707487745228780
24637 21662.6240199748995843141492705040107
24638 21663.0412226341442078239500600810179
24639 21664.2080208915187609788669390622195
24640 21665.2528830183044361680728562618426
24641 21666.0538438402217512409361471649552
24642 21666.5901608082248493238126290217572
24643 21667.7544477066023025520413456808437
24644 21668.1060277183850660677400818845056
24645 21668.5984955182956674813711264827689
24646 21669.4518568437989932467444478073587
24647 21670.5312155260651942077604507207448
24648 21671.1250918230742288958344314259264
24649 21671.8359797271515728271787018136240
24650 21672.7554641827310380391603775528446
24651 21673.3098142637110176768112157747730
24652 21674.1113349557097957384878098719573
24653 21675.1432927305986192928402712481441
24654 21676.1418152108145245475494362707499
24655 21676.9737974438140007251123053135822
24656 21677.3455649838774059151519991803868
24657 21678.0124457618179511690692481769939
24658 21678.9495787019179206029941450136936
24659 21679.5546454595671386509100685900264
24660 21680.2512088219597448250955269357506
24661 21681.0043870062781073335118035709332
24662 21681.5250872176193280656202652649543
24663 21683.2929406519566336012934070076747
24664 21683.6253038598766957629940159971394
24665 21684.6112042242599773263726227457890
24666 21684.9124252270407588840411928391272
24667 21685.7966794637624419225021511889605
24668 21686.5873030648908908526900930788474
24669 21687.6117591092674598572666674177158
24670 21688.0363959505388770960938894192848
24671 21689.0393202639131457649434362299469
24672 21689.5236506259947924875334671541107
24673 21690.3107413039060801575487755333660
24674 21690.8141973835899909463291108320285
24675 21692.2067492606325093539757955780666
24676 21692.7116589434293563556369037543493
24677 21693.8921280046839332628113826602061
24678 21694.5474137631887732282666589725860
24679 21695.2766607358734078085835558840439
24680 21695.9538542397832686134866518680723
24681 21696.7034309270594356553367083058588
24682 21697.0660772489234004188397015531175
24683 21697.6982631455688547972196659819678
24684 21699.1505512678279095638463414008171
24685 21699.7193556956341130551593507685377
24686 21700.3692895926741963464915973444359
24687 21701.1634443632239243641883134651224
24688 21702.3761731107488234019806196862183
24689 21703.0687812923235328198601612022634
24690 21703.3070296574827540360100937661382
24691 21704.4795058704304071460371273800020
24692 21705.3440797904001424453559000132433
24693 21705.7335105362997917395988224583505
24694 21707.0114543750423647840374065724589
24695 21707.2017660045853826349610605223502
24696 21707.8703930203069236307334907211511
24697 21708.6293939693876422026080786287186
24698 21709.5395147145448434401271573686847
24699 21710.7733753351560921787150025481393
24700 21711.8236174466293703433730059066851
24701 21712.2078947967860392885922126356399
24702 21712.9719073797919662442226407908248
24703 21713.3287632717265361302985285203862
24704 21714.3835854122497598205238593768536
24705 21715.1975976112673155540692121140858
24706 21715.7312648185054841104807822855494
24707 21716.6743170598168062829930789760493
24708 21717.1748696726034625677655218323616
24709 21718.3231004197228467315767758944983
24710 21718.9976289758273430541647416633574
24711 21719.8452012220772103405520293595963
24712 21720.3822961527386739830474095924189
24713 21721.4622739668335948400614639980851
24714 21722.4823671255949554294566538313845
24715 21723.0546236935567910729474768722864
24716 21723.5946655725867971058713123380313
24717 21724.3047942294374604419696520718030
24718 21724.9635807599535075581129527769216
24719 21725.8090432140742629010372256950266
24720 21726.3637642566743572698858521203769
24721 21727.3105073518468816688541914401077
24722 21728.6116729362083426355429555290297
24723 21729.1070150069264913992619797666538
24724 21729.9944144756054261002502340301765
24725 21730.7701277581165678186457895936783
24726 21731.4232225701525107824635246983515
24727 21731.9871876064346611211992840131509
24728 21732.5488106592473979515821884690392
24729 21733.9037054620989713044315923354910
24730 21734.5357188472315929069179205884788
24731 21735.0662524157313773042325254578256
24732 21735.7649140510633404353493783210147
24733 21736.3895467819352561089838994175898
24734 21737.3731471029020523458504600355817
24735 21738.8161758331566292621662238134971
24736 21739.2321791259196958952347243040584
24737 21739.6869912023860922935623231978534
24738 21740.9538862214373535890533598434164
24739 21741.5233797131884785360737349575684
24740 21741.9189354260649787971891954011735
24741 21742.8713584184838340837951764258718
24742 21743.2582666859899839884623432290886
24743 21744.2796627983968806564403691577600
24744 21745.1061966638551738337744908606001
24745 21746.1153718834109149130095986100183
24746 21747.0328970374979186673404412361128
24747 21747.6691453434265037011302499025200
24748 21748.1811103027881518571456060901964
24749 21749.1487915932187912236733436223082
24750 21749.8114514305509964068977676371284
24751 21750.9112179663991181691108993803016
24752 21751.4234757054972703854666847222796
24753 21752.1589695507719610477293015118340
24754 21752.4972110046767678251142841079978
24755 21753.7492974504333563756274446696532
24756 21754.3592172512389310124349242320119
24757 21754.7889654203373037690311102637873
24758 21756.1627236839334454193883408728209
24759 21757.2221632134519559223890210430090
24760 21758.0282115105211422997803440797346
24761 21758.2698083310973995838033882077480
24762 21759.1592812088397007562565665701617
24763 21759.5290618200927182525494582511689
24764 21760.6361504047128238124167533543048
24765 21761.2268506168097959283991513373581
24766 21762.1188568776078588827851719583682
24767 21763.1651906214288071807537676551424
24768 21763.2857277428270218548972286078884
24769 21764.5553502725209195465903683938772
24770 21765.6398938502103597311805525577306
24771 21765.7799320245332265846215198639140
24772 21767.1303575631328345217376396492930
24773 21767.4789610929798082483309338018162
24774 21768.5806543965068452950614745209550
24775 21769.1109748574379008319933044517667
24776 21770.0286244266390946618786344505516
24777 21770.6468648167299399181799766107550
24778 21771.1154471446613475502825862645207
24779 21771.5186913117050465463376236212247
24780 21773.0483522947848393019829944020318
24781 21774.1736292527059508758964648973318
24782 21774.5488837344876010075179823148358
24783 21775.5278424882367685567294328857610
24784 21776.0846935358831505340046070185223
24785 21776.8743824428764564754750332326980
24786 21777.6989018373077322163739531730657
24787 21778.1373967458477113607809401100337
24788 21778.9955662009607727765474333233970
24789 21779.9175510698935178418167232487123
24790 21780.9187401635610066765959039083953
24791 21781.1507306664869575491970096671577
24792 21781.9095280260370782853509512280054
24793 21783.2783702347458553528158033282852
24794 21783.5400662651889465755850486209926
24795 21784.7705317642925495569297839833866
24796 21785.8784519147933089114387440633550
24797 21786.0669600636785415852888571355495
24798 21786.8243303905876576245841687928183
24799 21787.5281031859598519080514039069083
24800 21788.1356234614547341372586037545614
24801 21789.0852787681954966865452999996190
24802 21789.6863675402418859900270274565410
24803 21790.5568252620728007874856069898361
24804 21791.3937356247619288408051361935560
24805 21792.7702099769812051544746098693997
24806 21793.1712235859327558036448971600917
24807 21793.8816006912553186355812327960965
24808 21794.4308895188974571151599241556061
24809 21795.0702070063366275852249953552720
24810 21796.4505701374256245163516619297069
24811 21797.0142803276573520319883221098499
24812 21797.4374980911170249243220909342860
24813 21798.3848809818488905652948077635589
24814 21798.8721522282220566813955602687869
24815 21799.7161271996105288728597920150730
24816 21800.6035555828507957548600944917005
24817 21801.6747947722035074555414142184667
24818 21802.6767772479125749001297262914190
24819 21803.1787517787645290071762058681722
24820 21803.7985805072674861011524111581161
24821 21804.8873605635877630677490468712084
24822 21805.3054986223184444456859898016920
24823 21805.7516554270476746647810215337064
24824 21806.6721425193822721999732862803295
24825 21807.4866517257974342674478027984712
24826 21808.3886866589108098511505293650566
24827 21809.5335613156976872296482387293524
24828 21809.8489764586355577762226907442680
24829 21810.5947030261610858816776554337162
24830 21811.7308603900200646875295369155397
24831 21812.4765602697078395730164803313367
24832 21813.0777064013756975539448831362699
24833 21813.8625373207876105881552018234799
24834 21814.6632550293648025951561733754021
24835 21815.3974335057492200871017022758137
24836 21816.1096213082567943112501214433603
24837 21816.6070072596610234166329620989350
24838 21817.4591362918847284527003385840226
24839 21818.0095427158894521931130346538383
24840 21819.6334914086338918118923113922641
24841 21820.3722899543517074486089184185540
24842 21820.8881264851427360545319892987077
24843 21821.6318621171899722784541440663227
24844 21822.3951031399993206009491422014360
24845 21822.9046224178386730994827496257737
24846 21823.5281425563206184484698931361510
24847 21824.9079570702908328794863721116647
24848 21825.3147905307329504270990639755828
24849 21825.9148702278902438062232218062927
24850 21826.7002595071881400257190580138456
24851 21827.7514304473084946415825323966148
24852 21828.6412672210782390196014395239973
24853 21829.2652141769081758724090168258059
24854 21829.8850659024456718730644742367354
24855 21831.1441392867605265201049805181162
24856 21831.7721839174024501348450136828534
24857 21832.5658484921888379337026332952823
24858 21832.8993442380544175674572458357625
24859 21833.5777855246584256086324755009362
24860 21834.3694451770259873191577881719829
24861 21835.1771802662467987384432139292893
24862 21836.0943043368823437547263237117995
24863 21837.0466752848603263390750794169990
24864 21837.9762926264282990714761440930306
24865 21838.7263631120424720509560178654467
24866 21839.3571906482558233539595160830729
24867 21839.9549598289897946766853867006457
24868 21840.7883021035535026009868913527573
24869 21841.6463934891292209688564363498444
24870 21842.0870592810373457330020487133344
24871 21843.2892611068300073939383240933190
24872 21843.8640029853522192489676171738723
24873 21844.5109134182164144849211647788401
24874 21845.1474985152474744549934440150495
24875 21845.8549494870043494052077810274531
24876 21847.3418402213142215112952979697044
24877 21847.9652193509758809439271485336015
24878 21848.8792610839847040725948447116539
24879 21849.4198816408659949475882478953930
24880 21849.7055949583684036566853011053979
24881 21851.0712289943201995760537490894184
24882 21851.4435449912048247318823246120580
24883 21852.2304613752728056375061074100941
24884 21852.5471802190548801482979424156134
24885 21854.0684559484046039710023421216089
24886 21854.6079573597584811931043535021938
24887 21855.6201875304186982424970947802288
24888 21856.4614498698615656600351323011806
24889 21857.0350822214656057383391330829722
24890 21857.5184363359624907825920061176854
24891 21858.7082247521497670274599813462533
24892 21859.3685876666447850240723198972845
24893 21860.2442130342361841864560061378977
24894 21860.8520165388754356498173756453054
24895 21861.3469531485914900882734370560951
24896 21862.1388635416900594482740007666128
24897 21862.8456875173985619113771900392290
24898 21863.8390095318699825640042099160664
24899 21864.9145291369329524031176670921322
24900 21865.5016768571288211599886155447044
24901 21866.6244649795227888488032969587125
24902 21867.3869085682826465626315954976651
24903 21867.7623516287848231159219976799251
24904 21868.1835783902342620553130831986825
24905 21869.1962856613992026619319367405449
24906 21869.8013024708686453122049064517785
24907 21871.1629586066009507740087456159234
24908 21871.4985409938385119831720277465406
24909 21872.0660182933982703070030808504222
24910 21873.2270089260691002982768048859432
24911 21873.9760022438769204779297726521197
24912 21874.8549601602859273827699466052934
24913 21875.5018649330138245268972257896205
24914 21876.4294720975586645576007750951563
24915 21877.0898857622116912519842034435321
24916 21877.9612182323018832642117624754375
24917 21878.4928347417488699480689499746709
24918 21879.1843629167859123289524620128359
24919 21879.9429805818907981389059635447331
24920 21880.6004011996970561616496933632980
24921 21881.1136806816278294049438276397283
24922 21882.9301479259604972082766288676729
24923 21883.5733236778351919196618686535906
24924 21883.9833632836640555050060032452880
24925 21884.6612778944577580562306889029123
24926 21885.4847006250103774907866872668005
24927 21886.4142835510406039567283925811286
24928 21886.8072153134590456725358620604702
24929 21887.9726074720264309729851659179608
24930 21888.3055335551396055056451539419569
24931 21889.3079922369353842301704147603753
24932 21889.9755873782666023326935518749277
24933 21891.0498186012876741444076956973962
24934 21891.2440595945108535767739456151690
24935 21892.4531470299721190206172001254274
24936 21893.6316113239866465204806524959401
24937 21894.0823349024129053799721846681648
24938 21894.8955409822055365280766893055238
24939 21895.6721628975582285646030678322320
24940 21896.2470077798078177692429847439517
24941 21896.7016563610955385282251976854353
24942 21897.5224121439893731675306356077441
24943 21898.4870555069994767651268581133745
24944 21899.3022848603270377722124726280968
24945 21900.0325781371103140093231430240580
24946 21901.2148131147220381607839307948357
24947 21901.6859161428955641996845457891805
24948 21902.8414793648723881819790049937160
24949 21903.2388085036041348245903752317900
24950 21903.6189862188589812103412838211414
24951 21904.7222006300205266827908779203657
24952 21905.8532093881867278886241915200348
24953 21906.3219988304192357517404351310372
24954 21906.9349470132454579179929504427644
24955 21907.6499409915624367073506218216140
24956 21908.0335355399921877213070776099040
24957 21909.4582148133583500569437370268922
24958 21910.1911344305213962369504419572301
24959 21911.3461648396833954022322586672737
24960 21911.7993380161291711606886039390841
24961 21912.6090615348134462927885247837990
24962 21913.2672722401917335037582207847654
24963 21913.9498383561911962020806562319684
24964 21914.6268469633646986582003556230305
24965 21915.3008749570404014409838549835119
24966 21916.1182256871039648078685169836237
24967 21916.9688221091571162921630179320953
24968 21917.9529386074614827067332184408904
24969 21918.6588737235707496560542225212678
24970 21919.5114199743094267713592073265859
24971 21920.1573477975133854360528643185715
24972 21920.7508172325516075354652950152378
24973 21922.1514009280731232300294221227761
24974 21922.6688708910534830684041805812820
24975 21923.1851393133198149641766176047056
24976 21923.6959283196773216452167927625678
24977 21924.9269396158992887079458490051638
24978 21925.4711484173524522700503908677636
24979 21925.8176075686652124191513054498279
24980 21926.8228228710362240315698305107315
24981 21927.9564238894755648434604582396054
24982 21929.1002325851710527474781029639694
24983 21929.7693896904613269778792614870194
24984 21930.1107105005490500235490517975421
24985 21930.9966524781944824989455454712931
24986 21931.5210272756684487026361797359456
24987 21932.3260488164080414830196824100007
24988 21933.3204959602828074849198999321906
24989 21933.8621371967114783083230416481331
24990 21934.9636651602038470102055157728776
24991 21935.3980959639379561527455533378862
24992 21935.8988604201105649676180977239283
24993 21937.3143721691172671267364224633984
24994 21938.0589838143526887573620310244870
24995 21938.6356373660322976503617167854050
24996 21939.5166449629062801455701257521764
24997 21940.3694170786579993675747926894552
24998 21941.2195249106969323610313693145373
24999 21941.6441217557040090269343710896465
