4000 4506.3114967288249724329998775159783
4001 4507.7451828832175857128539495821307
4002 4508.2114369026831914834353694297516
4003 4509.3714446481237718347909425487162
4004 4509.9436689371427966313229383896326
4005 4511.0400140285198269473989160241305
4006 4511.4627185969448253048666090001599
4007 4512.8099911071993332915298339744807
4008 4514.0771395895416164753939884007237
4009 4515.1913067645893033770604889538664
4010 4516.0898452135389496171754027567355
4011 4516.3656710408290241378648054743761
4012 4518.2753892224323888631708226990255
4013 4518.5846792154185225799245177092759
4014 4519.5748000204591178358398900770312
4015 4520.5385550087269316841840888234276
4016 4521.4754851532726916981908334727590
4017 4522.1440777282614783882964669078856
4018 4523.2374643787252006202584013196990
4019 4524.9733971607557732436186008974455
4020 4525.7908822969002678710331445684679
4021 4526.3485863587877518733926857279808
4022 4527.3536331240184299184520229239580
4023 4527.9438935447855881097258399949105
4024 4529.0692345920074982595769458174628
4025 4530.0252331744113235264695405070583
4026 4531.3189683378865967242738185976469
4027 4531.6435759871813105388250484990020
4028 4533.2979764714417266156580249726162
4029 4534.1355982443213431925046262212399
4030 4534.9355560047022842279450605097796
4031 4535.9075625167293765143795984948373
4032 4537.2525685474855874155656513569457
4033 4537.8060983438823299368628380282420
4034 4538.5089350881081767741411292760608
4035 4539.1888629237058498117720384436294
4036 4540.3477266234541881285002440140330
4037 4542.1296662509786350695327265453377
4038 4542.6204860980076123720839634914944
4039 4543.7469222737909991776310089685482
4040 4544.7202713208751103824214919073446
4041 4545.2633436364851544530980923729791
4042 4546.1412074212719798455605398769057
4043 4547.5934153687201141848385461870633
4044 4547.9386360063632530185447806872498
4045 4549.2810718281278110863507947233197
4046 4550.0686888793142103361491180124469
4047 4550.9796935852959626136437644525667
4048 4552.3219261609702895195451362383434
4049 4553.5368502808792589717589211492574
4050 4554.1979510509695987066352302878886
4051 4554.9593914868761606679145382895541
4052 4555.5954735992031589466012918739725
4053 4556.8913105364845037686529868803879
4054 4557.5339740705779985304958879665148
4055 4558.3966238282904415571619849226747
4056 4560.2159410976712819587767780085033
4057 4560.9998335062315665246949547163960
4058 4561.6293466015696697320502773174329
4059 4562.5968170892677099509891654850592
4060 4563.4160462676044264596604996346243
4061 4564.8159558446721775974159176608651
4062 4565.4169582722488641416633381639130
4063 4566.2533260819465283627155222915559
4064 4567.1214509906241948483851594628462
4065 4567.9416864784974198756849454640597
4066 4569.6157702951875629555752724554245
4067 4570.4333291748988803365808720715624
4068 4571.4578987855608284604192477729170
4069 4572.2498604185870603940574432487845
4070 4573.2461731873933337512880409591705
4071 4573.9241305119749397645919652107654
4072 4574.2976213843886792801128975587318
4073 4576.1899543918354355753744323694240
4074 4576.7939177999580715356593165056870
4075 4577.8591114298647754765595266514538
4076 4578.9270258320717710576514608198278
4077 4579.9569178539986536777927341764562
4078 4580.7170845055856509493858306235584
4079 4581.8941872134513950604454426104477
4080 4582.5682490861548881989075699811697
4081 4583.6736879209938706730117360950745
4082 4584.3807684992266868440023527335061
4083 4584.9772581654320773545299916156818
4084 4586.2077626053406087664081654538828
4085 4587.6748770765082764214013868148745
4086 4588.9779142202168932881382935079404
4087 4589.6434494895095258319306988319952
4088 4589.7488115339840731090275266647963
4089 4591.2041465130970447161586067476308
4090 4592.0493090879079122303678959597463
4091 4593.1597915727612662792143245634269
4092 4593.8368919861306463838596564764946
4093 4594.7871905603252233631701853091484
4094 4596.2636644012223520729952220280766
4095 4596.8299084590713556205425525942714
4096 4597.8208123423298876928510775117610
4097 4599.3736724398662311061673470956911
4098 4599.9075794376899004703363029197498
4099 4600.6300541134632493287124310167697
4100 4601.6029618171952107738474665336216
4101 4602.2561235138404250259900846187851
4102 4603.2096905450884944098806040973211
4103 4604.6416814013184345725415626158530
4104 4605.8834516952210011972634759197883
4105 4606.4624724024082252868292779906374
4106 4607.7530325870374682524885857708890
4107 4608.2163809442039105703387937138977
4108 4609.2241607770598364688329409913127
4109 4610.0842316459274899151950707375630
4110 4611.4846744576801286837109652184964
4111 4612.0285974586380171807785289884209
4112 4612.7888540135404998572628865995011
4113 4613.6843076413321357483029725084165
4114 4615.5366160911819203120092976262146
4115 4616.2223006616479026740114444091245
4116 4616.9585827808339620313868312471208
4117 4618.1076789101472951893989321376898
4118 4618.7671706188183144464838735060603
4119 4619.4655938968566822516387043035659
4120 4620.5443656129224111905422568958089
4121 4621.3482792186968641409874166686274
4122 4622.8193231213131331574683242436231
4123 4623.8056119441963888139677030083388
4124 4624.7262787550938531983166949035382
4125 4625.4092625016860051672243273094568
4126 4626.3429857038333637882912101010018
4127 4627.7902298231080153902144326263318
4128 4628.4634434018893824249448992905920
4129 4628.9742347572631890262763017321889
4130 4629.8887829393144739804506712459191
4131 4631.2264069889709468915864673853639
4132 4631.7624010439491869658778254044010
4133 4633.5644389921807026332550118715478
4134 4634.3071054187719969106604311812760
4135 4635.3571608870101192878982404844987
4136 4636.0283439606838413514975097631899
4137 4636.3922807474529893672671082423892
4138 4637.7920719800719698041273500041117
4139 4638.7481537478969125043393406693144
4140 4639.7153808229851250267572861210083
4141 4640.5617397309587728130638270036598
4142 4641.7582723800686953771175733658768
4143 4642.6857581766525656929861230469255
4144 4643.7517358635725865341903392310748
4145 4644.7531055272113538932529453787547
4146 4645.3629873524049604833622933779884
4147 4646.7394860740742781054504492121832
4148 4647.1172637324636903153441520259419
4149 4648.1126081747974958970678869985742
4150 4648.5648868165818111272583712284212
4151 4650.6143303283046933153623211696993
4152 4651.6641211458635171667120415217692
4153 4652.0883991288927220972917736896410
4154 4653.1191560552314746578531356302542
4155 4654.0689495996228929666694717835663
4156 4654.9473239579171463018561438560614
4157 4655.7215608964404021167388500047128
4158 4656.9224185732362299337544715132235
4159 4657.8208901948450713787424598522058
4160 4658.3949499577752016710829527270491
4161 4659.9186876104125335462328751859039
4162 4660.5639639342532266780148016094363
4163 4662.0800046032301964985080931524321
4164 4662.9458909194346819903234831469411
4165 4663.5050255935433500089705617557538
4166 4664.3228972462876630932047727265750
4167 4665.1413759531336401503601338855002
4168 4666.0907987528124307929777958120295
4169 4667.4244282680225051821114455072355
4170 4668.0551777520450056927368577929355
4171 4669.8295135221495193491283366896309
4172 4670.3506317460167057868636275160110
4173 4671.0321064987237562817642084252624
4174 4671.8778479645755683673929050237320
4175 4673.2826905212888637742136290483671
4176 4674.1267160485201557908061879783484
4177 4674.7416398634723380333881212207236
4178 4675.7275666864247954340769364396054
4179 4676.3340958161260018783153744464064
4180 4677.9302191471397600257671593676680
4181 4679.0874910410817222651938407893504
4182 4680.0884688594766827770000633201465
4183 4680.6063971112390464294959813983161
4184 4681.6048907466621372317016205579831
4185 4682.6486624251300689932945497740569
4186 4683.0212910666004257045426882512495
4187 4684.1869147895939260433815469876047
4188 4685.4077896422266984014130245042646
4189 4686.7081551457312821965854176712358
4190 4687.0721779752563715980180958384736
4191 4688.2526030064281563237937170737920
4192 4689.5050624373059470850019654567504
4193 4690.1788400071011562676854488205773
4194 4691.2967687887129986981983500724554
4195 4691.8621000908043641838914599344391
4196 4692.8664328620054174940413038044666
4197 4693.9394172933361888696280230211000
4198 4694.1739427933248791219927266292776
4199 4696.0958498728107853995115978924831
4200 4697.3541474715424375704997813042734
4201 4697.7744037611543030222589406813492
4202 4698.9245042091724326056166682464353
4203 4699.4972522309625059963960562034666
4204 4700.1586032809101071077376676930776
4205 4701.8425870353502299450440283107014
4206 4702.4376456960011150810758554852297
4207 4703.0151738405398841662123439365074
4208 4704.3381184074287422021359508307732
4209 4705.4821387820432127927443171779637
4210 4706.4685709032508736050112635370755
4211 4707.1871719521401455369041572375507
4212 4708.5954274521695185327073247557571
4213 4709.3326781574775309178773384092811
4214 4709.9449403462852184612442778334626
4215 4710.5522420050272898910583706219672
4216 4711.6919801848332444949899437610640
4217 4712.7777974770369188206974261289164
4218 4714.2477231071373208490080704398481
4219 4714.9979628248916333447275727499947
4220 4715.9526217271072046364485132901357
4221 4716.6602392190916581482535117932576
4222 4717.7334010815255395880734099509938
4223 4718.5298947667934068684590563803508
4224 4719.5957041668629520024849142125827
4225 4720.3866943735503628168593048002448
4226 4721.5375409399609352129684605707574
4227 4721.9545618195764123514907785075762
4228 4723.2349349391464470747745951549040
4229 4724.9964218776510958468199120258691
4230 4725.4871965746500907827268121319271
4231 4726.2711438527573876880536903736318
4232 4726.9492958246100829529161741842624
4233 4728.2116043529399233360853919952785
4234 4728.7505072301195109604583336603319
4235 4729.6615015483572640381122732878102
4236 4730.9627143235036810290583297665514
4237 4732.0219070449248842526941693109267
4238 4733.1937649400882438572774603310319
4239 4733.8440986995363749759038742762541
4240 4734.5278178328908514812498289179612
4241 4736.0449239361781730260952226303373
4242 4736.5968400644780151685805414833732
4243 4737.7840355478957677699986406488034
4244 4738.4325825168297728046128860200197
4245 4738.7937333173097910837346141077601
4246 4740.3325659713512049745054429582302
4247 4741.7218858044149258129420993534082
4248 4742.4140373103726919534684433345817
4249 4743.7179206291697780185915376676299
4250 4744.4218114836961198358737198527189
4251 4744.9968532698586676036419768483992
4252 4745.8424190304436064098728423487208
4253 4746.8395937429376823833718893581153
4254 4748.3358066896342927859238387844809
4255 4748.7008811291728753678382155173550
4256 4749.7281002183369661391258213754572
4257 4751.2159490593670573595456477270268
4258 4751.6827325791106613693932038801714
4259 4753.0840261014845861733422275389303
4260 4753.9188358401817157264137553053639
4261 4754.5895649758953523376954099297402
4262 4755.5889488592214316494180055344498
4263 4756.3561404895762191402753110622935
4264 4757.2226716328981854021045690254916
4265 4757.9706695732342115623277552152851
4266 4760.1585902093025216494477364977358
4267 4760.4410480586135668082457186227608
4268 4761.5164307634993965430371064734066
4269 4761.9839938081345065278623999877918
4270 4763.1581885062134548921159909006082
4271 4764.2754244073064839037778171746700
4272 4764.9984768035939491821828935298230
4273 4765.8032553849046215134688660957220
4274 4766.8848180581158017038522014858206
4275 4767.8688588310615102847380409487160
4276 4768.7264709285710017578426386149207
4277 4770.2564971576923192149273933057711
4278 4770.8912840393086242292612318774693
4279 4772.0574948292034204505178170275637
4280 4772.6449389361180234543899920083172
4281 4773.4397977729119717704620080541538
4282 4774.0566197255433730559456387348589
4283 4775.3957112494636704419657412437251
4284 4776.4292012543690419338145173653057
4285 4777.6356769832707110380527153779037
4286 4778.3741246964711041694883966127772
4287 4779.5961513783468326764493471521301
4288 4780.4791230890067944588734965265199
4289 4780.7085875024430351629393260212334
4290 4782.3568744316134841506267065615532
4291 4783.3432241251358752552511668703769
4292 4783.7145167953855167021601523383656
4293 4784.6409676786056310373594156578525
4294 4785.5254153380925763683195789903909
4295 4787.2526753461620132618632384297994
4296 4788.1525701242550763850490583602729
4297 4788.9990157404843474077850344969380
4298 4789.6983479337618892333257347099043
4299 4790.7338158688605314421538774304282
4300 4791.2911708210130528714596855250061
4301 4792.4088240186176777892294704345713
4302 4793.3473196521985167808967178347673
4303 4794.2867647152116800113029351328180
4304 4795.7801178315375090105889156876075
4305 4796.3529034318308017019589116557879
4306 4797.0979335979458188404046193500037
4307 4798.4208418625981355802853571478752
4308 4799.6732114042935102111640665491823
4309 4800.0977676152286966901973627457164
4310 4800.6710021860365994606959489865514
4311 4802.1883695085043265808094558797604
4312 4802.3778508697575710682851617152350
4313 4803.7045926767572029387360790661449
4314 4805.0722164800514371835491502857940
4315 4806.3719735810881396635097045869987
4316 4806.9212705944358866448843531557952
4317 4807.5410120336732387407612237467186
4318 4808.6044991692233289293148808991347
4319 4809.3468803198349075631873771341437
4320 4810.5318813433351592215167844439322
4321 4811.6322888445227491373892185367853
4322 4812.1607722036066580806588051988006
4323 4813.0455521243580516164535155292408
4324 4814.6815598175236272243415397216124
4325 4815.3242765495749158304652500524382
4326 4816.4517582569755979225352976792225
4327 4817.2328754075485544459440837201573
4328 4818.2401334844674745303660266507985
4329 4819.0284261961651534172888693668864
4330 4819.7546281685663382637300650211151
4331 4820.2100300172031178572003197018964
4332 4822.2211648727035916700914280118638
4333 4822.9057269693127321212086370734660
4334 4824.1375374797898587455067204109937
4335 4824.6783977554258052383716466644889
4336 4825.7362955023624443637823182027349
4337 4826.4943412148611175875865268863337
4338 4827.7673212633622219317690821311098
4339 4828.3379466208901131250419281006480
4340 4829.3863099189338566515968189059365
4341 4830.1368235591669870162425710471880
4342 4831.1856932088191828634320931622944
4343 4832.2248667308737802173043839611546
4344 4833.6632639593653560956594794899953
4345 4834.6653411899361191737651153853278
4346 4835.1440266096618780366485747178869
4347 4835.9519667763017445562755761141025
4348 4836.6089653789764928970121316454475
4349 4838.0267099073995105211026279195024
4350 4838.6604837329677045517056469926118
4351 4839.6471581124440125633258947199596
4352 4841.0647236453091480140249490569867
4353 4842.0435046877723793541210833282505
4354 4842.5854124001159005150548625209683
4355 4843.6213360007924416295914556389894
4356 4844.6996129693587837365271626332475
4357 4845.6967344191671495916217685514772
4358 4846.6577601435183134299337541666050
4359 4846.9160493348143438383886693997602
4360 4848.1074053911680716717870840087013
4361 4848.8850419041709680972899356756666
4362 4850.8715187922024114296850304221673
4363 4851.4687229984317653397918371984723
4364 4852.0010650833946338112133497575147
4365 4853.4258154319742295572363640609867
4366 4854.0270067060215992518509716711844
4367 4854.5742961027607646087937554207810
4368 4855.7184623638500473650436650280204
4369 4856.9218300815050026770052219304725
4370 4857.8153802601705908419699433268462
4371 4858.6041722183676197083961653338508
4372 4859.6805316244292140014952623991569
4373 4860.8093307255151077320676343563097
4374 4862.0766543877245184607159044464863
4375 4862.3593496457502209566237904881055
4376 4863.7601539197609325800996067917888
4377 4864.1919486675611911564688067723266
4378 4865.0553512726512827925496169361698
4379 4866.0715782711920356012715119028286
4380 4866.9540212689056263357112831317821
4381 4868.5883270387129394034023934075881
4382 4869.4666362859960035823953376103448
4383 4870.5172538319198630445013513541171
4384 4870.6965647233592768823930672296257
4385 4871.7055395300062712722270942828047
4386 4873.1931813759466848804136188510081
4387 4873.8184462274674787009578550480619
4388 4874.7899967831091944624169525689200
4389 4875.2376608371452823638419101857038
4390 4876.7431423274520127388042449693822
4391 4877.7252995677018463657410789980540
4392 4878.6290055831545216033377477216363
4393 4880.0581273588842975243223465194114
4394 4880.6096610016295554194008133165947
4395 4881.3110123398801008526823246046224
4396 4882.3044622351031720313608057032828
4397 4882.8907859359616747046514509472898
4398 4883.9274142342909945536470209039642
4399 4885.3620747239900612078933174774655
4400 4886.2704788799958129616202425780092
4401 4887.1984806466997281296953221583033
4402 4888.1756108352181779670551511096792
4403 4888.9080793460099313369474608039017
4404 4890.2144513161838962273977474556279
4405 4890.6277568882652514467254448723590
4406 4891.7830560747560298411127123594650
4407 4892.9349790424866236932398436787372
4408 4893.3883376357636257671790623310711
4409 4893.9631695295669072767600533130297
4410 4895.9637395459858963827751363436268
4411 4896.9577466909636746254512460539580
4412 4897.6507812975773106233423596956466
4413 4898.4572917664835465505545299545252
4414 4899.1612006888968320480361190040594
4415 4900.4295633792576296825717592560465
4416 4900.7428817464946195888068041773274
4417 4902.3072099028973638307418078139085
4418 4902.8216320685489830285774098936064
4419 4904.2286329374474324059175406788545
4420 4905.1424890806732562960467834746813
4421 4906.0982381423459935440375362454422
4422 4906.6995419736594932378238650586563
4423 4908.3300893512126010666409519358002
4424 4908.9135214442959836506986654207103
4425 4909.6241117149838949708418617402699
4426 4910.2450816674587481487247536895183
4427 4911.2919101021379353169073541275099
4428 4912.4513089361053901304932165789787
4429 4913.6606376180662993836795941662357
4430 4914.7926458315738700712804874078631
4431 4915.7002406895615189981733900394252
4432 4916.3321644775588143017618671994315
4433 4917.2307805042444709009200744592820
4434 4917.8075350428501108607914837210418
4435 4919.4870363370983033624617456510585
4436 4919.8893250520791121232789100346100
4437 4920.8404305436404674329037628767089
4438 4921.9705906276429323764119728442675
4439 4922.7189913737566727887594650835177
4440 4924.3170982499890495269129879667837
4441 4925.0776066893287535951558264342669
4442 4925.7950266814253056223725030660212
4443 4926.7276422096509952515402446097376
4444 4927.5979512906353755032984857671067
4445 4928.5260648031583761116791909564268
4446 4928.9571362457081923282741840221279
4447 4930.2403184429300182073936245269356
4448 4932.0368127741377253416449824392205
4449 4932.6006705270407185926858088974803
4450 4933.0681258438113349310316003596510
4451 4934.3522891220121265653610005504778
4452 4935.2009942497879873397267649740131
4453 4936.1339495235057407703640229415275
4454 4937.2071629859936656283241008428545
4455 4937.7703657002181427832888804332345
4456 4938.7538155262929199651067453029363
4457 4939.6417247847068017535060433483016
4458 4940.8522948626524416009104772128154
4459 4942.1355285781924002550830799075447
4460 4942.9768964621895622612776090210626
4461 4943.9778667318866576144857720013083
4462 4944.6416030200497732698071696463580
4463 4945.1868985179281718010130079066801
4464 4946.1192534786435178987886848030453
4465 4947.5004903218475535054845464139933
4466 4948.3898087974418051948399527731438
4467 4949.0859153851025848657545420000457
4468 4950.6158125912588030370719559293645
4469 4951.5023849292861737944369997954481
4470 4951.8787979181705855806176763940618
4471 4953.2005556686747432312279548696782
4472 4954.2550676796647768810713578238705
4473 4954.9765763794032957529373773038416
4474 4955.8222598161168057212299304969624
4475 4956.4660552788556594037083467879951
4476 4957.3318896302910602015662904871263
4477 4959.0289893206317971176845046565354
4478 4960.1639284076932809295436042949947
4479 4960.7580902646194760836642101941676
4480 4961.6884629431866957585125548147920
4481 4962.2619524481626174389456389739557
4482 4963.5261186174870759632479596551022
4483 4964.3070314051692290676567878380433
4484 4964.9252350896077363247147870664112
4485 4966.6332162698646117100056302913589
4486 4966.8686455871632611874169977269273
4487 4968.3946409272257729841555407821789
4488 4968.8360946551033151298541602326959
4489 4970.4799826794477727780063493132440
4490 4971.3392455562101174042935642908348
4491 4971.8249961493963992111041595737653
4492 4972.7134916173527564128808879618763
4493 4973.7115780324585293707830337633004
4494 4974.4304781472709491096909937931169
4495 4975.3109971424132265886417620575702
4496 4976.9640340775491528085432039653560
4497 4977.7551540867077241811436401661813
4498 4978.8478557531763769496180486419292
4499 4979.5808923266379900833681795530551
4500 4980.1187625291190411252087772141955
4501 4981.1927037477108326418957794086335
4502 4982.5123615262386272508624816846427
4503 4983.2250273146196653343586542296242
4504 4983.9799758299115879467261527536016
4505 4984.5685435745191937968613506587717
4506 4986.2525668358052689331858537370033
4507 4987.1879009827550990122377088076644
4508 4988.1915973075743522420397370849003
4509 4988.9051665921471555539440334524263
4510 4990.3454802863561029476029088297998
4511 4990.4497018190168866740138057999798
4512 4991.2147744085870827420565544346274
4513 4992.3794623414215093932270212487225
4514 4993.4957489838146063263734597502252
4515 4994.6327421722676282130031541752737
4516 4995.8792477046580857032753299464909
4517 4996.2208208768642210728630773244224
4518 4997.3961507070998343881289649879885
4519 4998.3700301956717245605143134243945
4520 4999.3296813729730902864070579086046
4521 5000.2343169313278158459525275611707
4522 5000.8343814324126143310763548980968
4523 5001.8897736271921027421728767833211
4524 5002.8540028918582564835927350549512
4525 5003.4849443783120560183876365856260
4526 5005.4959074877082512590211097483956
4527 5006.2083811062113058940851605098370
4528 5006.7885588061009970505234062880662
4529 5007.4859829198512981447408658092043
4530 5008.6261996563019153748821505096325
4531 5009.2290441172221276318591260030307
4532 5010.8111725447287617373856884708069
4533 5010.9331981060399160881046644873519
4534 5012.3968337396772340809912902390852
4535 5013.5336058731484091577859258118139
4536 5014.2384420561977197658541447308879
4537 5015.3579279379390554904212444903899
4538 5016.1925469143281358566508944215720
4539 5017.3477565681683524344180904746932
4540 5018.0849135476701880910810684099421
4541 5018.9398318504655692350983846054151
4542 5019.3958314733576196498122057296014
4543 5020.3527593954838008064676898764038
4544 5022.2030229837798740485686503580902
4545 5022.8345260191876220268898489717840
4546 5023.9048891412323449200387338381717
4547 5024.7257525948676257691873424723272
4548 5025.7309935936278787382087307629864
4549 5026.1854768823523891894740381222562
4550 5027.2215637110443240283074217515436
4551 5028.5378868208980862729467740890344
4552 5029.2169569390544998445911357278855
4553 5030.0269369385362854273173662783939
4554 5030.9678581867689584086583280970817
4555 5032.3990635409155975394481193830881
4556 5033.1665660801997523064500523260932
4557 5034.5503611630148766413504425691947
4558 5035.0134164088516331138918192162000
4559 5035.5230584374307921384577129588449
4560 5036.8416671070084539262431404424613
4561 5037.5006927568873281269770164468617
4562 5038.3243196367228022114648424546885
4563 5039.6218874528490450807549870245528
4564 5041.0413989938111925034944625159203
4565 5041.7980345224574116662723280641893
4566 5042.4921497164323824885064718439659
4567 5043.0154453939667848674524355375502
4568 5044.6567910913150786871138096537252
4569 5045.4671304801664028501721443900914
4570 5045.9416755020131324959714091477236
4571 5046.9976174300097224997031282596346
4572 5047.8630861841847791481107317005850
4573 5048.7902288197278941699300255785038
4574 5050.3084596991656688230253988371284
4575 5051.1066995336858134903085354533901
4576 5052.2793104729451033064882536613335
4577 5052.7721552896724522629710288288880
4578 5053.7123653199945199141448289651902
4579 5054.4345473433692189206805346930736
4580 5055.1926724734432362187099582253338
4581 5056.6058130798801077215289184846320
4582 5057.5899962358947044920891444426783
4583 5058.3454094170782564183110853261594
4584 5059.4399058188985183531584688849804
4585 5060.5590809150198472588481201091379
4586 5061.3262493290283311703558132097902
4587 5062.1684727266905511215052913046169
4588 5063.1827159374421925363330034581704
4589 5064.3338136191721683781945299931780
4590 5064.6289729684992051931058826475205
4591 5065.4801249605437363935942855325225
4592 5066.5765391847788617987901312701389
4593 5068.3848152388365702558386637272249
4594 5069.0959359440075217670698470604032
4595 5069.6755441385249982793665420180200
4596 5070.8685512658753879899596103414642
4597 5071.2497972771378789644345343671013
4598 5072.4103726605852919798165166442389
4599 5073.4822561769936531192588861732086
4600 5074.3560620415335161129033179970994
4601 5074.9114702429462968343290622405130
4602 5076.5986379477806468330555797569364
4603 5077.1529895307375612570738408814577
4604 5078.0011091832584385278887891642703
4605 5079.6127261671406509506225996659019
4606 5080.1236221440138064083590036529404
4607 5081.1300977706198305171506604100535
4608 5081.6943444298231083184716654449629
4609 5082.3177815116854915498223776937092
4610 5083.7698489189598065802236937664737
4611 5084.3874393407444012766353447080441
4612 5085.9442307864965591058415736141324
4613 5086.9997615780756105766509189569451
4614 5087.5326689377592400976202020788616
4615 5088.5989013220119536836404542597678
4616 5089.1780939132980699690058211434512
4617 5090.3458768115581204774202011620315
4618 5091.2629578836179692479092929709265
4619 5092.4019419113882929892794021344992
4620 5092.8377604521822518276462360744273
4621 5093.6688801106257007413509001370399
4622 5095.0869130615772736153628759840658
4623 5096.6379331862101158480049397445727
4624 5096.9594238563289421272134069968875
4625 5097.8144297589056620996252239369974
4626 5098.9567890061861627560407639761300
4627 5099.6107430379944179654756964981052
4628 5100.4914624161998688889545970881855
4629 5101.0340630485010800978541057267187
4630 5102.6459486151720300753839418868381
4631 5103.7283412530252492085792919456556
4632 5104.4180930467594522915338240168977
4633 5105.6386355264290258636482711808548
4634 5106.0522259497976886891572375835193
4635 5107.3857401239106463589936446857549
4636 5108.4477701493305235510557160595325
4637 5108.9590966984330680876608844461050
4638 5109.8389820909772909902741795958914
4639 5110.8060416722671450606088557742539
4640 5111.5031246544620630266158707516880
4641 5113.0101572217251992322496295055900
4642 5113.9460428804543846787748754913750
4643 5115.3728429529896095264480718127204
4644 5115.7267620977956161838943157133113
4645 5116.5605574637148670687225527880886
4646 5117.0259934134776934589339625233581
4647 5118.5338387686274249943769996185670
4648 5119.3656691615712946822565723148729
4649 5120.2400234664898580916010232969932
4650 5121.0834901556385173289881721567796
4651 5122.4547814097489323374911479644542
4652 5123.3028934779299830048867540589822
4653 5124.0617849880727570518291494443360
4654 5125.2536867567682913318990488824274
4655 5126.2791180151713712140867300875940
4656 5126.7299932917837646295002078785197
4657 5127.7417169590955065302712835869822
4658 5128.6816249743874869333238565675254
4659 5128.9644838586734262509837493933579
4660 5131.0438989735897963814384607155604
4661 5132.0071678377686600474172133555410
4662 5132.6831370540019381414561973114891
4663 5133.3065759896598244819325023586583
4664 5134.6630438788221562430881322568144
4665 5135.1719640736560039162447682216558
4666 5136.1299360820950950413252276485320
4667 5137.2062913984946593059626413237013
4668 5138.0429579572948142284721046776232
4669 5139.1215309621201279243697703248353
4670 5139.6791256496929817932286720374202
4671 5141.0966239356379522481223924995358
4672 5142.4479078648712045795473628999732
4673 5142.9020322227196795902371214831658
4674 5143.9337005339220967688272569999976
4675 5144.5877526015278904116946439740164
4676 5145.4804491741407464835574760243756
4677 5146.1496459195704750069876595873994
4678 5147.5627918400096650200032359843341
4679 5148.2535273572853359245592258234485
4680 5149.7682602807870713077141659441289
4681 5150.7096149623062542695039719314665
4682 5151.1418495865379447185627746653760
4683 5152.1862146230643106863736547907386
4684 5152.9531272947027475682102704270597
4685 5154.6568454391671941422515996450455
4686 5154.8991437975938175679060464063510
4687 5155.4933625825333312959930360399980
4688 5156.5094473282516263355955116181773
4689 5157.8190655557455916962206852928864
4690 5158.9548240008270131482922972644133
4691 5160.0577362516250528020059977122704
4692 5160.8527799279149407105224632833079
4693 5161.6053929221487156810822897835824
4694 5162.5871866852065473106258097536955
4695 5163.0601644683730983061381244259935
4696 5164.1023120220328399191959981184467
4697 5165.3067715054077766190826024164887
4698 5166.1919729084931940789520735140835
4699 5167.4835944021697877323548729632758
4700 5167.9908280572631217053486490396400
4701 5169.0701945640319001802819131478180
4702 5170.2915160872729265884426876452933
4703 5171.2359275014735859349431259243487
4704 5171.5854811712422329633642286507249
4705 5172.8016888767915581944680115461976
4706 5173.6750245563153210533064215525874
4707 5174.3599011371784143155579805972516
4708 5175.0931227770106385913762396684055
4709 5177.2371322493811543981304514031181
4710 5177.6096300225307823348165302229916
4711 5178.7521946204500832674932193342994
4712 5179.2026063914886150742373815137201
4713 5180.1066262026536477716174626948318
4714 5181.1897924085202906180474132592873
4715 5182.1309140165858291162625015989652
4716 5182.9988263291792091285222331688565
4717 5183.9503070132382353380099447722801
4718 5184.6857950323890326609787500073264
4719 5186.3557468101687849387960559723114
4720 5186.7094726009455887742167218287690
4721 5187.8878477674730786009158746758789
4722 5189.0767196135671489300156873050616
4723 5189.8595886616578774124491276251512
4724 5190.3552911283598213798465911936244
4725 5191.1268015980298619765908788057630
4726 5192.0464869559801503510523365434209
4727 5193.4044153437282375409889155606977
4728 5194.7074889015744890276136742724321
4729 5195.1591638537359839020072643266414
4730 5196.7073241979935917929842362550357
4731 5197.1174983316777973983484486192831
4732 5197.7183241761523501079215071311482
4733 5199.2238581990891458067420443881250
4734 5199.7763292299343626903680287557909
4735 5200.9613112130414493577079087214442
4736 5201.5558438742487319178793948938421
4737 5202.4579897221743384848139112971401
4738 5203.5212169496469439211839288966602
4739 5205.0996069949622911361363788548413
4740 5205.9005957048279409982335578514753
4741 5206.6331616786791784506540358040255
4742 5207.2150666822239302049574244850593
4743 5208.2885229399076643443920767633745
4744 5209.1382393016655982831704719009912
4745 5210.0109110485669073808412225973083
4746 5210.8082186998397011257718153949940
4747 5212.4194044695418746453453361768091
4748 5213.3166742421030391835772083005771
4749 5213.8969431920083842333905184343803
4750 5214.7752525593252305521221660375335
4751 5216.0544913522547418061040658241802
4752 5216.9320093412165474144154341600976
4753 5217.6507953203544846854440330864725
4754 5218.6914130083852343505751520539863
4755 5219.0578772200992043260419781090084
4756 5220.2208551741820119996647694633025
4757 5221.4229513230593945627644949207660
4758 5222.8587876730922490842691507176040
4759 5223.4344289377644165112495406647154
4760 5224.4574634956844887828114169708007
4761 5225.2560650965851471259824981497389
4762 5226.1484241054652835083712243756936
4763 5226.3515403824465883329616517441034
4764 5228.1830986720566178130157028939243
4765 5229.1985571992203507585518693226675
4766 5229.2418112589990480901362444853390
4767 5230.8972097094237586369575966594370
4768 5231.8150835883429788956445746117716
4769 5232.8846201924179212024510407110864
4770 5233.6581150954191901487377577933387
4771 5234.6402898887186836026167353095883
4772 5235.5747351660334525144097272921408
4773 5236.3004612291020204240530876054075
4774 5236.9574393648592998546736366917463
4775 5237.8016954019950930000544009659579
4776 5239.1927892081608582222615226422387
4777 5240.6076360410855981352165523816544
4778 5241.5028254597705209957672717049130
4779 5241.8227204163519584670310433869469
4780 5242.7929853886883086604451821958134
4781 5243.8825488686239143482036202373625
4782 5244.8454510014278763413241176257270
4783 5245.7557325175776885827319824022470
4784 5246.2792508569144558532205420400603
4785 5247.6103203919331504974281170697502
4786 5248.4415390160753553437495268243578
4787 5249.3663361316598086824844768764378
4788 5250.6752381042487275286734928473270
4789 5251.7985586265122787380061204607366
4790 5252.5220378667061905277118390326126
4791 5252.8905751484496762027779525536551
4792 5253.9440704917267128012537358107327
4793 5254.9126308709130198833988004639857
4794 5255.6131643037616364581121538986766
4795 5257.0811800645358148390942445232725
4796 5257.9249410075236234751339343772842
4797 5259.1083209604256987289413626463845
4798 5259.7719045218431544230467434027332
4799 5260.9591902460101965447033894296417
4800 5261.1804760471832183125171846739965
4801 5262.8488356863317145951078877224387
4802 5263.3969651016778137544400315494016
4803 5264.4113780176495771215123509842335
4804 5265.0883745350577791285169913678958
4805 5265.6059363274699499753041566222931
4806 5267.8853641514724542485473329741888
4807 5268.1982707779707103742554390283062
4808 5269.2013930210888326446740273428164
4809 5270.2594545048931434483419800842836
4810 5270.8862275259802594496267427248378
4811 5271.6969691151792439395553184293738
4812 5272.5179603600333064654303902100876
4813 5273.5787379684369749917081602664626
4814 5274.6915090153732427100038406071724
4815 5275.6438788779555652520917483824165
4816 5276.6835030253694021399136159132822
4817 5277.4757595026424382023144277498856
4818 5278.3793903824774238187588144464612
4819 5279.7756677178422314534784149371876
4820 5280.3154459812017067628847643680808
4821 5281.2399506863266544085205678137692
4822 5281.6333800658032559702057344253981
4823 5283.1638685599222224797637791870438
4824 5283.4787191860350108373543296365213
4825 5284.9269266291530606665661746385272
4826 5286.4371615575818212540606273493730
4827 5287.1374822053408012817633790738924
4828 5287.7113802261046195195077892623859
4829 5288.5155495977868302322487916472261
4830 5289.3532452215105420558846303810728
4831 5290.6749743479945163463163562630097
4832 5291.3995905093192931671253283882837
4833 5292.2750163910778255487944923548649
4834 5293.0243555148392427097321965550803
4835 5294.4647607140067372142883157252500
4836 5295.1263554751987385601675918856350
4837 5296.5810567191814382109230135001209
4838 5297.1253949195950725274152462857859
4839 5297.9811834393509160435140127955365
4840 5299.2746792379297583472156792708352
4841 5299.6273003199329804952175347553645
4842 5300.1447368711383232534958551480292
4843 5301.4581318092127047975449586741136
4844 5302.9814542203294927347649120673672
4845 5303.8852555458785194784682028161925
4846 5304.5084578549403003207744643655839
4847 5305.5263330120864158305593934190687
4848 5306.4987697674418909595348062297052
4849 5307.3003886362419723621854806199259
4850 5308.0727904999817465453774852102108
4851 5309.3617534818916432548137349484481
4852 5310.0327647269983620192798155356344
4853 5310.6068011120278378061532665815202
4854 5311.8590498917180929762995196565312
4855 5312.9802091585230118555792119579878
4856 5314.4394267918345972763177681650681
4857 5314.9547940495115029501153763211717
4858 5315.7262968593251667736505821524833
4859 5316.6392539062173566702358614141850
4860 5317.1397349058835677130669085072054
4861 5318.4452409592306312929796288386578
4862 5319.3647342978878604300155799836848
4863 5320.1097530102839495627499952932434
4864 5321.5366949976947224391233611225584
4865 5322.6332805849386449296653767567967
4866 5323.1372311121404939564014691025089
4867 5323.7963278756887577866886199594274
4868 5325.4664111429999580562469034961033
4869 5326.0385127921330920539120181010519
4870 5326.8677637898015845949138080319284
4871 5327.4802222830363710531682596126259
4872 5328.4638446652704868159362165795098
4873 5329.3771585933300071268056533965580
4874 5331.0150518483831000987965160699154
4875 5331.8550337826669717687690702405958
4876 5332.5824493388718922532534916987059
4877 5333.7463494526695442013746500079897
4878 5334.0612179573715648568290265166298
4879 5335.1953883515163173448627154344827
4880 5335.9479262272361766999158618060311
4881 5337.0596727605788575758725181203958
4882 5338.2142747717340070303373592770751
4883 5338.9331254648582555297631262742262
4884 5339.6745649868558452276505855571104
4885 5341.2649578586086393663540544801486
4886 5341.9077145568820952321364371641364
4887 5342.9866898335226940721585701481570
4888 5343.6233594330192805356475137731952
4889 5344.5075326124390434071885301369774
4890 5345.5282973416953904089278892680385
4891 5346.0699656153566040204194733076178
4892 5346.8909374218427877452593844471229
4893 5348.7696692817255529385568840483642
4894 5349.4890578401439217014328666219610
4895 5350.3959047724426390346936929533652
4896 5351.2254199258467131711007464833375
4897 5351.7716373834983548024980125382805
4898 5352.9001782070696871850593240965842
4899 5354.1852028293110651979455531238532
4900 5354.7734797140494861558480529820274
4901 5355.3470636756232061827117919480404
4902 5356.5388658287049911578550738572956
4903 5357.7116198923247237955394201107289
4904 5358.6691064417908253222241797572165
4905 5359.6339179273754717321964372326177
4906 5360.8771265312941273202753127363023
4907 5361.6309972921196750226334762258684
4908 5361.9166370168284600631730553711398
4909 5362.9904053266315976448780468302441
4910 5363.7172804770047782200110658953245
4911 5365.2962674192337288751170270559066
4912 5365.7422576806184179766665151099117
4913 5367.3801238521916575799683825414887
4914 5367.9055431146812661218552897275776
4915 5368.8136416011400921219455660585050
4916 5369.8075964525856952100896151613190
4917 5370.7135398137173861830789154435871
4918 5371.5383297505099790836981378356808
4919 5372.6808672582497238218704753598542
4920 5373.2199729471917307872930287162284
4921 5374.1148352125557177580366968055028
4922 5374.8697382450364497684599499697212
4923 5376.7226636586171103891285957510409
4924 5377.7197308689227788614526257806025
4925 5378.2070381300462700350698576493319
4926 5378.7687137200486981651751670435494
4927 5380.1037318827962355124454323743049
4928 5380.8770565107791388251412546024250
4929 5381.3481506970464632565931254556152
4930 5382.8099933705144772780601053487040
4931 5383.5286009883690244207409892609983
4932 5384.8197645236459329112823844096006
4933 5385.6897811335827349088080075193729
4934 5386.3110492482209964393206700859121
4935 5387.7055341288953818182003572886913
4936 5388.4491374947425663725656707098974
4937 5389.6081464938191273743439292010394
4938 5389.9095135614187713606183239040391
4939 5390.9922600830012059627985562247894
4940 5391.5059656270980902475250464976897
4941 5392.9819596830381985652256520128472
4942 5394.0837172525156832457846067054842
4943 5395.1166634275870224986493493575435
4944 5396.1158594717494976397005808933050
4945 5397.0034297268021065285263844524044
4946 5397.2619601578601564010403679299760
4947 5398.2776219952083778083068156860444
4948 5399.7125046404705909685088764948813
4949 5400.4188878682903020978950115581647
4950 5401.1944961853643662926652679289080
4951 5401.9471430745648350314791617252326
4952 5403.3895901152376515573903211518629
4953 5404.2876877366182710335763706782749
4954 5405.3544533227691126922482086075746
4955 5406.1841327440651295858550630952729
4956 5407.0755379967110887361118700447235
4957 5407.7350143838611530001488668566187
4958 5408.5887157675429529610949271303072
4959 5409.5777394759616117718946393024261
4960 5410.1018720172449262041842132681444
4961 5412.1196607388067248686592708663528
4962 5412.7569318616457648691741538496908
4963 5413.4489423384345641087343203561202
4964 5414.3918846551457219889099396861903
4965 5415.2250629637235734613088721485101
4966 5416.5118143091296885155555990125707
4967 5417.1907772930386127688958918183064
4968 5417.7307759664845418616698870139947
4969 5419.1457693655877803657059384565639
4970 5419.6479140172586120986168749203790
4971 5420.5951186181743223855291000796151
4972 5422.1072015443946514678604189203242
4973 5423.3642850300684575087973785600383
4974 5423.5828399972528378633738394016910
4975 5424.9901375015927267970302653566705
4976 5425.2055793316569431870658611659004
4977 5426.0774736214573065945627288156738
4978 5427.3277872672126279388448721646506
4979 5428.2007935075172098233026133798646
4980 5429.3070694776484626367691664537217
4981 5430.0932323946299799128517665901552
4982 5431.5185504619358348874623499309761
4983 5432.0813005636909185007316423127564
4984 5432.8670618736736548687024315738531
4985 5433.9393146580228115722764359506089
4986 5435.2245106694280813661887629939460
4987 5435.6142141610950665053311815948400
4988 5436.6584006721250952665332288139531
4989 5436.8206449300879367489168783382910
4990 5438.4860779024087549176970959766661
4991 5439.8749473818333287533322554633252
4992 5440.6451601320149378845143930577688
4993 5441.5650503605566520743785398406634
4994 5442.1971965407714231741452971258642
4995 5443.2835397124198686193871446830927
4996 5443.7951373206563879655987987164390
4997 5444.9669595699192814100067239934654
4998 5445.9250270996899055845863547793135
4999 5446.7652478727663228609786539775550
