33000 28009.1154083488016090591744931121726
33001 28009.9183676755101715541585099078702
33002 28010.7374290689164616380467405450495
33003 28011.8522934607489600494978130415303
33004 28012.5139685088179595242191880980966
33005 28012.9830797150854406803517976474986
33006 28013.8272910316218943668450638413868
33007 28014.8291080823633510683131241825363
33008 28015.2903579036857682606368970293601
33009 28015.7894701015444866965319805905893
33010 28016.6261985652322531212698772330002
33011 28017.3180732659497579378617513623582
33012 28017.7314859757204712641866523364893
33013 28019.5480137318691134376923364421403
33014 28019.7981700503350774733950005977857
33015 28020.8560335184982327775866269282450
33016 28021.3509237312150741896678793718143
33017 28021.9876950493762461348272260465361
33018 28022.7010544445506283918322997326043
33019 28023.3337522647704148674029301941404
33020 28024.4309971286224600901081290640422
33021 28025.0658389022538941234795065222021
33022 28025.7318424601365526752562543155064
33023 28025.9999305758004879909824505131097
33024 28027.4348269265994219217744319672435
33025 28027.8350965898369235827723899449584
33026 28028.6422318199199260393279797403584
33027 28029.5357455762704388762605315202931
33028 28030.4931344141357352867298203785666
33029 28031.3696558346873343464782580506414
33030 28031.8997152976142212230602131102854
33031 28032.6164993617254334924196361114916
33032 28032.8639826460812679603057806298294
33033 28033.7262957663480297622859587335049
33034 28034.6699415395826623180249641850232
33035 28035.2499515603385724908577802971793
33036 28036.0927119005676558768365123865133
33037 28037.0485466749075337818390683713132
33038 28037.8536078381194406777126346873193
33039 28038.7928399076830925856181086263897
33040 28039.1661759373522667528998616923163
33041 28039.9903926294975584458304669803642
33042 28040.7233510529127506537149533371513
33043 28041.4250016979252503352323986469250
33044 28042.1907693275797162049234445631963
33045 28043.1116382519681953238734717710946
33046 28043.7545346900631334399014192890691
33047 28044.2178990695757507212190541642817
33048 28044.8791146660677379010104498526633
33049 28045.4780266613124268889546494654434
33050 28046.9784172359147108253341576969185
33051 28047.7861342709801127606262681769938
33052 28048.4667958359827192411863334561314
33053 28048.9412331464184805589251958073152
33054 28049.6552538777172066792801112463450
33055 28050.5687338096930616380960160104393
33056 28051.1657015536244437499925841271573
33057 28051.8288543634089598300517653853050
33058 28052.1197641222102531270249910321123
33059 28053.5711859846437848139760934058442
33060 28054.0549410953253275082829528544934
33061 28054.9649749563018928830148352019698
33062 28055.5989354649968624813275397498608
33063 28056.7246012813359503447095297372033
33064 28057.0362964422897775007542672299970
33065 28057.7835556996384967290353055464848
33066 28059.1409787205937941540172231927572
33067 28059.4708129572022759835192284472861
33068 28060.0536458374229825475026834301285
33069 28060.9810407113815066318381713754543
33070 28061.4175142809994965892555011428141
33071 28062.1003025570484295179853359728245
33072 28062.8992438900323744862837875130181
33073 28063.8354324730936310301433941112098
33074 28064.5269334262217128888470122988668
33075 28065.7089759797936044138266778617758
33076 28066.5930973499445168727241679425548
33077 28067.1068587678656272450209103731262
33078 28067.4379884473660134761227684199137
33079 28068.3267941437475255671134348174978
33080 28068.7452157852920385902290794299792
33081 28070.1243504835193256918087731249226
33082 28070.5109133178032502398644909479477
33083 28071.3655018356697218334445209397190
33084 28071.9448580488963263795972308405505
33085 28072.5743036813937470530593859663051
33086 28073.6278440444744860240317657285053
33087 28074.5420996861111459576044398041185
33088 28075.0481624839459715525749409723397
33089 28076.0833211470041856886709507502779
33090 28076.8272553489090702272675820916787
33091 28077.4264233264560636559318253197655
33092 28078.0563533762291323143451396248911
33093 28078.9210643145482104670259268558751
33094 28079.4586393257827630786313081447713
33095 28079.8866701976393736217641772690008
33096 28080.7614699119784054437052342866824
33097 28081.7243109365928264407333538676236
33098 28083.1652330774327121842320620286322
33099 28083.4858073353502657942344234099124
33100 28083.8387996094042407681710455486980
33101 28084.9263137207001493905725259288294
33102 28085.8522357219804577218657618259054
33103 28086.0709754118652814963126482763431
33104 28087.1879312102349952097386225627883
33105 28087.6820629186019947886972985544962
33106 28088.5803378627478494356669956883664
33107 28089.1840943987771055524628374210987
33108 28090.1228710696761307502976438148637
33109 28090.5312112273359821627838688771414
33110 28091.1464342669720757239603662043441
33111 28092.3871964066797534865580886703468
33112 28093.5150335976791497468956086005325
33113 28093.9781591244523957277603236385460
33114 28094.6002952501462436895695158303987
33115 28095.5211470748760879219282749931761
33116 28096.0819193759497381835742290987985
33117 28096.3219049474138604624073829758782
33118 28097.3850043222952531203299567654045
33119 28098.1633865449089860258410488456408
33120 28099.2086497408523091330223392852867
33121 28099.3140200991243144659298508230341
33122 28100.5928168770160271091991041680538
33123 28101.4968235672523239904886031740278
33124 28102.1599304018634411796471877770130
33125 28102.8714007055408981089110559598991
33126 28103.3953148138923671040312601875248
33127 28104.0807538542171511123934556040086
33128 28105.4738028797532629960079603036746
33129 28105.9581693250156749251274966156476
33130 28106.2410787949766614503818315060490
33131 28107.1170250888442515504234106553590
33132 28107.5521268097297537675252106431444
33133 28108.5952198277975052469750209748922
33134 28109.2928891007561953395808368674986
33135 28110.4973961365971541994420017544521
33136 28111.3024746061796698688486176439988
33137 28111.8118801377791466288958844133142
33138 28112.7821849299364645170650021880207
33139 28113.1440446643130094971397597030064
33140 28113.9092856867035382370047644208366
33141 28114.6339904440203224337307949721813
33142 28115.2372238124660100525692840908569
33143 28116.0851430844380743519432732727528
33144 28117.0539458294053817664343314212284
33145 28117.6364199614297300401579333583478
33146 28118.3364685699059803614686005546605
33147 28119.4124443772505653346223876127772
33148 28119.6182841971816343285342958593899
33149 28120.9094054214314854035046748034333
33150 28121.8220096221135540568727574920294
33151 28122.3328009991132066473872609481514
33152 28122.8986741874289929496828908417375
33153 28123.5969579610843757887316168269005
33154 28124.4031214041939281838069987547984
33155 28125.2817444572529227305305825587609
33156 28125.6637079773295152880748946950348
33157 28126.0510188341614222828731850730483
33158 28127.4595535244789388732036717582965
33159 28128.4507206645482856630099107776248
33160 28129.1997163400424270868203003796317
33161 28130.0089013964468346413862682086139
33162 28130.3406980917970491740547938956435
33163 28130.9336330074481140767538106427737
33164 28132.0060540845237497512058208662942
33165 28132.5731458873085634625977224043026
33166 28133.3790599210489041582290806046117
33167 28134.3119420769675953640541121690217
33168 28134.8120687375342717029891620736886
33169 28135.3295004516381731389137963062179
33170 28136.0707775252249228772942530749164
33171 28137.4236956988930716770372827044171
33172 28137.8223071258114784638791328923762
33173 28138.7611810633425667449803191598117
33174 28139.5249003821370345298814234133170
33175 28140.5005530069918672079045123903246
33176 28141.0581738166141873823516192933147
33177 28141.5410827962883348061113166722570
33178 28142.0999430364493256641965145756746
33179 28142.9160048208038275164520527991283
33180 28143.4571602442744750463400164758355
33181 28144.8119207516501250091940072575390
33182 28145.3297839930420998829403353725720
33183 28145.9926785312145956487484541273855
33184 28147.1160160827148929586460370312430
33185 28147.8580705856825685489438302637724
33186 28148.2746912213565829369204488564999
33187 28149.0940021294500411140097364378979
33188 28149.8407025262757545693128479376934
33189 28150.6926346222298608167141743794883
33190 28151.3882801103274611643491995514087
33191 28152.0503031201006939213041881002486
33192 28152.7219145581867567755986380038072
33193 28153.4297486524899707554353617694779
33194 28154.0590223571993534038216685361228
33195 28154.6806548332928844984088986821339
33196 28156.3148316024414854303048823222357
33197 28156.8731777322825516819170967943476
33198 28157.6345346189820895667093698854800
33199 28158.0280602250784976763047022893899
33200 28158.6679216505695479795115264799827
33201 28159.6285067407248299868109299053125
33202 28160.1256270685290745775318628939423
33203 28160.9923954924426600286148885099164
33204 28161.7924241344541716953044446194818
33205 28162.1077324517108114114155464675257
33206 28163.4713087180573173666102633077545
33207 28164.1198953780937041893441862465122
33208 28164.8613404909415906951686297394847
33209 28165.4665392079880517812343739162851
33210 28166.2997175637359754943127272049441
33211 28167.2679179359529599542271638955685
33212 28167.8301391557241705346143805012811
33213 28168.8539055650448485883532728791327
33214 28169.1855797655553287280721533882394
33215 28169.9661093743430740712962710495399
33216 28170.3847154787712809272946876054426
33217 28171.3618106362450965075135875108921
33218 28171.9473651547863708882535835587607
33219 28173.0038420999497174304322846107459
33220 28174.1939534028997062826753442666415
33221 28174.5683489576211188176626730226787
33222 28175.3423541284694363964681023110635
33223 28176.3561700827938789734188011507172
33224 28176.8050073674894015194112549459449
33225 28177.2719098047645277961899902662492
33226 28177.7935703327231937587568569608018
33227 28179.2839747173218934280944179295219
33228 28179.7707430514182699055451267442428
33229 28180.3597676105902139287457870642272
33230 28181.0824968792173401576293524860945
33231 28181.6575037318499061012293146346936
33232 28182.7526305433205406593881045804404
33233 28183.8726363018331713345910782590683
33234 28184.1097101524305645702109366188754
33235 28185.3141733063329768916364723831798
33236 28185.7932460425871276316282024197181
33237 28186.4284198308381385063065990970463
33238 28187.4954069272236813238335152764118
33239 28187.6890055615103213203285786691177
33240 28188.3216209107501909563688349261226
33241 28189.3667096266644676920448390630307
33242 28189.8207677923131674402668477406514
33243 28191.0023110254530301748106683874909
33244 28192.1716102835167634901827149048757
33245 28192.5271682665458323641061310749775
33246 28193.3419438676013241869064721778937
33247 28193.7573702374045502356743165965089
33248 28194.5700337163952354123853603145862
33249 28195.6739886956097604502263194952223
33250 28196.2415376387928662218413776755461
33251 28196.9971661080256802913975187046105
33252 28197.2773734598759982769812798801069
33253 28198.6190139330117312745351080280474
33254 28198.8150156045669451636715008308268
33255 28199.7231161268083833035202578544848
33256 28200.5671747739417814261881540339088
33257 28201.4335651533207546569126560529882
33258 28202.6246005459246092576588618249237
33259 28203.2542943745401474637651917481454
33260 28203.8046194745954231396321878303408
33261 28204.1131525400275660625229153524045
33262 28205.1689859050863582488966126625990
33263 28205.7510596406743634293304487673047
33264 28206.2982515074734914456616403545064
33265 28207.3107783409820166602581741847581
33266 28208.1698778946693900857733045692928
33267 28208.8544074471152609238034402013606
33268 28209.4932024729021053143468955738709
33269 28210.6252282897062257376267737081514
33270 28211.2896061920101130712381346924692
33271 28211.9009672004826032804599475263520
33272 28212.4859300743955217216973776334052
33273 28213.5894604981694398592356321003460
33274 28214.0448640388678823659846994275706
33275 28215.0382662478495888715061599071304
33276 28215.6708236765036804117689851227038
33277 28216.1973164740774106822175371656620
33278 28216.4842058791280167014589407903130
33279 28217.4877580871385836282494609554367
33280 28218.9783712594910301249902975070308
33281 28219.5460354206743476792677330229451
33282 28220.1871597570716610387215064345729
33283 28221.0936071303032655974555334547738
33284 28221.5925825789054100472828544072925
33285 28222.3861578545879987700833326864723
33286 28222.9241244189351437740076102385737
33287 28223.7098300802189913656579707854867
33288 28224.3680554979869802531358628270882
33289 28225.3911774019818091744507546490739
33290 28225.9788896289702763850372380218971
33291 28226.6215475447515324251079715705687
33292 28227.7111369554294418438382170098108
33293 28228.2095846012282310004367492594960
33294 28229.0177178320811476653579068206309
33295 28229.9130557616203802325824244008476
33296 28230.9293860751152487993421550932470
33297 28231.4336347648490436781277125756416
33298 28232.2095868877875972898947530740235
33299 28232.5345570520678410585262264061642
33300 28233.2210565754622201319865419077343
33301 28234.2860928676998910269390259925193
33302 28234.9136745990692879424366895779979
33303 28235.3295429122639187930363180186861
33304 28236.5146078320364088817859834080604
33305 28237.7231995515489422322444075561096
33306 28238.3395167521726757087270632747663
33307 28238.7433997191549855057602887471771
33308 28239.6117739674887108704383501028378
33309 28240.0126675713007091296407390879529
33310 28240.9371285273386514061300249052521
33311 28241.7920316097881803354580967822115
33312 28242.7968367144944559448691282205242
33313 28243.0152036824508646353657809730339
33314 28243.8104535668002215034647416212408
33315 28244.4651836266240102300869029926676
33316 28245.5124523494202291809938230656788
33317 28245.9560975405146368201513009706275
33318 28247.6505459556646423052432766831933
33319 28247.7876368961594454892914356151443
33320 28248.3437509312649457792144803355772
33321 28249.5363712479281871604345357860085
33322 28250.0393091749941206895948343409101
33323 28250.7066023694070208036368833890243
33324 28251.2613883008254502981305637050920
33325 28251.7814030251060758703217563655263
33326 28252.6911205408654200353392351863752
33327 28253.8812144305188767249615637806572
33328 28254.4655218233348899540296088208336
33329 28255.4402188359263797100748738700309
33330 28255.8284783418882498463250932012460
33331 28256.7791427571050162262616488974454
33332 28257.5899178733159580327312440165460
33333 28258.2783334703871973037469751292168
33334 28258.8043439265624517675439745557094
33335 28259.7971771925708305617100179620385
33336 28260.4663264513528946391489522755934
33337 28261.1853260301922897094432185171140
33338 28261.5842516288478666519059252071665
33339 28262.6204157668180813080755057120419
33340 28262.9439704720627509413091204796511
33341 28264.2111094662647264902076250762080
33342 28265.2085026060057868675550520114469
33343 28266.1793658236058611160343156098036
33344 28266.4024383321849255377735442903915
33345 28267.3860280564860360271445742615782
33346 28267.6720371651751570177287811641587
33347 28268.3251120178459168075714320788550
33348 28269.4679789213114571042343163410490
33349 28270.0066314260150734896318226409031
33350 28270.8486416554606336314504902599144
33351 28271.5533620645213702176950139948027
33352 28272.0473522222939170490862332116963
33353 28273.5645941033264280919530645526657
33354 28273.8560501815436247074635482077485
33355 28274.7185510622969954674579812792919
33356 28275.0808887871198108263870772123817
33357 28276.4591011050581519165245256773977
33358 28277.1847439872990291247525070141175
33359 28277.5884781421145327828033056227741
33360 28278.1769408961973573226014793457987
33361 28279.1020167182738683739084061167979
33362 28279.5504730737182462060980680818781
33363 28280.1515771820389260739649636450979
33364 28281.2436076133453607598782473377198
33365 28282.3388338238903016814060085590945
33366 28283.0191276101805876858849112656410
33367 28283.8573485748702179117721273195285
33368 28284.3554438280371601213651246833395
33369 28285.1849609371589670049687096587573
33370 28285.7405181935384473711536704461153
33371 28286.5476099041994294001957135084124
33372 28287.1540337096521258698131936347727
33373 28287.9186627610558704310041143726752
33374 28288.8926015438704030451954476507706
33375 28289.8399679963231981854334120270710
33376 28289.9483104593791894224593455944417
33377 28290.5898707951303289963172168751809
33378 28292.0476028209656077913942760032083
33379 28292.5920566443334075687699476675747
33380 28293.7917725620495766150306598914655
33381 28294.0783337091219629528924786171357
33382 28294.8002768232244192319717456840300
33383 28295.4785148435465023842172151643678
33384 28296.3554600745211853310386915600818
33385 28296.9355317979639653769399121380122
33386 28297.3818948121537134725221166944736
33387 28298.2336999706801522743321977026519
33388 28299.1918050757244957506422837138358
33389 28300.1522249448640405073902822972359
33390 28301.1208051015101576020067758457106
33391 28301.5544957107606950772585884517363
33392 28302.3896192006882462215250934978289
33393 28303.0124474496042000316706170315795
33394 28303.4451172628352347228076472129128
33395 28304.6682010273306997686502690474973
33396 28305.5317161779134134812254090479149
33397 28305.9700271357251097153302337364464
33398 28306.4264846479482824574703708681274
33399 28307.2734612211487099485697028011635
33400 28307.9802808206974370669460940825821
33401 28308.9687165432890089973106403610658
33402 28309.7246615256252617572215868250474
33403 28310.5669811370541165406365269771287
33404 28311.7231750290656567756777211682132
33405 28311.9986919302229538596822194910425
33406 28312.9751873573940110377739027877060
33407 28313.3896322286415600043501539897110
33408 28314.0170116950085838637090385517687
33409 28314.4816831750620335245920803177417
33410 28315.7890367457011742976512297066773
33411 28316.4682608849317310294211215871292
33412 28316.8841922627067747343601391645734
33413 28318.0918266797376035929595918781979
33414 28318.7452977446237365791921098336392
33415 28319.4332941335335586880021130133384
33416 28320.2720643674422174210142317548507
33417 28321.0444596536578213025087650399630
33418 28321.7846389267503880144938012977636
33419 28322.4050218908352368412210897008783
33420 28323.2120158626777997749668658601907
33421 28324.0496222474271484314165865952295
33422 28324.4599325725744890002651700444561
33423 28325.2323743681948802033128158523709
33424 28325.9242288301756925382124233821863
33425 28326.3337590630468997200361366000867
33426 28328.1687932351200708775259341312273
33427 28328.7698297635298312306066150906523
33428 28329.3593069018101214185355437912565
33429 28329.7177737566933027729444006775530
33430 28330.6216581261039622020597496913171
33431 28331.5649083198541525538650428631719
33432 28331.9521699499904516307762427734444
33433 28332.6657339813392052248956695931178
33434 28333.6511731649894575951326376758954
33435 28334.2579493466312506880785864663513
33436 28334.9871795591303096097033499404238
33437 28335.8757604684809169876291780073012
33438 28336.5021033740280671384087574499597
33439 28337.5216536964240907722884602294788
33440 28337.9623668674384090657282769378775
33441 28339.2393790129813398348485075729625
33442 28339.6121214511460510236948106181794
33443 28340.6795863757457125511889248535383
33444 28341.1687543014380216961695032554195
33445 28341.5135949673736690493304836468614
33446 28342.4218700165602880876574407979454
33447 28342.9516087079651110222251556898404
33448 28343.9568387329922381194887405987593
33449 28344.8134057081492982095042942028289
33450 28345.6555227144617527447644319996988
33451 28346.3591326524278033628297668863001
33452 28347.6426706620729248610152418834924
33453 28347.9538609309773027963452424094554
33454 28348.2884076574884517046581262510955
33455 28349.1275783981984181821032734008820
33456 28350.0346509375498360151566273177331
33457 28350.8352362217508683005059074484750
33458 28351.8029376939952595621939914185477
33459 28352.1306334453207216945960124727863
33460 28352.7440835383407213547146638651823
33461 28353.5168486749637094524017869254675
33462 28354.3652412805873801037180499898657
33463 28355.5259465464159257808548562961397
33464 28356.1756604869031920693515388196694
33465 28356.9948134059734551400738287050624
33466 28357.8763136899590968034028292903832
33467 28358.1679789171157794666648172272746
33468 28358.8670368689281423081636938680728
33469 28359.7683585342941993618361763467639
33470 28360.5095108644086509961521071409902
33471 28360.8193445517927169576849531289550
33472 28361.6246299646910285589853751737000
33473 28363.0748375130066943292970616784299
33474 28363.4422581287646714614314745752522
33475 28364.4745569876321285869382085190199
33476 28365.1143441926954394739366108337011
33477 28365.4834465714552892695555381769793
33478 28366.5323402159573649978526962121835
33479 28367.5446989630348718115829147579232
33480 28368.0129707719341823120223804553577
33481 28368.6460458493061348686653491919872
33482 28369.3081483884675129283309693359957
33483 28370.2433674578719691185242437653254
33484 28370.7736977263882814928379642781615
33485 28371.4163317742602358483145222678319
33486 28372.1024668308029655342303883274941
33487 28373.5229270958182281511848504288448
33488 28374.2518572604714757513402669395547
33489 28374.8419438663888497567774259890605
33490 28375.7094799595792309493101132386087
33491 28376.3057055322239350527940134695776
33492 28376.5863869115525657059807846566252
33493 28377.6089252945736289166321659297250
33494 28378.1192098485408153460705103101518
33495 28379.2828003998420959930469343759134
33496 28380.0991825515759594519242593603008
33497 28380.2785210213844616377101141586902
33498 28381.2529915260253945650542799543038
33499 28382.2625910673681729965145299420580
33500 28383.1767912731424287364801390478777
33501 28383.6219921892483173689444907109076
33502 28384.4580834032353075273488678992803
33503 28385.1183167185202916270388539647838
33504 28386.2004613014469495532347842603234
33505 28386.8504303803072515742455731023780
33506 28387.2122316597288849487265431594409
33507 28387.9046749936827634927399232420468
33508 28388.3729063723545601308331935434972
33509 28389.4956894998749973700872610069405
33510 28390.2402868749548278943586967985781
33511 28391.5184650505653574536835189012072
33512 28392.0743153816098488843083233464595
33513 28392.7437050001642339019796524861760
33514 28393.2834552760377055237079294030434
33515 28394.3796459665918756423058415298737
33516 28394.6233436646961983699618136925743
33517 28395.4158058906983335321610542569400
33518 28396.5735587100415124815577861821338
33519 28396.8447267687034609924725988291614
33520 28397.7727186734539306885835041501977
33521 28398.4457255353558009541093283836605
33522 28399.3302927251924531700526231404974
33523 28399.9743558887699501953900573920947
33524 28400.5579239625433059513978816242464
33525 28402.0227792218638396798588621194153
33526 28402.6553905755795302201880078375078
33527 28403.2932950096947469319561597858755
33528 28403.6119659843866971288570351178046
33529 28404.5311023291355717030323232495583
33530 28405.1797077694173797253306537865581
33531 28405.9001719138253878505608652655643
33532 28406.5493177720265397379621883781163
33533 28407.4228887563814488752307216342108
33534 28408.0160614980957646356777538651825
33535 28409.4518829480013661364012414072860
33536 28410.0202345395379955741871242760022
33537 28410.5030930963632951200360944185699
33538 28411.2970319315789984851281260674242
33539 28412.1646573373106124073580893912141
33540 28412.4326562316441015141855683285289
33541 28413.9401437951640674667066614872139
33542 28414.0932896870483027622837599884400
33543 28415.0575728931391856290840518277523
33544 28415.7211685791263250511815487352363
33545 28416.1447594064234134521878857264403
33546 28416.7677273126636739068011878354688
33547 28418.1276997019054197594962215975827
33548 28418.9589361125362696702574473080683
33549 28419.6575099584944210419310816546053
33550 28420.3679244160571872795383047250468
33551 28421.1587776572416536490719302218836
33552 28421.9021073841516765378890841957818
33553 28422.4165906499594433461947559870109
33554 28423.0724722622606451253622595950266
33555 28423.4838260385503588699565523661433
33556 28424.6372241160199901185469685534682
33557 28425.5452395105263420241584424593840
33558 28426.2642120236694501625228691084251
33559 28426.7568969054925413948927483145388
33560 28427.7333668169343393799000087976241
33561 28428.7062847863046997467548913744236
33562 28429.1631955519064000160703305690542
33563 28429.8833990602922683879797633186091
33564 28431.0015123218925455452126873532461
33565 28431.5663554633339815994840227422505
33566 28432.0072448027816640297352114083185
33567 28432.7912802497469459689342225925600
33568 28433.6946905068734647432070689614559
33569 28434.2731518598231827753639740539290
33570 28434.5825119842642559098230078871421
33571 28435.8353951489362714344984732371931
33572 28436.9226354367807395925217058203840
33573 28437.8543594447067826720595878269142
33574 28438.4229810805769394027877201489239
33575 28438.8728017302134173067986114371102
33576 28439.4579942643724878647733427307666
33577 28440.1511526556570445922183799337852
33578 28441.2667232858963216002684420343644
33579 28442.0597193712813005927398721695663
33580 28442.2378459554544571366532925453761
33581 28443.3354160640362991807266478971619
33582 28443.9367526048241563628021002456236
33583 28444.8497185589023594090616157835956
33584 28445.6798322708482713694584589134034
33585 28446.3117842156098117244642616891214
33586 28447.1971457378450769249351404785954
33587 28448.0331012332852529127267747391274
33588 28449.0174972134367586495161824906139
33589 28449.2437819740985516993518885743783
33590 28450.1619687854045179485715700669348
33591 28450.6436420934644609934757969263482
33592 28451.3203959350225748649492371535215
33593 28452.0052671387474007506736609397907
33594 28452.8122576353933666506856482441499
33595 28454.1404322455946093275701550329654
33596 28454.6389076154063431802282415589147
33597 28455.3721334401852003972501329573792
33598 28456.2749748551309424707557237843402
33599 28456.8502419041692786028672045261361
33600 28457.6586640889602959220031556757910
33601 28458.3224924524543858908500660829958
33602 28458.6347200117441255426541264432850
33603 28460.0407999366528540730426932217891
33604 28460.5994397387969220913710321551463
33605 28461.2678569733426317621350112223634
33606 28461.6427007416102302726113235197428
33607 28462.5404463498851271793088056452534
33608 28463.3191615623258169650810524221105
33609 28464.6300714013664454290989292788542
33610 28465.3535876504610318412202470670140
33611 28465.9124721041275499164046772562104
33612 28466.4806193178997206384943051766786
33613 28467.4294310576461973518485716855973
33614 28468.0232941815934935421788729393301
33615 28468.3783653907209525549488366575322
33616 28469.4073848472832286829542894546882
33617 28469.9933605043116088948774544982350
33618 28471.0028345332670098328220684544451
33619 28471.4611037161731749437402973567294
33620 28472.8081516615234574513303187898450
33621 28473.5882699612711680870936158303092
33622 28473.8579474622846007350002742602400
33623 28474.5119331958262071403502031845677
33624 28475.5012684097323323348199128062179
33625 28476.5743927741249391639128749054594
33626 28476.8873702172098944171031597618843
33627 28477.9706840117569580906143004568621
33628 28478.3580259729655382839501840202215
33629 28478.5607251459131842238668467727785
33630 28480.0840135190571784445142036192893
33631 28480.3631038765681203121211258958741
33632 28481.2145496351739103802531456156914
33633 28482.4876268933010720488627960147619
33634 28483.2375977847782578411321696789314
33635 28483.9186506968183462022691075124371
33636 28484.6372615698600207322169315885960
33637 28484.9303879645352151529619937105339
33638 28485.9776179967940173096862650504578
33639 28486.3132537175572646226339863018091
33640 28487.2637800331646873686569099043077
33641 28488.2546434174702972254596143364717
33642 28488.8121884310058227463659887674777
33643 28489.6232392060448200243595406035690
33644 28490.1612005872034444131365700005408
33645 28491.2090227907558850983225898317683
33646 28491.9682050261873156232570999163379
33647 28492.8404624047879019451842114714202
33648 28493.4865374964250268946368803801096
33649 28494.2476631028660035085890532193969
33650 28494.7600494032173765699666834737489
33651 28495.9161427572210606745399726408013
33652 28496.1691352410048547985683829385385
33653 28497.1030662701065650812801565257772
33654 28497.2760060634396446238268069921226
33655 28498.1473641653882067605549031718516
33656 28499.7773485469593808755697919691150
33657 28500.3088756294124115845967490726951
33658 28500.9225233867088914718204063642622
33659 28501.7469550180336684134577858360931
33660 28502.3762035243220237104430486961477
33661 28503.0063532468205403850789405974630
33662 28503.7148005489119948570181947784745
33663 28504.6562866992505807679960871802989
33664 28505.2566214416240306710847631270275
33665 28505.9685643326465886547131483729192
33666 28506.7209047165156480170352233387979
33667 28507.4862836228256018116204067041415
33668 28507.9982420711834595488158516379265
33669 28509.1558336771081607904250491111245
33670 28509.8637218869675889612968962089946
33671 28510.5185172093984919447407233978599
33672 28511.8806403485236174296426762669310
33673 28512.2282777983785827723735926425724
33674 28512.7223982922970713932899757135610
33675 28513.3204395244283148893434985326556
33676 28513.9766892983117034913769332532092
33677 28514.9196666344382430596819607002147
33678 28515.5665914597441830194380235369393
33679 28516.5304824512439266337769856596779
33680 28517.0020823069174879668051263361413
33681 28518.3634673803133021550965839982003
33682 28518.7715442013881735740199782843416
33683 28519.9080099432605859605219634618319
33684 28520.2007309015967963346772540386357
33685 28520.6180012590878449879371303417077
33686 28521.8435323326017815485740286101943
33687 28522.7801002969893472297966854484896
33688 28523.0841368874613157290801740052269
33689 28523.9690338716901680752786028848540
33690 28524.5334911121509353245367148995045
33691 28525.3981987876654835174611026096554
33692 28525.5945307507009333869141705956396
33693 28527.0462900126831253943929405126529
33694 28528.0663819795760328998622150347304
33695 28528.7982833613294247322977751480991
33696 28529.2751420439639578585391097847930
33697 28529.8366844015056501208610135583164
33698 28530.8085840372656108158298715021196
33699 28531.5914709532059932703125422590001
33700 28531.8589997593282956083829465509145
33701 28532.6019873646099413089586807816772
33702 28533.5554144707354793920939719615078
33703 28534.3890408805392750966783077878043
33704 28535.2555169993466450920703097873611
33705 28536.0084209056708413620629333971076
33706 28536.5741172097334936277950022268734
33707 28537.3018083619891287011281625613847
33708 28538.4768448655082903749770933787586
33709 28538.9088129074872907807142064038586
33710 28539.8432331019558261669257377511156
33711 28540.3718986500574076733202687885146
33712 28541.0962035133008408880023079539646
33713 28541.8978489896208870005806346103078
33714 28542.3454485380805819438025953130862
33715 28542.9873277702382181811556453463817
33716 28544.0621966161899723091501941439119
33717 28544.6633716923214043672915767149205
33718 28546.0339309764563241997877120701503
33719 28546.7191584326078907620901831989282
33720 28547.1221342742536778939968757883454
33721 28548.0730422403959501323040052082955
33722 28548.4200541781173404642439898132877
33723 28549.1046269193442007723089826535978
33724 28549.8836295095711045187282005933555
33725 28551.1513505413658738618626292521730
33726 28551.6792034922897386533133077751329
33727 28551.9629626930046597987958647811022
33728 28552.6960020284815197118010386029048
33729 28553.8895173607567605807208812137033
33730 28554.8501746757657042742734503888801
33731 28555.1012317352455806454521070429407
33732 28556.2467542845368486272199403292652
33733 28556.9658735715914192813386797272555
33734 28557.7385333372695221282640863089811
33735 28558.4274441660156735586787373748421
33736 28559.0953428497771387639536784968236
33737 28559.3967815856428524677875155532301
33738 28560.3860413276530296144613518437205
33739 28560.8392016598474938486444352768181
33740 28561.9755692537629222422580651971999
33741 28562.8737265949593391246578723863389
33742 28563.7960630007202027862089880435915
33743 28564.5099805385304542717396361628331
33744 28564.8745462534638005710297608289188
33745 28565.8049140244485592198046998335782
33746 28566.5198153690644737145224840405793
33747 28567.3035737477124439753832807652262
33748 28568.0084599834943510400824419736990
33749 28568.5394805836724625758182886596069
33750 28569.5050316765363426722186216445634
33751 28570.2830257487925607560668720212877
33752 28570.7646052568564485491665471424977
33753 28571.3715829142083131534358009959087
33754 28572.2470847994343272293717854929846
33755 28573.7820022014104184945358495030465
33756 28574.1614792409892662168536040889776
33757 28574.8422220460617449651266329682206
33758 28575.6310231070194941397713480772451
33759 28576.0836278462659054430521359143273
33760 28576.6986110433221221316909962198469
33761 28577.8207748674624733879883240334413
33762 28578.1487405196687144447851729930648
33763 28578.8578705577631497601265547386716
33764 28579.9902542621941232528369237559950
33765 28580.6680119076607668147614046020172
33766 28581.3902998660202163004242829262556
33767 28582.5088316750498035886768916965436
33768 28583.0314706591315331146699097407943
33769 28583.4851324423907391796257095477649
33770 28584.3263398881976460362791435837140
33771 28585.3132078351492337608918094958111
33772 28586.2442170482941567066136396350231
33773 28586.6482881624813608835521283717661
33774 28587.0864097759618291600006373808884
33775 28587.9311019174482797893230296136933
33776 28588.5049564241622567407503310531607
33777 28589.3991002648776656329035132114677
33778 28590.6689188443309689864031183677731
33779 28591.3149799022710265767765511322684
33780 28591.8330071278386148253403558220675
33781 28593.1041183276980490796612456490430
33782 28593.4443797507319324220601257160372
33783 28594.0294239295135063803381628758742
33784 28594.5376547524368838658139164064137
33785 28595.4508576930594161484355976711069
33786 28596.2761464135407976138807616683126
33787 28597.0844189569374904006045967354438
33788 28597.8237967782639903302553018147997
33789 28598.4353982008945601435442363972164
33790 28599.1957412453884708370304548003920
33791 28600.2843488282427928140151355008688
33792 28600.6261336280450735620431951708265
33793 28601.9289031883090106054679735590677
33794 28602.4350574924508371276281612036686
33795 28603.2069408679173441783226875915763
33796 28603.7369970176528117438908231588380
33797 28604.4466400278452498280452993804779
33798 28605.2719102401445010971986704659929
33799 28605.8158160688073819354738194813324
33800 28606.7176460900837009090128812422956
33801 28606.8777524250901489589749754031904
33802 28608.5055525508058157552050494137875
33803 28609.6033120699272757003748521455223
33804 28609.8963253965311983355247042784238
33805 28610.4797330015125694963064525152524
33806 28611.0865163826784044256930219432740
33807 28612.0654429090364179596972352447201
33808 28612.7096058004931787782012766186774
33809 28613.5220769769670424724886012664301
33810 28614.1990858283889630350861157284944
33811 28615.0808918011541662851443428454920
33812 28615.3661973494795473222991663610429
33813 28616.3662950184160802315080062504542
33814 28617.1029386352407873620669062657320
33815 28617.9742634826407766470315944748188
33816 28618.7966283164037240647793369603597
33817 28619.7667657824548254560612317109877
33818 28620.4775984639687817005987330854071
33819 28620.9233075678820753920760800135425
33820 28621.8958741028978989959111217495420
33821 28622.4767794611538905574553734060788
33822 28622.8564840155225512016257299501028
33823 28623.3429924257613588321483370750176
33824 28625.0500796312432405726499712428852
33825 28625.1189992865864133199752973315085
33826 28626.2179018443052977683904409670148
33827 28626.9235571321044705421982064888340
33828 28627.9301382555888434359667535658506
33829 28628.5097950182336151019779076406718
33830 28629.2034293599308919235976974472921
33831 28629.9156047187698499507626484475787
33832 28630.4554573457183409592985192540497
33833 28631.6016395824336620577266879131661
33834 28632.2883645278754518873645624162837
33835 28632.7295231352395842816161923906073
33836 28633.6456722104168681133143536783133
33837 28633.7779702083209302130862544921234
33838 28634.9141060879056892810205999174004
33839 28635.9519142149996133058647911143505
33840 28636.9401976091803324493279740511682
33841 28637.7655971476375521142060706164362
33842 28638.2514265358307344491463053976211
33843 28638.7428078710468103648484672607271
33844 28639.5169852934461003874150401057211
33845 28640.4335712900446591574778035177374
33846 28640.7797241241529943355562645204509
33847 28641.8553259003681067300627397240078
33848 28642.3742229671477077131327574621481
33849 28643.0966466191670431889563357270890
33850 28644.2389793798176210790010998771692
33851 28645.0681002686888490471236533726910
33852 28645.3634897797803679776936398818177
33853 28646.4762861958806661414477338321744
33854 28646.8270604504483671735863490401854
33855 28648.2323696626484942429355500426322
33856 28648.9372265049981515861441382371287
33857 28649.0920639673345044376714497450814
33858 28649.8060722651794735523725958335391
33859 28650.7839891875774477606162652487964
33860 28651.2653064035514668600744816415719
33861 28652.1510497410663726288006044120936
33862 28652.5540478335646724308373399466147
33863 28654.2097340609671751691787886333161
33864 28654.5198918822779467414985236204921
33865 28655.6322105004957778282063591851231
33866 28656.0731353490826031670581730101232
33867 28656.8791091401660056731661295789856
33868 28657.4768027094494671471111000931879
33869 28657.8649698309917058017301265240270
33870 28658.9749260265055068076810645020988
33871 28659.7945813493415705385963387179957
33872 28660.4826413776445942260579213406944
33873 28661.1872758460672134101900757213928
33874 28661.8128868399602549231066085702972
33875 28662.2761043569988053802509170005616
33876 28663.7735423821811161811319405076575
33877 28664.4626904997782212515524654135858
33878 28664.9931596002232954122442318474354
33879 28665.7254941410562020650316793023478
33880 28666.7448060466213578110203431745462
33881 28667.2253877502108499106829862407131
33882 28667.8718928563193037859072949086634
33883 28668.5771752563974236117210374040022
33884 28669.0438257549290088504949542013522
33885 28669.8053074108576052086461586999337
33886 28670.9108438319213970486791584172259
33887 28671.9489200682619455048363768887880
33888 28672.5287123710363671317120051463803
33889 28673.2882537668149360914061637665228
33890 28674.0403145670656905041944044654268
33891 28674.5558330945352276740730513950524
33892 28675.3056480890358468934111122244847
33893 28676.2630874680548595399702586998727
33894 28677.0824187204836479453611539476242
33895 28677.4229560520937947465919007697312
33896 28678.3817871381240193913618122524867
33897 28678.7680196647021062742177227920853
33898 28679.8964148589662940702087687597854
33899 28680.4249538018229677803314186911318
33900 28681.1319255939388836916582357245471
33901 28682.4098731528132412981971826554001
33902 28683.3424382683946680090085854036192
33903 28683.7354953763458047368749422114334
33904 28684.5074777142913742285545153747640
33905 28684.8685203031456893945920318745785
33906 28685.5979307439514261043847349967964
33907 28686.4988632006380019548783619855485
33908 28687.1698643004662896503770219138001
33909 28688.0131817901280739310725408304496
33910 28688.7447850297866951589784430714624
33911 28689.3566480281687182865138303850878
33912 28690.7480015605994256498979763473364
33913 28691.0909029545308544083160134202585
33914 28691.7008863200605509633084384984572
33915 28692.5696096503965488381680905251937
33916 28693.5502947452329739086439863841478
33917 28693.8963109182576734756532040151442
33918 28694.8971340270947908365031881739126
33919 28695.7842193762418048196942130214532
33920 28696.1238722429712827391895153490912
33921 28696.6147384598899362997651833223036
33922 28697.3656258136868371447209036131934
33923 28698.2886657469367335395769810825235
33924 28699.6117109941360649000922911240390
33925 28700.3719531841378884251975203779876
33926 28700.8111664854465830726604314819116
33927 28701.4841629665305825997140427092056
33928 28702.3589746787962931581352564593138
33929 28703.1640293306864807480025019206627
33930 28703.5133486591269751448521184331646
33931 28704.2401850646109065924323187486288
33932 28704.9715459415951329957850262907920
33933 28706.2825858780876125457327991987896
33934 28706.6826745825838172505984433550494
33935 28707.0366337340457530512120695338104
33936 28708.4138775659718614842889242018052
33937 28708.7978527952757876856982643203571
33938 28709.7244143305039020744303386618821
33939 28710.7718048002765570481439305264091
33940 28711.3330706229771974859477391656341
33941 28712.0345316932516890593754044004033
33942 28712.8464073196490048399220063313894
33943 28713.1193646267190782561025488599885
33944 28714.0517118544595199092127616855850
33945 28714.6755037982655990626808325838303
33946 28715.4684895952769945827595826024033
33947 28716.1729878129681007855669526455675
33948 28717.2117418873377972326438781447890
33949 28718.2954270201483939105680373964617
33950 28718.9285362987220471168560850777233
33951 28719.4905448023067119265953683317263
33952 28720.2120620071227536876869355573983
33953 28720.3700201111248084929700021606379
33954 28721.7245257642137062077551606905460
33955 28722.6177840036128722023464443575216
33956 28723.1179202244843856072993712338751
33957 28723.5950147033477700688051488574168
33958 28724.4310288387652177482761289308136
33959 28725.1875281814490972162643837186936
33960 28725.9246607102991775284418942561343
33961 28727.0255357875882376474217404644343
33962 28727.6270545656073835516078195244190
33963 28728.6999191950247744161546049622916
33964 28729.1329199217010236107828016884163
33965 28730.0960706918595458881009170018761
33966 28730.5746769913723737200909328967892
33967 28731.0448250006542257107682290025052
33968 28731.9956221292372617685443861620848
33969 28732.4785139373696814744024523662358
33970 28733.2307549176377316598219254789310
33971 28734.4751513443994561710704746743400
33972 28735.1931322693155977208294296378904
33973 28735.9113431694815503122495642959353
33974 28736.3637344394121880437412917528090
33975 28737.4792819821600773497632764648240
33976 28738.3323203627856184105714629692862
33977 28738.4941041005717129743047690164187
33978 28739.6567145223258855060277736206846
33979 28740.3213259657249322218438981185761
33980 28740.8176254582916975063238850132730
33981 28741.8912664292856549402888384363538
33982 28742.4467483855317986020153879852829
33983 28742.7838516938642818558920553030739
33984 28743.5324007279052961998115969828964
33985 28745.0780156012838015133709927073718
33986 28745.8385099731432515670913227728630
33987 28746.3808728450644591957119216748673
33988 28747.2674475432505278320687809991587
33989 28747.5366090680218362002306395673204
33990 28748.5925976400879616297369258115779
33991 28748.9053767013792925703597237334603
33992 28749.7424471224675330552766213433336
33993 28750.8586442986062554447507466991275
33994 28751.2858820010389191186627544410304
33995 28751.9421716279768623746969267896292
33996 28752.9081852542034245962348896485460
33997 28753.8356607989440106414833339263493
33998 28754.5594601437580511727410955014877
33999 28755.2905116851381547098002927219793
