18000 16459.0842220451925832258559663773032
18001 16460.1323083575689629291628181878906
18002 16460.8776444520415127283744607676549
18003 16462.1925156044535160943967748093513
18004 16462.4931149897803449300007351659000
18005 16463.4930919831173116012428780789737
18006 16464.2858973326092295876589664727604
18007 16465.0812718325996404836083784108564
18008 16465.5544103007487816785177580084581
18009 16466.7494023248962152163834302177004
18010 16467.3044958838165692773916021526183
18011 16468.3056513385770189307028321092029
18012 16468.6480773369886863606924141219094
18013 16469.5504683736656380823973398974539
18014 16470.0239243808437957756660469497562
18015 16472.0871997329604438986885305428502
18016 16472.3220535193871341370884161196851
18017 16473.0499291405286517770580311778196
18018 16473.7188879206337367387519333871396
18019 16474.7263260297042022152655603609547
18020 16475.3658533746902246431802581271111
18021 16475.7445883426158342011566320414583
18022 16476.9361991174169982936929625575574
18023 16477.4837445100427093945024528233930
18024 16478.5648347945583687845334221871948
18025 16479.2749610394539071563337319312637
18026 16480.3840672266394152463756073245280
18027 16480.9369559022635312766521037738515
18028 16481.6527677178332278366040008892928
18029 16482.7077548467476698021503568806034
18030 16483.3834689342492262198734923005413
18031 16484.5917704470731292864065884017799
18032 16484.8731630262588366596801761231011
18033 16485.4222164834539209685609628272356
18034 16486.1351419576712652582319615185651
18035 16487.3072330868923820163363613267346
18036 16487.7965188172905036371745146402620
18037 16488.9917715602941190589259950639555
18038 16489.9750348021958427457128283856233
18039 16490.8269716120773849418106814026194
18040 16491.6924495183757518367526663322409
18041 16491.9917906361931529935968158384665
18042 16492.6163825897880964636905753610506
18043 16493.5784476701690120570740825303711
18044 16494.5088481494714386663584309133421
18045 16495.4262054085553571609796274346492
18046 16496.0246201319809621241382346029529
18047 16496.5905553749060889388352254967789
18048 16497.5584049349483599858169498451387
18049 16498.6722124082900932423144822645552
18050 16499.2395284373016333628191420450527
18051 16500.4820992291091284791799564752463
18052 16501.0891359499337022577292566168866
18053 16501.6204231400041862137431984410424
18054 16502.5532294808449070964988513811300
18055 16503.2778278363358060733343835394939
18056 16503.9553142636392313166141880944210
18057 16504.5781304479631221349486711671032
18058 16505.1000686284977458256665195750296
18059 16506.9650211147987224367683661402180
18060 16507.2875047926668411987243313931827
18061 16508.3656434144634130750316155730064
18062 16508.9505064641900401887266665155412
18063 16509.4293887605109647854912845227936
18064 16510.6545394675681024269929181496428
18065 16511.3352548070355973860944277711466
18066 16511.9952039456755191810060741099571
18067 16512.7050330283066815265136978543324
18068 16513.8000590251447833240202674851226
18069 16514.2831814488394190552283873427664
18070 16514.8618144797269369126737041471336
18071 16515.9464143967890547243069410331286
18072 16517.0011828231536343858429999137840
18073 16517.8718125337605275495924099743093
18074 16518.8650767028651750715849002395564
18075 16519.4244513545023292310300395436694
18076 16519.9286474792714171231475714706737
18077 16520.7918007643327300527065867296240
18078 16521.2521934664790225402433063905304
18079 16522.2923835610224630018347203703347
18080 16523.2211249983282772882670935215729
18081 16524.0679872693427703741321297591588
18082 16524.5477300776882843680193620429408
18083 16525.8856539285985454167141966846778
18084 16526.7015755956780983820323683617073
18085 16527.4024206881456825748867812240939
18086 16527.6387463914155045149952032866213
18087 16528.9540166093257357504940351085291
18088 16529.8668693070760077859021523523659
18089 16530.5591813374982596033946243095506
18090 16531.0243988182790170276001760273087
18091 16531.7229703418766471837029022680234
18092 16532.4739528543867378640336070059645
18093 16533.3254726871257079107859509011755
18094 16534.6369446186147967591394017549386
18095 16535.5811725821944198672917709985393
18096 16536.2063975574963795727313683341961
18097 16536.8322828123241300310755823175517
18098 16537.6088060152997982455469918958184
18099 16538.5453358134320157832248510573655
18100 16538.8244775913193466489755675450131
18101 16539.9099840173214552607315340932852
18102 16540.7522217678550245964842651650281
18103 16541.3327086182690120554893512151463
18104 16542.5695231627685575372299368654347
18105 16543.2594818000676791884856714255244
18106 16543.6310289808272330363990717982255
18107 16544.8746892306320311385151408563054
18108 16545.9247543715332642842469370192359
18109 16546.5697082415967234452217704333952
18110 16547.2981383503117008333116126972608
18111 16547.7833703657410971898712973384162
18112 16548.8239372815072781116707095477843
18113 16549.2824363919942305486375391168404
18114 16550.2506117061185577523346291883603
18115 16550.7190394736249633833634926259875
18116 16551.8592779137595577163180739342743
18117 16553.4496767865598144758277087689291
18118 16553.5844773102123172442012333694651
18119 16554.3404909542805338639188576912632
18120 16555.3221125764334845130227189857557
18121 16555.9056831085880861726945502910427
18122 16556.3619917724258729421306655987866
18123 16557.7608470802027711502595766772224
18124 16558.4635307577351157335121206547009
18125 16559.0409911043221597366881693000343
18126 16559.5585818280154252083129181250606
18127 16560.4863167667664781184133267096366
18128 16561.5411623188831187272999955521107
18129 16562.6263829106264460996697371141608
18130 16563.1477447396237221432084128051354
18131 16564.0629767724513432144931231334861
18132 16565.1369625830722625637400084046636
18133 16565.4466364225947595788524803885250
18134 16566.4093365858058392650765209377437
18135 16566.7586336533783513737270064254749
18136 16567.3991722944886845512347255803239
18137 16568.7629866915316247782874221742286
18138 16569.4489041736889343428232271995329
18139 16570.3538520097795432482566723670864
18140 16571.3192837088634073311830102511018
18141 16571.9485424688839247269827036483387
18142 16572.8610499216776679354094503228141
18143 16573.3053517721058444827145950700616
18144 16574.5127037151848898900983847804122
18145 16575.1364665261524281211439705143833
18146 16575.7782892768250115317834756632468
18147 16576.6144963259479372232833184418852
18148 16577.4888749285653309986846270051338
18149 16577.9870095839566444982172809938285
18150 16578.6574046197028499649636018290360
18151 16579.8976639785707292443067363479081
18152 16581.2489629843702643873669158980747
18153 16581.7151630079351220829018095158995
18154 16582.5686416843302683559316454566579
18155 16582.7730008356739862191591960533312
18156 16583.6290885776147370461050577725588
18157 16584.8275523337550088815326686070382
18158 16585.3139662954025835071493483993400
18159 16585.8785334381970218870631739325570
18160 16587.2528834560138468752524047645406
18161 16587.5250564168922958257432226580480
18162 16588.8878339458001737207265574063145
18163 16589.4666575902332897059871852224956
18164 16590.3408982073161601802427670442922
18165 16590.8837273549940432588340011731523
18166 16592.2294432888834495189698174932993
18167 16592.6874625103465796138326146148286
18168 16593.5058110394756014180540568635992
18169 16594.1724932421480033873008925918287
18170 16594.8566485667835665684551865178667
18171 16595.3657280205414460079432986366381
18172 16596.2846841492521984034919882640138
18173 16597.7067225471867754307592381928630
18174 16598.4453269350905923182086337350736
18175 16598.9998939978311686274006556513040
18176 16600.1439720261340977062242784865815
18177 16600.9295351788671659848014385886242
18178 16601.0771677683990353187150100848616
18179 16602.1001217848584693927782899299241
18180 16602.7254828390908219669439644831691
18181 16603.9843682393991379057152439387883
18182 16604.6307137872743516720946237081874
18183 16605.2976415801648313271346461321558
18184 16605.7431939354245864410357591549026
18185 16607.0971248978647182603598930103591
18186 16607.7546574540012986550700031390964
18187 16609.0960080906595767847998520242616
18188 16609.3530669261503241589756841460987
18189 16610.3053484459876945152876875555956
18190 16611.1928916093146900876463601286621
18191 16611.5488956354469704035797935977231
18192 16612.3384730741282707733327939716015
18193 16613.2971494219630470919216827908280
18194 16613.8099529135613382466582280648743
18195 16614.7014725966615138027045026061711
18196 16616.1140461725274324879893424133440
18197 16616.9621578053659843249030040548655
18198 16617.4069857207757572454412684018680
18199 16618.0123251823659367944450873754199
18200 16618.8449000644523486961935839696690
18201 16619.8214311967026296761737533461788
18202 16620.7700228704737009552769652430342
18203 16621.2911883973496117963054777692929
18204 16622.0671777161634479761642892126791
18205 16622.5110144683479547991797632628200
18206 16623.8312313468264721175779283361123
18207 16624.2475522464806483036227777360501
18208 16625.1716427608152121434628117559587
18209 16626.6327203882857345934417354512498
18210 16627.1604989447417927114064229077017
18211 16627.7594857197006758438755343606093
18212 16628.7437362152910446801582453660038
18213 16629.2437292170401860640031218978214
18214 16629.7940179715184752290715595098782
18215 16630.5975619592018055323875662355549
18216 16631.6729831265993105849718066575881
18217 16632.4960112156407322593658752217550
18218 16633.2537090364474149448961254997817
18219 16634.1241517994373433857213772099408
18220 16634.9428163979446449871091734287569
18221 16635.8878254880195312323182626239540
18222 16636.5818464281030813681225163484790
18223 16637.3122987211367533566596590024557
18224 16637.9710720713738087736486750542824
18225 16639.1576190136387314171321569726524
18226 16639.7355518999137732541996887601285
18227 16640.2346050671322936986260272583766
18228 16641.0525497114773682106663717175125
18229 16641.4290036653039558441137006385474
18230 16643.0597413085538964872297292765447
18231 16644.0700925198446500208462124188380
18232 16644.6099031255413882547911072701116
18233 16645.5127702479448292548779888725748
18234 16645.9188553088617375406493318663704
18235 16646.9699994205937642207731737014383
18236 16647.4290523853405121377566531478550
18237 16648.2865174456213205441238037655600
18238 16649.4251432907419343420342615088476
18239 16649.6649500476112370438930463729646
18240 16650.9040609437880380752218447086529
18241 16651.4308029676758211864947056383483
18242 16652.6516614375870936572050820060889
18243 16653.1976888115022899053168567928237
18244 16653.8737066033760502938648306911019
18245 16655.2783504715113081649791934349128
18246 16656.0224219596091618353904414943069
18247 16656.3988158121335758841286444159458
18248 16656.7949047618330201163940511349431
18249 16657.9975816196560773568165950489005
18250 16658.5413541268611236252946115237082
18251 16659.3307019931437605577777308671117
18252 16660.2944710896880611000921174914467
18253 16661.2825952140295941316941963475988
18254 16662.3665326800146969422974796054304
18255 16663.1129009744119764826485929637733
18256 16663.5969768806355455819896401236127
18257 16664.1986012324356031706497548589150
18258 16665.0759793716313642034034423044896
18259 16666.0270109444445004300915850869527
18260 16666.8864681239683290301519433513373
18261 16667.4339725534431127132806362145382
18262 16668.3844416634779268563472866798615
18263 16668.9672840669978394768463605719042
18264 16669.4488230167786299991460461357355
18265 16671.2571319645029372816220744948025
18266 16671.5467415449912682552717291699804
18267 16672.7313921199081982190490308967913
18268 16673.1837106925881729037406302574676
18269 16673.9414661792367300165926700292907
18270 16674.8903808286410969790529245236112
18271 16675.5506325987678059079187635169931
18272 16675.9109301200430024827946726652966
18273 16676.7090018896034071107749810664717
18274 16677.9591994675172003009563079351065
18275 16678.9667319955573012972171518147274
18276 16679.5761785205700603290416115092144
18277 16680.4173337430340117650668978868643
18278 16681.0871217622169471567362867044896
18279 16682.1471066335376101528202545905296
18280 16682.5965882419826916098109579285942
18281 16683.6658355355398512954718031954057
18282 16684.4070855759884068811667505489945
18283 16684.9858506028493178155297809318841
18284 16685.7843546215159160625589548625410
18285 16686.4122543953885359136456215305147
18286 16687.3309386700194690554689557525427
18287 16688.0618346262890858016045975458014
18288 16689.4198440536031944697813429789743
18289 16690.2264541135727559981415792576616
18290 16690.9965314618532231034544914971193
18291 16691.5495012741932582206907737626681
18292 16692.1764702467572996313681412239031
18293 16692.7712654274424878408451715452963
18294 16693.6619744156471996784849526572426
18295 16694.9592168380233316709224293814003
18296 16695.3858523953675577316030571296146
18297 16695.7820259429441705701699203701807
18298 16697.1344304588780183409411737378723
18299 16698.2404003943104727660024670419197
18300 16698.4877188436194435178625711291568
18301 16699.4543846001123627386520696858199
18302 16700.4204236438325763026835483566073
18303 16701.1606924353101568844785819221339
18304 16702.0203929579104170857758967129882
18305 16702.8218624363127480189483002528298
18306 16703.0439899376710659918329728537844
18307 16703.9192330997941050140174206188916
18308 16704.7660044395246373687088398323641
18309 16705.5525856182278838161902060043500
18310 16707.2080439956718249019936701769696
18311 16707.5632252886761491233446071790812
18312 16708.2705182596483058769329499277524
18313 16709.0129303320141941218115257376206
18314 16709.9457321177587715866990861252427
18315 16710.5706776352325904921902204379509
18316 16711.2782547433289993043100611228388
18317 16711.9668632835667988494698003643989
18318 16713.0918617071155377711463967165931
18319 16713.9330362288104022891327141564897
18320 16714.2084065279227511095665068550672
18321 16715.3412414739302957454977923031211
18322 16715.9490627801302739862641444647230
18323 16717.4144727896269210671778444952516
18324 16718.0521295920767464121652250161674
18325 16718.6671798860846349349025168122288
18326 16719.4307537353065109704026084880263
18327 16720.1314836494227167511901861333698
18328 16720.8240337347473966024364027334303
18329 16721.6067295477788885901374000627019
18330 16722.2086258067958861631194818932681
18331 16723.1759989150919802645142087185867
18332 16724.2757737575620084370634553516457
18333 16725.0397939222306043175414468735609
18334 16726.1411804747919607687844635760802
18335 16726.7024466540069099774633482815555
18336 16727.1990886699148826135221193054575
18337 16727.8129393058079800994928969614311
18338 16729.3632894544808556485830147845593
18339 16729.6586375234794822610376960603908
18340 16730.5629973040914028349099714998644
18341 16731.2846211875610459425986486410899
18342 16731.5433377861976453727705556798323
18343 16732.7644967816066717044390336377244
18344 16733.7552194270694144739922629474028
18345 16734.7247533011407255968146794717134
18346 16735.3726677002969115090019748067460
18347 16736.5159253923761497456263291420260
18348 16737.1140907594761101925314889540241
18349 16737.6480171312935094848440714986055
18350 16738.1249959680352702208648333583565
18351 16739.3059454150195958008893487674057
18352 16739.6839311694716884522599133984881
18353 16740.8650915357048294319588322497221
18354 16741.7473892819295993636656719224836
18355 16742.4381200522518021287910247126018
18356 16743.2902026586122304720533133098513
18357 16744.2517532409563210189981467212855
18358 16744.7704958188156731346783854018655
18359 16745.9048528976615759700316697365740
18360 16746.5538509432342044047441677366020
18361 16747.3908131103752918779783954981613
18362 16747.7459311965605686236074857108138
18363 16749.0171578757379428071199162668114
18364 16749.5519857582916307482044876176844
18365 16749.9505754184855471416308703208285
18366 16750.7767065211325098047152051515246
18367 16752.4842878263691720377056594578170
18368 16753.2711815967564970394720614859079
18369 16753.7781253529491342399423699071646
18370 16754.3212413703404484092548726499403
18371 16755.2721417919613483305371436551576
18372 16755.8836755942240469406749992013519
18373 16756.7383413073869004297043367971789
18374 16757.5364852111957661177476087420438
18375 16758.3695520171171382175739233908655
18376 16759.0797648274822754786473633336576
18377 16759.7992935787379618636648977089360
18378 16760.9032429670250130173763540756845
18379 16761.5231118781043603338318618154077
18380 16762.5947075055496002598079183553977
18381 16763.1430857511254475181530088269531
18382 16764.3459375578033988060213930922576
18383 16764.8760632200592199480413533384178
18384 16765.7049432702995775644736390019763
18385 16766.3961594214008320700784773231805
18386 16766.4737485780421539731748191708387
18387 16767.6955944213266906739118999050327
18388 16768.8426139177872047573609012459142
18389 16769.4405540221146405127579084507141
18390 16770.5283380928634782861133235070124
18391 16771.6199151310911623503755796716753
18392 16771.8027224709536363348470875112551
18393 16772.9801734060632545496224337260340
18394 16773.4843978491328647531381888032832
18395 16773.9191803861160289719978833230503
18396 16775.3905892173071649150405451796302
18397 16776.1195576203953004202332574994550
18398 16776.3847297912267933283434895988326
18399 16777.3920086906849528416486753024621
18400 16778.0052015962064370771226332017212
18401 16779.0027121678659037361805365901581
18402 16780.0508409712617287072737424901351
18403 16781.2228278483543932253165881497199
18404 16781.7700945230502978399123804109879
18405 16782.1129148479781328360839219215597
18406 16783.1298948549502576321749405675648
18407 16783.8259590681570436854667353802019
18408 16784.6680983364633288600872799780827
18409 16785.0608143526333108916797793010226
18410 16786.1402669755340544168425828102396
18411 16786.8646087766836081166716981225602
18412 16788.2964874492320498031992552540143
18413 16788.8956804229798311075266844238558
18414 16789.3014662818985380117061591037686
18415 16790.1723758756528581461351174102125
18416 16791.1565365489584563968421670331781
18417 16792.1104309839029163798037338546413
18418 16792.6554266802008538458103490312334
18419 16793.4654610884567970374141897132436
18420 16793.9816671224577764661637818694631
18421 16795.0582278913238730698897772847011
18422 16795.4371975933495322572539071452113
18423 16796.3110851600229085659223798958972
18424 16797.7644360164598552444427628964725
18425 16798.3008238855735265893177885463651
18426 16799.5002386294109982000674241729000
18427 16799.8475490491554689864285651000354
18428 16800.6918868058972727909744501165118
18429 16801.3651685024903140068170313287230
18430 16801.7685606482132388581557844949159
18431 16802.8959433147281395933562546862647
18432 16803.8549355203080359681347547820609
18433 16804.6864303710279613740847031908560
18434 16805.1530260273750185089633061446054
18435 16805.9181711320384869691076172618780
18436 16807.4306161939522678244105254898766
18437 16807.8197111549601301716325273912793
18438 16808.5051932388706828149614661395131
18439 16809.4792206075893245472327753646428
18440 16810.4029850647366117993224058448785
18441 16811.0299087617322509329158690635272
18442 16811.7067364607852565260755644775779
18443 16812.2590347771785154179703221057853
18444 16813.1675282860234259861706730512907
18445 16813.5699895780765228840168377719448
18446 16815.2692793442276028050830576229531
18447 16815.9691909063315120678762285183573
18448 16816.6924430117502019749754722009734
18449 16817.6272725120545979765479509597028
18450 16818.0241969330544573729275232037407
18451 16818.6966319884278259704572579949572
18452 16819.8386401106063971231093700960297
18453 16820.5717171880607012942782647996799
18454 16821.1099509473982270848949045701238
18455 16821.9482383492286099495372625008229
18456 16822.9123601217777025868889126980135
18457 16823.5584350922223770399446139030948
18458 16824.4330670995385897649350973016531
18459 16825.1462585267100787301734115204688
18460 16826.4556387460632176282384464762371
18461 16827.3646984675006461322927518838812
18462 16827.6715862054876656815160179762166
18463 16828.5153788223502792046889964592099
18464 16829.0240984457751828066616893202437
18465 16829.8670441708708095890181054403881
18466 16830.8330537311962340289963672765885
18467 16831.2963765146336323128838071532630
18468 16832.3405953298543064649675061321868
18469 16833.4816369665846288343127101419175
18470 16834.1917945508364290936656976315292
18471 16835.0576369871490336747132436479640
18472 16835.7310947700853130901827911784731
18473 16836.2444535718268381234581434171421
18474 16837.3683924708665943588534682027749
18475 16837.8397495178541153326837930350698
18476 16839.2534691257046268761445947252774
18477 16839.5388948096038066411132810484255
18478 16840.1026015808304205452512258639065
18479 16840.7712264785946742504689131701224
18480 16841.7951297458941259740882730563878
18481 16843.0040022777687011155969048052695
18482 16844.1709300568696675541706102483529
18483 16844.3305142093990252301344732073189
18484 16845.1936946370639491697006642392142
18485 16846.3181107498614171870153173524867
18486 16846.7670133952504763221039674331896
18487 16847.3697239069104526604457952462098
18488 16847.9034012874822239937567111062949
18489 16849.1418478097180682487851161136035
18490 16850.1068581979498186792658056578991
18491 16850.5239728208966431102367037797419
18492 16851.7184075349288098548141932719572
18493 16852.4858085332487599138371023926329
18494 16853.0055717862576680453831471608111
18495 16854.0793115001417248654202953133914
18496 16854.9751732207618693986406343696297
18497 16855.6402519854666741945041594570653
18498 16856.3459865421692090896570343554071
18499 16857.0333077273300354385279646233736
18500 16857.7552036853858546985057541609112
18501 16858.4084240994847809847344400576910
18502 16859.5402976226166510504877035659352
18503 16859.8295518715693684796643143375823
18504 16861.5735664790969336782010630871683
18505 16862.3159698799657345606773804123189
18506 16862.9081150988172353095395743366195
18507 16863.4654577848623184477658704724530
18508 16864.0081242662077042676806707597416
18509 16865.0301881501143524869700668718926
18510 16865.8564161391690879192811876562214
18511 16866.8196605317353732390949654471680
18512 16867.2634289349091433521130179595154
18513 16868.0442142452588626481628964583685
18514 16869.0137437015064384208807142610188
18515 16869.8713133045843772759542120903868
18516 16870.7581979000655098711377498615484
18517 16871.5178833681495951525307827107486
18518 16872.4605223935876416626316427388233
18519 16873.2911821181083202455639493831468
18520 16873.8920852209962744012742035384972
18521 16874.5888448536508235278997856556923
18522 16875.3387238612298163482428948666244
18523 16875.9986094374007469834943536282015
18524 16876.3926765582014080700686450198229
18525 16878.0322951767762456344544838791672
18526 16878.7751056845832228632080089833089
18527 16879.7146836848207559198599877719348
18528 16880.0210602941908345197379985236573
18529 16881.3643785500844115801342854527898
18530 16881.8102437222620146667865169297504
18531 16882.3855338077580438886230127214069
18532 16883.4087382641574519852053703457360
18533 16884.1679933382904165408887021660699
18534 16884.9489310571332590701193266267936
18535 16885.8483213190267676709222537513490
18536 16886.4298524535123385044141965526546
18537 16886.7657403642368840552026049993491
18538 16888.3158387784790771890979679248448
18539 16889.3829131442788333028680127714204
18540 16889.7872889470957637396672807693004
18541 16891.0476481980637578852799522931621
18542 16891.3722967085020234113960839460548
18543 16891.7893637448780997380473870233696
18544 16892.9617521749749817310591829823660
18545 16893.4472712436336231070326347521832
18546 16894.4553667542930305757380102111103
18547 16895.1402521155284136044401811823196
18548 16895.9770243234240066668562727340478
18549 16897.2204184650960754136669617947786
18550 16897.9182570935291751041356833050537
18551 16898.5930061555709135577201561212336
18552 16899.1331177511464920309548470889139
18553 16899.9888295244571665805424872490576
18554 16901.4940606579777249915895596670996
18555 16901.7149993818488122660045589100902
18556 16902.2326498482838647333259056800105
18557 16903.0408573065230181322404741912729
18558 16903.9151735252396937751023080713031
18559 16904.5486520871658578275114556928872
18560 16905.5944420459714154905027128955508
18561 16906.6957582732264532459508019658033
18562 16907.6115477882342728311271202639968
18563 16908.2558778094401901853382657420472
18564 16908.9143766728500421513815227602245
18565 16909.6397030122208255701524227719617
18566 16910.4352985140056220042803637112089
18567 16910.8363702656217792835326691435417
18568 16911.9488581971929391894028823684792
18569 16912.9081983242027813832977630602217
18570 16913.5797679576791251647391813360070
18571 16914.2726467969742478704158278245649
18572 16915.2132156884213954345467456888565
18573 16915.9317816814920748011665938304145
18574 16917.0864705027419528253782360625398
18575 16918.0332559211297392309967189543724
18576 16918.2196239064862350343923192870989
18577 16919.1453640385738463052704379240471
18578 16920.2342629222278628131757272809841
18579 16920.6552537117798967691801177406827
18580 16921.4028372217016542156343239782371
18581 16921.8273818819546653412186612797358
18582 16922.9502034074263313457531100328714
18583 16924.2384263848000706861942128246891
18584 16925.2925107360351897927536831723169
18585 16925.5488060055100602434401128796506
18586 16926.3903935655988343936668888982442
18587 16927.0710064051531365952687309901919
18588 16927.9841521340934881385653400205496
18589 16928.5719033123838625167645338024352
18590 16929.6397351672372531415330343686628
18591 16930.3730597346929827545501378446983
18592 16930.9761602227530255600170395440653
18593 16931.4920163998785007943360243734417
18594 16932.8162420771697122912082967298033
18595 16933.5840233393573063388206005864820
18596 16934.1455079456461310171764355046077
18597 16935.5253264170448305859823269950035
18598 16936.0815340239752018712811741746213
18599 16937.0396515567901640356552070709534
18600 16937.3267718121314588641636729006775
18601 16938.2334192429809260371703016555396
18602 16938.4816537128112064701125115580191
18603 16939.9948270213694003882034070438320
18604 16940.3625111290024453013204255615675
18605 16941.5637661384427715555924513980448
18606 16942.1874092435741425811555425493649
18607 16943.4661066644085160392010642819712
18608 16944.0056777186374356587218908740547
18609 16944.5008169180883453083980761068023
18610 16945.4081388544898899272337137124870
18611 16946.3182073666783615418272601558828
18612 16947.0826921437341646121443307430172
18613 16947.8664731443011569393617511637598
18614 16948.5362813454455285320896512166686
18615 16949.3641486798407151647234992819265
18616 16949.7353077180698036731030605967142
18617 16950.6830706117012796033170034153124
18618 16952.2848588075638542705951244810259
18619 16953.0843602163485796516176369845646
18620 16953.3124252376982429608640432164809
18621 16954.3093802405099102480012890484390
18622 16954.9500520308170974884410040880623
18623 16955.7282092297789671191907884508024
18624 16956.5155212827347645066389828025675
18625 16957.2072440678369628729173520555909
18626 16957.7612408941920856704216012358626
18627 16959.1129706797351424415962833376013
18628 16959.9502516018271042872605039800224
18629 16960.3411165295470736216672138832437
18630 16961.5154003122269715408021385181774
18631 16962.1204881139651168714565971220372
18632 16962.9822340445047141442155942801534
18633 16964.1025913109366666515144859609144
18634 16964.5409626420154328519957458212666
18635 16965.3710706120191024125603345169678
18636 16965.9528018801283750370392711844077
18637 16966.5929193346539240720250112110595
18638 16967.7181736707994370142945495364670
18639 16967.9557177772140489295204460075097
18640 16969.6603839647741657339723065686673
18641 16970.1134475740831581861909167177503
18642 16971.2196169011809207083763333061681
18643 16972.0379111652980477716723434916650
18644 16972.4645412311185031516839022189428
18645 16973.1021691515852808933338600727099
18646 16973.6508095977172615986396582706580
18647 16975.1728488190920869013977042333251
18648 16975.6010282967544557739034712839760
18649 16976.4609085391523379317604399345305
18650 16976.8713326203998250482461892988981
18651 16977.8845813861122522321715452942539
18652 16979.0093054354913053256217049133995
18653 16979.7689011414509864653513458311875
18654 16980.4804254312542515994727913876378
18655 16981.5066738243349882190805303734806
18656 16982.1420788762717185456346356259622
18657 16982.9281020925423420979566266892106
18658 16983.4583731698988991802756689001462
18659 16984.3868905147770552551308017712395
18660 16984.6775631330344639599459792622451
18661 16985.7726893108260894656925068864780
18662 16986.7392115434982193795732992790958
18663 16988.0474801731224053760872302966269
18664 16988.5860593104397670426597627565856
18665 16989.1777540283109478667150040890269
18666 16989.7942358916896574716103131897538
18667 16990.9972738280508438162686235267151
18668 16991.5574164531225637105328813431027
18669 16992.3481310325410626619344528757417
18670 16993.0477558848780264054692450875400
18671 16993.9416699669673998775259227192850
18672 16994.5794662742871257299364691968360
18673 16995.5270460184692702383650592864907
18674 16995.8955895236049905976933271793269
18675 16997.1431712592999273147463740703857
18676 16998.4042348420770533066726308084737
18677 16999.0925312329228178035186223632676
18678 16999.6330268525394271735108769549149
18679 17000.0887046674825884592606220057976
18680 17001.1777356889910628727355002466876
18681 17001.8559272309321721646238411266759
18682 17002.1564737077148324831387889871991
18683 17003.5846964414018676977754809971614
18684 17004.2840462164420473569942082017919
18685 17004.7683680374004588769932778597525
18686 17006.2749737092118506307299201468176
18687 17006.6760054014735436716445872820593
18688 17007.6163755784591033765498625559187
18689 17008.2146890355124914594403829669245
18690 17008.9457008753138435153822607895336
18691 17010.1199471347054726807430251795035
18692 17010.7701071946388538435151309411752
18693 17011.5159267433414636325867714950894
18694 17011.9495276454416197035763077060102
18695 17012.4956747596840590858928442466102
18696 17013.5772970410043842641333907085095
18697 17014.9353251015541313781252649185443
18698 17015.4682485321525890119686331850408
18699 17016.5994543603115426128377087193792
18700 17017.0323587018033517116801221689777
18701 17018.0543966998745331482860024136390
18702 17018.4499345073885100218449556378885
18703 17019.2124988499960437518542837355386
18704 17019.9971138768712592736976753556938
18705 17020.9020267328448896048573136334794
18706 17021.8855800085879303171583970116392
18707 17022.3041850327042037369059005282717
18708 17023.5153649239063467534034805072295
18709 17023.9798121827625966263807916302267
18710 17024.9778680250993320023060595747507
18711 17025.9046858483626990183106267940287
18712 17026.8329057460790803495768504886040
18713 17027.6284747607598709609699961027527
18714 17028.0861427290173916434777967859147
18715 17028.5952330935540093259594107436235
18716 17029.7529815778779276375144740591889
18717 17030.5011682762115341687641985284323
18718 17030.8158760327645620986321762309048
18719 17031.7650691055291251168580770109804
18720 17033.5247658292460824659791135051249
18721 17033.7974972833121223563739197243281
18722 17034.6705642579820738103010663701097
18723 17035.4247455235835350260025859977835
18724 17035.8239363351173434467691761177982
18725 17036.7577348865858276637007066478902
18726 17037.8878018721194508803445911306862
18727 17038.4520697213347789616446887808052
18728 17039.0875409920440779533089394997174
18729 17040.0258295677668871699382580903347
18730 17040.5621070628664390412203242904733
18731 17041.4415727091183133653783043668372
18732 17042.5932005516512586436432278909695
18733 17043.5138055927303556481427705748612
18734 17044.1107328001800390871144014137583
18735 17044.9319601122932464263567155874399
18736 17046.1057488702563185616349987988710
18737 17046.3453196946777162685191424469322
18738 17046.7880729684992423843174637634962
18739 17047.7855485101208713696928511724517
18740 17048.4192043789983726645829237056858
18741 17049.7306076181781770174601072099969
18742 17050.4726023168776823132696913755714
18743 17051.1651313303511329128070632211196
18744 17052.0542699330289867406833259689644
18745 17053.0643098209765839055046658032223
18746 17053.5930994644305476348958665893092
18747 17054.1953421427514510924818536702368
18748 17055.3205250840799449135582799993399
18749 17055.8924528996885976474988739831890
18750 17056.9088587040167382980009682120882
18751 17057.4320298735079632787725492867819
18752 17057.9253348403192686540654477817451
18753 17058.9483992941156649906788993454660
18754 17059.6509059163233247448699933778080
18755 17061.0783117031018087696949998451875
18756 17062.1201133689544724984469222527101
18757 17062.2862984380388143820169192853197
18758 17063.1841740032564200611409588235426
18759 17063.7441354082538862796048672843074
18760 17064.5391139451560420238971457462046
18761 17065.4666496763546280684575720131167
18762 17066.1607100230951168734070458062809
18763 17066.9389576357475441979046092216807
18764 17067.6612094700291064908407888048878
18765 17068.7269940699860097457344036914387
18766 17069.8224110734687057806251554754548
18767 17070.2985736178744357046818930889442
18768 17070.6318486879223002137602322822746
18769 17072.4339600076212251252135513854207
18770 17072.6250301937130498047157825803557
18771 17073.5012804910705231407987181426993
18772 17074.2536135352912369218090022019814
18773 17074.8521410105393455216538670366382
18774 17075.5256248282951759016455193220016
18775 17076.2599414041057344843156920154598
18776 17077.2981736700252401894168746406044
18777 17078.3315561888482414994934945534539
18778 17079.4249902600436000788504429721223
18779 17079.8510900228795932617226817419761
18780 17080.7508338894509289593371934660684
18781 17081.3600652142635273163644770699650
18782 17082.3395062089579231239277574602852
18783 17082.5129920026203165597279799523726
18784 17083.6393344687008915480402995685086
18785 17084.8591564412739267238683257719161
18786 17085.2916639447872849206092885950952
18787 17085.8735558079929642171252377295724
18788 17086.5804455675029981547938107765628
18789 17087.9166890439159157000672405800037
18790 17088.6969045746152547231238337747325
18791 17089.6125694298629061565066842957251
18792 17090.2184520876234927905909724271258
18793 17090.9127937779139124929449235677983
18794 17091.8798306306928559573671735093063
18795 17092.4013843163305766283179538134028
18796 17093.1020571226674934186810154835055
18797 17093.6576869418385914339675892931196
18798 17094.6659430689205299217536123748502
18799 17095.7675958417350680187716921289986
18800 17096.7500123017457749639331321323910
18801 17097.4806831532906291083676895620768
18802 17098.2239957067265777644624337819315
18803 17098.6960684331707355890771766858502
18804 17099.5654877846702824165422394081571
18805 17100.5128208964802460019103112600111
18806 17101.6317447593467664285235028044200
18807 17101.9215444084116174268634505959985
18808 17102.3613729372567822310070973347953
18809 17103.6243497520761157120270339718002
18810 17104.2675076407027189735261972593648
18811 17104.9471656777866427365151517294690
18812 17106.1786142439473652192652733378179
18813 17106.9521979096212699061638450477609
18814 17108.2727004092248538801088880606800
18815 17108.3720247490350834417575339795550
18816 17109.1565632019688731171153394331852
18817 17109.7293268597897297260392826213057
18818 17110.5121596204504892013937759907217
18819 17111.5286330594460158353284298622558
18820 17112.2715791649489681362178676123471
18821 17112.9670923789680985782820804474905
18822 17114.0898232333676559328750878435764
18823 17114.7665668182445829243026135369215
18824 17115.6063634481524561259751384503772
18825 17116.5396938418278929036525794081868
18826 17117.1521431498514243635354761375755
18827 17117.8360701310460202916009633559459
18828 17118.9572498746078750147141385245804
18829 17119.5661865074984126148151843119242
18830 17120.1759332717128252997325174842227
18831 17121.0944697090798332326721817515469
18832 17121.5609438603656344492316184608092
18833 17122.0329973518534712763359974884022
18834 17123.9732748256656068697858587889529
18835 17124.6227529437112240744417170307123
18836 17125.1235849534322329411045363011158
18837 17125.9151367063356211982813853755989
18838 17126.7509861037393541577210617969224
18839 17127.4683212894258630798118167590509
18840 17128.2445743328217958078561342296279
18841 17128.6067271079975170766900614180748
18842 17130.0972862324924009303212106832056
18843 17130.3205255604329893111886738096606
18844 17131.4498452997776976358872659058402
18845 17132.1084061644768554220456421691709
18846 17133.0227214985892705224713510660565
18847 17133.8511895215108140275279031648480
18848 17134.6703125772236212473553202503465
18849 17135.8018378945501076717444576282351
18850 17136.3143071371574679773961210668350
18851 17137.0391628431965159041614856414097
18852 17137.6058001909972426184733234576897
18853 17138.3298546184679269828673159140889
18854 17139.0805977087985956361364770119543
18855 17140.0838692494710639287102936863095
18856 17140.7824117782871374802836590141633
18857 17141.8119764844940975063230772297269
18858 17143.0606223672797040565222378816583
18859 17143.7865361839168036143832734838531
18860 17143.8218435052424837267737202048047
18861 17144.7983259916660654321995792817893
18862 17145.5735671879141186903204791183441
18863 17146.6642768388342548730335400737437
18864 17147.3650809551656170286484011669786
18865 17148.1302494196055950647439354893276
18866 17148.6729453320018808429770046269807
18867 17149.2356149806744234474038184246582
18868 17150.6702996104939627329703830181761
18869 17151.1149382393655375550441071462942
18870 17152.4849149985395118218843376387590
18871 17153.0333954103077390772393913525128
18872 17153.9603483085390919441955014137713
18873 17154.2481737389300586240638779384984
18874 17155.4243278086941098732021609896594
18875 17155.9774996519517673010831463606210
18876 17156.4314353831386476086349339915021
18877 17157.2314678717911823872095392005263
18878 17158.5102850119055477957956384902878
18879 17159.3550122425699169453611361473045
18880 17160.2315368464112204691394850496898
18881 17160.7275407380552257798434016249288
18882 17161.7006918996092599514366236909630
18883 17162.3508871324783101830761641663666
18884 17163.6474201566964609631189726084615
18885 17163.7889652655304661280847352734426
18886 17164.6413452553147503274521054481448
18887 17165.7271037760916908628430482531314
18888 17166.2650550252982684875261349905499
18889 17166.8876418313135548507777037812309
18890 17167.5780495960627873354124078460344
18891 17168.6107540016701887830829742143429
18892 17170.0810915420309791949820762618580
18893 17170.5239468523740428455135094120432
18894 17171.2980773064169297824978829496297
18895 17172.1142955805343107618791379361555
18896 17172.6982247856321544544481291037214
18897 17173.0635771478448721569572607777473
18898 17174.2878141472590813226603119318918
18899 17175.1045207920390607480213881975197
18900 17175.8112290010362373411860587884569
18901 17176.5440160568200751577555018824828
18902 17177.2948225387608310183520642735322
18903 17178.6910664459639720989596779030595
18904 17179.0365721948867795396530954032689
18905 17179.9197911226584610228684816169728
18906 17180.5189793165975448784883814487258
18907 17181.9004879314362280360094484246431
18908 17182.4119431099836491861789822595148
18909 17183.0261124614261273950232758974354
18910 17183.5179990340500042881700730127148
18911 17184.2683411750010043696869466677341
18912 17185.2748905322205084324313082549697
18913 17185.9352839431123013968764559682438
18914 17187.4523341119664776478242221568282
18915 17187.9897821502959144841483113950632
18916 17188.6430779433012575340084075543649
18917 17189.6134930872707775838514495339575
18918 17190.3406705762237114688445349026058
18919 17190.6115338436975675728568085854851
18920 17191.7863337672198338712712379532095
18921 17192.5879409669403527742686433617070
18922 17193.1488365785000473254328994034197
18923 17194.2746463766149670724343883263843
18924 17194.7982309114484737153079293710596
18925 17195.5908225813190041707242013801377
18926 17196.2733485578360025782037128987613
18927 17197.7564483931078570703424328760985
18928 17198.4630398960154863522332883859103
18929 17199.0195912839480454423555854272254
18930 17199.7434891775464992306883944634510
18931 17200.4027097735218350043365384586174
18932 17201.2864952263273004670388311383681
18933 17201.9644731105371117180143497779682
18934 17202.5845425034080117229090542324630
18935 17203.3249388986486253355688018678267
18936 17204.5957639080610404313236419638759
18937 17205.5879522813032736832665133068963
18938 17206.3379554036380620411385005421111
18939 17206.7489322748286719284357106267998
18940 17207.7652287495336384045629938144996
18941 17208.2678902910249937377561591813836
18942 17209.3055237345885573388159247008224
18943 17210.1902423216962461940704661147146
18944 17210.9897046540613569840487972488098
18945 17211.3024204204774254715688558833435
18946 17212.2140593396905842206670518348839
18947 17212.7860614721801468411600230976766
18948 17214.1657850540694738042401638587852
18949 17214.8765173494075002124540412830719
18950 17215.7254380500643709955929111401520
18951 17216.7782471625120187878592764050919
18952 17217.3282717874959390621816004921439
18953 17218.0069376440684889497782089414579
18954 17218.7013328814130094317544345299311
18955 17219.1745244796094709529649640405876
18956 17220.0197408421214347402910937030959
18957 17221.4875464076818893986530512584004
18958 17221.8071505748836110221343492271151
18959 17222.4257365665046610608927987571258
18960 17223.8910959321188100210438747898853
18961 17224.2826712118427801335199261725516
18962 17225.1922142360485301611561014926098
18963 17225.9016416733950705198218792356158
18964 17227.0098124405917428467666169241441
18965 17227.4477327643217626463069959365694
18966 17228.2669225709771120244748736210046
18967 17229.0722843739952722276417218436506
18968 17229.7788498015389294886578855031477
18969 17230.3510743406658190514167135586571
18970 17230.9646987106950436204035520141221
18971 17232.4567381883410371652084325076588
18972 17233.4522592044008831509579826596084
18973 17234.3659394969785203522602454346209
18974 17234.6941866478369393459545519104078
18975 17234.9808758593281896536445368946649
18976 17236.4003938201086366015079262557924
18977 17236.9617532218896835253287900679630
18978 17237.6549178045309458966150122658624
18979 17238.6006618673940243532761804918777
18980 17239.1480374925420443454227491696184
18981 17240.2559375350317566385390054292655
18982 17240.8772032906184585692811425473988
18983 17241.8476993138490447529378625390746
18984 17242.4912849210912580329509525873302
18985 17243.5871680937272409632672477992631
18986 17244.4304002786208317732188236311779
18987 17245.1264428665064636930316427286560
18988 17245.8474121798501687793035197174682
18989 17246.3528063605134524150361767994049
18990 17247.1369376088517225896541583780238
18991 17247.7993772446423031721146850522509
18992 17248.6485001392268621420245952977349
18993 17249.8678651155040902972060336073756
18994 17250.6187019166816656005453092107113
18995 17251.4412114112067865713176580839353
18996 17252.3149823178527011947111521294842
18997 17253.1247609121156897045433682161947
18998 17253.7163752111568106423018536048183
18999 17254.0303815072968657294314296987572
