21500 19225.3715585554495741421479279747178
21501 19225.9955931868331761876840396996218
21502 19226.7901861866094300833621935723926
21503 19228.1811467547347666570569132724470
21504 19228.7911730373932221020683854258789
21505 19229.5596015330402502649516762503923
21506 19230.0543810875330859260526799732193
21507 19230.8081534281318268672544692858491
21508 19231.7024278279289962261182904229850
21509 19232.2363147665196444780219627756995
21510 19233.1167255958337475865328733789357
21511 19233.5457395931799014305296223020623
21512 19234.8355366111158353054678791456318
21513 19236.0271175964680248586233627910980
21514 19236.5916070961793564062404165176294
21515 19237.0081973479950162024580161267387
21516 19237.9117585183976886621913911217050
21517 19238.6891412387280106095832421848573
21518 19239.7234981605221550055197926795452
21519 19240.3928145762299609643895717909238
21520 19240.8672447842897248506245487344796
21521 19242.0939370835892938941299296213742
21522 19242.1694996958274230584584609781589
21523 19243.1456052037517653318084250712013
21524 19244.0114130408627905982245866932183
21525 19245.1073863581637696220710146285172
21526 19246.0618282030831306557799540153624
21527 19246.7032748681610867685399639772802
21528 19247.6620820168825733296560094287658
21529 19248.1950474266970013964127189203471
21530 19248.7462961084097323615175241547342
21531 19249.4659844852617710217107199240203
21532 19250.1138313459958723944000488383773
21533 19251.2274775377004721241917500026586
21534 19252.2991747530527108334348065364108
21535 19252.5967682201711586110657238654484
21536 19253.2752054545447787786002323297293
21537 19254.7488400377435746296059457651100
21538 19255.4352218802052147575734036692488
21539 19255.6623065398873991163957023633176
21540 19256.8676128962713371655075768465791
21541 19257.6806824547692655186252442530328
21542 19258.2813072738620090386514868169468
21543 19259.1909138738555954637287278237620
21544 19259.7249056948606793135068740457399
21545 19260.3356533239616635901811731421281
21546 19260.9375898521279765588842825708865
21547 19262.0854669632509423161839370042402
21548 19263.3667227798894530074013996496047
21549 19264.0314370435109742838798019138091
21550 19264.7863101035156426924901963829692
21551 19265.3940730195784991615611079811839
21552 19265.9277476368110032878919544530258
21553 19266.8060791177823398556595041674561
21554 19267.7823266577327058810987035381336
21555 19268.5296825754317846573047943499258
21556 19268.7981431234413261383450270626226
21557 19270.1907741731063181140300091849376
21558 19270.5655088618128191070733252273642
21559 19271.6334465329987160411223590860433
21560 19272.3770297591557458482836390631450
21561 19272.9659143700960014146585401411469
21562 19274.4625982174456357472606356317688
21563 19274.9116632550266383514069814987856
21564 19275.6560582537459393274045244347970
21565 19276.1508297120607202269984656090231
21566 19277.0149837466236182337387913137320
21567 19277.5118229069645154238067396624572
21568 19278.6870526306275941685515577510366
21569 19278.9180243370158688779711166769275
21570 19280.2383621428863992727320455655960
21571 19281.1731338854914520436098125055874
21572 19282.1333011242649902771209664022915
21573 19282.4536113220111885978300889409932
21574 19283.7108812939955551733434792220596
21575 19283.9157123258267836736503522281611
21576 19284.6515827136660816371755686080197
21577 19285.7161120996988858009946242674990
21578 19286.7401418120136355431431002348369
21579 19287.2071119310954765800602612929711
21580 19287.7827866426868551110832053778014
21581 19288.4448459630212349263652106726291
21582 19289.3075751117993527767581849926649
21583 19290.6283165519692827943590725149082
21584 19291.5238165348913979168648566241426
21585 19292.0727921819284639567607274387053
21586 19292.6766965442995042546181710545139
21587 19293.7940568221794551423423258671444
21588 19294.3943830311413636712138492165762
21589 19294.8515082369481099344104788445634
21590 19295.3696086776833238825763781699630
21591 19296.5867996812834506894138935729218
21592 19297.2850775618536250526145511315817
21593 19298.2086489558454788924230259897138
21594 19299.1200032430228370454644216261666
21595 19300.1360829691354917106945451887145
21596 19300.2154416712551699022326606598543
21597 19301.4423651140673397432912288903436
21598 19302.2020977968517237423491529817250
21599 19302.9836088373293938265430500123365
21600 19304.0373208904596104680389818438412
21601 19304.2146600957775781675688667575470
21602 19304.9031133527912513826142271549828
21603 19306.0563593544381153690454671916209
21604 19306.5506505913364488886194193125312
21605 19307.2410007743645478575879651239769
21606 19308.4208040338589378904543519845642
21607 19309.7896000949095923476292072811440
21608 19310.1395605310591215697004419357673
21609 19310.8885657159772397217667702680180
21610 19311.2630255205100543361169464291809
21611 19312.1539714913338001327598138203930
21612 19312.9469459461049626142851181867485
21613 19313.7973610946775314994030439927884
21614 19314.7265512593604839422371085961449
21615 19315.1752517147330525496959466741994
21616 19316.0126485629031601803459167389099
21617 19317.0661709801835772648336785875297
21618 19317.7421551108141029601543196666641
21619 19318.7547520418758276653629869022222
21620 19319.2737101222842093870513230172875
21621 19320.3470492023354708474294694110183
21622 19321.0530431189806359609352493583665
21623 19321.6536488663996090032934220086797
21624 19322.5695987305544726775182579716529
21625 19323.0036045613676080192084406669231
21626 19323.7697480372965721076220751489117
21627 19324.1385964917199755093008444311531
21628 19326.0686674747945418362659873690894
21629 19326.3788469891080319829494006307993
21630 19327.2631597539201032797551947451993
21631 19328.1728267759496079589846834369582
21632 19328.6759200038597340276262119446184
21633 19329.6240465209419942697544406249710
21634 19330.1881236330885482100656668623460
21635 19330.8929253809043140562349823731649
21636 19331.8027707382443871952918380898955
21637 19332.7043951686096145689183339469919
21638 19333.3847948022413061473477248981197
21639 19333.9723118298612446859581172890505
21640 19334.5910590046088436811306548462615
21641 19335.9192186792336928665084485144707
21642 19336.6536090931010732594284481537620
21643 19337.5904766433524529763107489884871
21644 19338.4954430534928981393255693164580
21645 19338.9761556366519364528524860214522
21646 19339.3775263702918701964025423854447
21647 19340.3090080432714655733613156648494
21648 19341.1870377652214969741638113892771
21649 19341.6831823595511811552659699447535
21650 19342.7450456638448788051856534211644
21651 19343.3513091330029306597871613430415
21652 19344.5838067292978822355254161770831
21653 19345.5164621105959866619893518098760
21654 19346.0383215269988824503772026920894
21655 19346.6075593891956181137919817815633
21656 19347.1810784053924471053898013805988
21657 19348.7525890590943168069327028170889
21658 19348.9791117095123501760835307742451
21659 19350.0421953117668583536556938053324
21660 19350.2700909220850238696802562552687
21661 19351.1081392938208889835028408711042
21662 19352.0465057737433556332568932244835
21663 19352.6854665095271360460156795207633
21664 19353.8655038725625294670670458184233
21665 19355.0267601141821535023050370903413
21666 19355.3473405353983424175256173609947
21667 19356.2436048428051506260213377409208
21668 19357.0388032230424520597648657669988
21669 19357.5302559634240459250913470300566
21670 19358.3454095460755214074243670468966
21671 19358.7982615448435691781363106637268
21672 19360.0082300826042333612765165158626
21673 19360.7392097696893353509152349973925
21674 19361.6237885744076651495691270740183
21675 19362.3343006302415686362017634999858
21676 19362.9898511688007360098642049010367
21677 19364.0403731545775937901843254975626
21678 19364.9217815399130918988910599031925
21679 19365.7692220590079913316634464937796
21680 19366.0491443498350373942508307023389
21681 19367.0895236684967627104632988029174
21682 19368.0546694577402617589956405915056
21683 19368.4494667011588764154255603148754
21684 19368.9480475267264344993159562582801
21685 19369.9781837669799864261930111680037
21686 19370.5602934314075910023394624640885
21687 19372.3119896437670046929879921119167
21688 19372.7978322281820183771545195441680
21689 19373.3064160530278011243324172191457
21690 19374.1614402256311325995294213807888
21691 19375.0503689940328584383095308027655
21692 19375.2429630157255851285674077770806
21693 19376.3914114000788639231766241873183
21694 19377.3466079624824320612898857976699
21695 19377.9390424928954217689471405098021
21696 19378.6008177319786234751687129644175
21697 19379.1969518249159894137460483532946
21698 19380.5515193516051615358944693945220
21699 19381.1255521308647861607817004338588
21700 19381.7996556358923508484451260308561
21701 19382.8677198831063935711824959350481
21702 19383.8681764429935989404273039511701
21703 19384.3542698411091370154106729325517
21704 19385.2120022447080990428462660787323
21705 19385.4884567956723362483030166811151
21706 19386.2372726284207702911394550945107
21707 19387.1412377936957873644102805842314
21708 19388.1782114904180494530788358452412
21709 19388.7155789820360756868078888517358
21710 19390.0516173280473835149741064702274
21711 19390.5416874286417564841094699774670
21712 19391.6165559551582377558494543027106
21713 19392.0874843228348382915747896156159
21714 19392.6359024054996817722899880399801
21715 19393.7346954505565181167231034201854
21716 19394.3959201142764180341725858716757
21717 19395.1642323996137182981817737207078
21718 19395.9959011299624010090491645838696
21719 19396.8126640610535988357552436870070
21720 19397.1782496900261661751073651907695
21721 19397.8471529429477040884894291932737
21722 19399.2828245876305511584338653587720
21723 19400.3179808043650788653376496339260
21724 19401.0044167910267764493724570664754
21725 19401.4108130106162232941254182582300
21726 19402.2658563789430233784198118257283
21727 19402.9084668996609673998062861919255
21728 19403.8653708033941023796064486660367
21729 19404.5978828757657147977808414005597
21730 19404.7108065640209026415177390303950
21731 19406.0954857997100529633824310800512
21732 19407.1422189051402470104090762817255
21733 19407.6225806078953501164187778894929
21734 19408.7313912949701800902013753752642
21735 19409.2040155968334670181506699192773
21736 19410.1007209716117941964506899799575
21737 19410.7872907900592020537924156363308
21738 19412.0035224075383252009683082500157
21739 19412.4823702050383021628085006994757
21740 19412.9850425996512748656500534505850
21741 19413.8603827604212624607014749350100
21742 19414.5768766390998547072152509153112
21743 19415.0911267178009918417090076531169
21744 19416.2129400013483183335488098785674
21745 19417.3854026480389290815668691507504
21746 19417.8490990244231534336763997327141
21747 19419.1984608845338129930787958728603
21748 19419.6194509356454966180648651562089
21749 19420.1196154134925665715618475535713
21750 19420.8775444237523354606312771907491
21751 19421.3870858601352251667482046791979
21752 19422.6194374536383895290352150246957
21753 19423.6003011964888217664629478606710
21754 19423.8647804442641974578737539597273
21755 19424.6571074323423370830651157495576
21756 19425.5999188192857411575957344468221
21757 19426.6923232245682014284583921295559
21758 19427.2332289924952186495675653816223
21759 19428.2321935077352251376250431583625
21760 19428.9063002231404723141385729461574
21761 19429.7633641306566962312798888915844
21762 19430.6266481057492109429219905992230
21763 19430.8730318349848429609923854207838
21764 19431.8594441337937343236488519241785
21765 19432.5864032071111153166132687636945
21766 19432.9153756602854533296183874162666
21767 19434.2585435214490554645980254393550
21768 19435.4557135135566448505577068616062
21769 19436.3434830429560811590724573168233
21770 19436.5613222795003886219188951982158
21771 19437.1670902187636595623513670854956
21772 19438.4112649640904106993676171562142
21773 19439.0386817972002668503551362125527
21774 19439.5421450118771372217045017483967
21775 19440.7696702668297221266844887889647
21776 19441.0226092049224496955400659999690
21777 19442.0448716269245353574650807389955
21778 19442.8116017829390051140493798445083
21779 19443.5479663668815507870208772869514
21780 19444.1517836200311147738613807956186
21781 19445.5939866461321184923831298967152
21782 19446.4261436983904762809538762771326
21783 19446.9028074215788931500449467105528
21784 19447.6049041125961614476133221394868
21785 19448.4535742099086805844728701982489
21786 19448.9584671181580543542438478731220
21787 19449.5810703198271112462085493673166
21788 19450.5036514087518475470186737376004
21789 19451.5922929011361499267209915228017
21790 19452.0447683807832563836906548418305
21791 19453.0971965150447450721236121747668
21792 19454.1503364985297842891045493633287
21793 19454.7577554052311607866022177224882
21794 19455.3706995008042864397099377339890
21795 19456.2214241597274561910239166080969
21796 19456.7241903790571244520392868956012
21797 19458.1080137024337322002120808997904
21798 19458.6249744157049008810624118599416
21799 19459.2727426308471870030729720305865
21800 19459.6655662068063108607665347016629
21801 19460.4684863699627249765048637283930
21802 19461.5014124678822944955032404045386
21803 19462.7068511774556604385274830234352
21804 19463.4037544674634138929665234486232
21805 19464.2209233020292995490698017493011
21806 19464.9864206358876440609449564539838
21807 19465.5420713929536589356203005618215
21808 19466.4558135082183779953773203343474
21809 19466.7514814071613911967363338676017
21810 19467.8139152334409597270032012218374
21811 19468.5101109740549925166967522709797
21812 19469.3763493260026386422578212125545
21813 19470.4105910202690890658193611054419
21814 19470.8474621452963482227920070476196
21815 19472.0277984049659950683871148172427
21816 19472.4518506125795402703831452902296
21817 19473.3741028164016653224534075330100
21818 19474.6649845621777300129750531086308
21819 19475.0442672264960226923121052588359
21820 19475.6482774102888047479298855295972
21821 19476.2458762778857608115948230146057
21822 19477.3452885041499872075599747442798
21823 19477.9198162318379766891370813269346
21824 19478.5101913182557083937413413370562
21825 19479.1986976466099291109647791813428
21826 19480.8748132186460105458338254776090
21827 19481.4054848232604117379226746873214
21828 19482.2494214629078900999676339877914
21829 19482.8266266761625577240870826092497
21830 19483.4934888635584571921567434021252
21831 19483.9743566480468181524672624931643
21832 19485.3623440361197137580124471971893
21833 19485.6980335685625924831063262942549
21834 19486.6233677660612611413927975905432
21835 19487.4700752894833120704535489810303
21836 19487.9775170962708062349675421266371
21837 19488.6876625337943158422750163270014
21838 19490.0221490958816540742491120174406
21839 19490.7717784636146124843416389549538
21840 19491.2860948091760873383440758433415
21841 19492.4972318660711540829888677278326
21842 19492.9186022669978874778909992134513
21843 19494.0211167137031231898916472842509
21844 19494.3505499409543502266090860668475
21845 19494.8520705588753153500170981052015
21846 19495.6456376446716825311633041213278
21847 19496.6669183891839382195760531263842
21848 19497.7484018684889002525511923417424
21849 19498.5687389215020153582082269970169
21850 19499.1123116113623564190339855876826
21851 19500.1750078179867454389560054079265
21852 19500.9346432609651725177077689834300
21853 19501.3641995322509414747810157182698
21854 19502.2198477987957028216692170799538
21855 19503.1721629946773823658956246072954
21856 19503.8638807426560151874426356691187
21857 19504.6072291404199025829985258955789
21858 19505.3668631117613737703651365959515
21859 19505.7952210693293546575166013572628
21860 19506.9091318884786269698259795903294
21861 19507.4786805734289604298448895582134
21862 19509.1312213519515393200032109549778
21863 19509.5277337950128249573687120643786
21864 19510.5118471205483843380569548344221
21865 19510.6355312642303452181104180173974
21866 19511.5699359905925702298233384509154
21867 19512.3637572458172486724381759921624
21868 19513.0455582056403333598041465782455
21869 19513.9738426719085804080824863258204
21870 19514.6715873502701122851509270950825
21871 19515.2286053664592686126452966207486
21872 19516.8265988389040339756295114683377
21873 19517.2212987483673137446545622083855
21874 19517.8244084690200950747837011578894
21875 19518.6154549135887475957266040965678
21876 19519.6123598948795571940881180961261
21877 19520.5793169704031681489433703712497
21878 19520.9766580518388457550041678429102
21879 19521.9932186387459286147691777699957
21880 19522.4366548222608554713898257105225
21881 19522.9812901873341889869656826279076
21882 19523.9679406799671994834120933880415
21883 19524.6697947424038319993565439808665
21884 19525.9971803244405395447747693111530
21885 19526.7780866593073285547538426490056
21886 19527.5602713048014373289989494866716
21887 19528.0309514244519521806779329094050
21888 19529.1171239355127121629145307673165
21889 19529.5952389063623265100914853056077
21890 19530.1651620518459315256592368818221
21891 19530.8368024249404028970462498577464
21892 19532.2492929270738653611410299149237
21893 19532.9372605821255449210094387458651
21894 19533.1170506957911475314435656777388
21895 19534.2113335077408333633245246694400
21896 19535.0100851235476486138589178765330
21897 19536.1365946361123993209446817587285
21898 19536.9278891004092761311394023753633
21899 19537.4540858824292325801782166994376
21900 19538.4355570883339096652671177597350
21901 19539.0643174218737813367927693792363
21902 19539.7180898456803899713563549517797
21903 19540.5158499282682572454670652796696
21904 19541.1136022687610116334829075644737
21905 19541.6434793179403294769514517117770
21906 19542.8985195425816440127257131710497
21907 19543.8634213165078265832502397992846
21908 19544.8896335126290929916923339461276
21909 19545.4150940116148254286824243183897
21910 19546.1797150695378808273224911720785
21911 19546.5058704283812437401821010864191
21912 19547.5600324402156722143377045979556
21913 19548.6058247605244148152223606956630
21914 19549.2996102329139909803913118925543
21915 19549.7153420980179955663266617325347
21916 19550.4611296700816684996619734212547
21917 19551.4974458447958596207270863189488
21918 19552.1106260650867108075629301169435
21919 19553.0004902441428631135714374732753
21920 19553.9979685457369005741258311324582
21921 19554.8053163046791562630752610023963
21922 19555.9547944988440349821161472793374
21923 19556.4097810728744358192981351627412
21924 19556.7234116061522060970187588813939
21925 19557.4908245477150949291970189076887
21926 19558.5366351505470580238269410608563
21927 19559.0083107042378292661830664126770
21928 19559.9250733605241036859029621617591
21929 19561.0552959374775881666414701910490
21930 19561.5754603842263957128102468709072
21931 19562.6391624213684323672218817951700
21932 19563.2728646372419531956577540753285
21933 19564.3184830126652062903786147868883
21934 19564.5946408777073121100455202524015
21935 19565.6515566680265955485479007466089
21936 19566.3453673566841452982671030290999
21937 19567.3256189931152188223773759726898
21938 19567.7851888649019745631869195699054
21939 19568.7606130075574368623638240695740
21940 19569.1339393767641915262329588470981
21941 19569.5897498937353705197946774752011
21942 19571.4314850918386527170667027609300
21943 19572.1896547433150563534285611406601
21944 19572.8100113813153304369774901897484
21945 19573.3264428020665279114606452696446
21946 19574.3223084403598510158154989737513
21947 19575.0157995044497866499194940652085
21948 19575.4886625350105983826168075948218
21949 19576.3737704804419438709572447961503
21950 19577.0963220833361417293011960699931
21951 19578.1225765582504993819210474794808
21952 19578.7249528380510013865057534187830
21953 19579.5958744203504597634800855913824
21954 19580.5994320109810991394254390282232
21955 19581.1527127365927879269693782185630
21956 19581.9081008752862902884874829441582
21957 19583.0607070446664097490411385729073
21958 19583.7515739978984071936547710172505
21959 19584.4334367996841608631035164415689
21960 19585.0821529726173806519520691139595
21961 19585.6366575486085579670786170744913
21962 19586.2593988163104355210564442486424
21963 19587.4948832172909761454191165779107
21964 19587.9265864720766344154627237283633
21965 19588.9315520296799488040788918279271
21966 19590.2938657323892312524168675216148
21967 19590.8078566382646152960878478179315
21968 19591.5058850282630173504362574483185
21969 19592.0235027697853222793482510743866
21970 19592.7877963849959139096927003517110
21971 19593.4720165325890821670148260145788
21972 19594.6680392336366992814570587356265
21973 19595.3561215479564714816094398871604
21974 19595.8008882035686861141792499437802
21975 19596.6661273874411735943578658036607
21976 19597.2762357820829093741337257829074
21977 19598.7596831633479527241336543828801
21978 19598.8455333008251507479142937791733
21979 19600.5017695572091965054861886175640
21980 19600.9602932905154963855727280701768
21981 19601.2460347955134003194715147741470
21982 19602.4913172649243140018503782068949
21983 19603.1749323407820740941650205359101
21984 19603.5979267203556869896532432203675
21985 19604.2544022249935229997358334012641
21986 19605.0477589570197107074733409948798
21987 19606.1963050694829131320242013131772
21988 19607.3453489116584276476693158804021
21989 19607.8778902327506142926372785087285
21990 19608.4744903322313475894135126063784
21991 19609.3435189598133300592466541691466
21992 19610.1903551845304471459942958608274
21993 19610.9206286624909465838346283137740
21994 19611.7604734971955153100653647692372
21995 19612.2421907695798433356368485304555
21996 19613.3645295596086467597005076005049
21997 19613.8223980481226130874560631793739
21998 19614.6455270068678062557228211122117
21999 19615.1254032036783283330830825256006
22000 19616.3050767077204432206942354048798
22001 19617.3819635940526352184595702515165
22002 19618.2482642615111040421715594778696
22003 19618.9019706727359465942034830133645
22004 19619.7029985349150740343887961437559
22005 19620.0494167941879858462604040880957
22006 19620.8537961761516543771655656068949
22007 19621.4744748310645030144537223416342
22008 19622.8943063289989689915581115714719
22009 19622.9918267940472638561579949899275
22010 19624.1468357497320271916135215961548
22011 19624.7201665160029323069385251136096
22012 19625.9247040627077440034311681153517
22013 19626.8418018680305359395673414930000
22014 19627.2408828765348174017455667457758
22015 19627.7602464706679194722515166866377
22016 19629.1045914501473710823284432772811
22017 19629.9894908844028646419272954702846
22018 19630.3584875112882803398744947232926
22019 19630.9117769400279602657758261317846
22020 19631.7733161550658642647794331484723
22021 19632.4789558122559517669110224152199
22022 19633.0974677896781959657156881544816
22023 19634.5869050901152897943312898138179
22024 19635.3796726897611978671750300125059
22025 19635.9639926635417746554914459379884
22026 19636.8664349972604434561532120419164
22027 19637.5142566799353195851720270854155
22028 19637.9967128301216878225365223914261
22029 19639.0529784871503591703370436385271
22030 19639.5367987265353663269961717458791
22031 19640.4681375588044815509961520642435
22032 19641.2322100069382176264140211700596
22033 19642.1821450683677671472572958534180
22034 19642.9020688402231179027963123668145
22035 19643.3148838393824886189848699066402
22036 19644.4689503512499131854296866244668
22037 19645.6408209138856915141853781066815
22038 19646.1696988123126119183195613323938
22039 19646.9632509367277914648438060118882
22040 19647.6414562974225686653998715880322
22041 19648.0767703283474800657776268530770
22042 19649.3319485598220216327078302561412
22043 19649.6026944798568040834514761847994
22044 19650.3025303448014171662254614944937
22045 19651.2285851700450695134672061128411
22046 19652.4700650212411328358991735505858
22047 19653.3357294088992225007773661826410
22048 19654.0350165876188715106553758913616
22049 19654.6937156278516988942634846209180
22050 19655.2412650571304296657310021492714
22051 19656.1642511665139651549492618648079
22052 19656.7850843254874082053259707993081
22053 19657.9625812869550350691458491919428
22054 19658.6071166189787043847836616834844
22055 19659.2271058649187103952735599411067
22056 19659.4571641387081633067683360462842
22057 19660.7784244392548514283926674218085
22058 19661.5844313827410681553779110932828
22059 19662.6439344891441824036187108321349
22060 19663.2402321151527039584744530574024
22061 19664.2435434925423454019116750343591
22062 19665.0530057701503537777892739563035
22063 19665.5114524859682800464077667138627
22064 19666.2981219736481358228544642933449
22065 19666.7773354546122334472075628121794
22066 19667.4042737152744863457095439055410
22067 19668.8196885374978022183433339411581
22068 19669.4320467800964392432106075449318
22069 19669.9567800900527309771677851447510
22070 19671.4157116658713712030705969852474
22071 19671.7654204543890279922129774246631
22072 19672.4665985648477478278142459111286
22073 19673.5054534466059476503965544099574
22074 19674.1645186709212713138584049578037
22075 19675.0030819628017184911492800949504
22076 19675.5908651612789006115254289556900
22077 19676.5466208634159655245311348486665
22078 19677.0793979265400161969108899063213
22079 19677.8007991058913089499209687440925
22080 19678.4563330602137990770313512197123
22081 19679.2969541789247724426950343350476
22082 19680.9931669381047538478644814730686
22083 19681.4590212980958846625968723834248
22084 19682.0185306871871204833207099441054
22085 19682.7073785822934643797239380012555
22086 19683.2179017125565092874768289922093
22087 19684.5270967245237692944619453085133
22088 19684.7570985878204269731420479408360
22089 19685.6792085513070477883946849896216
22090 19686.5451739452710183194579254456571
22091 19687.2209673907384460291068503071487
22092 19688.2127736825213698723812585413311
22093 19688.9605952027154334688647492631302
22094 19689.8076881831134166914984502795081
22095 19690.4544729131955284870996957925398
22096 19691.4510740621326934253862008382824
22097 19692.3192771541501750044274294859184
22098 19693.0035326805127528417282012975851
22099 19693.6403741870020534058057508984636
22100 19694.3043143748095365779998532632609
22101 19694.8667274780954823454415886737334
22102 19695.6181655138140895239076859471682
22103 19696.5520131095957171522350185641136
22104 19697.7780125964164104008392959524193
22105 19698.4486471901928842735257325352192
22106 19699.1528217669284561066092420601088
22107 19700.2106368864073585792578274041698
22108 19700.8594987343191191916698653092604
22109 19701.3754310674573275970467330202459
22110 19701.6913516138641535845187699507266
22111 19703.3570262661089017419646722618230
22112 19703.5517207499381508929521585952207
22113 19704.6789260912145857034305577783986
22114 19705.2957751026180208561425604453532
22115 19705.5946245360167023940536119083367
22116 19706.7921928040602893340648372688311
22117 19707.9369836005139150990917011280557
22118 19708.6096598845092694420471183525788
22119 19709.4844328398993861950949132729641
22120 19710.1532252975483865228902521419244
22121 19710.9757140957812286330248752379379
22122 19711.3805815680956608967826883405696
22123 19712.2374417307512605120510617696982
22124 19712.9590014876500315010611640951269
22125 19713.7984704921748931647421533985279
22126 19714.2335769331861245601970813582460
22127 19715.7640644589433210480495861150927
22128 19716.6483597217791436870373819376851
22129 19716.9744637792360995841315444217625
22130 19718.0670460929244331618321892431104
22131 19718.2773871802054985532147046082711
22132 19719.4369253849339414731296491262547
22133 19720.5098523914210696624709436967162
22134 19721.0642500781533474196736232184709
22135 19721.3463516556208575782446283860219
22136 19722.4339652403888054664613795399920
22137 19723.1835737743753269761961986958231
22138 19723.8236946122924087022325965429786
22139 19724.5935169420197147478799327005508
22140 19725.7547013401297124744217408218440
22141 19726.9111750516896213343924997823138
22142 19727.4164655109295993613197633039039
22143 19727.9503842449286570465313272988068
22144 19728.9003054258976977166482905254946
22145 19729.4349367078586811419992049795673
22146 19729.9075731314867442936363449762175
22147 19730.9640975160118645672940324581176
22148 19731.8510606235463271294958393505311
22149 19732.7742062383789402655995699348740
22150 19733.1714160121267590864952447720439
22151 19734.1651432670974746428079066645306
22152 19735.2582031020429001413008483956075
22153 19735.8039436682231968110734689449892
22154 19736.6548713879868152942113006057319
22155 19737.3998286451280033213879959457507
22156 19738.0539167576246128663190669785452
22157 19739.1811940033730915865245629260563
22158 19739.7360597794338341955738227816933
22159 19740.3117152006924945500381551892739
22160 19740.6720215725267103709833962639052
22161 19741.6232634713558755324756268005354
22162 19742.9598568721949809991920819760670
22163 19743.7865023726397781911944443020907
22164 19744.7448236370200522332666172288300
22165 19745.2295970860445720689720595612347
22166 19745.8380067192757241079638613879201
22167 19746.7662650796141867454784256769288
22168 19747.4540154071883984778760188873704
22169 19748.0044270681865099465243933254676
22170 19749.0679358546726709715683509227645
22171 19749.8135784379312902812053247404412
22172 19750.4060041552238513824331411782356
22173 19751.1955566696180233090580012494860
22174 19752.4626011014689182099293320949083
22175 19752.6515951646211688547671652698352
22176 19753.6653838793028179253268787578508
22177 19754.9423267070150617182839602228573
22178 19755.7592823186608457016908441573569
22179 19755.8932905927709888280604225116108
22180 19756.7916143511635667533811012077667
22181 19757.3478669369270298068850154450422
22182 19758.2993747906585993601773237563958
22183 19758.9943008644565882197748884481023
22184 19759.6811636968875403258135984984912
22185 19760.6817084662671167486182748080575
22186 19761.7162890186323305850372688592647
22187 19762.7951061217956258384915229662799
22188 19763.2035728247362101496582595386993
22189 19763.5888711738323887834834740914108
22190 19764.7296439931398642394256570483974
22191 19765.2470020091884612931298264264353
22192 19766.3479577619036447691993697452014
22193 19767.0872515937668606052269768115492
22194 19767.6482823395202111599537862793442
22195 19768.3371869758186754828019064773310
22196 19769.1247385966417253533883039622035
22197 19769.6718094614618001455352110142332
22198 19771.3368869979583423295714228169896
22199 19771.8577725336970822032781096500583
22200 19772.5328969108146618436847455966476
22201 19773.3038644073314367260979185906070
22202 19774.3275983632279286138030831738826
22203 19774.6335047633205201125829566526229
22204 19775.4330097573646336387713163267190
22205 19776.1275044117469433573121153203820
22206 19776.6441162827611060756442708431794
22207 19778.1592140005783992354516000538129
22208 19778.5884579978037284087636557380499
22209 19779.7710131733828689176696391054431
22210 19779.9448331478450364479280105928216
22211 19781.3168823363617085468319872915250
22212 19781.7938312111950698388846025990293
22213 19782.5936438036055260517579631865369
22214 19783.4832928272652023360289831481801
22215 19784.3184483748781970917127168509313
22216 19784.8688938542626017415801605695231
22217 19785.4012537070149517563502097050449
22218 19786.4434024641888650262469577607217
22219 19787.0458032456517891458443382920848
22220 19787.5776595423412922188780399016693
22221 19789.2247796523570801829547720261531
22222 19789.7551164021661249997232506107185
22223 19790.8502228096520405864945879678144
22224 19791.2824213666940909355129985595149
22225 19791.8772285857990849084818777693409
22226 19792.3615691810078051745312289314179
22227 19793.3933090277611239820275699236200
22228 19794.4628541848536216923841807778066
22229 19795.0197965067772916368854601724571
22230 19795.5309143723931013232510485078718
22231 19796.4647676684979381752371501298619
22232 19797.5162029247995733956360639107815
22233 19798.3506002593883373474435796754900
22234 19798.8607594271766313501897438153318
22235 19799.8170881798567714108504033867566
22236 19800.7270687625860095671027467985138
22237 19801.6961321318509471685067109154395
22238 19801.9289871767340433465498799967691
22239 19802.8919111430202017556086519449386
22240 19803.3996073600398762909169261301334
22241 19804.0679945401334196833052253732876
22242 19804.8761835887783214722020471600458
22243 19805.9733336433341451870746782818874
22244 19807.1339962343902715366282481585415
22245 19807.8424562373273772721190303063583
22246 19808.1715926982173667890256502522309
22247 19809.3412163725156804031202558601058
22248 19809.8159375912114081235494342557163
22249 19810.7473155512107582187413346960705
22250 19811.2461384209774425728901117513215
22251 19812.0294476805851101282516920846754
22252 19813.3115595964183489559958172656747
22253 19813.6878973432102198533679005930348
22254 19814.2645779631678623136508394695417
22255 19815.0348065697817548461982721645153
22256 19816.1152040336003059745095571621170
22257 19817.1425318769812920861638404627134
22258 19818.1682952582854662837692831804006
22259 19818.6302912325868163511510455207626
22260 19819.0331500322593717496788599552155
22261 19820.1414402130996384413501251960701
22262 19820.7853494112600470819380237091451
22263 19821.3152588206214399981112891278317
22264 19821.9681335314061953400200227707310
22265 19823.2872725512888350650669323486474
22266 19823.5896600142505743749170805509424
22267 19824.9079370586714136602328958440300
22268 19825.7969005132565004171934439375017
22269 19826.3749184115781321854860379945975
22270 19827.0975966545656580945412147481036
22271 19827.4436607020564331495752562192532
22272 19828.9118639381971507793171865608303
22273 19829.4915957883699193447352071670207
22274 19830.2179845327200246006377855199396
22275 19830.8131297687075909685940840890014
22276 19831.4495547212916455712096443131672
22277 19832.0630429429742683699287432173509
22278 19833.4560208544151186617282579830365
22279 19833.8596164459889890163783235954243
22280 19835.1030175177364052308324582125925
22281 19835.9689869410637060435974052397300
22282 19836.5899064827854155343051772284562
22283 19837.2896848422518140805359574233855
22284 19837.8621751831365792814170976232221
22285 19838.4530155650941839698542488636789
22286 19839.3213093757190167014901421639976
22287 19840.2653383977582432477124343555980
22288 19841.0127014180436469437639561157678
22289 19841.8426524619187880375154337037192
22290 19842.6092998467950739807497006316935
22291 19843.3857962644054664010620895524798
22292 19844.2831293750801695069645652286920
22293 19845.1250548475269888727794233636480
22294 19845.8877320577938621017304029739632
22295 19846.6929104664525028644185939576271
22296 19847.2895743476817228284776020402521
22297 19848.0123010757927884373736883898896
22298 19848.9679588854856840161522982888107
22299 19849.5015650828085152329057127623407
22300 19849.9843526258853933324855721428096
22301 19850.7335134481034905428676904396793
22302 19852.5580048755317516524714740907677
22303 19853.2072471344430822416164588241640
22304 19853.4320828720864076652494590427042
22305 19854.4179109801445143747386828144095
22306 19855.1848198303319485046896419605417
22307 19855.7367146102939685146708557883185
22308 19856.6065837679179425631883480155736
22309 19857.4558772264750962813327124423378
22310 19858.2788082128890378813238064533962
22311 19858.6925016888092782492495728750987
22312 19859.8850668733407392733136164072935
22313 19860.2951643679324105390199923506001
22314 19861.3767027372468806451701335028180
22315 19862.2205990987525484889349053622307
22316 19863.0662007978087792546604710209568
22317 19863.7888400244177606512408267003575
22318 19864.9989723315724916746973306611687
22319 19865.2213443926957848563112413667952
22320 19865.9486235481489374046539794497779
22321 19866.2658620602011785080434754792045
22322 19867.5077343473744697498416547156004
22323 19868.0948313697558342568905148596985
22324 19869.2655458555973270337013815552974
22325 19869.8075011465821075431263490050776
22326 19870.9399848180756724712764002417042
22327 19871.8578879261748260561536440690676
22328 19872.2160865823274829722756140261982
22329 19873.2430772393971790017076100699573
22330 19873.4046644010331762644071175363655
22331 19874.6787784129530033956303303870783
22332 19875.6374756884782170588113522091230
22333 19876.1235415197037383583403981426802
22334 19876.6861606071517426623096769488942
22335 19877.5645175316337550335261395003794
22336 19878.1509710716730174270421019017840
22337 19879.1817076809258266283494127260660
22338 19880.5003869120016029385625835749568
22339 19881.0863092984301487840702509790705
22340 19881.8372589794191389344198631279520
22341 19882.4193762677888171093521896418632
22342 19883.0071072287199073731233284470761
22343 19884.1020278989213816790806500090246
22344 19884.6298994715256277317433113099440
22345 19885.0794025495005830834590969762661
22346 19886.1255349321423501727558670269287
22347 19887.1153673411628037093351735365739
22348 19887.9464319625732255408359330552387
22349 19888.8680731047118802716773726890452
22350 19889.5377776167453126589460931557565
22351 19889.7984822570193099374212235834067
22352 19891.4129857823946567549914925830939
22353 19891.8657012910897077150707163605077
22354 19892.4595655049587197264821643819569
22355 19893.4675612244034493502193760363951
22356 19893.8316188266385519202187658840300
22357 19894.9024588645304140925466518478845
22358 19895.2458842717399744792673580483906
22359 19896.0870230183832576341197513274054
22360 19897.3498016526575988778346576004935
22361 19898.1527110688930298703773324764415
22362 19899.1721313326310453611620691051045
22363 19899.8322127446037642805855429373317
22364 19900.2286571414832190422555203129761
22365 19901.0931152281455564936057808800552
22366 19901.6969421263414377984237252049308
22367 19902.3650998356554524112198541233030
22368 19903.6362957879253382860312772993268
22369 19904.3060581266708471181630676055336
22370 19904.8906042321193206199950514894633
22371 19905.2746612347635455863269773658836
22372 19906.8657684861038306168993650855206
22373 19907.4334140815986781288946729449620
22374 19908.1703255279493730257135829582410
22375 19908.9449884281703821211475027579393
22376 19909.9615735566942286675236659598341
22377 19910.5093130416721454196524174933921
22378 19911.4739145327755234375120220749782
22379 19911.7461916243420915870808002553361
22380 19912.4633950470278196667304590789098
22381 19913.2440937235455908249466352653212
22382 19914.1379742748425411482750685662624
22383 19915.4378427445056842191729141224924
22384 19916.0842600479715778829475535210826
22385 19917.0785989104228550894011482985711
22386 19917.3224909185454508339568982747323
22387 19918.3631673525517136170375758373554
22388 19918.8610910606162033046845286456812
22389 19919.9314159619262150774571045639585
22390 19920.6042480744343113552581924965240
22391 19921.2829305910365948417356354569581
22392 19921.9085074021821156522229756691637
22393 19923.1094260513464787252497581049653
22394 19923.4590920176027819490871030037207
22395 19924.2086908545749601438838543330003
22396 19925.2606182701199302447755709699628
22397 19926.6553141245108353586247759407728
22398 19926.9545949417232801811844630357300
22399 19927.8628351703282428499372106663174
22400 19928.2162064106545041085152911993301
22401 19929.1150843296986632438409445219397
22402 19929.6922713468968697093421390455025
22403 19930.6147992878713396723928301323154
22404 19931.4710820485451656672633677803688
22405 19931.8529773208433632899194263681513
22406 19933.3804226194169326609061970951559
22407 19933.9047255885862621850219799782495
22408 19934.6993322622419173614995717593831
22409 19935.6150863345828799597290920684318
22410 19936.2261529725978164226256897101473
22411 19936.6777179247849991255384167317275
22412 19937.9565109171742361796236671154353
22413 19938.7291063804325917148835467816499
22414 19939.2298781143259681768689399361150
22415 19940.0433943603906020074157108144798
22416 19940.3970096381129674862638902741151
22417 19941.2520748265146738239760292401705
22418 19942.4342241338227073419841994106064
22419 19943.7372488120821004417499339426406
22420 19943.9752909451834224884936662466537
22421 19944.8245452828094202058086479327883
22422 19945.7565004100705236487251950483736
22423 19946.6007021056331586910007266370886
22424 19946.8432899945638515191717318704437
22425 19947.4515673683748886895440124340790
22426 19948.5285216632107638315667448704297
22427 19949.5233882505687211323451810685004
22428 19950.0880608109997092709774029666050
22429 19950.9555540934876694012236451775818
22430 19951.7426671696900845344130732340836
22431 19952.5871230871689324217001555169357
22432 19953.4442727739314688368178196376335
22433 19954.0839288103759581760176401433584
22434 19955.4538238559801290818232785823423
22435 19955.5901804611999173867292212993052
22436 19956.2365350960277846083150217296350
22437 19957.3832679948689286131700518158186
22438 19957.6403355012762888720070994070774
22439 19958.6660329018661193817780939039291
22440 19959.2023579948691566277643208165260
22441 19960.1252844250226181237271644973959
22442 19961.5219939641249870893355526276246
22443 19962.4186904159389136452809073867450
22444 19962.8083205209757683143185764373231
22445 19963.2864623783177238368239488180779
22446 19964.0310476458406866870003943815542
22447 19965.0166902549764633373567227270604
22448 19965.9262294702511699312789308054586
22449 19966.4261501057636907606534769307711
22450 19967.3401742409309443754410153747149
22451 19967.9915103742514549554218770514733
22452 19968.6027065824764607296585505323275
22453 19969.8106315272412042997351127412473
22454 19970.4264756430113708707372187902315
22455 19971.3130549996649092684683520160465
22456 19972.3558131067935267569018333196787
22457 19972.9623552872393634246086098269069
22458 19973.7716436535001514852341536502343
22459 19974.2201983460098401549878995192033
22460 19975.2126385737282715384340318613559
22461 19975.7621308912672353064086171925090
22462 19975.9616641222516237804403199695226
22463 19977.6178859736534745363083191638110
22464 19978.3718697320220479159382096601859
22465 19979.0517683002124073613280560022748
22466 19979.9738211990253085147977371112715
22467 19980.7089537693396007526950954242540
22468 19981.5563688808801978703604251829033
22469 19982.0442833721241296540399332823786
22470 19982.9723855613640050605533110569790
22471 19983.5383587818952721042353575865224
22472 19984.7006530055568504675549942715520
22473 19985.4120220963933487183679567143296
22474 19985.6531706675814597841993032073809
22475 19986.5867945833647035155387022026361
22476 19987.2211678498399955360954891957572
22477 19988.6796638311024768230883885129825
22478 19989.4813669691061863602227017581973
22479 19990.1410591124798031803789369474049
22480 19990.9759485359366581266374457158818
22481 19991.4832012026132563612527972897199
22482 19992.0988772731775741266942003104876
22483 19992.9076352816717742736664666195107
22484 19993.8117604231347052024543335224421
22485 19994.3773650548522344958817814247833
22486 19995.3585008002059412494279358579345
22487 19995.9395402173534457546041669635861
22488 19997.3005504290910041854087205084903
22489 19998.0263911550995687654493030902294
22490 19998.2496350237518010066636227406040
22491 19999.2756210784538937873317233525673
22492 20000.1281653357427857195867611335587
22493 20001.1941274167543294465589185202243
22494 20001.9676120785400528640610868568181
22495 20002.1131266619843764579383821685448
22496 20002.7964892669489234886214598885683
22497 20003.8714107532597692266386225105477
22498 20004.6452815516876923378403526314504
22499 20005.0820376193148506540818167463131
