13000 12397.7782026867352078138761419276076
13001 12398.6919139622262275756328552902073
13002 12400.2081676031693112320938511750324
13003 12400.9555818676962377882375477869202
13004 12401.5357971811983865530908472240746
13005 12402.6086673936938244461751636342954
13006 12403.4244505212668409002862571055590
13007 12403.9315216006830343846752044019866
13008 12404.8436753407123732092515475964466
13009 12405.8275777477393821150149269177836
13010 12406.4588646408668145662341701480819
13011 12407.4021218062839330416445370891652
13012 12408.0049543687877771046411465929454
13013 12408.7288369100971224280812067011886
13014 12409.6331334518813731673194170114616
13015 12411.1469346290988045300587722217703
13016 12411.6082710793398797964313493583455
13017 12412.8678920196231608806556802310351
13018 12413.2672573769076407978853814572853
13019 12413.6981203962841109925495662645868
13020 12414.5509915258649201394563408109762
13021 12415.7784551945273005369837148962750
13022 12416.2269111998944328089249760436098
13023 12417.1135544269026213202506286336296
13024 12418.0410667442073614972630525177514
13025 12419.2509205701881769223227937477496
13026 12419.9667041040420678718342653660335
13027 12420.8413332506781578407615339218668
13028 12421.0267493858108635535156576974714
13029 12422.5771780267740304234350311515179
13030 12423.3368554331956403615373449206286
13031 12423.9426102984479368649709118281136
13032 12424.7110516615851125988147926889485
13033 12425.1585661947946370631346257345771
13034 12426.4442572796414747744008886629970
13035 12426.6710721311622644865916655504757
13036 12428.4063268208999939533934157552934
13037 12429.2854046472167997487477293393953
13038 12429.7472615563917611559771743755454
13039 12430.7693164304150314108728895411750
13040 12431.4983007294135185142005375375965
13041 12432.0318963851085006939147019790540
13042 12432.9765252197230623339784776351567
13043 12433.4608374314788136010138649111188
13044 12434.9838854723552080768566220544643
13045 12435.4600308652036572200818426328744
13046 12436.0966014588219379473588975873381
13047 12437.1622914969658061797853179565460
13048 12437.9428493474484082153240794256622
13049 12439.2812559170120576814736764997484
13050 12439.7840411975900800745466064374674
13051 12440.5260532019904966334417327792545
13052 12441.3014686764975197473258742605801
13053 12442.3830467596843872182703349228490
13054 12442.7538823519854421635999089331097
13055 12443.3717210826620247119275568746786
13056 12444.3528888514459058682357019016976
13057 12445.3316339271064772650702542348070
13058 12446.7032796562126132779683672550386
13059 12447.3660434654870839079830556729642
13060 12448.1979704283407645099769505905767
13061 12448.5835983506195197183648646687920
13062 12449.4868804494593714954391321153049
13063 12450.4149839544893288511840951493249
13064 12451.3185562073498936955388431792932
13065 12452.3033037007903229820573475654605
13066 12452.6133039211430715487291173204785
13067 12453.3054739343925464908535878109159
13068 12454.6137706796778714089917427449961
13069 12455.4825215829126271767906363853825
13070 12456.0402819579899175276052190786017
13071 12457.5083381506536756277103989417764
13072 12458.1023154122349115541756349224633
13073 12458.9458602413212037410468542361428
13074 12459.3597000838998911065763909230420
13075 12460.2007826980014110446447944977891
13076 12460.8036456240087472249938301813995
13077 12461.8633405977442699145710900857849
13078 12462.8818044635047999048486461952488
13079 12463.5025773052085734705052581704708
13080 12464.9230519992573227391796201233376
13081 12465.2233721088373638875897730305821
13082 12466.3262071647883269190737565183613
13083 12466.9554420476464136139250362995033
13084 12467.8139036213009181767788346699102
13085 12468.7564965773650026441594256985580
13086 12469.3638512962883437096626517743008
13087 12470.3365508773435843011163253680115
13088 12471.2072158813772103647007520420023
13089 12471.4457711947089929290643800266368
13090 12472.2313771626890089413864505369810
13091 12474.0202409768211756877711949979629
13092 12474.8443552860197665366558056319541
13093 12475.4221570067066113118242523563129
13094 12476.0104979348318896642870289172141
13095 12476.9757344824554916572788129004650
13096 12477.7142882422050462836344600643882
13097 12478.3742642035171519164508929162326
13098 12479.2090247365744034744237155310652
13099 12480.0369426811501292055561766545942
13100 12481.0350613269297009667728606759797
13101 12482.0276752136804482214627377088580
13102 12482.5179701955080627817772218407470
13103 12483.8161537087889556999919655069246
13104 12484.2483862267210839227855236604438
13105 12485.2112924478255404467396914420185
13106 12486.5106165963926500535057910011216
13107 12486.9230299321434813288746572639985
13108 12487.3948539580524069299740808602356
13109 12488.2432309886184399855678263439873
13110 12489.1332448859459730117347098545520
13111 12489.7871103364031057539400651183963
13112 12491.0371458733874893638762334373049
13113 12491.9030667205104051048431815269822
13114 12492.9790625950342925098508181937816
13115 12493.7126925800154919679385359222428
13116 12494.4813206433612929824343445554787
13117 12494.8544409122433460912725880839973
13118 12495.5447440546602127205523932631823
13119 12497.0239773094525615481156373140785
13120 12497.6998913350945701646647106970657
13121 12498.0723511139057355941965475025185
13122 12499.2665723446218534080041120230903
13123 12499.6709253812387390567545161760569
13124 12501.0822446161256652039122593959140
13125 12501.7677624401587670685941139532850
13126 12502.9515003634449602168067659463186
13127 12503.4212234993379377537524387753048
13128 12504.3884711061385705633265902825292
13129 12504.9346721673407693952378875045390
13130 12505.8442618769625139713503676136611
13131 12506.5412799288469587464743801792438
13132 12507.0033147900682943192227664116737
13133 12508.1218089046486496702419429398365
13134 12509.5030833687167012266928755296345
13135 12510.3015510133259104196458049889096
13136 12510.9528303287563686161602293147984
13137 12511.4033316066102026982407915886978
13138 12512.6155339683776836380174898988588
13139 12513.4657501799382975170835933296004
13140 12514.0629634545022910396128504625168
13141 12514.8783912285576493356556001343079
13142 12515.8662781086608701637610728504303
13143 12516.3663971112503688417885885917973
13144 12517.2875221650024254876250045749892
13145 12517.9470860187180916497553287934599
13146 12519.1485180131040794352228923946936
13147 12520.3454638721657680341182357845458
13148 12521.1577054449912865363557438026056
13149 12521.5363832088414658309087256740069
13150 12522.4485048812872271269080344354451
13151 12523.2715076209130875295848729400244
13152 12523.5608998549709880936931531458734
13153 12524.7261840442717278107171786114469
13154 12525.8627721378557994285142094903024
13155 12526.4236041610900873969534785696071
13156 12527.0708117928169523549327873244355
13157 12528.6824708380970127228446613653288
13158 12529.1516390903212069373474694619174
13159 12529.6269324401058713403014672055128
13160 12530.8147625219111761554263485260730
13161 12531.4640048868452644026423429034382
13162 12532.7311565435425275515344804724607
13163 12533.1251362955352536768393206532547
13164 12533.7742025620090987906971518326833
13165 12534.3028237168611633292541680721149
13166 12535.3622023934351563389984065117600
13167 12536.4671664399846068310039333259930
13168 12537.7631029404288132946988499426855
13169 12538.1871473253174097578395212111476
13170 12539.2298066892876761954285771645119
13171 12539.7805261895786457283639787304721
13172 12540.4270818215877208687940198157706
13173 12541.4918216230329697212105565949622
13174 12541.9852969537304953477208792619265
13175 12542.9940291223092781492619315292936
13176 12543.8520142238319770037867677391883
13177 12544.7039781662095788335203277777574
13178 12545.5227698543661400387258741355685
13179 12546.2949483779079881654040035530310
13180 12547.1584781358739836597131996454191
13181 12548.6229995509842177892837425084361
13182 12548.9119411190291693271872422917119
13183 12549.8728007873467536738926211095101
13184 12550.2694859282210318097365282670038
13185 12551.2516097439417972806499586687232
13186 12552.0484920869207421673832192953739
13187 12552.9612124881687126472539925010383
13188 12553.1394558069020787287349829084646
13189 12555.1395522517329958704476960375395
13190 12555.5640206249787672070646506113325
13191 12556.6030891461079349526318816021442
13192 12557.1800101854979382608574879127512
13193 12557.9484680406187503836463683077804
13194 12558.4872703921088367997336721160080
13195 12559.8085824331410837983360933430707
13196 12560.4738989142126666127001539248170
13197 12561.2460335652185614458577897915029
13198 12561.8898697473726659591127997772663
13199 12562.5734364585540821926086544935066
13200 12563.5728068158032549680305451129964
13201 12564.9434291977098669125486295910340
13202 12565.5543889994762835193003980559760
13203 12566.2032740889254110198568657750090
13204 12567.5015411561337455604059588340478
13205 12567.9796672707452365914632787151159
13206 12568.5747000248150452512872939305283
13207 12569.1780675829470001342353532441863
13208 12569.9890134277494535833169637127145
13209 12571.1953093791204908442179435408669
13210 12571.9903651212926095171415970461295
13211 12572.9872468970980232854659901683689
13212 12573.6538945825022697425066219445484
13213 12574.6821640553694402689963896858471
13214 12575.4442890242962589393056521733572
13215 12575.9935150642002712032004681978247
13216 12577.1750309962265973062383705458252
13217 12577.8931405094646474505242588921667
13218 12578.4648466937976717045606284252335
13219 12579.4164081115070481593619961678699
13220 12580.0639230590432059742852645529179
13221 12580.7958332942169925969389899852433
13222 12581.6387992513632120063476772224861
13223 12583.2195167492232215911995312483044
13224 12584.0367637966086808456645227862449
13225 12584.6958270748318174502017358512809
13226 12584.9699845201164250208421088557824
13227 12585.9177856989578649132923316311725
13228 12586.9638548352123595251894095136528
13229 12587.4503185084233741986724651228510
13230 12588.6685155417714336890166678600503
13231 12589.0171015529184808137836284869562
13232 12590.0859868427908062083071030438818
13233 12591.3209334327414332366858435341514
13234 12591.7859810801880058414332082400414
13235 12592.6416682345707140264124899226091
13236 12593.5473049470640838086585661889670
13237 12594.8500426372997085635187331623178
13238 12595.0329183641302733886255402487563
13239 12596.0264916510040202123940248406328
13240 12596.7639139512275964419641536674724
13241 12597.5315320125143270953710729835245
13242 12597.7187358295879302613296509638110
13243 12599.3552496222959191323906226038252
13244 12600.1909313856605177571015017558221
13245 12601.2335072246919788377483809182038
13246 12601.9695506019768142311057098840716
13247 12602.5969759479574149074780550608870
13248 12603.7248688679621864275207739249325
13249 12604.0225653908047885601529727289861
13250 12604.7267531876382854672924441450386
13251 12605.9326039161703115832214756085001
13252 12607.0250500176588913639843715473372
13253 12607.3884109129066162125971364147036
13254 12607.9083113288140186134050384342345
13255 12609.0835728081381927616010634032633
13256 12610.2160518409161207301660015996459
13257 12611.0790519502054560156673873518260
13258 12611.8845372099322356893329861611567
13259 12612.8641667658636994956313421969635
13260 12613.0778630553746259627062674157714
13261 12614.2508988194940424741150901388047
13262 12614.7965797692978357322961392535090
13263 12615.4537041289475485563749828252995
13264 12616.4359277705026169094068302816001
13265 12617.3149142261110903310717848452481
13266 12618.5744750714327414584080078841823
13267 12619.5399645922286885287818811745232
13268 12619.9223158589679845884672432395448
13269 12620.6432748016422381846281415941701
13270 12621.4566356616651588736609534522742
13271 12622.6856724278190447250466992015148
13272 12623.5151389194059317312433747411791
13273 12623.8359321197076201569047740789284
13274 12624.5679555301479526434963284792276
13275 12625.7212149137715928664565633176748
13276 12626.2872343455792591830316800276536
13277 12627.1851869043545325963639625287400
13278 12628.4520325109450009925954227316005
13279 12629.4187777692421836897435919700733
13280 12630.0229815497528351191860453114219
13281 12630.8993451312631882912867696139292
13282 12631.4813559466397886020884202586864
13283 12631.8784577332695217656878733603051
13284 12633.1601858646798756040241994085792
13285 12633.7035470681241967309013528271316
13286 12634.8485453229738941742834116762951
13287 12635.6465514213733534935708472886882
13288 12636.4093662611314173130411005466888
13289 12637.3080775329247295457490205528169
13290 12638.3958841689686792141343598725119
13291 12639.0149835060724059338556148123023
13292 12639.7282800310891983232818605831716
13293 12640.6359285809673582884211354057250
13294 12641.6953900297896279144926114828498
13295 12642.1379202989249880387511535956100
13296 12642.8389216020052804567866448684597
13297 12643.6258104724619181452715799913832
13298 12644.1369267647930476982930813658875
13299 12646.2226357959052567450892423222030
13300 12646.5093962583210019006699656937895
13301 12647.2298062293341993079739229799843
13302 12648.2354963017142342944751848510841
13303 12648.8512334330250174434909997689645
13304 12649.5900035937024385036714039835972
13305 12650.2898170137768415273234032770849
13306 12651.4678162148505375392773038839209
13307 12651.8908368458889207180946249177452
13308 12653.0759608316964607519818509897972
13309 12653.4650217987480570827116952661936
13310 12654.9789861668244068960764113497740
13311 12655.2113716321922344305582807222275
13312 12656.2889609297852272782678912524719
13313 12657.6330940145372089488831582659974
13314 12658.0196110374742194578884598158884
13315 12658.9375707104423950341252915410704
13316 12659.4955513631239810453044705167182
13317 12659.9211469969314239537296126728512
13318 12661.2263960733355144248910239190779
13319 12661.7804257869762940579604279778372
13320 12662.7739335859853208264595675685380
13321 12663.7962472455874072343413189319657
13322 12665.1014031240558541586401124696194
13323 12665.4972160577924152004108322054007
13324 12666.1268138344747922848125774848717
13325 12666.8074329049309215336640299361887
13326 12667.9508591273005948998663617560380
13327 12668.5983444237185188354312577518036
13328 12669.6801280999260926379584417545672
13329 12670.2513977977520307303784726952575
13330 12670.8647542240732360163442908532406
13331 12671.5978461799851169166264154741196
13332 12672.8189533142066010939057710977321
13333 12673.8240410129549390928146721975996
13334 12674.9664513765397225185529172027187
13335 12675.3331214779037758471835276114689
13336 12675.9908273960547094374091908386091
13337 12677.1409046624205188774004588196365
13338 12677.7095186162682333377004173803054
13339 12678.3890180371331986121591047713457
13340 12678.8004267308275257037496994704984
13341 12680.3299353914459049961200337905318
13342 12681.1646153460443863776236659314251
13343 12681.9735366306057155690159315575536
13344 12682.7821921098069225088030302984167
13345 12683.5503002722201894707029209713121
13346 12684.3736918416581072989429679145165
13347 12685.5171850819674933315541487027754
13348 12685.8875305661684933538665834304504
13349 12686.9052282556643663128758023717406
13350 12687.5999873715946327975993090543256
13351 12688.3744509051032689538960975022141
13352 12688.9800580151085436320003519045456
13353 12689.8138333599931679265157794524567
13354 12691.0816109876108608764599881275400
13355 12692.0477299508678801898626671896147
13356 12693.1209740860642000644818273431130
13357 12693.5549686441006365418289443675684
13358 12694.2161662500316090029191320362328
13359 12694.9302693195790382200735357410852
13360 12695.5639982668298561197870354013542
13361 12696.9379050308588610506799464241351
13362 12697.6147087716953363265931034952346
13363 12698.0241094841943478869250697610412
13364 12699.0896768244871019019776394119649
13365 12700.2210343606598546874943378891152
13366 12700.9867590464481627026858823095677
13367 12701.7920311255765342861468672466895
13368 12702.3902834430561675312112817599454
13369 12703.8739031435193347482832250651470
13370 12704.2057623787473608235899645277793
13371 12704.9631927775611107845311358270636
13372 12705.5369491445803884486538796861248
13373 12706.5017802241708592318026528019124
13374 12706.9984792966393472097643660681690
13375 12708.2055853749447217922193474736731
13376 12709.6568330528812193599299782484752
13377 12710.1384417462203979525797907344181
13378 12710.6850982166828395206967580471330
13379 12711.8271046984275463746352588353697
13380 12712.3809086039358195141320162089379
13381 12713.1824890350003799216788815373855
13382 12713.9420001444002546326431321694275
13383 12715.0033845735162153944647342506843
13384 12715.4693408230185285268772643804794
13385 12716.7571728172093277708639283349017
13386 12717.1822450574190799677215169884823
13387 12717.7225949138490029030011715590618
13388 12719.4116697506006137903094059679676
13389 12720.1530172715554342676767508155617
13390 12720.9323124067885198540624269106614
13391 12721.5168551775538936021962039226064
13392 12722.3067038428250105945958039451951
13393 12723.0726354776050277795195518711954
13394 12723.8231990823493937322262509218694
13395 12724.4689453305580590856750597257340
13396 12725.4856379421529081115647923661240
13397 12726.3997453566068632853706323015156
13398 12727.6560002031725633158561412752465
13399 12728.2135337489687768618815218763221
13400 12729.0723934338989345620946272016585
13401 12729.7738306926188773123724651100024
13402 12730.3154106150798349122725066153752
13403 12731.6392180083893082345779789542247
13404 12732.5118175362265258311798986519692
13405 12732.8905886588981521227796302649748
13406 12733.7689649504766852818255918221731
13407 12734.1370426611564697733083855591166
13408 12735.5010357963746653731051840242602
13409 12736.4344407495667742288438304822665
13410 12737.3784377248104610070968467610609
13411 12738.2351113566678332478179344800503
13412 12739.2150469458010656361941161542274
13413 12739.7339111967451513828911782103253
13414 12740.2423074822589376525222428693257
13415 12741.2873667377099743757486765225327
13416 12741.6413540338344553888325859087071
13417 12743.1099055235429625455149740452762
13418 12743.7369017079500318366067018179631
13419 12744.4483623005898211723187507206890
13420 12745.5492910022881114100137557931725
13421 12746.4883319765686710169340764574701
13422 12746.8726805620925287170759506206472
13423 12748.2103759311361132688628611142447
13424 12749.0992229563869077853569853170396
13425 12749.3025535193614250008120243186972
13426 12750.3450512687712480615223404676297
13427 12751.3387630381632767082556887309949
13428 12751.8123919504035429040998523418073
13429 12752.4242952109376255722057691834018
13430 12753.3178136656490429750198619859169
13431 12754.9821293280740628821931541322870
13432 12755.7743211930956921878776660329251
13433 12756.2815110603365850609388813628147
13434 12756.9540132947101558757433533677309
13435 12757.6142129963884691774323492911784
13436 12758.7275798148421175329499051896830
13437 12759.4743009120731418111240594572571
13438 12760.0074154589434096622830094089886
13439 12761.2430405063481980608923977505926
13440 12761.7372430999909806791467263588424
13441 12762.5252171409096468755722409228200
13442 12763.8616211221431612764729805474825
13443 12764.2325659024085942882051737446836
13444 12765.4654840223989799900540407701208
13445 12766.2560432390110400698063979741586
13446 12767.0970967355977256564363143954594
13447 12767.9383357118895004558917426038104
13448 12768.3514714530605537576503725932377
13449 12768.9628864391228266112108408788353
13450 12769.8727347144803855354738030634253
13451 12770.8811522931950128206433220477231
13452 12772.0077247709667420477364700689832
13453 12772.6896172549660177992085840412718
13454 12773.6470206488046516431133169810426
13455 12774.6476295129370172339099934821296
13456 12775.3260308946337647724972996385395
13457 12775.5679748590862602924514428939714
13458 12776.7045014156155197029614181682881
13459 12777.8267471833231669262511145922457
13460 12778.5000914817197173412083757321815
13461 12779.0703598713746126577104869181978
13462 12779.8197584178282570780201227382448
13463 12780.6274375243325518528843342029914
13464 12781.6489325984232651971260127873153
13465 12783.1207554402669754116136963511243
13466 12783.5322686864592422607834454472707
13467 12784.3155660506438729981545397210205
13468 12785.1817479039888481648271438996522
13469 12785.7428208015224403820765046858593
13470 12786.4726838529075761557831675575889
13471 12787.4425711418745167505748264137002
13472 12788.1604803382409014717234366556900
13473 12788.7549430560998586901731838953040
13474 12790.3957409777721086948120830510608
13475 12790.8569899895918573562541891036452
13476 12791.9005499181990772510507747031385
13477 12792.0842296505900840204555141227231
13478 12793.5065568404776261419496102603856
13479 12794.1722756486774683553844527261201
13480 12795.3699449944095335032948998037575
13481 12795.4899680941529073983676913239660
13482 12796.3440247321389250989697228524920
13483 12797.3063996883616425588284032512954
13484 12798.0424116984039901422706184786419
13485 12798.6351011091695577251100518956559
13486 12800.1271558165856267361807585959152
13487 12801.0905319185491449106820754647058
13488 12801.7418394406609164402449063126028
13489 12802.4139521165869423075724948818576
13490 12803.3657377881464459384048438440289
13491 12803.7644364165066699005873157515768
13492 12804.4422205353677242224483522663782
13493 12805.6925287130134542059544388806319
13494 12806.6339991829935729580011328734313
13495 12807.1356390567206060157829072888744
13496 12807.8455054531683041500050144442719
13497 12808.9392910098589954696169963096600
13498 12810.1968647039340327514664305648639
13499 12810.5135583749385656779313148325192
13500 12811.5294208818865901971952129818296
13501 12812.3947193870757237373183695276859
13502 12813.1839115132033800041209428033276
13503 12813.9651085073223124798025649318102
13504 12814.7077233740200711686440872530547
13505 12814.9134217013844643415175689605574
13506 12815.9954131144596514861258692771788
13507 12817.4412905608355636033623740652685
13508 12818.1023259820013008729232551637160
13509 12819.3315155313453934576813434829301
13510 12819.7466809954513973600150679600564
13511 12820.2697844419540410586064063150964
13512 12821.4279859126397229520466207033989
13513 12822.0265786854360760748419595783760
13514 12823.0715386495007613064347133579944
13515 12823.6818563706071736130450134138055
13516 12824.4126959390015868627817272807472
13517 12825.4932674958185635489067755297514
13518 12825.9440024914879600532476061078533
13519 12827.1957820209920659958382556829813
13520 12827.7400096196821283479604297070152
13521 12829.2856979409732240449574448562856
13522 12829.9478538781067547747113942339782
13523 12830.5357986532733256269934805436548
13524 12830.7247729386899383445938783681799
13525 12832.1087711429337242327683126735723
13526 12832.5869316188560720709269886943963
13527 12833.4340983649991213954951177767354
13528 12834.4246224118789678721684224398620
13529 12835.2461998985898991615712732760193
13530 12836.4686977547366869672046330445599
13531 12837.1987507498685333488138034464904
13532 12837.8180134716185633461983314832332
13533 12838.5782076802044701962999251571533
13534 12839.4095209697676351390065789379768
13535 12840.4174905423218230646286629269642
13536 12841.1622809533536852066900624307008
13537 12842.0024084601548004504870425553223
13538 12842.5438474432333507792662864195419
13539 12843.1664843391941956183603007747956
13540 12843.9966578709382630671281887824836
13541 12845.7828116649883322305167663118349
13542 12846.1436818188774569307592557638673
13543 12847.0440918316755904681162092938128
13544 12847.7508497439104507592665804035450
13545 12848.7543814303535300470371731454412
13546 12849.3802000489349871814098186827096
13547 12849.7599122788477432150946735150331
13548 12850.7055711464465296764713077569075
13549 12851.8576496451484921106743054454778
13550 12852.6114318083253900832943839707237
13551 12853.4765147333746753114720362471975
13552 12854.2706515169750823137548708507515
13553 12855.1300724594659819465112946997481
13554 12856.0993416150971147838061866348481
13555 12856.8414423120220333793164505609450
13556 12857.7958949706345366291881111356607
13557 12858.5172982988634571513636965456058
13558 12859.2744800877719314702336667751807
13559 12859.6762242864297378683996735284205
13560 12860.7124304287772717797267052859997
13561 12861.7519979162670945398330988223988
13562 12861.9193125397036029028278282695591
13563 12863.8015391196867807473924201598028
13564 12864.5452087710630393181158869306588
13565 12865.1604762668869963578005280141495
13566 12866.0390193881002492226540724493743
13567 12866.3163234071599042259972168904077
13568 12867.2252390409009284729993025825797
13569 12868.6801270112206760773267411850285
13570 12868.9115039228606391847095002223104
13571 12869.9671672265116386197921391848562
13572 12870.3094974542542875198152840525642
13573 12871.7034676505598243805362243033448
13574 12872.3806964232428417566465040509206
13575 12873.2235979270573138145450705790898
13576 12874.4234617857936382180578795389917
13577 12874.9775174003565062748132838155200
13578 12875.9181719143188506651961787772095
13579 12876.6493202870666352665395249987899
13580 12877.2422899821196675436621754188702
13581 12877.9056963340296765374302218079652
13582 12878.6221686531737458575567229406429
13583 12879.6149338554983354695764819923079
13584 12880.9202337227518241414076744224428
13585 12881.8286344336046768389051251408123
13586 12882.1273323807476211910355371267627
13587 12883.4122808700752809559003482620144
13588 12883.9204809126881272629046524469431
13589 12884.8248281299919409387134949669213
13590 12885.6266893540554989526294481549059
13591 12886.1764637159943596009894488813090
13592 12887.6069580512159594926161479810294
13593 12887.9189631839876304793547481988072
13594 12888.5814071579208735498737731625250
13595 12889.3113009361185501817574599387615
13596 12890.5979326503774182837980768617712
13597 12891.7992070744913796130299450495452
13598 12892.4633613302642995404108787128211
13599 12893.1851249561096269443486437509903
13600 12893.8594958453292745620997680970088
13601 12894.5251124201672098418762429658101
13602 12895.3644420788688952423026113861927
13603 12896.1501442982571950010955220844036
13604 12896.8887699271357924085190666959837
13605 12898.1369056434973293376145871512859
13606 12898.4343180055973664672748311198675
13607 12900.0024934256167809661411556373473
13608 12900.6712274546189330329092008071829
13609 12901.1459752001623772737012538085681
13610 12901.8137427428994684969807314174151
13611 12903.3557343413054611055605968003789
13612 12904.0065618974377699759272531957470
13613 12904.2851919122309498354654106041225
13614 12905.3973865510312754758528148034439
13615 12905.7580767015898669403357475523716
13616 12906.7415064672265422970636824831026
13617 12907.7637811553729980189874578487765
13618 12908.8012784792504837361532140268990
13619 12909.7847843528823819127091567254814
13620 12910.6587092933362754931521247881781
13621 12911.3030486039601048600447125024057
13622 12911.8017181139770099929740081725636
13623 12912.7074631225825214196474705532034
13624 12913.4108078171535966717938229450285
13625 12914.3120674246790170987021931977526
13626 12915.3617607438125359349787330166960
13627 12915.9630355752428599009060117056329
13628 12916.8721082359539516930966116681619
13629 12917.5036586487479668437729921325276
13630 12918.7256001614822341415975379584665
13631 12919.5828346093351139174502767732944
13632 12920.6550240308881692195863126866667
13633 12920.7934760513447067676998522790201
13634 12921.9836680293369087754604379406336
13635 12922.5631129702779700673685498509295
13636 12923.6045278027748752334851615527064
13637 12923.9459193000908654013565831281913
13638 12924.5509030048968806270899340137880
13639 12926.0547796827800923992364411763614
13640 12927.3637039084464911567197794847049
13641 12927.7526417190075714816353500898023
13642 12928.3375424548033610353867222087140
13643 12929.3494461236508572679372293766698
13644 12930.1572585552632426466648489360436
13645 12930.6202466096934363978401181299843
13646 12932.0213053425522737112804369193188
13647 12932.5539674391420874447415661091662
13648 12933.0310827064895454336258419688017
13649 12934.0627751673972384698296036351566
13650 12934.9009235892573600846268568617585
13651 12935.7894624796207822728693261452201
13652 12936.8639117579795385826732097829194
13653 12937.6453838865265008476556977073417
13654 12938.7019031306016069737269096389349
13655 12939.3256659055203679713375766105876
13656 12940.0214174367830486092825956611640
13657 12940.4031623183359501663787369102718
13658 12941.1889989350592881962065525943527
13659 12942.5405548438568064143595923865697
13660 12943.1554481407554502740121177413484
13661 12943.8882444815771309644395795208983
13662 12945.2156060771793175027709248632437
13663 12945.8880983892499853019422416089455
13664 12946.5984562613946020511682991567234
13665 12947.4835208493370175942696622440687
13666 12948.0122620593367220039899996056431
13667 12949.1734837961719757439516756713813
13668 12950.1709785071701875651199078936709
13669 12950.3708811141551126884845431407013
13670 12951.3388223897709790502914624910457
13671 12952.2073509406320771639903631579191
13672 12952.5436971298588643554463534983730
13673 12954.2084231497993050694855975252796
13674 12955.3502464309890148823883507375378
13675 12955.7756695159104667846935349681109
13676 12956.4270131553651870898811147987532
13677 12957.1428636017366810048361673461287
13678 12958.2761395281362483020555057668559
13679 12958.6830620513007496871974476003133
13680 12959.5092930170220583867941029262499
13681 12960.3163048302238410998169297399177
13682 12961.4449314741920175592387807730396
13683 12962.2499822654065262900337507257353
13684 12963.0040457726043407247460307927401
13685 12963.9228031018901833783295137937867
13686 12964.5425955514686211211840461759549
13687 12965.9168549021613649819335621338184
13688 12966.4315810108201774525155149421066
13689 12967.1613349344886483609007801717759
13690 12967.9229663650264049981569325951302
13691 12968.5945622037410915222583978363740
13692 12969.5342245495194745713975144707602
13693 12969.8589830266077214695725438889821
13694 12971.2953827122137532301793703473087
13695 12972.2697867822721270013160703768594
13696 12973.0591843456780486409849082187357
13697 12974.2884833802928817150020717689902
13698 12974.5379555003971193184353020222919
13699 12975.1348124549675202161080716354678
13700 12975.9666844714955364485900831864439
13701 12977.0030685383131951028478344226591
13702 12977.9686725338676067999345859571306
13703 12978.7336785363775420407207436777742
13704 12979.2373346698979876248340682682736
13705 12979.8269900020056340043770623363719
13706 12981.4803840396958135104303048375794
13707 12981.9793017790910455323587829616841
13708 12982.8289444673308173966853807290094
13709 12983.9626605160715272469763069942067
13710 12984.4975241807813069049858216805205
13711 12985.3448819618049547648496296030262
13712 12986.0097541617725003004114211700307
13713 12986.5403703872772635548533453163800
13714 12987.5099583109159696530490780008339
13715 12988.1556710737395291052137043003259
13716 12989.6179106414314322362768265272233
13717 12990.3994128541634573976134511931196
13718 12991.1315758602928073100676095391883
13719 12992.0625978776068971875985093983387
13720 12992.3398867557795690651625369852200
13721 12993.6883876567448763599575521212374
13722 12994.3835912029760238553446529194237
13723 12995.1038073978031738201345138492608
13724 12995.7292370307297342523230841611157
13725 12996.8324433396057743823512584464696
13726 12997.3593449958103796538671540322440
13727 12998.2512958118502124663884130992112
13728 12998.8841975653375802824752004267615
13729 13000.7016041853008365192886141363103
13730 13001.1753399422857885984861333858526
13731 13001.7259558691618625033381470914379
13732 13002.7091114329922536358773396358414
13733 13003.1305175653459937645428756209053
13734 13004.0295006582433321055428566558023
13735 13004.7647221224455505316783539969241
13736 13005.8607023128131930602074527045592
13737 13006.4068994359839043699598510487790
13738 13007.4602625562782343200983995195915
13739 13008.4437614358788507823829698665903
13740 13009.1908027946935196753596662858650
13741 13010.1451250644552226093846067650429
13742 13010.6567440521071775887074580918831
13743 13011.5996030681272499082478850188922
13744 13012.5691333673193082316062502221962
13745 13013.6062504222678984700486924348452
13746 13013.9615681990845542659125811941811
13747 13014.2490600982812596760539361874701
13748 13015.3788628454468615190590121051064
13749 13016.3647037304229127648601566309163
13750 13017.6832020817515452912879730678421
13751 13018.4632679053441973004504554400582
13752 13018.9865560558492046354940105322234
13753 13020.0656968200432206173740452315558
13754 13020.7348002205171426357455889425961
13755 13021.3333899799657671897579443745503
13756 13021.8835762280427135568455265675638
13757 13023.1813236130633599667087263060245
13758 13023.9492845131286431110415237133532
13759 13024.5527399236881834045630391509094
13760 13025.4879592521082946081894766084206
13761 13026.4614752520983563964363222074891
13762 13027.0493026920279209257253179654243
13763 13028.3071315230657940543994383289037
13764 13029.1179705994409618116043814796283
13765 13030.0293885981713812765747116890825
13766 13030.3725672015236921061920270186525
13767 13031.0706244931170070363812551315813
13768 13032.3165417927143182966714574207429
13769 13032.5683585032529356941591205757005
13770 13033.5295066071964109659607085649119
13771 13034.3575609625158801954432495296541
13772 13035.8703045911069770269280643700071
13773 13036.6972712959029113988739185935740
13774 13037.1459337574280773788287191057415
13775 13037.7640494579398012892081204891888
13776 13038.5893075777564681826727598146153
13777 13039.6435259057067662555358713480457
13778 13040.5460368259216429567870731786223
13779 13041.0532186770444754204229392294519
13780 13041.9343911466644872145529301395193
13781 13042.7197303323855027340320558161088
13782 13043.2994000194394601461589963909322
13783 13044.4985432017439951928559132461038
13784 13045.7117467861788589941967269193514
13785 13046.0668858067911303806575110506458
13786 13047.4394847989115098696959761435220
13787 13047.8247518065356968694310075692373
13788 13048.5487226228468370317924006624436
13789 13049.4488401672690490900346625221183
13790 13049.9315500319339542513249992140780
13791 13050.5370388950978665805936037896988
13792 13052.2687129959583748596673506436852
13793 13052.5846484431679986044715248089221
13794 13053.5124234739027666792878877115413
13795 13054.4747087743189053848396793932362
13796 13055.4140695563600086422732253079054
13797 13056.1045272454631793646498612767708
13798 13056.6526156038451694405431213983522
13799 13057.8753587320301724373014582644486
13800 13058.4307800705983401253774046381815
13801 13059.3212053711024537303721764047225
13802 13060.0348560145341600152573596136928
13803 13060.6810832734943583639115915934706
13804 13061.2175604735402042616954796790626
13805 13062.8057711148292202370835494550200
13806 13063.6857731914021967926989932938471
13807 13064.7468054453173433125025645820120
13808 13065.0428912990912567943583571516434
13809 13065.9241467850074634785804090270218
13810 13066.3947221266631618155770054162475
13811 13067.5184189886011155181775923730834
13812 13068.2498490654205781720619871245996
13813 13069.1579963976210841997706334069341
13814 13069.6630915423752476646087949831004
13815 13070.7741526338231066845014286872889
13816 13072.0973999901386102295530458600025
13817 13072.2387559780033141742125036394017
13818 13073.1666383124028904223472281811069
13819 13074.2854373051133667429675806054981
13820 13075.2410811764402688831499598380256
13821 13076.0373196582699060776048237622790
13822 13076.3034979663713855263853144463161
13823 13077.2747473508801451272899465230954
13824 13077.8345902370767092491350927668438
13825 13078.9411765329581987639355182083533
13826 13079.5027843288179369781170101168109
13827 13081.0251812481941577755485662328505
13828 13081.7771254772639301846629317181676
13829 13082.4612360429391191500814074557508
13830 13083.1768500797404306734213626430910
13831 13084.2644830608155291035525776587392
13832 13084.4583460087243144981952782142174
13833 13085.3504927069179782821893770328045
13834 13086.6235842221099927726742948601648
13835 13087.2688414122404858802320531001054
13836 13088.0220862969599685793721398138692
13837 13088.5150905732019668641614940006215
13838 13089.5645628792902554378163494487029
13839 13090.7076616965950032757613931857551
13840 13091.8831423107676462144219808095508
13841 13092.3377937199682046431972090617096
13842 13092.7855810203558867455488025402999
13843 13094.2452575256665817458528623635936
13844 13094.6199416931894825412707401150983
13845 13095.0672380174870903953471242738347
13846 13096.0609842758296822946823543182985
13847 13096.8034502934942877537109607259694
13848 13098.0030109903712719669443763590511
13849 13099.0224045565301228854020497626059
13850 13099.8441867340935978850824196057952
13851 13100.4240513993265206882038367941249
13852 13101.2382483451218741374433141290931
13853 13101.9111745926441542859871593993976
13854 13103.1568276270299908216608370609031
13855 13103.6926002602709024992459935932077
13856 13104.6099758437541169766628509028653
13857 13105.0369421500586113934135600479445
13858 13105.8684237134844006196597705528833
13859 13106.9702334579675697295901626831411
13860 13107.6186784537404982698432965447558
13861 13108.7327858295744174451778707768796
13862 13109.9148873499995779162745529779062
13863 13110.6480702961407358537745584032518
13864 13111.0942194373610213035970183539426
13865 13111.9202902879959826293497172008104
13866 13112.2933838221428914667436160036861
13867 13113.5093571183378617354069288618699
13868 13114.3384436816042178072714338151627
13869 13115.0373129972859253406460600055457
13870 13116.1164078280005760688749674890979
13871 13116.6639030297661817906379854391205
13872 13118.1582800667609587516676635926255
13873 13118.3801516468091869787640837731265
13874 13119.2473237757533880887848785672939
13875 13120.4579049953193150763291909066357
13876 13120.9306647799377370136689262766824
13877 13121.8416339286680812765927339273683
13878 13122.5970433060764440662518671890092
13879 13123.4512202622158257530190993397825
13880 13123.7706089976140019418242669781375
13881 13124.4935124714526324024988638608903
13882 13126.5333348793088014350391389177787
13883 13126.8009305104006678703431509821407
13884 13127.7818617635459924089476169490107
13885 13128.3147617316167427715371356582293
13886 13129.3416125881298609935240613101677
13887 13129.8518328866005528839434999873787
13888 13130.9145986939447300365491788221432
13889 13131.3040602388395822800949063565439
13890 13132.4253759144593465003468420305403
13891 13133.3536993820763177347241343811374
13892 13134.0455518498546031120499482448894
13893 13134.6679719962667449141837638997299
13894 13135.9411399998957125927173623738199
13895 13136.5808116881161459305251045943543
13896 13137.6500694810652135764013994207044
13897 13138.6009785720553334256201015703225
13898 13139.0819626504620160273035300964801
13899 13139.7417143972269971972820961540613
13900 13140.4616923345065173824681792907023
13901 13141.2661744598710302130255008252941
13902 13142.1242104713421369786604668350940
13903 13143.0491054066157413499595004202684
13904 13143.9824248215738473326858202138038
13905 13145.1916802631300187553630860177088
13906 13145.9305089805883850156210250204903
13907 13146.4660126364655078299826661718983
13908 13147.1086985820055790633770891267691
13909 13147.8382786899952136975916403895586
13910 13149.1358525615260175623864158612835
13911 13149.9916287755931499434345178104480
13912 13150.3459698136521641657621160654664
13913 13150.9530403177274381041745081006765
13914 13152.0837161384131562028243242308799
13915 13152.8227285464376950857887038340457
13916 13154.0613985377306572421251972666255
13917 13154.8947540669532887193999451166894
13918 13155.8345549719280348416506881932989
13919 13156.2638194089725477440043845514300
13920 13157.2259510970449633585756953551123
13921 13157.9151359541484003997838590871726
13922 13158.5917680771435737816639663074258
13923 13159.1043278940582739458920345417675
13924 13160.4191265146093523247016295426246
13925 13161.1154446522840117862190075710699
13926 13162.4320809163825448165247063081431
13927 13163.0231026310994263736860212377881
13928 13163.3568244360719930668345329346535
13929 13164.7600492777716851146636147278870
13930 13165.6042703610886106151129389858930
13931 13166.0324239460819736563452901747352
13932 13167.0504533959203337528086449273165
13933 13167.7576110901692549419200261145625
13934 13168.5566155170110754585534810314547
13935 13169.3378472509449111861274973970683
13936 13169.7832913429352478101561222225630
13937 13170.8946399361695368484796042753849
13938 13172.4876808041531670930780384500833
13939 13172.9629447290662227962943134219891
13940 13173.7294725600686962570804078746901
13941 13174.4191368727609651730793676506291
13942 13175.0660671689627191374631430907729
13943 13175.9428492944930213004297958230332
13944 13176.5243510330250577981864529109328
13945 13177.9179229437081895503027832532639
13946 13178.4162686472821916289757234930320
13947 13178.8685880707151717280287473460240
13948 13180.2223357275982594048808956589712
13949 13181.1307024467482938961907752075139
13950 13181.9133010330876120075751366041639
13951 13182.4397631345108228791347909372671
13952 13183.5990206611439596650448148824234
13953 13184.7115101390426525318641010296398
13954 13184.9737935311801536022738996159052
13955 13185.7509322949816944137004659412356
13956 13186.3654427630409926382182996080861
13957 13187.1222128898591619089009062961140
13958 13188.2022664641491232605983582984866
13959 13189.4025667948312914652506504169444
13960 13190.0867880958551595333787628434856
13961 13191.1569812642104483305434114487879
13962 13191.6717940834904491438205961278191
13963 13192.7158553392528352709790150390189
13964 13192.8162180660225738776735801658439
13965 13194.2841073504273586462945916840925
13966 13194.7340865999839380343225830840985
13967 13195.6217162252343398895586304495079
13968 13196.8056686971385480196593242416393
13969 13197.0136825162774334208026852409581
13970 13197.9648807266884255070780311794822
13971 13198.9338548237859002221080124714588
13972 13200.2222473516804594830908916112818
13973 13201.0111944595103078659751895602551
13974 13201.6490351655091986165626291318769
13975 13202.2945548426596265072438314122515
13976 13202.8729902592656022380590543826085
13977 13204.0115702734511448945270957100301
13978 13204.8038113952648811408769710072382
13979 13204.9440765974902093237501467787962
13980 13206.2534971949701695628805829096368
13981 13207.7256548253753700777934100193029
13982 13208.0056948495484373133338256899385
13983 13209.0871220009719811637409817818956
13984 13209.8412511545512082137446953652027
13985 13210.1833593107706012409213080680772
13986 13211.5549018994838240605544062879045
13987 13212.2614945255230209954406654189945
13988 13213.0235423872970518635772697858457
13989 13213.6707750027610237971264769171064
13990 13214.4954137747206377059915940036694
13991 13214.9340210566743787467020186496482
13992 13216.2568651617371820591884186747651
13993 13217.2569452236950408776148079868369
13994 13218.2377681634834257443722344917281
13995 13218.7615919899115698342121270353332
13996 13220.0279348413168834905191685108789
13997 13220.3358783450674857161112813993690
13998 13221.1093419723218879488573250212379
13999 13221.4425858679103714720293951204666
