40000 33190.0121450551110989444811726001421
40001 33190.8049670598142716246117751176876
40002 33191.3431890279776688357651399784322
40003 33192.1776035558495819349969874914366
40004 33192.5335970489139111651622937761920
40005 33193.4834171717031088441624314392663
40006 33194.0625638515339211958557602399412
40007 33195.4050052253120433785072627010497
40008 33196.0020193569224403725511486252271
40009 33196.9504216668711551427964245735073
40010 33197.5175034117068970838272915220212
40011 33198.0575901501962123508938278374338
40012 33198.4062638652082479046695869746895
40013 33199.4357751084807686272545850750007
40014 33200.5245168631358668863567193841810
40015 33201.0735976739966586520851530541762
40016 33201.4748605267978423234667807652126
40017 33202.2986591702431860032534080905521
40018 33202.8944511490845767513167154614954
40019 33203.9232303607882233368937163889893
40020 33204.6814375838276374937462651789778
40021 33205.4722502591818401930091346806364
40022 33206.1956917470569872394994856810312
40023 33207.1586016636454512002372567716017
40024 33207.8498383632038771948125654316604
40025 33208.3699659539889368722688818831111
40026 33208.9785599104282313300660348971282
40027 33209.3567109033291209920419484954526
40028 33210.5544641256804809762411136133502
40029 33210.8530631144492382833341879136821
40030 33211.7984900421334152229302105046070
40031 33212.9891171976368638995186962506104
40032 33213.6355304984540023575246089608148
40033 33213.9899989836936953718547196905157
40034 33215.3442595439704378820749472124369
40035 33215.4680040558305537041689189010266
40036 33216.3973334439781285114746083332198
40037 33217.2137244899075519687608832439462
40038 33217.8465690896785065764123739601431
40039 33218.4693086517660051640715601836040
40040 33219.3715797362054187869749073922937
40041 33220.0539454771432432205222591565916
40042 33220.5996434365128503578371929622374
40043 33221.1212048256976414832371708145446
40044 33221.8370871920329366396320972622183
40045 33223.6013716689196087874759657497558
40046 33223.9534656359119913593905744900348
40047 33224.5236543399211326474205394244359
40048 33225.2265889341624162481311385795456
40049 33226.0342117536370445470290673720359
40050 33226.4375539065644400825861162417532
40051 33227.4020768562209132381855892158794
40052 33227.8128361134381122120486405161117
40053 33228.7668866997351412098063041971335
40054 33229.4520190296682902791055907338757
40055 33230.2561261058297266873772984395034
40056 33230.9510313736947925124178910698076
40057 33231.9739800810683888220325473663389
40058 33232.5966809377235006347550842567989
40059 33233.2389994379559224903364555125283
40060 33233.8287907896702910885590297310234
40061 33234.9774092100244038448745630016627
40062 33235.6302816120785714578769865395564
40063 33236.2230647136034606802635150662436
40064 33236.9596560777415817815453772015586
40065 33237.4604971682355932868266426764278
40066 33237.7264470893969707434080446606272
40067 33239.1626018648455931956251610123940
40068 33239.5777153651859757010292066397071
40069 33240.6888563075819539536775386425074
40070 33241.4083767813021635794080538887969
40071 33242.5070081404377045686106889147648
40072 33242.8430286218314365266210019837062
40073 33243.4990915757600168475944220471765
40074 33244.1978242013578720390490660164767
40075 33244.7609076498252900789981266022610
40076 33245.4704857912651496172385354761967
40077 33246.6116241525747234971024611316809
40078 33247.1509603824594334915303513355473
40079 33247.8791115715606705980070358074427
40080 33248.2116189907077534040477458329823
40081 33249.4007573585142793049651157835941
40082 33250.0097537805666274895587863637909
40083 33250.8628429828641666068046375402137
40084 33251.9166205629023540827215441926327
40085 33252.5594342837323118881932024168623
40086 33253.0546887619797906800725609268873
40087 33253.5977677096942975653068909754721
40088 33254.5351205256161642260158734383759
40089 33255.3502744446276163695246891361805
40090 33255.6929346473665816155079530856909
40091 33256.1523886641399603261474976582611
40092 33257.2510790574814825097917016559685
40093 33258.1667647969891211495309241405126
40094 33259.5012356641789737932086867554998
40095 33259.7139175803352414582287803355978
40096 33260.1968797195335946010350792224313
40097 33261.0679130272196330344684805019918
40098 33261.7853654494100342375357740238155
40099 33262.7553187293312430506900250288268
40100 33263.1628263454929612972820504209927
40101 33264.1089178720545449018180380599980
40102 33264.6239243856658183616976965236213
40103 33265.3583258484049898898194402857042
40104 33266.1250642221458090020245619345519
40105 33266.6288520626643890187623056334846
40106 33267.5180210820028259852887132440064
40107 33268.7134593891413050614811574309994
40108 33269.1749685157019707901876047496782
40109 33270.2060278787215514441325131522007
40110 33270.9015358954129254143154576008306
40111 33271.3525064683271213541799249811209
40112 33272.0190346414024881551690942462165
40113 33272.6007448105693094440692313012451
40114 33273.1432640253689321219555118200734
40115 33274.2467147305754380382145468097072
40116 33275.0402442897319692647631061175802
40117 33275.7254889947967413065167274912071
40118 33276.2280838814550338433398622046631
40119 33277.4157775472643406362377273585229
40120 33278.0390370058616318158514120471772
40121 33278.9388166751041110623488321406151
40122 33279.4108188971059388618844267112065
40123 33279.7845345369797928967443663243676
40124 33281.2738439679677382268382200014783
40125 33281.7692625316355898678800559702398
40126 33282.1668838350661536026465033676746
40127 33282.8846305209138011923696984138122
40128 33283.8114987408578950030798228419933
40129 33284.0028089131039486658493271682214
40130 33284.9293972873964344531687482647478
40131 33286.4009343551381588939979930169571
40132 33286.9097387115454045245135753669133
40133 33287.8596947332457154520495860653868
40134 33288.0876539856418394775212140070497
40135 33289.1290505370774187589997799213888
40136 33289.4639126488294050447978721661232
40137 33290.2958069633388010983590724374602
40138 33291.1196260941488483505929076795372
40139 33291.7879867940721698093224768779307
40140 33292.3279088151673506405063689694641
40141 33293.2398133180071832287732246410113
40142 33294.2469500490804581381387494255992
40143 33294.7029534794081271678355113269720
40144 33295.4201108468247849476888347500333
40145 33296.1685444897525948983727887009253
40146 33297.2667751476261447620198029975408
40147 33297.9393208134849721586262492153991
40148 33298.7909506292379021658631173193101
40149 33299.0189086697083724655143187366769
40150 33299.8959732017975546587698927027214
40151 33300.3752767265106755531300669633477
40152 33301.4453534934973872162375420761845
40153 33301.7571352067826719223682065828123
40154 33302.4904670602910027238458607614282
40155 33303.6704693592235558281399323993290
40156 33304.5374856219131821450373507515312
40157 33305.4188843597118854516421992913144
40158 33305.7670427303988269337478245776499
40159 33306.7248693209360524499059642750023
40160 33307.1239123607105549810340260919767
40161 33307.7984025195293884688048241017374
40162 33308.5957110328184566887943786550700
40163 33309.5869515487261256211291149206921
40164 33310.3213242501546570730929195593354
40165 33310.8545292390633243456069443441431
40166 33311.2914348621430624560665407065366
40167 33311.9410032090109240770081874439811
40168 33313.3560347215320271664595219315225
40169 33313.8447676789645175449830088303562
40170 33314.7675034823956324400683190880704
40171 33315.6519427054973633998527251003512
40172 33315.8964054122931198863697995582042
40173 33317.0470137159529194170922398684861
40174 33317.6462748231066743360837751997093
40175 33318.0162760502509567808234128087430
40176 33318.6058023165139747226992411772388
40177 33319.3698132251040295838155644343456
40178 33320.3644338620497512271814615843137
40179 33321.3928762920769779397750446638960
40180 33321.6878748301706030095349443323265
40181 33323.0161444538750268592141243838609
40182 33323.3901537539310424867021995288693
40183 33324.0891828104990017939526331515991
40184 33324.6804657214810516938920717982190
40185 33325.8511039733129705650482335007506
40186 33326.3764671603554283682016399344181
40187 33326.9007135566302428006429845688345
40188 33327.7560461925951408541364661187282
40189 33328.4734222048271375460648176847609
40190 33328.9616855109637976453235914117819
40191 33329.7815639018921156665414773295915
40192 33330.5094089491308505774348112173067
40193 33331.1792669869386440484550883493096
40194 33332.7348477771985369325054641659097
40195 33333.2063882618919716611457067336153
40196 33333.8217694169332016844113764610382
40197 33334.2908500032091829456063990956055
40198 33334.8681104215967716262141172058601
40199 33335.7737397825694951116159954047797
40200 33336.4088759244662225505567051432227
40201 33337.3119365537871564064053418038529
40202 33337.7857817500947895705013122803420
40203 33338.6913310262902009563800525796478
40204 33339.3947692235969239746864473154345
40205 33340.2117346698796789659918953023810
40206 33341.2128572241596522367029932036505
40207 33341.6582898054035619980106178636395
40208 33342.3036283838505204005534148332429
40209 33343.4498251771198279249166366066643
40210 33343.8553807086533366184444000753762
40211 33344.7815316727486050159553156205269
40212 33345.4715065617943806368848237941793
40213 33345.9343106055788060673644091216219
40214 33346.4796265999673049778241253732007
40215 33347.2390025335098514602059251950470
40216 33347.8670650405387854993032245538699
40217 33349.3692787492876507470572044382983
40218 33349.9244416973796811869544096475478
40219 33350.6064336387282336738428922706968
40220 33351.1508741094938964032275776537178
40221 33352.3564003673334677707458689804692
40222 33352.7538233579271620229673263365603
40223 33353.0343769087566364589861905483041
40224 33354.0084459778882032285259486694178
40225 33354.7546518662583489337970238912915
40226 33355.8380237209375732778032141979289
40227 33356.1061610072151609668491588109288
40228 33357.0738767827111841753040280016959
40229 33357.5490684330881223295030031252387
40230 33358.2923528407598470184064169308824
40231 33359.4741076010566910087859150362014
40232 33360.2041350513827510329444610914451
40233 33360.8294881466684161025864643598527
40234 33361.7762173305070591702108438667039
40235 33362.2717007506972144756166113970199
40236 33362.8251851077813546704320133910083
40237 33363.4282315250938625993668318681646
40238 33364.2952332176086735883218636002725
40239 33364.9404237149559899464907186208015
40240 33365.7006442038781947215475644124725
40241 33366.2096931066716135997601604471656
40242 33367.7197808786120690623619346507969
40243 33368.2199839609548134433244439867107
40244 33369.1059932447246609638218313658735
40245 33369.4299894161522842781295244026644
40246 33370.0989685285609079935999123041858
40247 33370.8495420486593646626595183515417
40248 33371.8994710622425493884982262421931
40249 33372.7130237556535359814687291258507
40250 33373.2080502214215608818484160019484
40251 33373.4395103772472383993888631933966
40252 33374.5377764600644849808752423381163
40253 33375.3172462831962406023739617070773
40254 33375.7734609260973545429515890784455
40255 33376.8899782576782901708043371607609
40256 33377.8507854352579941383667491567899
40257 33378.4936718878163069686157954602130
40258 33379.3180261389043370590633832750422
40259 33379.9136782026673572295129526316946
40260 33380.3415441182417224482621684138046
40261 33381.3498456629984259817719469686514
40262 33381.7098719196858058994354726615277
40263 33382.2196245678193929544209493553619
40264 33383.5067413732549821028582035398225
40265 33384.2569820907844504684175560857767
40266 33384.7267274860703469951576977803967
40267 33385.7982542796870433889729995011646
40268 33386.2487393128253394584117543897811
40269 33387.2071332664259840580950505161317
40270 33388.1157134744374410425397556445826
40271 33388.4607812084706253845894987791572
40272 33389.4810489099624797839280710241584
40273 33389.8377569923348376428610242098108
40274 33390.9498412869457877317449907449523
40275 33391.5134631358315521957230639204146
40276 33392.1871049597133467988293787295096
40277 33392.4409770896103818278163314484219
40278 33393.2354720687803193198966871063119
40279 33394.5393312725385238168439343794399
40280 33395.4561645970766940711922537731604
40281 33396.1580268195179526926450397559855
40282 33396.9453694992546874810698154040875
40283 33397.2586437705882928082534676677221
40284 33397.9359727047632814003416251282268
40285 33398.8768911161357051087403341152552
40286 33399.4329794959962090853387688079231
40287 33400.0630646702730601289335210431170
40288 33401.1805776203409215867830337536132
40289 33401.6891511387008439923806471099614
40290 33402.0636627456597608742525527821285
40291 33403.2639082054161582985135802574056
40292 33404.0996526300670359229778163943399
40293 33404.7935647008957328471464770142964
40294 33405.0976937838033225853224311052459
40295 33406.4206520819955816783102250955495
40296 33407.2515302991795771309022433371942
40297 33407.8584605175682554710010817496257
40298 33408.1038648881328521923374443015372
40299 33408.9114588546351514564991486145944
40300 33409.6237532415363473210515181566282
40301 33410.1984929179958635443277471939471
40302 33411.1986328355334682129688014648908
40303 33411.8337886555636539286290813321341
40304 33412.8199413382611838333392104032621
40305 33413.7401857549288269913542631958170
40306 33414.4588831514071983317144684568324
40307 33415.0754833760768126422943962642486
40308 33415.5036313237842939212851056382885
40309 33416.4039208895101702686916344944999
40310 33416.9301850499149555226471115959855
40311 33418.0617859499009111866292017596623
40312 33418.4179015552266302732973337420688
40313 33419.4713117170794937476816008271291
40314 33419.9178784487479221673776520699147
40315 33420.4918290098575078453421252401948
40316 33421.2046180667910859081180822668200
40317 33422.2450682125579003843093182329406
40318 33423.5078409223224819200028867375531
40319 33423.9737517573776020084972495319825
40320 33424.3571318065418564009605628729949
40321 33425.2567494006118950217333357625328
40322 33426.0628206285604350727261231431201
40323 33426.5427409781640608662078301785538
40324 33427.2922066052565752491663217753826
40325 33427.8548516788913249872397144850435
40326 33428.4676847293454427118964695920838
40327 33429.4619709450071246761149640276239
40328 33430.7056075192750302655190022018401
40329 33431.0475676108274311967439677825521
40330 33431.7470589565428428430748216438597
40331 33432.6018763103912017839728578075978
40332 33433.3240053390060463828585363248081
40333 33433.8723981370635284437698789799208
40334 33434.8220010784161892666060444739501
40335 33435.6316512956842581231204452033041
40336 33436.1501812779360648492426373193855
40337 33436.8267797628153298548419170873055
40338 33437.3009398337061132720588799332582
40339 33438.2556294744717532087602688154245
40340 33438.8763946452350673286459680050046
40341 33439.6263792268118037199985619926621
40342 33440.8345307714024868357548049804550
40343 33441.5572303992942093924106145183812
40344 33442.2276533910316269891257746678641
40345 33443.0177666796475190638794442664843
40346 33443.6473209077500445684947726379633
40347 33444.0050054019987110879395112726185
40348 33444.3778943648703260511421226100311
40349 33446.0224674802143509753831438440485
40350 33446.2350926556873427300460219786640
40351 33447.0513700468222773859669216832962
40352 33447.8069559634120150381954280473587
40353 33448.3545237122770570585850363188417
40354 33449.7055631848553573113412522032717
40355 33450.0720584381272139731928981134768
40356 33450.7880708402375789923743676765639
40357 33451.6399399266763560788822052655379
40358 33452.4167179919076009848158165454330
40359 33453.1519264077853973261865406938558
40360 33453.8659489579930363209368748589151
40361 33454.3547178314757459945728892822395
40362 33455.1164191417376057249008197328625
40363 33455.6148575324719339364004755031796
40364 33456.2956282119381551055966143064886
40365 33457.1918083532642161744837898307695
40366 33458.5818888242573366496994329110771
40367 33459.1720295283324863037229019222103
40368 33459.6664447202591566841790739184414
40369 33460.3560777861234762410667950969450
40370 33460.9670546339647209590937409069553
40371 33461.9979440289783198320461520550748
40372 33462.4104851524524242602146078673764
40373 33463.2112006019345215410898846095073
40374 33463.7553813583991181008910662897570
40375 33464.7762851303719735866364132305693
40376 33465.5566797910321613103403942552912
40377 33465.9412583605584999248377784219787
40378 33466.7057163036308190416976952396121
40379 33467.6874603843474676929116462979720
40380 33468.3534258043994220600764794605069
40381 33469.6439381854993697519028890060618
40382 33470.0660621123669720916038943586478
40383 33470.5795887998599112183534998310150
40384 33471.2629670670950555686948516289687
40385 33472.0551832210884756821200478061199
40386 33472.6309405184551523982951436940215
40387 33473.2601845235360279118809130108782
40388 33473.9047958348060581040977240134226
40389 33475.1344289936170459420566416516624
40390 33475.5359251672758243902392564444153
40391 33476.4877432863205743539450494940989
40392 33477.7874098180522609554518559314289
40393 33477.9112474041377485720328052476251
40394 33478.4898324904491387508345645662813
40395 33479.3810457516446296119798395682952
40396 33479.8611181376308559848350132100724
40397 33481.2080625803670736653401561458946
40398 33481.5347777867601123223841536000385
40399 33482.4613568799500944264645571509733
40400 33482.7201416562316256176460448540421
40401 33483.3682611154585873144531831310335
40402 33484.2198940806233841913942359816683
40403 33485.3586080074008574100746903897349
40404 33486.1647658192225508462326453716095
40405 33486.7151742040080047859333202343882
40406 33487.8452308960358063894105191869187
40407 33488.3265174168893215731744637538360
40408 33488.7836896349533046809385094433562
40409 33489.7911890802600895807065404304955
40410 33490.0144351889051369728477686083303
40411 33490.8897128930895315663059435598559
40412 33491.5735744343429344986900677993012
40413 33492.6832930385079167945165812795589
40414 33493.0829956659320729431962102170714
40415 33494.1770632744947638985322453583563
40416 33494.8837673954433674646871071763564
40417 33495.3020788643568838883799635492900
40418 33496.2990863331317467347493367154678
40419 33497.0772651441778384978580525036920
40420 33497.8656552725556581745540393399977
40421 33498.5111551695126494385723836194983
40422 33499.1416110225013209335818832796729
40423 33499.6576783031934254801982512254207
40424 33500.5792430544235030573109057706854
40425 33501.3346932146893236062795180566446
40426 33501.8451646462244759827568610571453
40427 33502.1442974685482714770897532027653
40428 33503.8787234165502243786174537666133
40429 33504.8330117896214764035558228162570
40430 33504.9986177253016864719510367589268
40431 33505.9800330793843634127364497048628
40432 33506.2574968921929169724424263613082
40433 33507.2245402023831976097115062554547
40434 33507.7760519436227924151662817739123
40435 33508.4864420732270446000734157502993
40436 33509.6984300037054815570247957541916
40437 33509.8920696514880626376406870460756
40438 33510.5961604749010160561553876832894
40439 33511.5824238443077263437128938098707
40440 33512.2253785382309105271470894154985
40441 33513.0406064405213799860295495048945
40442 33514.0737841577773398819980215158122
40443 33514.5189171718724637624405537662210
40444 33515.2469696908232836233097374478727
40445 33516.3046367792358678985828824534185
40446 33516.9332360163904605931296743033115
40447 33517.5016204360215351691358083403966
40448 33517.7794201035515668274685729364139
40449 33518.5669039535741055087964438364949
40450 33519.3546372721610432982160835683724
40451 33520.3525279083322871814423275560646
40452 33521.1713891598673754250077823056196
40453 33522.0662385443841342357084063330382
40454 33522.5891670937744240999182894378951
40455 33523.5279498457989701057074817135273
40456 33524.1789361861301189559033074269257
40457 33524.8143855564047690294719643311080
40458 33525.1757072602240225959172735602710
40459 33526.2950479239067918094605933911474
40460 33526.9785454264600295593016520681591
40461 33527.7852137581022863134839056814175
40462 33528.3786142249153375811640421052873
40463 33528.7725102998568641805247647925443
40464 33529.9925803851066707110108975149390
40465 33530.1528228177984237490966602576782
40466 33531.5494714443285140315463654992188
40467 33532.3963761838746222794061418946594
40468 33533.2176558220401708966337761428315
40469 33533.7281039360867906700802414962479
40470 33534.0532332457124263894076176398690
40471 33534.9576072971072465630054459679113
40472 33535.7101612334828016159566442463173
40473 33536.3681576779342187895043864076424
40474 33537.0035849102443712136308732457627
40475 33537.6787947365488508733719057600212
40476 33538.5723574419997067940841052723148
40477 33539.6416644191090144771572331488463
40478 33540.3498542411448667321689632714959
40479 33541.0353828150525668727721225813082
40480 33541.5022698579285578889791892784416
40481 33542.0861810248008748485436432721159
40482 33543.5526339432510104355698011314966
40483 33543.8303880255832445281918324267394
40484 33544.4347603460393729355000314937622
40485 33545.2656668743714174860756175544997
40486 33545.9713623286561719250325497642267
40487 33546.4844549314593155245290893836753
40488 33547.0209402483031331146985162571864
40489 33548.1367270256434466234077249952464
40490 33548.9670558586934956482661287185652
40491 33550.0451677154665490929033060383574
40492 33550.4837604841093737647529368509063
40493 33551.3306097283494722390073379013015
40494 33552.0563359620725754469415692342368
40495 33552.5145402462136418527479944069159
40496 33553.1099651241832145985140012059710
40497 33553.8875105494591283240336841985909
40498 33554.4666913865737316053596362172439
40499 33555.8577461087754608948045956393968
40500 33556.2097594813465199101465327507484
40501 33556.7540842293111231978437684486298
40502 33557.4104844964599657025359744020323
40503 33558.7573371074733379732632617663687
40504 33559.2801191272169872079495245682022
40505 33559.8919405862122477216104087899056
40506 33560.7837972357079526808180155216489
40507 33561.5926871431343316847917786021501
40508 33561.9794520745428617554638770445378
40509 33563.0611407614050160458414817669161
40510 33563.5309535969544190869725023770695
40511 33563.8735237848100413071976119439562
40512 33564.8031980277164590518311712657613
40513 33565.3841042267246087252735763562963
40514 33566.5528033240143819373884258674785
40515 33567.6692779259456532007326238912051
40516 33568.1443599734021826900355184045910
40517 33568.7915111689510176479912377731515
40518 33569.5290467872570729970039475160056
40519 33569.9618663941155722195113324323915
40520 33570.7594675805390533659938075772538
40521 33571.7697780640844069320786553095854
40522 33572.4391543392840750559926480854078
40523 33572.8970335552455977174992191235301
40524 33573.5692441936466844315903206233777
40525 33574.5255616187291625712179188104320
40526 33575.1794600149299713451239061597444
40527 33576.0986267169043101428698834375048
40528 33576.4435389827000771448905748962624
40529 33577.7474728032715935780210085353570
40530 33578.5808039335862033979237916144267
40531 33579.0872328100278650660194098009623
40532 33579.8121286075094367679807883067577
40533 33580.4040592797855605317505130561603
40534 33580.7629687852217335273219386060404
40535 33581.7090198710560127859899669027304
40536 33582.4757461097276590448144464080582
40537 33583.1298400042253583979069677399029
40538 33583.9337831999396314637055052930590
40539 33584.9593113526525783810497131196604
40540 33585.8460721880117372753400124631273
40541 33586.1523372434194760849585191181734
40542 33587.1523394082920403064486849083542
40543 33587.9162362404036589927735228961071
40544 33588.2669199043855019685061833732825
40545 33589.0130340220130846310401620619507
40546 33590.2137116338441483206118777790351
40547 33590.6868744058273930724185983997583
40548 33591.3045768089291471911656560350874
40549 33591.9222347630541458264242148220238
40550 33592.5758980461316474692381748638641
40551 33593.0906549460058629604340162095764
40552 33594.6073473376533733578976052829377
40553 33595.4803594095239731435645507473282
40554 33595.9061259120780259358986251120289
40555 33596.4325499486440939616541095205230
40556 33597.4390637452838539476859878175203
40557 33598.0512587457408105057193201928277
40558 33598.6639393157196960621377160468382
40559 33599.1597410719510817536913072802586
40560 33599.8448308262614101466921696377287
40561 33600.9283540930077232226006840379547
40562 33601.5761571197769412210711817835090
40563 33602.2595817287888274078533392647610
40564 33603.2837703598942785576581263131421
40565 33603.8345559412411113049345519705540
40566 33604.5736732853074786655331266349839
40567 33605.2324405575313476881054611811186
40568 33606.2281748978247742972886272928761
40569 33606.8854240961856669433303721856083
40570 33607.7919681072462655111767952788678
40571 33608.1196286050025162725481902601586
40572 33608.5751661844609300650386180767967
40573 33609.6244468944255104206917447969681
40574 33610.2916361035135111143968622087733
40575 33610.7337281633815928724489573480057
40576 33611.9020033639648645431502508802910
40577 33612.6044724830574522342816546740348
40578 33613.9305138044751734225118371478821
40579 33614.3727127801912683771638044417114
40580 33614.8200459364851974200155802387687
40581 33615.2766539910318354563913610670729
40582 33616.1555008723365721805364506041504
40583 33616.9120266797663149638090235949548
40584 33617.7339843240171144869858717308908
40585 33618.6252463201272094727750907259858
40586 33618.9219603105339454892562996545446
40587 33619.9945519729257082931605240265922
40588 33620.2084237473265994560909141561384
40589 33621.6437590849416808493980309570518
40590 33622.0306185596506083673851547524224
40591 33623.0061472611546327240113871799624
40592 33623.7359567474962960192038550981934
40593 33624.5140685311579893626750704336015
40594 33625.3003203701587474410182881568234
40595 33625.5186667301925678085046192133239
40596 33626.7871000100311134688480337934000
40597 33627.0088938912240023169477562640697
40598 33627.5845978708694601193428486230335
40599 33628.1729127796647625309499782115431
40600 33629.6960125506421711743855919238512
40601 33630.3866277583016871161266304662907
40602 33630.9456355741129352063772580395112
40603 33631.8429252585105101522990196934686
40604 33632.3207572149504117776316637470786
40605 33633.1789031800508330272290765526706
40606 33633.8508567006516259299791503093230
40607 33634.6836259351417185948072791364967
40608 33635.0086965469997601291924174810944
40609 33636.1970220555627836733660544210627
40610 33636.6265787505389558644211140383340
40611 33637.5555535384315256197633989526352
40612 33637.9370046630018820648256443330271
40613 33638.5574621781099232149587888367377
40614 33639.7790225310291436523697273791843
40615 33640.5566351000029055453011475785829
40616 33641.5789578720699964584964447086121
40617 33642.0345363751788485555582616208972
40618 33642.7404978912679921018000405626858
40619 33643.3970189888066245754695105017892
40620 33643.8331654858338541811966852509558
40621 33644.5561946473872953649996175526027
40622 33645.4620385439895792152581969390601
40623 33646.2455612240269873831470821065375
40624 33646.8311799314933022872624243646126
40625 33647.5597571298371655409764348079971
40626 33648.6495356397115859640760936822830
40627 33649.4912539397836063136588195243135
40628 33650.0493310422865361927481177234015
40629 33650.5774222317918000525006398073556
40630 33651.1972905660547620301213062263817
40631 33652.3051968625334067970936257540914
40632 33653.2024085301393575672564049851616
40633 33653.5909048481238650846757892777827
40634 33654.2505525973489008794395051561729
40635 33654.6994668220630367440765690005058
40636 33655.4659711021189490674617623924216
40637 33656.5983690116972172304957027475417
40638 33656.8141727190629571801009887271009
40639 33658.4554499894294265307296732113076
40640 33659.0077374133767624556400853593730
40641 33659.4073433296841518834201297794513
40642 33660.3914539316414542503848142015773
40643 33660.9258088905216302629907341893105
40644 33661.7887809017040139349019919550572
40645 33661.9688041462548470105514321387994
40646 33662.9219964406133472561461444515053
40647 33663.9178689419709202539570719773249
40648 33664.3308777586152867922536700000263
40649 33665.5068970506391307727637305563945
40650 33665.8822898717628310290302551044888
40651 33666.6658411854598442119074356113351
40652 33667.3769496461685596799198470648607
40653 33668.4422234369257335822088889772738
40654 33669.2973900226314998210666444991439
40655 33669.8324385503766532084535007128335
40656 33670.3063750228637798997899467444286
40657 33671.1543996973119144314370502081622
40658 33672.0761068418215994805560207395626
40659 33672.4100138353810468358932520360097
40660 33672.9970459539581287712552445258172
40661 33673.9692707338441573195778462993193
40662 33674.3299076215817054840324011236884
40663 33675.9160924007962264383099874474477
40664 33676.6670755164355818877825784112775
40665 33677.0285014026316307952174934477174
40666 33677.8426164506618510140803996426751
40667 33678.6593345235594209773394419209134
40668 33678.8761112952133398665953229954496
40669 33679.8560628434921398540715251752914
40670 33680.7947643513352491466275416751029
40671 33681.3993902441615312492593475445354
40672 33682.1925351821682819879694868230161
40673 33682.6073419797911007495547897298718
40674 33683.2408314179278289041075437855723
40675 33684.2885335982640895410702038325780
40676 33685.3099585803070124996385583674959
40677 33685.6590990668487562325433729148994
40678 33686.6284373756103057489727920120019
40679 33687.5740637414697664084383576185461
40680 33688.2976194548671847356781055231643
40681 33688.7916918729483433324550183954600
40682 33689.1953893538362860727649272702840
40683 33690.1546759651863369410451208910988
40684 33690.3921416633126576775401674945250
40685 33691.5345745502997856356591532708692
40686 33692.4087482947685625958817736597990
40687 33693.0641221670780742858097023011568
40688 33693.8297806873971543960078386954452
40689 33694.8465202125892752674545370751148
40690 33695.4017210787379003806500515343032
40691 33696.2532718578309187689974537242387
40692 33696.4190404393521433192376970990274
40693 33697.6934366738615421731625074043471
40694 33698.3636552152520244765589199764278
40695 33698.7554002284375639295044317976490
40696 33699.7334816312429184333925879463940
40697 33700.4941218862712565761114843472925
40698 33700.9270769660111254688702150680905
40699 33701.4696066061338192447462503366143
40700 33702.2882574515296679210079396677820
40701 33703.8448864123908903357395607394646
40702 33704.2365859408400512497104040968585
40703 33705.2599189658073775355656528410888
40704 33705.5988913137179586823748315516983
40705 33706.0143972586060744620986751071100
40706 33706.9584158095706144958791082979903
40707 33707.9773597328384713317662091093674
40708 33708.1834696120106860849845914217093
40709 33708.8914496745587700376877446236917
40710 33709.8328958011598384778246226402887
40711 33710.7097566048242462337772588081440
40712 33711.3525371392263624825555679581181
40713 33712.3145817197149796789915288977124
40714 33712.8128331560268153510756155916607
40715 33713.5736969881090448336478320156458
40716 33714.4230627685546686567847945026151
40717 33715.1514575777697441906054968886736
40718 33716.0440504925712351273092928639962
40719 33716.7611332937998013735906539978928
40720 33716.9377398049956822615162893518922
40721 33717.8752410342366185652146431911117
40722 33718.4955071540252370236988917020432
40723 33719.0428274219777653981189140642875
40724 33720.0859735880923078112383683767209
40725 33721.0916662398378539802786261308264
40726 33721.7299379252136990595945315981200
40727 33722.6395975220135296694512314664938
40728 33723.3308697613490567554814801412912
40729 33723.9720483357669370956466159941797
40730 33724.5898419631794276609247919007070
40731 33724.9343981210482597381471857148080
40732 33725.7719552686489819799927563701762
40733 33727.0750764724713052783455409508900
40734 33727.5536901993639540885887651844858
40735 33728.0585969726063103955068171574664
40736 33728.5453106660460423895391429229238
40737 33729.8002287816801666294732480378726
40738 33730.2055818607838539188513924140008
40739 33731.4686771835922846766207697227682
40740 33731.9561686760215777212697048499185
40741 33732.8363927558307128510934952427140
40742 33733.3685047003219390542246653724676
40743 33734.3087890691149965173782893131831
40744 33734.7617753792059868481607550230413
40745 33735.3334824988914670266076696200455
40746 33736.0830945251529401085515869536324
40747 33736.8202841677104748962390133866003
40748 33737.3386343187403909905411119733098
40749 33738.4838394806104812156385582617500
40750 33739.5892779385672244330152159661674
40751 33740.3335960191851857248710999519694
40752 33740.5993596895984213122748334216232
40753 33741.0855381372537496351990624853471
40754 33742.4783156270965997354571985051070
40755 33742.6485392266185480397447504986558
40756 33743.7267763154312696059764845522823
40757 33744.3463377626361644810311745635691
40758 33744.9427770813071113338610841483322
40759 33745.5559373411297103733587242705522
40760 33746.5157917927342713719173755937777
40761 33747.1137333726100612020625106926477
40762 33747.6676835833281049928964838738069
40763 33748.6525716746391321882425714131475
40764 33749.9742229102234217591777797755788
40765 33750.3956314359591092669250410280106
40766 33750.9740280258559375357146565055337
40767 33751.7755753889387677476593974019319
40768 33752.3011808327382192095769521296694
40769 33752.9205396853455652425188461517922
40770 33753.5782245325392881790453283864985
40771 33754.3722228623900253253945211262863
40772 33755.3068850271208751563763803998303
40773 33756.0266819490514788097279628918438
40774 33756.6146564540344677013209405281792
40775 33757.5099594103182433382921037145982
40776 33758.4861113954367800856116860470968
40777 33759.1568902306349386560352595963480
40778 33759.5262234345036988193404653340539
40779 33760.4154084663685638729121232299712
40780 33761.1679261053340310562421047294805
40781 33762.1075165466113532644691622308975
40782 33762.6919561960509801193423173989878
40783 33763.2596998435381432704016987920859
40784 33763.9450829057811892201133267668656
40785 33764.1529839616246501673298719851666
40786 33765.3155631141854441987136555340926
40787 33766.6492184109501081933208695261740
40788 33767.0699817976024670946804092050418
40789 33767.9627700146889245876672172600385
40790 33768.6636830233624053869431241403215
40791 33769.2076414650652240501818205284945
40792 33770.0980185178370553935019628296447
40793 33770.3154596826474613174024330360528
40794 33771.3212044108756325786362492175919
40795 33772.1608221311313873439715814196309
40796 33772.5026999420870964964468922567541
40797 33773.7678129176355708519003551703309
40798 33774.1697825148486036101120275953379
40799 33774.8992092596669542664194173476294
40800 33775.8822049666972942797798127353306
40801 33776.5890202963715421658855882020814
40802 33777.0133769692074196330787369617565
40803 33778.6466086983151135950481784204110
40804 33778.8677502471567590857554681864909
40805 33779.2786675344339616265141115687798
40806 33780.0941715776731161941004109534481
40807 33780.6715216750290486311943669697153
40808 33781.6175213362898095042238844066915
40809 33782.2522606106976316680887085436940
40810 33782.6278243751145828973159079803016
40811 33783.6743283117323279192698930045805
40812 33784.8811033152367993361821148327082
40813 33785.5934455990494644855184148942778
40814 33786.1784118264855562903896217869650
40815 33786.8749845177012740974639332151966
40816 33787.3265345209703517058747331296865
40817 33787.9942856835032883620192604001146
40818 33789.0524949785135238095437414052522
40819 33789.7376113457549769196121347169188
40820 33790.3398945991162600231919715908935
40821 33791.1178729838442861363893258747746
40822 33791.8143382950357715906871920048335
40823 33792.1390144140814678067127358471395
40824 33793.2171631418636770283151427883476
40825 33794.2860022259592774457355632957704
40826 33794.9232292689181374498413341799574
40827 33795.8673421709892093951755944253297
40828 33796.1669538543732544353717221519869
40829 33797.1622615975294425986703228260459
40830 33798.0182994080189825073718340609929
40831 33798.2484250962520827484373304941192
40832 33799.0138969713262273022635887875644
40833 33799.3215956144028320874233877112909
40834 33800.6744668095543181821693484011278
40835 33801.2896648698693118135270837662504
40836 33802.3541811305542557154305325272784
40837 33802.8217930406416199457689092343924
40838 33803.5834341480389162544156717082718
40839 33804.4726065816111409658194251561972
40840 33805.0690738205118545011188618631942
40841 33805.8487846159830861773529830876187
40842 33806.4015621441860872502740470210741
40843 33807.2904166985754193397821400650413
40844 33808.1930111507242979678918014512563
40845 33808.4918421031053178683970813680287
40846 33809.1604950448064410881506032176522
40847 33810.0440818899235945953988000444801
40848 33810.6177388519956730018213818288051
40849 33811.3740972067215735615341995494510
40850 33812.6926122933058643332056904583300
40851 33813.5793903579482713095237336176373
40852 33813.9471818863172197382156185778939
40853 33814.5685860374279914329766225757867
40854 33815.2274965761268268594228688765023
40855 33815.8199121188320317141977797447610
40856 33816.5655602741254730184875177124947
40857 33817.4531552960656831780138103449726
40858 33818.2210407859508167488144702006828
40859 33818.8593262146744249139085568607890
40860 33819.1948598514271877696043860461622
40861 33820.8482642021417216320932808673747
40862 33821.1272121900770902933857174315095
40863 33821.7552978395731204120513510265696
40864 33822.5828660200848405730630240578957
40865 33823.3864717109118579290692013180003
40866 33824.3102277324178971995738719272607
40867 33824.9826234805316356872667623496732
40868 33825.4574272215376693880551999798790
40869 33826.2468823019489863025445522939061
40870 33826.6449975262329084955935762563733
40871 33827.5158006200561258610007831743466
40872 33828.0436218880619479597765824934257
40873 33829.1017619898987425856550349465240
40874 33830.3762340837100568579714897163917
40875 33830.6467907092317230707099733907322
40876 33831.5082971207810216300424171166267
40877 33832.3426540367882192193829171747249
40878 33832.6815029842388959590257488925998
40879 33833.7458434252424910444404222898024
40880 33834.1141576010162730062200838340274
40881 33834.6662717179444393416686846015891
40882 33835.8504469654651026909089404519006
40883 33836.6583774720594609754768310375992
40884 33837.0325765701038617676135300779545
40885 33837.8660738163833332991634073878569
40886 33838.2486685608570576407226567080526
40887 33839.4976086918347451060164463424523
40888 33840.5325428649226548047639760365682
40889 33840.9199292241255160520809208817228
40890 33841.7734806227607347778433414244386
40891 33842.5208023017107660626784495891729
40892 33843.0175874852005158968497930345348
40893 33843.6293618168269051709927581106689
40894 33844.6337946912275731560589486580809
40895 33845.0267639807976482590728925421723
40896 33845.4317161411061740379652239734967
40897 33846.7648380465849877973383803857083
40898 33847.4478449071857768824931197402999
40899 33848.4132899382568140278260377412534
40900 33849.1726109671658261246049897367342
40901 33849.8376948186172248041806865264332
40902 33850.3298001219628688772673192245591
40903 33850.7470709522360540547160159059563
40904 33852.0144152505816103211632451720031
40905 33852.8608563028076227969459382164667
40906 33853.2698369407157868350342835566907
40907 33853.8375867738212496900146211385235
40908 33854.5510464611503593292251137990403
40909 33855.3129735756402238608045905046199
40910 33856.0707888983734898543257336166622
40911 33856.8942510889522069999837052757686
40912 33857.8232734611754027333892526728871
40913 33858.5500666683850993656058882531822
40914 33859.5327764005506020148713495195986
40915 33860.2920164975001692364004275074565
40916 33860.5016019747911726235461449432716
40917 33861.0503887475733718832576670540737
40918 33862.0022370578337935154168711195578
40919 33862.5511426226099763953256352650198
40920 33863.4339983649857607761352083232044
40921 33864.2326130545147084110321261362884
40922 33864.9887195807574804760675733189718
40923 33865.7146744311267548288401408901716
40924 33866.5242752859693948208517414144076
40925 33867.3101592046703062702646201166882
40926 33867.9444774203816070260663060585221
40927 33868.8604215806660142341813595980650
40928 33869.3419181688046966851882065639508
40929 33870.2940438111349729875718009946275
40930 33870.7041321239573330514202452788553
40931 33871.8458259764399481791121100323742
40932 33872.1302750483500629964952277621315
40933 33872.8759659561417786414557328681591
40934 33873.2942716836945646419844415648907
40935 33874.1567268473655525189427378472903
40936 33875.6741089906742552449731307004671
40937 33876.4847570611395238747053957453699
40938 33876.7548427700528015739202056350703
40939 33877.2859007764122627546613286995013
40940 33878.2750447670605671403617024620977
40941 33879.0380152798923952060156226687267
40942 33879.4143526365187149936971447111144
40943 33880.1487263678972323689436872594650
40944 33881.1709338125846441067285831482387
40945 33881.6441992557087953422006070979362
40946 33882.5720249330413137284406261669653
40947 33883.0593388651031284685138594953167
40948 33884.0561014652672359569768054921179
40949 33884.9544571584496473538806455811740
40950 33885.2059008748077469668502235490824
40951 33886.4436899960657905404338388081832
40952 33887.2078450975998206328516283899990
40953 33887.7597613378648619203032728487497
40954 33888.5832203408993167943751162120318
40955 33889.2462098006909685973883812635257
40956 33889.4141364043562599188778787969098
40957 33890.2147567384427522836961466700513
40958 33891.2540523472240388844718690270172
40959 33892.1601284664913061858972154774355
40960 33892.4004923269915789960682246476387
40961 33893.8853381600694650979695892292705
40962 33894.4511092464560093509831891097596
40963 33895.2135925172571482140236092937622
40964 33895.7764502247995546120786233863694
40965 33896.3827490829070067693849005834989
40966 33896.8745187552967373489863994868098
40967 33897.9567159712388168394433795677120
40968 33898.8730136271704504991375670600718
40969 33899.3243643605469680109172795838228
40970 33899.9303880194403263008941238256539
40971 33900.6809194077211365860948686069731
40972 33901.1752756188655270554921166010882
40973 33902.3853724825318688367818678577985
40974 33902.9759596737709141470704163466364
40975 33904.2709708302407260023256300614401
40976 33904.5945873815764769749609312498134
40977 33905.4090724416438749541257321933031
40978 33905.7459124081785052694223625553377
40979 33907.0070109270435279176056109337505
40980 33907.1762396888312480951494433588622
40981 33907.8801774438198597032409742518588
40982 33908.7786947576228343811430607445697
40983 33909.1020052585006269504351332105391
40984 33910.6113819155875615559272144502605
40985 33911.1767289566469719384090435138644
40986 33911.8908194521447549644466114526471
40987 33912.6286280133396067566729316069275
40988 33913.1051641695899181530362933805691
40989 33914.1620773774934937737500422214046
40990 33914.7388767262525755317399755400844
40991 33915.7616845610158914238990446658566
40992 33916.0692855459445872487650821128659
40993 33916.7168456100021789431307654966666
40994 33917.7348808140292329318645498563539
40995 33918.2756054915293305306466281317334
40996 33918.7602674050333069811232347779997
40997 33919.4571846429035297826851892726081
40998 33920.8061387386888808652823413115824
40999 33921.5010883008411460232377724415590
