10000 9877.7826540055011427740990706901236
10001 9878.6547723856922881889374071462806
10002 9879.0367333965687307100358186647545
10003 9879.8844905968000893612007420245718
10004 9881.1023608653537870149695201097516
10005 9882.1922159663332571635235105850089
10006 9882.8319608450388682638674951629025
10007 9883.6480494375128205371515302951690
10008 9884.8209805002718868013905790630218
10009 9885.4172357860227646394314984336374
10010 9885.8312090036904435508916072248589
10011 9886.9277107358406537623102081124067
10012 9887.4956187367711831489941327045399
10013 9888.3615578932027440678997692867574
10014 9890.1235083974776363487165496604089
10015 9890.4575239428004682978134187832718
10016 9891.6286252082844650387969975846115
10017 9892.0177846604998094723616993726426
10018 9892.8829515962444084510592815928253
10019 9893.9641404441503321490262473894862
10020 9894.7731483187468826511581324520355
10021 9895.5973600993072392311912696302024
10022 9896.0233388001582232973254874356119
10023 9897.2874390893475250381521972351895
10024 9898.1829597458873295651876973382225
10025 9898.4054557950659041013057523873231
10026 9900.1252868175583794163254180407904
10027 9901.0661400058951779717236780241589
10028 9901.8259662366845526174994269935056
10029 9902.4144835380970230262618785776674
10030 9903.1566189687683202367844368557390
10031 9903.7914393954310314836955761971631
10032 9904.8927607322665886663042361179022
10033 9905.4932543812188213439417818413654
10034 9906.6648730624181684374729273317823
10035 9907.4343850376642456239215218516264
10036 9908.6021501166924856853558175562797
10037 9909.2720606136065068917472048522308
10038 9910.3494480258567594653211734879787
10039 9910.6814296517632716623337945471546
10040 9911.8319816655439820704340175590903
10041 9912.7384675299187043500124757834243
10042 9913.7387051393375989864554580842768
10043 9914.2114245748375618801905902122044
10044 9914.6535652321478447744418094940929
10045 9915.5961736341914874057631133211672
10046 9917.0679134235133226070734451168218
10047 9918.1384312556507744878746930051083
10048 9918.7059729059983634336694834810569
10049 9919.6258352471001964563021303821967
10050 9920.3766106975969555114088936557011
10051 9921.2435194273593602979201875240711
10052 9921.7155303566803720858084733124809
10053 9922.5540202056913731887651361288932
10054 9923.8799351386647441932441741380234
10055 9924.4330661536501119681763808106625
10056 9925.2730416474083171646263809096418
10057 9926.4130618085840944848862988219848
10058 9927.1514351497436536117382388666867
10059 9927.8643837111849446018962950686038
10060 9929.4429997534946719016225952068114
10061 9929.7614730665526121382935911006828
10062 9930.4262133788457504668708094610887
10063 9931.2560527431419551045664164247948
10064 9932.2691318446218144560331110369790
10065 9932.6509547582334510867761594209137
10066 9933.8264540843560656340742199976968
10067 9934.5271617849265056685882996083635
10068 9936.2972153196166367594575648953848
10069 9936.7998627638181649625027904968486
10070 9937.3750817770394031790621876842981
10071 9938.0902921996184679918877847349481
10072 9938.8842244509782915305529207636215
10073 9940.0576878463322323299745933946074
10074 9940.7958595986523159505261985857414
10075 9941.5004845142152174316789483579508
10076 9942.4871134715168674613339494767770
10077 9942.8969821249820775245586348452684
10078 9944.1959738104679825928548914018923
10079 9945.1654202466621511252173928654836
10080 9946.0888486121861659932308276274127
10081 9947.0646287454178494740848795458366
10082 9947.5911019865498395026154464453829
10083 9948.7420447378786449697254374703717
10084 9949.1029997431718024956250686524902
10085 9949.9909121111677549364628555849726
10086 9950.3988455319559399143873587521281
10087 9951.9073649287110932185108750590877
10088 9952.8543727435918357332580830757092
10089 9953.8667836031514659127512746797857
10090 9954.1825843687031152485649029813623
10091 9955.7240335890228891306171642846872
10092 9956.0683366906473465207952371657077
10093 9956.8101399226146276783927565075689
10094 9958.0079994546804558827260471699354
10095 9958.6496984491248995187749665635662
10096 9959.5129871886235562593120406753070
10097 9960.2953556280366712714847763241728
10098 9960.8565478433913893362672028904345
10099 9961.7708683042987110890048461123498
10100 9963.3269319907364226649687807341503
10101 9964.1552674246420875159168002706140
10102 9964.8384698041838788215639940377615
10103 9965.7260871731017347437746963296569
10104 9966.2082176779627772721637012300480
10105 9966.8663433845341691647154152652083
10106 9968.0624741337537483788385873624415
10107 9969.0333717909065543986206057118610
10108 9969.3106277819152281536399156474097
10109 9970.5708599350578288987494594621538
10110 9971.7900122012324842337049606339040
10111 9972.3963380911936770343868867924394
10112 9973.1158303645141887970177020236437
10113 9973.9880189036993369604606267835450
10114 9975.1851486297969374962041368131753
10115 9976.0764486381547100602904522113350
10116 9976.5562701674531579907645459133565
10117 9976.9566715112670715068352146135351
10118 9978.3327709058726262005488833343675
10119 9978.6251884985964418596890896872816
10120 9979.8898598331094596225987066154931
10121 9981.3290764193070915582585924661788
10122 9981.8310915648401460789922577373908
10123 9982.7328728152779593510076824559707
10124 9983.5530131380422511597805280638822
10125 9984.1527078304241068911545626537566
10126 9985.0676248953077592056513040894166
10127 9985.6254698443536367588833388031702
10128 9986.9811634992853190797604524416416
10129 9987.7024309277937642587827100013051
10130 9988.3131415336206538728119287057061
10131 9989.1332834815873527009886198758605
10132 9990.2303328836741079556481311592916
10133 9991.4458909776034637470562399101675
10134 9992.2531503203287631229501836968096
10135 9992.7351435056077679719390692190120
10136 9993.6669482847551253058036997348497
10137 9994.6200854726695122320594485877081
10138 9995.1906008512830250269198879459564
10139 9995.8772319609728632868061526944269
10140 9996.5569339621118690934944911959318
10141 9998.0948603349750323751056063150804
10142 9998.8503970896740490576317566258305
10143 10000.0653454145353147502287213889928
10144 10000.6518473237679051652519936027656
10145 10000.9181789556117257570213697629462
10146 10002.2791222728886154882113785932532
10147 10002.9803275122251253273894016685690
10148 10004.0470538281690426979856729696783
10149 10004.6794041660652330272536433445530
10150 10005.3103317276405654268957740534390
10151 10006.0527568746541575593133193220939
10152 10007.3728759723866854547804630977750
10153 10008.0342452428144199785262473546490
10154 10009.0992647234766631588223847087191
10155 10010.3962601978812851575738360238718
10156 10010.8591451582473968805847877460454
10157 10011.5516428824581079699892445371321
10158 10012.0983748600153726376032650707553
10159 10013.0330666851026614714928843275353
10160 10013.8368104905068608664433733200038
10161 10015.0553974139132309268904668763087
10162 10015.6109601522439855398154706480087
10163 10016.6555086606756456846114276040437
10164 10017.8286068546771195875125165436631
10165 10018.3807318777427104207177376827637
10166 10019.1211524657803903125318384569296
10167 10020.3312516061626168828241508550098
10168 10020.8104921832855049545030532604750
10169 10021.8831785422965042072212462363903
10170 10022.5919748397634735918339929765410
10171 10023.3276906183922168866923685875750
10172 10024.0667396399921327329785861931151
10173 10024.5380955417413586410432779502913
10174 10026.5333895400228704703307286056299
10175 10027.3348157088100358384318645963777
10176 10027.6934478747153393901380736698289
10177 10028.6124920245213568181427468582132
10178 10029.4312753348066231882501415856888
10179 10030.4069453622643454331967246271633
10180 10030.7479208925525179630995843386577
10181 10032.0139974285644635984924876023991
10182 10032.5443730200436765750655105378912
10183 10033.8987634987231173133835656727528
10184 10034.3622650172631393008520285876544
10185 10035.3550326245995795895661589502871
10186 10036.3571790577226054723921634203085
10187 10037.2010159114633684618391072063897
10188 10038.1853952825543616292949853526735
10189 10039.0911084439150074864148850267097
10190 10039.5869056092771071793201181138709
10191 10040.3236334842289259136807450352453
10192 10040.9216629035224459975827263441256
10193 10042.1655113921751441222002929656282
10194 10042.7408835313709767753694229263795
10195 10044.1060763467829035350308807703301
10196 10045.0278035347015698827779774699680
10197 10045.8577571603222490651442543527038
10198 10046.6966565815642988229209854272569
10199 10047.3170835025480902231704797436165
10200 10047.5924396019995710448715302419414
10201 10049.3913282782890284644071673065587
10202 10049.9263254623127878961607981251439
10203 10050.4863408849404798702722434476565
10204 10051.3490575942561322981129996111879
10205 10052.1635556700942265332481045217576
10206 10053.3271930072922384096305071048546
10207 10054.3548502983694322418981553809352
10208 10055.2031773004785303349920926354321
10209 10056.1439562798753372111367920144756
10210 10056.6172492753842080877774956050775
10211 10057.6030149087245295855935163247572
10212 10058.3291234193884711821863038100134
10213 10058.8119341920196306713134459957668
10214 10059.8447759597814642922614251497903
10215 10060.7753291797154287576354200394643
10216 10062.3095123537727674016824055344014
10217 10062.6561918689873046655721936216784
10218 10063.4792548287469928017697722897364
10219 10064.3110953583932410396195246828744
10220 10065.3254532336785902585686229301341
10221 10066.3453781878194493669940166455688
10222 10066.7134060513013249962646172748821
10223 10067.6360206173479551731571478186778
10224 10068.6989693524218947679333712154094
10225 10069.2535512397856668316887039443803
10226 10069.8326706787723132800630525568016
10227 10071.0996190674156100855882298808128
10228 10072.3557417830754910880483987014092
10229 10073.4792142530780051027668778707069
10230 10073.6486430705625522697957446759813
10231 10074.5896540159679172428614933421122
10232 10075.2918725284226773727745643101862
10233 10076.1129375750764739669630993457701
10234 10076.8351414309776920337607902461817
10235 10078.1105336613647181061212156781556
10236 10078.8374576019166898322323111105468
10237 10079.2438645013690364151251090110717
10238 10080.8601667245409679415583445778751
10239 10081.5499878343680340152885072242668
10240 10082.1717898278746356099796032945279
10241 10083.0068316505228259627277510584945
10242 10084.4145665266324229737721036775472
10243 10084.6927852274386349524317018417673
10244 10085.7650526993992994732794762933525
10245 10086.2990547191840731710661937727094
10246 10086.6884072002115449252213349955624
10247 10087.9851492526880698979319511755549
10248 10089.2714098182245122864148328994123
10249 10090.0589936324962169134618610643618
10250 10091.0299584347247559243253065661876
10251 10091.7991435515537203299618209498690
10252 10092.3387676108497748725323512768751
10253 10093.2205395520837694343315235933827
10254 10094.0851668566052929597604201725540
10255 10094.8520381212106660487841315844434
10256 10095.8713787962706988749973952549130
10257 10096.5935344306335831987696119723719
10258 10097.4354738812735235639003943610933
10259 10098.3490340043381245785764377880231
10260 10099.0693238654243344508912567264573
10261 10100.6921965230212276193997583406898
10262 10101.0573032144133273662458949370630
10263 10102.0521805781082238336806092825033
10264 10102.5062728764833296770568379216663
10265 10103.2796501051439068598011014230416
10266 10104.3999156742591052709370708791803
10267 10104.9890146221194425355109906387387
10268 10105.5460353390682784064387220787916
10269 10107.0480631476859964965200162232985
10270 10108.2781906509132446716451344807455
10271 10108.6495609332289243036968496121061
10272 10109.4779102960557641174232309222341
10273 10110.3415545270100489227093427341010
10274 10110.9891282819817445607843358560709
10275 10112.2042586324042178080798458025409
10276 10112.9408793968232563273135692599758
10277 10113.8490202956049138054837140824752
10278 10114.0141533314146845701491812787605
10279 10115.2774314987819796663592228294961
10280 10116.0124986788282150384954096564835
10281 10117.5514032037189070874353633040612
10282 10118.1752934081326664264719549423660
10283 10118.7905800368844330586264819717979
10284 10120.2587624753679640449274072714156
10285 10120.4739866507377398254792161473506
10286 10121.0756505177240747771782641919240
10287 10121.8118723884405129584731513837762
10288 10122.9380998108588304967799081840987
10289 10124.1036830345445857946954568469385
10290 10124.6182050045830439050470395953491
10291 10125.6855793052029309690177799852637
10292 10126.5965467283307314885118761008997
10293 10127.4471357799663349334632091472072
10294 10128.2812822257759144766654981844474
10295 10129.0283099298586573392692201655196
10296 10130.0457544099775490312321496201361
10297 10130.8498109229087661520028981000648
10298 10131.3354578251097399861735202127983
10299 10132.2999139953060467210418904675925
10300 10132.9971043057780593330985846081134
10301 10133.7420028628731441532162414398759
10302 10135.4060366921849084211461286341520
10303 10136.3029860371226538111836918294510
10304 10136.9619567443868156199949945565396
10305 10137.3477190680679142324842550145214
10306 10138.2580816648422347727354476904766
10307 10139.1785106219706002771037172482668
10308 10140.1717755465370031936208906892879
10309 10140.7499960611550738481930151333353
10310 10141.6251827934170616022622043357877
10311 10142.5573236981052891822175583455511
10312 10143.5538340665360871009090474211591
10313 10144.5591620337900589578242981260175
10314 10144.9218243893097588500454855159795
10315 10146.3755334322337108680960706486002
10316 10147.3609319542135646120825497834388
10317 10147.6070439875042177151451154872118
10318 10148.5590614781811119326610904976269
10319 10149.4521049975305997252896848154893
10320 10149.8341390021858933091830446169046
10321 10150.7601945666126725391280224901347
10322 10152.1794697177341524495739815089829
10323 10152.9419221522966258993687093186475
10324 10153.9657553214452762427507188701991
10325 10154.6806562114423282929526913981400
10326 10155.6445402635240846313443179573198
10327 10156.0612745178713326769825857996876
10328 10156.9980889000763659775816300164790
10329 10157.8214231238546299357222251998215
10330 10159.1017647921939530640500709213442
10331 10159.5513018885945565554979631241722
10332 10160.3456786784813975319370550473185
10333 10160.7441665517481212943865917892556
10334 10162.7284963348352014904805036824114
10335 10162.9526659409376512925034838943529
10336 10164.4970459036623031140788375552280
10337 10164.6827370744391793379149105542644
10338 10165.5906231485723999808375894708312
10339 10166.6152469688033460470115408161155
10340 10167.0129705145057646347995245615817
10341 10167.8426650676807929679915214434225
10342 10168.8387738779122418197450367731379
10343 10169.7392760196205728085555128944867
10344 10170.9928974833248219885546711251033
10345 10171.7535415164770870519303280061411
10346 10172.6022298971218799397535419987155
10347 10172.9903019011458908965541235686553
10348 10174.1292388169500071651622796566217
10349 10175.3674879294667982305296719446934
10350 10175.9131660565596439288157971674713
10351 10176.3270659172262465331883836280396
10352 10177.3029280062566663560312173484597
10353 10178.2687234583396457109427189231164
10354 10178.9349787308229561028668969523382
10355 10179.9473330140238463637779410581427
10356 10181.4037795635961302411411113376433
10357 10182.0155760319270457655869112069263
10358 10182.9354996749668714491163964915213
10359 10183.2709415328969037914529476733318
10360 10184.3701035693397675344455402733514
10361 10184.6642982153743896188984985125205
10362 10186.1111725213348588157109185880766
10363 10186.7972021139253472558482404364416
10364 10187.5044708418129239435551503565254
10365 10188.7541591147693625170489130024153
10366 10189.1802397886631619846546922287616
10367 10190.5432019846843822640601207471741
10368 10191.2227194727056185914129590351263
10369 10192.1016481857766433170484425710594
10370 10192.7325768148774322332707520154053
10371 10194.0230700673911103170098315350579
10372 10194.4334540499587899451732059692533
10373 10195.0982574330776341194594555108008
10374 10195.8564768766028188599163267485104
10375 10196.5830029537309254217665496111604
10376 10198.4067698806702144785759805426087
10377 10199.1055547267500736011669207207952
10378 10199.5827135090257137224001694587386
10379 10200.5298872775479367302541007110234
10380 10201.5150286741828642342646168869153
10381 10201.9778779829600949013000822137301
10382 10202.8531091838713677245268700484995
10383 10203.9142492724859195057664140011390
10384 10204.7231610446022271393867026304775
10385 10205.2833549155422635582483248741688
10386 10206.3629004573818157465046130152705
10387 10207.2250292411386873364254014156905
10388 10208.0603814197252188902218249799871
10389 10209.2686946822224561525531237191046
10390 10210.1094866911439604490132919576635
10391 10210.9988360233854678690502912369693
10392 10211.3831289873932228711329054919685
10393 10212.0187967853332205832599820468203
10394 10213.0432824921891711422175790143413
10395 10213.8856434213754124680617182352018
10396 10214.7819730085364080350391974801368
10397 10215.6573486768154270968799340707029
10398 10216.9314557240131667426798894481550
10399 10217.9476540644954592069287019881222
10400 10218.2830799100661535089592202622093
10401 10218.8107874175200052106950598691256
10402 10220.1264137790556000658724061682180
10403 10220.9687716562054102674167612856796
10404 10221.7513677914922989383079594015654
10405 10222.5664001813044621103728279745700
10406 10223.1090254305884144889942310730688
10407 10223.8782893710751328764577375017422
10408 10224.9898764941604436697582829221995
10409 10226.3558415841829688850399512452563
10410 10227.0557033664085822710149324989640
10411 10227.8029231636039602802433869252439
10412 10228.7019324581457525578817649035953
10413 10229.1618431426103756926976736225372
10414 10230.4592678969421499437685892162746
10415 10230.6577465357491486316286077953411
10416 10231.3862645564230130050726666725745
10417 10233.0814224749254500113289501601797
10418 10233.5371391601184713533711481907149
10419 10234.4314784432798009075993361180321
10420 10235.4370228628635115042266839471747
10421 10236.0974773383191527429061631397953
10422 10237.2415371387439949762272158900206
10423 10238.0296794561870608833587153343446
10424 10238.6681250892697789986055638241038
10425 10239.5404774044777703574409716468235
10426 10240.3278039366678016141223591670282
10427 10241.2141776554474298992584603498729
10428 10241.4918537541817295923794564015439
10429 10242.8323159957348677328803468723683
10430 10244.1730442047219166201278766870628
10431 10244.9133896165116231011766963988979
10432 10245.8347798678137892975996398886804
10433 10246.4331783556903531564596192870207
10434 10246.9333262873510978791231690631755
10435 10247.7744141087889926389444905175842
10436 10249.0655892933154562655474006464709
10437 10249.6902785422974513904905697020502
10438 10250.6577908689714043016216945455857
10439 10250.8946775785867653583043294191712
10440 10252.5287963897584824212843308836788
10441 10253.1874009056266132073535200556742
10442 10254.0429116968274477752837994741022
10443 10254.8898481434336270203475685855214
10444 10256.0760138328537845364888243863539
10445 10256.6991406471199171334140930017985
10446 10257.3868347391575487191203184524517
10447 10257.8946975420414223672174342020660
10448 10258.7479465441017604962080809974990
10449 10259.7333317333110287197366722030157
10450 10260.6638663232221287380556285085654
10451 10262.1550240005748686559942408946361
10452 10262.5852511159563160742172792095790
10453 10263.3063736730666576541048087358824
10454 10264.3177921045348728853763371378827
10455 10265.1589023332562672534165177194159
10456 10265.5925900140418589967069863072015
10457 10266.9380701924065706339067429166694
10458 10267.3614776420423125455876257074596
10459 10268.4333949711151145970318192655325
10460 10269.3416745213376569728255788217876
10461 10269.5943949843202824296101105600411
10462 10270.8536446602348218270219909600258
10463 10272.5323334104879657677382431489533
10464 10272.8962135681664004157540396478612
10465 10273.4616897081288896725369880559446
10466 10274.3959134415703667802188987422484
10467 10275.2610441628072567118173228152345
10468 10275.8823007625967928014479953721103
10469 10276.6034455031811762586821429012712
10470 10277.6805303693169930718456627714329
10471 10278.4138560846518150490065261377998
10472 10279.7927107044718936173584844975615
10473 10280.4606276090003953754904272129039
10474 10281.1943287030355298367449807878407
10475 10282.1653463101822705943560282351825
10476 10282.6141289089614733904122227742361
10477 10284.0161286494787104377593247859006
10478 10284.7760824424363653217088573983084
10479 10285.2480816346323446151910629368625
10480 10286.1391355847037992422113875651801
10481 10286.5652197190511955983956046826258
10482 10287.8387068744944253765360297299975
10483 10289.0309666163338673471248910013008
10484 10289.7040130724740734358441231526927
10485 10290.9552109979379310820165132475667
10486 10291.5506686523958306361718422123860
10487 10292.1925336901124515671579312869002
10488 10293.1023009581926992713498339870567
10489 10293.3403797457621508367347411326305
10490 10294.8008687632377794244143926883363
10491 10295.5553288383725069430619941226918
10492 10296.4927239849482836644027442596421
10493 10297.0227127340782789070742961528855
10494 10298.2655703103425617374984192429774
10495 10299.1552984269131796114380162521995
10496 10299.7869351045112521743590888357698
10497 10301.1078934081689362933296112321509
10498 10301.6596397608545973411382398129030
10499 10302.2074790118566868462956160599261
10500 10303.2171111865787324936918751973307
10501 10304.1776234986083298718043248897842
10502 10304.5292845980611978144640584489919
10503 10305.2040671032167988343857472043756
10504 10306.9377304375653534794292563909359
10505 10307.9532730572485900166615606071979
10506 10308.5061125245797231648628348975036
10507 10309.2710721449766679816909172663514
10508 10309.7146780907446121380802385533618
10509 10311.0496226831191902575257998945389
10510 10311.7000486192840293404442940715041
10511 10312.4845015049060691839252406369147
10512 10313.2697318742579630203457644791174
10513 10314.3285681847551968629447948689927
10514 10314.8147800214510872696144235234516
10515 10315.9320247076851751125283222866113
10516 10316.9185818072448529041350482454910
10517 10317.8403269252730102805167079593781
10518 10318.8601301310923897329990968421926
10519 10319.5329690802082790904462132264402
10520 10320.2885824381002883042406274377898
10521 10320.8718141514627855673750364635806
10522 10321.5304847729204897029398451056238
10523 10322.4907479731496218715751758478221
10524 10323.6040174661260730833342481864111
10525 10324.5940905140832003703742408642136
10526 10325.2223142360135479512944322839997
10527 10326.5971728486599325930803766308642
10528 10327.0603245581809124436711289738124
10529 10327.8642152683676151711470822587790
10530 10328.4944983785480331622474608580259
10531 10329.5734888122880943206584246525504
10532 10330.8182329126820173437893529549878
10533 10331.1436708193457165289856591025424
10534 10331.5908025854136784442631914183698
10535 10332.7757568559217085737114559562781
10536 10333.4667556085425162944674778530623
10537 10335.0837663972550033257535596158416
10538 10335.7805133540211642102192981232916
10539 10336.5099285119572525910804339617559
10540 10337.2075681837432992056769001008683
10541 10338.1454936709884247820464676815513
10542 10338.6126349992539578105245545367065
10543 10339.5973531718433000006106603164494
10544 10340.4491066293058605037194690683160
10545 10341.1804518826723868295215520775192
10546 10342.2944415781352408294262044981544
10547 10343.6120774232742981463732483388575
10548 10343.8190156912093787144847482788807
10549 10344.5794615562107610910109563480772
10550 10345.9693014018583586300162299070254
10551 10346.7751817693877545798688968006749
10552 10347.3740705143804011255785655581550
10553 10348.2723395599397335724824585842144
10554 10348.7849563413572553032178406222181
10555 10349.6777793368369309227387054911250
10556 10350.7705008550878742901282439253254
10557 10351.0485293027208482019534529993333
10558 10352.9100873294901337679437116098454
10559 10353.6066284625981164799949556315366
10560 10354.2968832532322723727075809000068
10561 10355.1793101384976641370212050858555
10562 10355.6850440703562986847056132692603
10563 10356.5469830442139968605749158821391
10564 10357.3096311804645996788148831292193
10565 10358.6847759433951382370836585373603
10566 10359.1278735238016775106539325481136
10567 10359.8284185069953468066082047877595
10568 10360.6879917727232341449353403256333
10569 10362.0221484018295602934793526278248
10570 10362.8130966144031052284982786229904
10571 10363.5690250541341986876376386923173
10572 10364.4677736882058524438956230244019
10573 10365.3109421110767639990223339087550
10574 10366.2941388638539006317103078153143
10575 10366.5607893934936560035072744222799
10576 10367.4057860624809989788455636961042
10577 10368.0508262839360058481804639878665
10578 10369.6164709991353657900244097125793
10579 10370.3963849424436013248159864710891
10580 10371.4021074480979975594318182091422
10581 10372.0079518655788592231560942319161
10582 10373.0500738342671685132907044548838
10583 10373.3397620869322345623524698233530
10584 10374.6342332146716947361398662000169
10585 10375.6033032096076801355657367632962
10586 10375.8089118915024177732231725763854
10587 10377.1200535655468013099672970459666
10588 10377.6869332567072819635482534157010
10589 10378.4991634340686450485445894823516
10590 10379.5282396853660930266736899377702
10591 10380.5671964663392705982709309147075
10592 10381.8563428737409653970615062286370
10593 10382.4654285388585722653679138715146
10594 10382.9447140371372271100927039884049
10595 10383.4199410416259710457983392946156
10596 10384.7558887541250435584014617172820
10597 10385.2526745348188475390706657309531
10598 10386.2735108289942856239129939621777
10599 10387.0046666529047108521098476790262
10600 10388.1975849429517094659131706543479
10601 10389.1897741443190685468610793347167
10602 10389.8390785970730668662699802066036
10603 10390.7146531253162072615534377993035
10604 10391.2454524406670050900903522726783
10605 10392.6742816570636047104712595088821
10606 10393.1823593577306879465336603067955
10607 10393.9371827661245634666674714197459
10608 10394.9040746875805490835487485739174
10609 10395.3081097754498781254703809290713
10610 10395.9948349707680236294649797037652
10611 10397.6970151729817898007497332806983
10612 10398.5475129552470368154263328517083
10613 10399.3882723773271182015893711017864
10614 10399.8228381293659087221043366525668
10615 10401.2556660487006800222922751794813
10616 10401.4530584591210148929924274046576
10617 10402.1998985973968926763901574288865
10618 10403.0178854992583457937311374014977
10619 10404.3927290790138916084610109253224
10620 10404.8797625843343011252261489643611
10621 10405.8510339872737770426129745287819
10622 10406.6122035250953217574444971753954
10623 10407.6208763039384456963351619148633
10624 10408.6369011603103206511094979429458
10625 10409.4626829897415932038902823770942
10626 10410.2132278413357595346808568334657
10627 10411.1590079549555012600399500646043
10628 10411.6082523188475288277424314574139
10629 10412.5110732865165801692887231935337
10630 10413.1814606301973886517275335218738
10631 10414.1833918680147661580631839639175
10632 10414.9614334125959410852606799840427
10633 10416.6132805874975224364743827720395
10634 10417.3227578669095023650972416011920
10635 10417.6067376577607427960430854817960
10636 10418.6596571680208917850605806505650
10637 10419.1279409334614672380516398241745
10638 10420.3188118994842860623345001602255
10639 10421.4337665331485240810757409887029
10640 10421.8629776514757949750489414996418
10641 10422.4094336564495626398190724153996
10642 10423.5287385831138155996670800220143
10643 10424.7177619687774155136024332378423
10644 10425.1271825560413916178649849596964
10645 10426.5542127948265602213431238530843
10646 10427.3277969426609626817217212839245
10647 10428.0578942558156189251148355847556
10648 10428.8847835582039845945728257869132
10649 10429.5196156688088582915066523745767
10650 10430.1478320968442225601614409247506
10651 10430.9576439982068922920055544238670
10652 10431.9774944477992656118865088247452
10653 10433.2206625489109644578746471238750
10654 10433.9057954474770857540759227857465
10655 10434.8542080485487922127383194424147
10656 10435.5518980184857830425927102842223
10657 10436.5164685260802683013127751205002
10658 10437.3715295130327843781376931503222
10659 10437.8939281206496027493546783175762
10660 10438.9642631459164022078386863298513
10661 10439.9146536890560733699170827627251
10662 10440.5162162253899288530036319908468
10663 10441.1534355002406013425163886442950
10664 10441.7948161400026913111885720644731
10665 10443.5144830059256068158053618531396
10666 10444.5099204108213898572145044410726
10667 10444.8784753742391376040859152078620
10668 10445.9580332096622265203935550550159
10669 10446.4905234465272366630819185794184
10670 10447.1460609360392485795801822917876
10671 10448.3700340223696902023797320369218
10672 10448.6841085325906936376641730919679
10673 10449.9545353497303932553983809289651
10674 10450.6765169316736393563812728117501
10675 10451.5945224190112156422970400501723
10676 10452.8446526680409205487664836600047
10677 10453.5028546641285827393867022401673
10678 10453.7631148022158944762639636402224
10679 10455.3907373134749471844869717185188
10680 10456.1514829203509409357464697331545
10681 10456.8408503789651257161669222685485
10682 10457.2312154035263372568471541538216
10683 10458.0927979414391333404161627596615
10684 10459.1417842001095218627595439406852
10685 10459.7583723506705993089139006675494
10686 10461.3117933105303371961994888690923
10687 10461.8188176271812672429132741705594
10688 10463.2156868327778055362981563841460
10689 10463.5868430267110385479743273748338
10690 10464.1597573404578614446823140801151
10691 10465.0139912444848452352041489661629
10692 10465.9611994409047485481918809893065
10693 10466.9038635943294067532262157033367
10694 10467.6468642904787434796544036243254
10695 10468.7102198887413240766759568609085
10696 10469.0046144921246354385158388431790
10697 10470.2291300041473586985945752612627
10698 10471.2561312354708669534160178659304
10699 10472.4135970672992340072482799744600
10700 10472.8977095251945629585703284518285
10701 10473.6636167709081531180143202690094
10702 10474.5207442620284779936981741388900
10703 10475.4240745159384115704216560950264
10704 10476.0133513964665387262379327394435
10705 10476.5605691567661727103881752745507
10706 10477.5810478319200287914658693417212
10707 10479.1949519601628619672116082226257
10708 10479.8496581500696662302254070879786
10709 10480.4615974294628645753813967206023
10710 10481.2583846923269581804634836375003
10711 10482.1768188802891930805253572879480
10712 10483.0049039937891742011981153734970
10713 10483.7666639454121704895249248498635
10714 10484.9287523609772062614593091148928
10715 10485.2550872280384426950956229581995
10716 10486.1081309374147257729796231982546
10717 10487.0319645271354110632873514062603
10718 10487.9630824571477272685026110943647
10719 10489.0045710190507574123021657565181
10720 10490.0677565937944114895385192594991
10721 10491.0097903088583065816855348997902
10722 10491.4467723985316622215466757810156
10723 10492.4275042659703454665573958190823
10724 10492.8869088478578106886076039595764
10725 10493.4229483589500621824732233263743
10726 10495.1865347437970287638681342105586
10727 10495.4434959397068925708053609995271
10728 10496.2465561566572332889626100528489
10729 10497.6875933382012085556043304442215
10730 10498.3341054994585429242068463523475
10731 10499.2018114062213385833670329885221
10732 10499.8023114275464349214931701654841
10733 10500.8082625512489830820084769118630
10734 10501.8386027983692441552424902164599
10735 10502.4912734397982096519188824893344
10736 10503.2072883125677967122180049222150
10737 10503.8869558084986346432283023279779
10738 10504.5500819397547142837841269447691
10739 10505.6489397102295272433963728036244
10740 10507.1199707190620332480414957261303
10741 10507.9491388718215092986411775464252
10742 10508.5231382517108103403571803176081
10743 10509.0145179743334718854687560573770
10744 10510.2292116757514524124106627805341
10745 10510.8331799511565331264992305669093
10746 10511.5617113407420421237776352994653
10747 10512.4548235113442308714081042030633
10748 10513.3433445683167157879131330688109
10749 10514.4430238587569064783473269332466
10750 10515.0841804615099435182911299708217
10751 10515.8641736625366868843097220878915
10752 10516.9496117663429673800549091616189
10753 10517.9219544279788471504739559531598
10754 10518.8985604438140520789650996263513
10755 10519.4751149464150026017898190145275
10756 10519.9322095365395131224043040453397
10757 10521.1453210251304706812682672394430
10758 10521.6562919266154957887318097763445
10759 10522.3166412036574919630847524598297
10760 10523.5502032392768165926224900093282
10761 10524.7520336628518645752474346982816
10762 10525.4353919043320212717640719472862
10763 10526.5904931065197131669790480598710
10764 10527.0421150790581411865568161976000
10765 10527.6455094786553549230148096390498
10766 10528.4047736649526242744468775480852
10767 10529.9258195585730394897718196094342
10768 10530.2211766726488214749432203271380
10769 10531.4067983965872406465545107248581
10770 10531.5613988691129375648297812024754
10771 10532.5996586842297934534399969826809
10772 10534.0649332405554553545310922767747
10773 10534.7842630039486365580151987526937
10774 10535.4901705663059489033181709319496
10775 10536.6650847008528189387872817900035
10776 10537.3550663742678301456102434528565
10777 10537.9265031276873842800039330066599
10778 10538.5387115792710425289521308276742
10779 10539.5774333127127487270950246267460
10780 10540.0855010438874057362535260611355
10781 10541.5242555335691121172099674085931
10782 10542.2791671052444276892043520426809
10783 10543.4638245056338132832690280738722
10784 10543.7925066981734993966592958346451
10785 10544.8557377832889188138217071594731
10786 10545.5547477645652624860568555346136
10787 10546.8625868541529928704469400375526
10788 10547.1533705124956416145004048825407
10789 10548.0235049856971710320895011672109
10790 10548.9564571899687859427896618198323
10791 10549.7149291409262309938464260561854
10792 10550.4546739621238379890858442178669
10793 10551.1395972903869807230413946433356
10794 10553.1680034694701309638966289989156
10795 10553.3429836133539250871346783208765
10796 10554.3175281610508288408858738082808
10797 10554.8239802577279008449423361106242
10798 10555.6465985897830610899677460143370
10799 10556.5058827965034062753334415354019
10800 10557.3158876461529910841962712219697
10801 10558.2131434846020780737314695760525
10802 10559.1379734148365593342657303632607
10803 10559.7733228321211803836004432878755
10804 10561.1552352429318681829059555625279
10805 10561.7170512368616370498924057205985
10806 10562.4762430917087127525149249876169
10807 10563.7799791662714168722944882451789
10808 10564.0066926788513439924340716537895
10809 10565.5187092882858682236084762421684
10810 10565.9131825116871874002914402342605
10811 10566.5877721026859314480743826666987
10812 10567.0013200484179693075179490156537
10813 10568.2213882968714163747815874972936
10814 10569.4333777468555748056588187475914
10815 10570.4565900294403533633780892499129
10816 10571.1446179421556451603496469531378
10817 10571.9821779521637517988895562385632
10818 10572.8976646024525057054519108552585
10819 10573.4915519906295040375375329076787
10820 10574.0484930586212664352919890582068
10821 10575.1498807926246415330108179577624
10822 10576.2311192362313908226298439971906
10823 10577.0030255948059270642498504509609
10824 10577.2449540662375513784951031602531
10825 10578.7529762412640191003639257009637
10826 10579.2609688352893763700109110164914
10827 10580.5335371951699702345375378084958
10828 10581.6700542584010693475927145457982
10829 10582.0128891145677441986131222869437
10830 10582.8122085832011216703452931019175
10831 10583.6333120148860931900487960133052
10832 10584.2840158173549960529051315028537
10833 10585.4435949793407284007527845517612
10834 10585.6828456191797417398428348931401
10835 10586.9241538413734697370039713275695
10836 10588.3593214614809235683036362040020
10837 10589.0486756272602189657125944125611
10838 10589.7397786700542356521279289015023
10839 10590.1801349412752600941809991383558
10840 10591.2376312245803420129756040832773
10841 10592.4351705205148399474508150454065
10842 10593.0158606727578868315506951561942
10843 10593.6840517846997014944533228587859
10844 10594.4820736704689785976890757132090
10845 10595.4863253071821628708717279095124
10846 10595.9075107671955988726093607702432
10847 10597.4203763779044042339827871188719
10848 10598.2820715405694471483190207134342
10849 10599.1361706599491548348553358799521
10850 10600.0411484025408002988743347527321
10851 10600.6236431623594573178615868733219
10852 10601.4338957727027439301448042899578
10853 10601.9552959095016102704601279852559
10854 10602.8043899625793966014522807173283
10855 10603.9394753162755642715985494532806
10856 10605.0173447879052936644314955910805
10857 10605.5879579008879522746999301077213
10858 10606.3906101043757880069501783049782
10859 10607.7566018162971947163978279388378
10860 10608.3099204528989358514911390977761
10861 10608.8927957966612798044767826645765
10862 10610.0779475839643024734815799438363
10863 10610.8480823764866986726762475991431
10864 10611.5370915260120022419973646761859
10865 10612.3552339325098322747863083716642
10866 10613.0791581136415729264530910011024
10867 10613.4686422329055144571791142688817
10868 10615.2464877547909785534081523185803
10869 10616.1624215381798054468211521424263
10870 10616.9365553293556991810883620649618
10871 10617.6960351204523779821394706096252
10872 10618.2073992749267091410847555341320
10873 10619.0954531623874127823478072602430
10874 10619.8967749599595608460084415779846
10875 10621.0265449854497098423058611870228
10876 10621.5820604256604692815870749265629
10877 10622.2296057399692754275452843391672
10878 10623.6379181227780241746403653024102
10879 10624.1986445150318907761429474761640
10880 10625.2212557981378707663744277066337
10881 10625.8063877427157267285117415146486
10882 10627.2982799968853236652623783020740
10883 10628.0164744415452069388845934738488
10884 10628.2705943887367921475263693259548
10885 10629.3278552840771502663611749759550
10886 10629.8103193039255601435578045427967
10887 10630.8432716800860914833058699577197
10888 10631.6436946842446771733527268822426
10889 10632.6897473257713537839351810065674
10890 10633.9215496326235167483287801495639
10891 10634.7709758880953896487284886130918
10892 10635.1776342963506691807111864604273
10893 10636.1699282042356145353144434645640
10894 10637.0217519075621677246254640537101
10895 10637.4489127888277101649867087703879
10896 10638.7822629063608575690695841333051
10897 10639.6175641205773939106728828863810
10898 10640.2014434910052979490940756306042
10899 10640.7796267386500427806105347314399
10900 10641.7610705752509077340183267911949
10901 10643.0804471704757757220878236503689
10902 10644.1887629707069812319404715769330
10903 10644.6924213461374384070639715786445
10904 10645.3220538775721531800781225367137
10905 10646.3777254985143359332192483047275
10906 10647.2477344859812878489739511458552
10907 10647.6850956952771587306288416289459
10908 10648.1892252474091644189184179014297
10909 10649.6630155397634542813955121717854
10910 10650.4006979691455300012035012812182
10911 10651.6321325825574845978680871451281
10912 10652.2137943568947008458665684274025
10913 10653.1609117368672405775609399411362
10914 10653.6388813195714670328447012346526
10915 10654.9356685173429164225106105776384
10916 10655.5962827441764826704132299330540
10917 10656.4608108642887729877259946968053
10918 10657.3024348170689211099326555999637
10919 10657.5698133212281089345900174076231
10920 10658.8213471854119761237064942185473
10921 10659.5355567882553616748966575799401
10922 10660.5765334521141260651325753825038
10923 10661.8491385905029878663700314964556
10924 10662.6543558767391608111763485374949
10925 10663.4537010530675886315655359196310
10926 10663.9003886686037453173720241202362
10927 10664.4032376700712686618763727218609
10928 10665.6058491166277776225170859640918
10929 10666.5419958182544772123264363533380
10930 10667.2673278613099920435721107399123
10931 10668.1038738690789314740233598231869
10932 10668.9010334183609891070365168158042
10933 10670.2837411711923555260019070764903
10934 10670.6260737692708228164021437882389
10935 10671.7214326569864686941324518790125
10936 10672.5073354522015077781328914320796
10937 10673.5982144266843120234697199776864
10938 10674.0476588677243026827402223061041
10939 10674.9948522956441966496691161415162
10940 10675.5927102491298984494473937512669
10941 10676.4023421895453050596899987150312
10942 10676.9093716618128447661339344400071
10943 10679.0262511781406859675246258648044
10944 10679.3835322756745427555025307370289
10945 10679.9442940552938563800583290246167
10946 10681.1254032187086366871402944163654
10947 10681.7343028867649066765210739355728
10948 10682.4407869242045468300688462922147
10949 10683.5429399676293158943836811332904
10950 10683.9290315445529759263143871274399
10951 10685.1454818848778500949450180894356
10952 10686.0525516094370127390362184023309
10953 10686.4908215200312874704848837374915
10954 10687.4632349127390260229126302582062
10955 10688.5975025810788568900179689006842
10956 10689.7112521775820486295678902394139
10957 10690.3055133503192804373102886980016
10958 10691.2695883998986926563848090415169
10959 10692.0509864524945038295485309461646
10960 10692.2315158300587941920330691034655
10961 10693.4288735822593422817086574121137
10962 10694.1519965529498566325897910687266
10963 10695.0982173524103935163779809196276
10964 10696.0335777599011714972730935178493
10965 10697.1817076578529404563869682037264
10966 10698.1167659661512697864363726632998
10967 10698.8400500602508356039419343384589
10968 10699.2039544341900855849191516743362
10969 10700.1157508483364740114912608258794
10970 10701.4596473667853723040125142629868
10971 10702.1965191815055361356430423994669
10972 10702.6485590348449471700575875140382
10973 10703.4097205954650936218829203083986
10974 10704.1483214024223442823799890758479
10975 10705.4114357028727294854113263430582
10976 10706.2460419884264431169485890393132
10977 10707.5554504780719901827276343052764
10978 10708.0198723975308784336685946479218
10979 10708.9218626442970947545414156842647
10980 10709.5648454737814851138413381456201
10981 10710.5030639461079983032468298055379
10982 10710.8904805122131470156846717624878
10983 10711.8507347308847348764633509554142
10984 10713.0598482398212461000745839047716
10985 10713.7214625583441442785294700150103
10986 10714.8853831054383794301184735276715
10987 10715.5573454161150824145221527214841
10988 10716.1565737148892514421811163227276
10989 10717.6202080123269386675955418713542
10990 10718.0794217292926927647092814315622
10991 10719.0701393570506127596380747983074
10992 10719.4337176457258057626429308332596
10993 10720.8868183553818373210548649564208
10994 10721.1314316774010932909924545379552
10995 10721.8607505881557417062067543456142
10996 10722.7341069977454635384734665388347
10997 10724.1941821558747790288231095128989
10998 10725.3515930037088452015593960099482
10999 10725.9500458307874842149796126046882
