9000 9018.4244756103778825645743173992729
9001 9020.0724936018385757584048846185279
9002 9020.6460171174770965327890269385825
9003 9021.2570369372575585054471126935510
9004 9022.7459343527859155623148319072850
9005 9022.9654880332764097064166025959960
9006 9023.5651937740284620513371294853169
9007 9024.6672459925808307193054739731100
9008 9025.6285595336851716758228912303151
9009 9026.5217139700032972389382151259804
9010 9027.2315048031924076491086544246494
9011 9028.1068364575238521787218665982181
9012 9028.9870813861352725039099001276203
9013 9030.1476319565725677100790831452422
9014 9031.0329767767853526889224461525358
9015 9032.1497388491340870763187356951480
9016 9032.4442586213479895190581882316260
9017 9033.5157208304127604174399592743367
9018 9033.8540348460026469656396514449658
9019 9035.1689493675867191339242669826912
9020 9035.7490590475831840494935274875927
9021 9036.4293066135037914997155799778390
9022 9038.3022104727370522391123935474215
9023 9038.7447983761636511747518185248547
9024 9039.7731787575225310910457361060620
9025 9040.1402088239737932327667119358647
9026 9040.9754912316561448452387740656547
9027 9042.3138659961795273562092486719123
9028 9043.0194213190693356393587217500026
9029 9043.6107729710610322767328843805249
9030 9044.6180711478058555616697453181184
9031 9045.1085908823629306768539653767665
9032 9046.3150297016481158876751600968106
9033 9047.1788989212225964474598456219604
9034 9048.5885545052739067934360151206904
9035 9049.0879378021357874041055431798345
9036 9049.9927148674480611223059426126070
9037 9050.8822056325553330989424933568827
9038 9051.4285090006656535406042145135069
9039 9052.2243393860759516317575582591130
9040 9052.7554172313054371791502476516551
9041 9054.4001067820616484068515999964047
9042 9054.9312640721165871213666061510655
9043 9055.9052405861007443048146240045647
9044 9056.7853519564679910458103797882239
9045 9057.9302884443214298945368084267535
9046 9058.3527313420058485785385455489277
9047 9059.6952017942141109306239143913479
9048 9059.9015507407164475206191275531785
9049 9061.2610102590744079559065428492781
9050 9062.0103754282855637295446282283731
9051 9062.5566408228809601355588821270044
9052 9063.0659876661020971395747807035948
9053 9064.3986470131085014423956925463021
9054 9065.6764450113007382099792341780755
9055 9066.7159372188611797306786260382988
9056 9067.3443191235178075215268736127629
9057 9067.8906930260525176019527592623240
9058 9068.7075658908110846673818664925643
9059 9069.6518640137498024297987225576538
9060 9070.4198206524255082797872159960914
9061 9071.4852750932950352160592382135587
9062 9072.0688901181898239353685145117182
9063 9072.9504819891260844294567984798753
9064 9074.3815517809229531495498637918404
9065 9074.8697558131350357424814049158260
9066 9075.5398003909433153533344172612182
9067 9076.9053425622639367862506386840355
9068 9077.9411931631640452360598858800091
9069 9078.3888131488488192264751630724840
9070 9078.8850688099887361974917152576398
9071 9079.9585946885023424581645177622033
9072 9080.6002788367557339912929484931383
9073 9081.5250296407372496065142551251040
9074 9082.6874591660142852017837524712557
9075 9083.8176844679399997515967810519586
9076 9084.7191893390485033184427119637262
9077 9085.2619910061977028888203991697164
9078 9086.2167914420055277707929071689717
9079 9086.8540646289983933168266838432763
9080 9087.6199890589937304509060610015528
9081 9088.9089884998871020580831045068590
9082 9089.4259986021726798520967220305917
9083 9090.4989886622230283081164314103552
9084 9090.9539670305211596555530891038156
9085 9091.7783858076896361133372194822370
9086 9093.5545405927224207360691758954539
9087 9094.0806537388198056302538429433121
9088 9094.8179361618487977914994781163636
9089 9095.7072833648578167956292561769712
9090 9096.6115892384392355226226580792090
9091 9097.1641507233243254182925104025207
9092 9098.0921154172318342149560219732560
9093 9098.5320421670582156530251620955508
9094 9099.8366356356696206723965109461553
9095 9101.0423742408850536385650383712314
9096 9101.8852508298547348380668486151524
9097 9102.4974809710784240103695598409338
9098 9103.4937870944564112033140238868413
9099 9104.1932561415060208148541911194091
9100 9105.0749208296358603422095235130799
9101 9106.4741615468302515475814195660638
9102 9106.7052675475450498223038667506469
9103 9107.1912026635759997810268403976979
9104 9108.6136431840540903031559827886280
9105 9109.0239707755067661772031497395215
9106 9110.2303865146616481584560533876298
9107 9111.3750848786347398803234664969843
9108 9112.3815826104461745640907511728506
9109 9113.3022978466719520239563183383603
9110 9113.6587972821700796934834692379995
9111 9114.4448534385400778036616327868046
9112 9115.0429306361922285246392361673433
9113 9116.4244053144491531159422488578049
9114 9117.1370583299196368020497424058925
9115 9117.8609680251577972371856602455444
9116 9118.8109442474239535813340803465139
9117 9120.1162815929677745682110028586685
9118 9120.5692643169773134053392452257537
9119 9121.5849022449977114308264420483193
9120 9122.5049652109557977449318532761129
9121 9123.3938549389013612873835104279104
9122 9124.0848743922715856823886306551668
9123 9125.0596771525731603007814862622606
9124 9125.6042477381020420872070482671096
9125 9126.2354727966943271260796114094652
9126 9127.1213926910250715370161360583912
9127 9128.9459622374361440525779605165222
9128 9129.4730009535571526446877690097347
9129 9130.4467016535671635836332928182524
9130 9130.7681591707918633765854904711955
9131 9131.9573737125142054518752183088420
9132 9132.8770222762698969577106281051412
9133 9133.2531327221654832417814224648752
9134 9134.2991369501223650145041131514076
9135 9135.4274573344682596590060519481052
9136 9136.1396019937917058149932502946444
9137 9136.6791964364976138794254238854189
9138 9138.1059107791590863868505649662645
9139 9138.6003827896201151353280050474111
9140 9140.2319698182138807737354423476296
9141 9140.5782596971251524799541691774706
9142 9141.3571793623335581065078516064303
9143 9142.2665232199289032386527099022337
9144 9142.8369077087154607690248486096110
9145 9143.5969779396333396391643364560221
9146 9144.6199808202223481767025653664670
9147 9145.6385223221601755966360122369625
9148 9146.5263584055057601831828131242171
9149 9147.8088949630891229631491091672849
9150 9148.5550471416363306629550597306882
9151 9149.1179968495567833290337742343957
9152 9149.5581238530390565477262573649711
9153 9151.0264551734897626820991005696761
9154 9151.8176721003581326520775144227162
9155 9152.6490185668870683391208855756389
9156 9153.2678087496733686174346894441845
9157 9153.7402000956227258850227141681842
9158 9155.1111342651443372827246425921196
9159 9156.0880262324125429051199601248228
9160 9157.2008538601863704544487651786560
9161 9157.9576034816441808734555716160030
9162 9158.8301168972504625587316359356684
9163 9159.4388249749850197931025220602155
9164 9160.3538477110559305741523370667913
9165 9160.7961394184193275290626873030653
9166 9161.9264323399439431493986784496201
9167 9162.6270752848940580458915298411068
9168 9164.0112585687511401279065150831449
9169 9164.7650214888826326826096029246347
9170 9165.4486634143862763080198277151425
9171 9166.3817343707443839333347884159567
9172 9167.3824474229100648056229547764788
9173 9168.3049258781135995724197015333454
9174 9169.0056153139239353975439515578793
9175 9169.6896723104576321694189479417024
9176 9170.6589461136241932026361058914573
9177 9171.4020138205875874760419667143356
9178 9172.2133217822183709839882146056805
9179 9172.6839104504227604423754679354240
9180 9174.7994482483754311226735096123006
9181 9175.2088358812289481659734000452636
9182 9175.9274583545401290438492707587246
9183 9176.8910171235396336948778312517267
9184 9177.4792088929781499484427494270876
9185 9178.1303775983333798304545158140283
9186 9179.2859797557039220236643559899893
9187 9180.3211133957971909857822487016136
9188 9180.7392869738183093314772609857345
9189 9181.7029742962868158944942305395349
9190 9182.8111739847728278982999948320863
9191 9183.6998375383273584072525001012426
9192 9184.7671944141829609796557240693047
9193 9185.1360006091798517105470322039534
9194 9186.5781466363900935116619755640037
9195 9187.3450868895687071726898917127500
9196 9187.8114970323580653247956309458428
9197 9188.4648295627246214737463553181683
9198 9189.1873132152684856720716776402956
9199 9190.3667793641162168038527352129291
9200 9191.4631186561159845211054846707855
9201 9192.4386916539343298903119658571883
9202 9193.3689118757335623912043850999188
9203 9194.0364975832559024293723964550651
9204 9194.9986180700274956205534180985470
9205 9195.4159933415598064076808228784767
9206 9196.5413768224981330473301825598035
9207 9197.3757930247689918940477326152379
9208 9198.4287515545674947769228704255555
9209 9198.7893474912899680599772515584141
9210 9200.0067463440354040616516898958489
9211 9200.4510775714624640638521584952643
9212 9201.8374348327967194065576590916489
9213 9203.0509414906216742752354819818612
9214 9203.7617901009447195708087754557339
9215 9204.4499303545772805513027219380587
9216 9204.7607082584130196642449129273358
9217 9206.1653507915975400717906608683558
9218 9206.8473754162457989975605157798468
9219 9207.1897503285595958874562789383676
9220 9208.5204141529578381560037443205120
9221 9209.4809330561576174422363381189225
9222 9210.8739789742900702697889072476434
9223 9211.2202206226753065879058500145160
9224 9211.8783266138389309299077553947669
9225 9212.9425430180365181059399920818541
9226 9213.9534572424969743057216087819854
9227 9214.8098153828559883491225383983342
9228 9215.3830636067005069192893930378144
9229 9216.3964998831333704074506237449305
9230 9216.8891629986373620261184884795052
9231 9217.6324136267110479619827293532465
9232 9219.1250652656638500094823081083372
9233 9220.0200833912392434352194193980106
9234 9220.8521379817118822522694906533445
9235 9222.0007982877707855884047881088652
9236 9222.3540475604821697381294586155285
9237 9223.2378590707930826180657695661507
9238 9223.8700460962921789636193023247212
9239 9224.5781634244451382311235887936379
9240 9226.1732159006098132482914324135279
9241 9226.6257627999385689812033409541038
9242 9227.2621949714006534881078517607434
9243 9228.5021579917021895553329068504052
9244 9229.5583641293605307745993250813902
9245 9230.1607047789908673268142446770701
9246 9231.1163415466481828495841689822269
9247 9232.0825940976910391371706024185069
9248 9232.7645576165168559087920966446717
9249 9233.6903665088989982800972939174533
9250 9234.0864016797743495033390442552624
9251 9235.3090743057795833391122229561819
9252 9235.5206690168880342372819164223331
9253 9237.2558257679333192870024153139847
9254 9238.5255241784813703390061382937240
9255 9238.8731621181268655490274608392052
9256 9239.5997604453831662729054559763852
9257 9240.4633184065551520616538506271954
9258 9241.1689272334866303516036997978015
9259 9242.4387470555460345512954607121825
9260 9243.0027271447727648765765577245729
9261 9243.6296254140731510659949384997295
9262 9244.7222561546604420931062283480545
9263 9245.7303172598717097818522720512733
9264 9246.3724792179699655495809551342581
9265 9247.3236820089306260182107634437757
9266 9248.8596644279329213110179523536263
9267 9249.0971342448135185346803909609429
9268 9250.2172325516862606690172694573487
9269 9250.8502687311690248257259707390043
9270 9251.3253320099195862424678484058295
9271 9252.3019826604028933199140475793038
9272 9253.2668958778833539078280478032773
9273 9254.0399637502174457079361934885124
9274 9255.6292427349732372319436892016537
9275 9255.8703071593658254737264512693511
9276 9257.0909763695284584461980545107746
9277 9257.9228510522072415644610962881939
9278 9258.5131979888894579852977853302849
9279 9259.1994904968878873963507679312858
9280 9260.4626860895418350844926325191201
9281 9261.4109177521962305142726313758404
9282 9261.8326155309321992786161625398544
9283 9262.5719053414200280681736527868666
9284 9263.2788638993339289945233131748311
9285 9264.8085555107635160106473035516631
9286 9265.9149993390881865769656766774680
9287 9266.5233555862815710621545450830919
9288 9267.1576373771766348579534234075295
9289 9268.3598850836659135551356509317124
9290 9268.8466638364677497223860512422733
9291 9269.3853126040528756125107645894723
9292 9270.5049259284909874485906785272513
9293 9271.3010281185850552381095710954571
9294 9272.3941026871915693221292570263889
9295 9273.2668431985058983376579676031430
9296 9274.3381338398181220779458608904786
9297 9274.9863759131773401463319720620781
9298 9275.5555124617660910345595093399758
9299 9277.1605144445230881210601917100500
9300 9277.6087683744969127957843867710639
9301 9278.3562145461188242877416111444200
9302 9279.0409330777373699306797301797009
9303 9279.9382561609050282864082482647400
9304 9280.7692675934538141743452343450407
9305 9281.5374387931740934372841256407232
9306 9282.7342889372015923959387178430429
9307 9284.0936816750761985030342086358840
9308 9284.7624784369675026478882335919907
9309 9285.3441596894016380774070030310660
9310 9285.8494311189511490544657098790589
9311 9286.9015691640317282745532445661125
9312 9287.7994275308652502119386782588700
9313 9288.6576788610497961341910606144221
9314 9289.6347164927918749273097341713130
9315 9290.2384725581063791581943753050661
9316 9291.0711499490479079061796786090245
9317 9292.4501510193309132643533051685470
9318 9293.0203715727591546421401789804955
9319 9294.0770997961364844793754758403680
9320 9294.9944142859807220084094200943536
9321 9295.5642234718258888793970931298469
9322 9296.6070472732300027587048263783592
9323 9297.3285978215787931650265345596885
9324 9297.7914170946741436869895345591281
9325 9298.4158229542589843347454797562892
9326 9300.1743047053448808438913753993623
9327 9301.0955049720856004163349057992697
9328 9301.6306778616776333323549821188303
9329 9302.7611691623203875339812812606129
9330 9303.2388525844141237392793218814799
9331 9304.4781690977399036134458287607964
9332 9304.7472191529172276745756613651511
9333 9306.0029253828345741611415472819768
9334 9306.8080986675260653042112775270593
9335 9307.5011441543875283843083845349303
9336 9308.3976875778417427104675159092049
9337 9309.0593072087679387789586795022604
9338 9310.2941828227829330224783015043734
9339 9311.3942633907121431125337865224377
9340 9312.2870900105118602441427716019978
9341 9313.1371109767170867557293110404166
9342 9313.6420417866285164744560229852954
9343 9314.1917675559170459629129137730506
9344 9315.2577770927144603513601108613624
9345 9316.0919937966803112679610609758398
9346 9317.2214783603781372184233638121338
9347 9317.5208643813802188202888413716803
9348 9319.3379001639706202091199005375876
9349 9319.8277951943592686789845191979022
9350 9320.5929133643538577847953669748108
9351 9321.3550374647800162458886956564429
9352 9322.1998589757957727123590637627681
9353 9323.5799038353332072392141041178405
9354 9324.0386429999463048950072295209516
9355 9324.6624780308829076722527566536802
9356 9325.3598910184100062209136168821557
9357 9326.4965937903606682183354204176262
9358 9327.0293401764121552930260915042260
9359 9328.9372762100589418278405808075992
9360 9329.2359404100457427658457674223777
9361 9330.2306595829792208875739772839754
9362 9330.9218341575409747851250713797730
9363 9331.8758382109822505839566626706081
9364 9332.5455357090512627519446185123552
9365 9332.9901777772221133134751751748310
9366 9334.3058987791709626090850658105749
9367 9335.2064891964224509553048676340569
9368 9336.0315111096786749843054503448079
9369 9336.9664157198952694077755764956385
9370 9337.5355060271812764364545671703074
9371 9338.9705327546902601099673956279675
9372 9339.7342067121019680469201721963238
9373 9340.3360050104040678773219150717448
9374 9341.3408221961023925208504343336556
9375 9341.9995745960021145513544603178572
9376 9342.9239021560850321893011936864601
9377 9343.4787615449746522748058947814237
9378 9344.1899039724165809809736801483874
9379 9345.4739349899555483128205653501774
9380 9346.9096262434726944379588610276295
9381 9347.3508867622783806904359031274104
9382 9348.4121534063056651043156111478859
9383 9348.8474387919574425688544703144271
9384 9349.5341748255017297488701809972682
9385 9350.7018230593004625147075871736293
9386 9351.6401263435431270962779935016972
9387 9352.3996632675646170151168858762222
9388 9353.0144531034465447889706604204128
9389 9353.7435067609776811398460928877130
9390 9355.2351061578494908052837517622495
9391 9355.8201759818318849599700978693548
9392 9356.6730337974179458202598362208106
9393 9357.9705138896101959152908671130225
9394 9358.8386755575779859349466413980826
9395 9359.0769034055172338103695461475955
9396 9360.0250574150791174894732796278865
9397 9360.6823142606773852895677618033917
9398 9361.5270525325093767924772912988426
9399 9362.6482147277405212846177240582664
9400 9363.6900165449675839882165567196831
9401 9364.5324226560356018996966815477479
9402 9365.5655613786964940975681559297661
9403 9366.2634852451080160645714991377506
9404 9366.8564521070481975551563329398607
9405 9367.9946215582298115892870013694695
9406 9368.9009181583181991879055638527632
9407 9369.2648750344562094097392674401729
9408 9370.7633662350017334347847023457921
9409 9371.1787348145276696141653565246346
9410 9371.5875999901859177087924475810336
9411 9372.7847519749357166570458785733044
9412 9374.3795104501598488242076235203040
9413 9375.1707950011048773914304245135078
9414 9375.7365375211419033445564234100892
9415 9376.3281302295206519855168530254657
9416 9377.4506511336454117554916091939161
9417 9377.9837025944251853570868962608339
9418 9379.0184379250361327636585774952201
9419 9379.4943441234855067481806859053459
9420 9380.7938736891440879178072821710911
9421 9381.6758404851153048161996495332347
9422 9382.5604408045469132070996844323303
9423 9383.5683744175045417433694370414751
9424 9384.0904514591501588226632187607428
9425 9385.1103591643601843524723197574366
9426 9386.2349140190488712626649791930450
9427 9386.8886122078339907947303975579484
9428 9387.7338327722154424498481846071866
9429 9388.1218027836923017181108962145836
9430 9388.9791696042104112278653848174513
9431 9390.0904665187189866556114340087544
9432 9391.0497643684481337995138531327307
9433 9392.3058525285079648286701728092408
9434 9392.9644771811850689364161899612665
9435 9393.9847562388545728956174000978383
9436 9394.6897840152362036346343793608187
9437 9395.1034160358482202879439734280601
9438 9395.8263101473170383140709340041672
9439 9397.4725642468706726456191500186037
9440 9397.8182676251280040499892615360048
9441 9398.6188688918828725877562679467456
9442 9399.4942068315806363591307502856709
9443 9400.5808713035458460045670172877552
9444 9401.4275166656584435954695862605922
9445 9402.5529092818637537008649518173116
9446 9403.3829307538506420900321992079291
9447 9403.9208352635518762141490984011952
9448 9405.0628782773948415312427595539303
9449 9405.5179851083483623137933818936750
9450 9406.3178204044880190240719639200217
9451 9407.2476275364766214928692259691897
9452 9407.7454365358761522516079330905568
9453 9409.4713366633334659881392504995001
9454 9410.6039370827968068376934435927143
9455 9410.8086667310941115637312225788081
9456 9411.4570481119194090461766373869777
9457 9412.7873605684960846471582159126104
9458 9413.3552047532590206688642207118744
9459 9414.3666499629469705831440227699381
9460 9415.1067924791557744335268483262839
9461 9415.8231513012100915139944211181428
9462 9416.8041911330957866935572902132551
9463 9417.5329249767081789526358133617542
9464 9418.3491846029197062249330073441253
9465 9419.7442694014056769701452190666926
9466 9420.5825836169123348815497717752195
9467 9421.5268920484232853985016495252221
9468 9422.0400117689007390185683865838395
9469 9422.8107437004487357476368410935500
9470 9423.5910086630439662381598391486910
9471 9424.1745617880193200686603924292979
9472 9425.4119635466540930566940087660841
9473 9426.5069036879834027761318269478750
9474 9426.8745339703364553503575706263183
9475 9428.2352077190021731269580436055850
9476 9429.3791441197953037420339714320107
9477 9429.5740252695541874707525535917583
9478 9430.5355141171075886486676487584045
9479 9431.4855519507400212790687288471005
9480 9432.7138261046689618985243959912225
9481 9433.1250182313282236896598333018154
9482 9433.8267159401702065205482982912855
9483 9434.6666657343153964718347956897368
9484 9435.1963142793238652731676764297347
9485 9437.1788493192698953829620825142738
9486 9437.4194968081748070740872080158555
9487 9438.8351915476199540751156814330834
9488 9439.2883518982475745225942511506815
9489 9439.9786288497283038000501883561642
9490 9440.8040699116800551223423960670519
9491 9441.8570962389645017311975493129502
9492 9442.2746344970790885848470785107796
9493 9443.4492497121497271688137239217275
9494 9444.3113538704851090649226917712667
9495 9445.2476108165202351138663187506082
9496 9446.1628042146503194838363858685961
9497 9446.7961220368192062972416638004297
9498 9447.9075249550417701730738405019161
9499 9449.2015806009518745692888736430339
9500 9449.6097253891025974161367309460821
9501 9450.1523135755178388534219575305676
9502 9451.0440254691814879533279321738172
9503 9452.1489769969062941881757898340242
9504 9452.5812140930173690888950099769815
9505 9453.3844667326848171871488574117328
9506 9454.9418366953761574364481108889762
9507 9455.8797945817730754451309703703989
9508 9456.6388489931146381943013071551164
9509 9457.2899389488437971851254900824823
9510 9457.9723972946290568850962782753460
9511 9458.8266843859395827862664291537440
9512 9459.7694106517636969029067370716770
9513 9460.9037725011880254631540937675550
9514 9461.4049220562389320110154261569579
9515 9462.1379898796793222275443382553977
9516 9462.9365161679039652412600803449803
9517 9464.2179043463651381692412687363674
9518 9465.2618955345292750562404462832934
9519 9465.9911771890801998890794746967393
9520 9466.7225870652043724808424052941569
9521 9467.8606327923069923986756207187261
9522 9468.4948043782265951504258212025877
9523 9469.1320393370160442655133001143011
9524 9469.4560065050551024064097229054345
9525 9470.8827710014735967792142095247192
9526 9471.8192696881230193197342017391476
9527 9472.9079427017923309864812503430114
9528 9473.7230795549791437879971293335526
9529 9474.3922456637542777191089833523240
9530 9475.5655211403021172510674999591044
9531 9475.9196355008750181654636260448604
9532 9477.1378857187972635557396444801890
9533 9477.8273204678285183514384483023576
9534 9478.8556999545783018177792635647547
9535 9479.2294786914265171046413393019192
9536 9480.2352713446588390467103236396991
9537 9481.1438822589626638841466564970220
9538 9481.8397886211237474110632154635278
9539 9483.6888156464729356079334481653265
9540 9484.2072983770484560775154695186632
9541 9484.6403889582380901632776412693580
9542 9485.7538566564220821424592204227122
9543 9486.0308688596091720423852659377436
9544 9487.2158102463103835625845254128008
9545 9488.1072148934844196424824247018329
9546 9488.9037848522359078376574521126534
9547 9489.5462585652516993147061378125466
9548 9491.0367892780316536279218611705845
9549 9491.6223371349842620115590199372005
9550 9492.5598515893921073874631601511447
9551 9493.1348479533954646533421897392141
9552 9494.4788522448263429167909636932266
9553 9495.1564779236711209696562090973528
9554 9495.8600720449869329701057178870052
9555 9496.8239088542602606843732979046694
9556 9497.2554427831974186422679636418881
9557 9497.9510072644285387725056433405524
9558 9499.1372229290274511106053804282207
9559 9500.5953213445875376170355814079381
9560 9501.2172677138746782333464103879017
9561 9501.9225200256458021173799099215103
9562 9503.0424983029197040413465655719604
9563 9503.6011177633353253586033023676195
9564 9504.2640176321440063258974713502423
9565 9505.0860803468348208667171773997169
9566 9506.1138540570576597918891113951666
9567 9507.2237905807992256712831935142892
9568 9507.9615017763076357346167477460315
9569 9508.1296374492262955830997718772627
9570 9509.7699138428991230960916383117630
9571 9510.6155519247278584276853292428488
9572 9511.5509776658675482034673702039695
9573 9512.3802085541006196685278969773591
9574 9513.3352292128240976014393351203305
9575 9513.5338933384169509405017065491629
9576 9514.8143228066850326996865202920027
9577 9515.3333355793035645470550609776691
9578 9516.0478517698187931771562172565866
9579 9517.2480018388542488600513694154320
9580 9518.4014622802045614249155508850547
9581 9519.4806573536840344555810017741864
9582 9520.0145436848537818919172195065117
9583 9520.8306439416933714175719947636957
9584 9521.1624371323086808956209854807831
9585 9522.9160826536312686965232070056918
9586 9523.2932872738840709072907521422822
9587 9524.1721451974263602004892138107822
9588 9524.6739997460417803419681417085378
9589 9525.8375082231613078445374393348567
9590 9526.5279812129307278968336555232259
9591 9527.6809374904839673480560371476427
9592 9528.6323973605612664097234625308222
9593 9529.7716819278528850831855923276729
9594 9530.4059421793220250980640256222494
9595 9531.1479235920718135880688334151190
9596 9531.6255716224890729258612365745978
9597 9532.6748493365386272093676060857433
9598 9533.2379858552546048308798571137425
9599 9534.4716607058452865168717728027575
9600 9535.3772695246994734456236297888819
9601 9536.2098768711339168933439702368384
9602 9537.2536317063840405219909057201565
9603 9537.8349155346415725775161054797361
9604 9539.1827964497423457153313635189461
9605 9539.5147442726319029178521855956316
9606 9540.3961972620954221029487576997986
9607 9541.6671020461934779294295571689805
9608 9542.0283404530839479592279749924613
9609 9543.1615044065625548122767150593736
9610 9543.3273421140997453890137737604041
9611 9544.3333863395991748658013664365673
9612 9546.1480621389171771270898865668761
9613 9546.8509582308587276872324451715305
9614 9547.4514945160131139719581999567376
9615 9548.2026997497061513988141942984521
9616 9549.1094080722440780375628737217110
9617 9550.0238251869575533364151958686872
9618 9550.2974358186142594177063415204292
9619 9551.8023101129496252817039005032409
9620 9552.3697372877136659625174169312795
9621 9553.0555298324352987625791555984401
9622 9554.4387310249144268474103465193613
9623 9555.1323511259280705763943992837476
9624 9555.7655171863382601108509025221080
9625 9557.0334502426587701712999388171992
9626 9557.8640735455801460241776555176550
9627 9558.7785975861109623379851716086584
9628 9559.4978773918738402682843336325584
9629 9559.6510027868668635444706262772236
9630 9560.8042758583524397799863297049127
9631 9561.8268551740303325286746612351544
9632 9562.5951602656010778162169305992913
9633 9563.7674847683060595135938459521099
9634 9564.9415865983595371599509400465676
9635 9565.7192702108265194060809768681487
9636 9565.9984737540861353953600144780574
9637 9567.0847628071136365598073740193437
9638 9567.6806686428801243146303077227234
9639 9568.9201367496123578883783943584179
9640 9569.7575838042372395648075416749867
9641 9570.2829287003810617712441575109086
9642 9571.2258359608198951783080346545989
9643 9571.8729931213694986591818343236277
9644 9573.1708287789384417915408321089010
9645 9574.2602121032644885287785664397697
9646 9575.1595967660688581243970672488475
9647 9575.6276931130684595263847415214393
9648 9576.5041204264844883409392614848165
9649 9577.4627207280447314228463112064710
9650 9578.0822689902190203940358648881013
9651 9578.7529373499780826712154678635372
9652 9579.4495774460875512784193268582487
9653 9581.1252840553943274418721311242347
9654 9581.8139313934781432125437048476277
9655 9582.5310129488703114205973203010175
9656 9583.4884370668796316297753561427531
9657 9584.1633352871701192824116444455304
9658 9585.1430638628389475137386453837488
9659 9586.2552339204939457255022816529749
9660 9586.5722223902274842449790000960151
9661 9587.5815346612841059617735433454418
9662 9588.5624223677964740785688676771163
9663 9588.8979461758948748109352387013990
9664 9589.9465398420065101796008239906364
9665 9591.3138194087094104079619174254101
9666 9592.1302721350103003460852795167234
9667 9593.2051804936588461730452925959722
9668 9593.9101654060443859107395860698689
9669 9594.4314297844132741978654129703249
9670 9594.9882858726873354446598511110665
9671 9595.9936952468378138719491268532057
9672 9597.3402462298063886569629301184824
9673 9597.6183420947289956332237328459135
9674 9598.7661697724187679444478868463085
9675 9599.4493750972134488439933309129370
9676 9601.0235944426150115265361718187513
9677 9601.3740516727919111083015533191682
9678 9601.9729527650423302208205003874478
9679 9603.3873204272347516159869249604338
9680 9604.1134559988816275354518441634474
9681 9604.8313315017842624771050322890533
9682 9605.5090805569007588150465047284325
9683 9606.2085896716755216741021181259040
9684 9606.9488421196868545334814399935867
9685 9608.0364446058730608093687445314008
9686 9609.5803104881764896740993235600934
9687 9610.2107663945001730073785651621652
9688 9610.8028233215881730024886331612423
9689 9611.6658877778619620988421824320762
9690 9612.6063497549414792898125973602870
9691 9613.1679634174552879343117083624013
9692 9614.2523233645001275740183322258166
9693 9614.7909274473898226929699916788478
9694 9616.0801251002337658875976362267830
9695 9616.5763043562222160203219545219981
9696 9617.7115634550225695630911780250242
9697 9618.1478037186936153523534716624935
9698 9619.6626575569798157217987313094906
9699 9620.7115700461905716828130158281478
9700 9621.1657593686280613866659186316406
9701 9621.7574076032877460493370724502008
9702 9622.9604011946065203312802796365557
9703 9623.3784344310666173621448048028101
9704 9624.1349445354405686286452882775779
9705 9625.2220755949588592630694866885067
9706 9626.0155268091518061825208334856290
9707 9627.4109225903263712132828015445473
9708 9628.2247119244737506809422343041639
9709 9628.8141760454219630161975581232708
9710 9629.7243664656541952449511708281998
9711 9630.3019668975966464115060404927304
9712 9631.2802092902085065622886452932130
9713 9632.5622654780254427895379141446657
9714 9633.1111454414211804945366774189297
9715 9633.5899195810441311846002112339540
9716 9634.2751501580776118285948762356768
9717 9635.6517395301436415851304404149053
9718 9636.5861907191151063784173669343093
9719 9637.6368298684884732247721268635836
9720 9638.3339702063987252176314214493533
9721 9639.4003722725851846169362568126237
9722 9639.9416326524532065386759091559196
9723 9640.6676244450246660115084547956967
9724 9641.2719276406399145870688473367057
9725 9642.1725836723666229155971726908202
9726 9643.6515105368780414246746205698418
9727 9643.8503007272370125035869589723218
9728 9645.2680041008641053313316464068704
9729 9646.0336013879875422092371053318940
9730 9646.6821202423092807482254279458396
9731 9647.7768742872094170007274571501233
9732 9648.5931274946127824070166353276518
9733 9649.6976276006591016037686732303863
9734 9649.8537909588647176452588775948813
9735 9650.9991238880058008298908829457648
9736 9651.8714561868125679769793629736752
9737 9652.5384640276561518584095492207641
9738 9653.0148745666153668953585138052462
9739 9654.9633453587708713956936921815374
9740 9655.6702425569633937846174781090042
9741 9656.5091564290040201684601941573883
9742 9657.0060736761574588949136096128767
9743 9657.6258168637223496573879697261604
9744 9658.7806782303846155066529550059701
9745 9659.6371163372656630621382486785405
9746 9660.2029993771066898563846246100995
9747 9661.3715335620661281388425934332120
9748 9661.9578360413057618589728562676468
9749 9663.0857681519678299001668829537930
9750 9663.8810765484933566702186541687389
9751 9665.0394544488040610641468309495243
9752 9665.4856616466321614513159843082739
9753 9666.8072124896432692243801419159460
9754 9667.5642273002970338951802355102748
9755 9668.1354289709734896535027817135440
9756 9668.7001281239079178118271250675210
9757 9669.7456162072865520190257784070081
9758 9670.1621138456975089981639932681581
9759 9671.9495127267175575661487163225403
9760 9672.4943403423167082797141022811335
9761 9673.3961908959426193317846904070690
9762 9674.5472993947703014456347123545069
9763 9675.1222266854228626648563159174528
9764 9675.7342720800050081905352235472120
9765 9676.4829704426647433736560308827084
9766 9677.7624907735497057000140811056747
9767 9678.4414447973802059553699948705329
9768 9679.3096460201532148538460347963630
9769 9679.8061684796801278513410357828804
9770 9680.7628336102061353787822451866024
9771 9681.9331815452620991091557239027405
9772 9683.0977429180377754450684861143803
9773 9683.8670216730757294169933927821273
9774 9684.5895859017766892712066764508260
9775 9685.3080042293655863621523803140581
9776 9685.9600005184934142913163497204997
9777 9686.9389017055032796803893984841279
9778 9687.6356503745185764861921708414956
9779 9688.4525041179104264326432937379439
9780 9689.4249002990115538332054368549847
9781 9691.0076926049535536411682807996858
9782 9691.3450994127263142590687279197383
9783 9692.1296089626877332912007633373857
9784 9692.7754650879852228014785976752297
9785 9694.1600187927388171787287156034549
9786 9694.8102490486023172966752091237300
9787 9695.5872651232403452875396732301666
9788 9696.3405843224364078910307547107128
9789 9696.9690929129416573946107830313128
9790 9697.9640786997523537718693531622321
9791 9698.7359180711147205126110617948937
9792 9699.9097511274116656243519232107685
9793 9701.2686360375853101243038832691668
9794 9701.7509558854484837753429140970943
9795 9702.3436707045109278042337467309356
9796 9703.6401368666962759404705041387306
9797 9703.8373882471382713450039230401631
9798 9704.4803257750914320159389980747963
9799 9705.8762159874904253779725433939064
9800 9706.8028655175064815765044579807169
9801 9707.4146470448503817107940284079286
9802 9708.1860781934980344784276319417508
9803 9709.5024386052586190004173693802550
9804 9710.1856795678533244946342219906396
9805 9711.1563810360512935544422585746063
9806 9711.8873123369462296671079151355485
9807 9712.6689568964185272469820032996306
9808 9713.8039095734251513273765215994216
9809 9714.4763726797593632458028056128368
9810 9714.6891055582654225848868538613637
9811 9715.6544265195193150748207211735218
9812 9716.8648939477452279847563614360193
9813 9718.2173239198085959851330990921337
9814 9719.0039482294373132986647035017045
9815 9719.5846054092779898146996913714287
9816 9720.4644540763060970505325307585658
9817 9721.1044730469689587260175511479894
9818 9721.9967533099816272223266384766939
9819 9723.0584551250690583436045641097082
9820 9723.7373132651882538887750643497622
9821 9724.3738732165118388964608606381763
9822 9725.5491289943012484217540565645676
9823 9726.1879025537364588507569703651778
9824 9727.4037284781514362560482586356118
9825 9727.8803353518501323469831403338519
9826 9729.4960257526066418401091101368450
9827 9730.1195861785875494185953547881526
9828 9730.5769043087477228977361423069511
9829 9731.3728277294938729679289627124634
9830 9732.0068936446671010874200949718631
9831 9733.3038597995441560656919855112178
9832 9733.6104640904413136647818784245036
9833 9734.8555156211422563280172600839877
9834 9736.0907923154162893468334674562780
9835 9736.7303691489795615802076162020652
9836 9737.8555829495032746961319631009255
9837 9738.2404213201713660207148993668659
9838 9739.0210721987693952157140277753706
9839 9740.1355757369434032593586049565496
9840 9741.0760877484492388180032448784603
9841 9741.6579721063490591437529185766363
9842 9742.6235647436449674800548307620193
9843 9743.2320962520934485596714759837287
9844 9743.7337623603024867429029623593949
9845 9745.6390666173752712092391011444180
9846 9746.4402687508243536011833844541949
9847 9746.8257282797771677780097663365670
9848 9748.0026970601683108261080896672154
9849 9748.6392822232537968332099617317928
9850 9749.4822543469972227414514453812320
9851 9750.0747421399668309492549210844271
9852 9750.7730056124756931575467931543585
9853 9751.9833074322567104391506800690149
9854 9753.0347004756167183011891897826053
9855 9753.7172130612976701860286099072489
9856 9754.6804992901711243373231636950904
9857 9755.4951122482257255566908017306105
9858 9756.3801047024975658978881248640603
9859 9757.2608994689285729430227660117637
9860 9758.3074540973946021576996899509806
9861 9758.8146651665905923024141579709346
9862 9759.5922466591263280664959954117376
9863 9760.2708913813586472948859594308774
9864 9761.3631892509178822738640631370651
9865 9761.8875692952637910773714729227423
9866 9763.2940998016540229984466447776973
9867 9764.4163499656487958978382501975601
9868 9765.2980772924835968741097354180813
9869 9765.7980450515343969316664632510377
9870 9766.2387547434409267640723807360104
9871 9767.2898586842071386698638402951332
9872 9768.1685961646990244007750654580510
9873 9769.3418475817688615460190805466909
9874 9769.9634603339651368327280255739546
9875 9770.2985858922073308046235333259756
9876 9771.8722798017972265995065652306570
9877 9772.6541686758842226614025351192144
9878 9773.2843378548036510389745392891279
9879 9774.7036174559135796681822563354975
9880 9775.0882835401370522478969664005060
9881 9776.2515339194156783486387401400405
9882 9776.7303818855610992828502955020794
9883 9777.6926793755889006314097583707375
9884 9778.1488066066529259898532132538555
9885 9778.8807632750661638918477559160706
9886 9780.3133294250889430611123026454829
9887 9781.3837324027931740661248971706065
9888 9782.3855256717661523754661057916153
9889 9782.6108163397454123378609527755498
9890 9783.7225345616531537229728716131029
9891 9784.6806775634047400731331653417929
9892 9785.3810628532721994145321898707994
9893 9785.9000341165087118282658059087367
9894 9787.2769201866225933045298389746684
9895 9787.9534861184662894174615965879110
9896 9788.4777593904594766291276249930564
9897 9789.4023705998191978707369559368571
9898 9790.3643849320357098931863903841326
9899 9791.9834000388921834382355857576877
9900 9792.2467289323752539191263407881987
9901 9793.5499992920380261534390415489082
9902 9793.6476187925134878545618288904130
9903 9794.7610518110675823482194765344853
9904 9795.4200313756428978518548585519710
9905 9796.2018110618756352371655060829047
9906 9797.2930246113170902243218173388955
9907 9798.0341913960926904837175965464093
9908 9799.0961925141756978937806022122435
9909 9800.3487124927299826165280148408448
9910 9800.8318153549508787184178782860204
9911 9801.5275984889810304738391210170117
9912 9802.2472182019091218792817773640836
9913 9803.7827243674677082803445917973487
9914 9804.3393867467443498236310047746340
9915 9804.7710107744457542302051673050401
9916 9805.6721919206013362145954330043967
9917 9806.3730695618597346488938813605256
9918 9807.4152686730120737857699164514036
9919 9808.5794268411994018173337882854029
9920 9809.6629051475817510071309923292154
9921 9810.2918268756596419399854415316023
9922 9811.3231076142784537979664813364980
9923 9812.0261907274989758244896724914337
9924 9812.2689794455800144346211798978640
9925 9813.4889745311135222222204272280655
9926 9814.2925093877610662228068009217469
9927 9815.1454098750745075512559567673427
9928 9816.2807254723658783882039678124114
9929 9816.9376160131311810928291745332187
9930 9817.6658160703285130477407353068152
9931 9818.9151014015632150945848383096440
9932 9819.7032092341331672133754882803933
9933 9820.6521097425025916630272049515405
9934 9821.3993126289151749065719918528639
9935 9821.9028297392454058114499650487026
9936 9823.0780613932033628666523535091299
9937 9823.7028957000773059309140249333699
9938 9824.2953467096794241132342356739058
9939 9825.0340702250986766866392264536622
9940 9826.9466952108422714206779637113715
9941 9827.5478322273594833733269098527863
9942 9828.1557535648195103485308592391160
9943 9828.9732873052713312550208109542318
9944 9829.9334733359180029589593939770044
9945 9830.3079023713562126297678408355997
9946 9831.7604293341018078672940346185961
9947 9832.2376020648334923657590204122504
9948 9833.1396943198129388867359027097737
9949 9833.8983503800364439820799506251880
9950 9834.6707649727642365455247053414463
9951 9836.1126605012711278420873065494138
9952 9836.4859065203547332981448696177254
9953 9837.7566549004308466739386611102666
9954 9838.6310715306863828771337462046862
9955 9839.4353595406977456112614271762999
9956 9840.0382496888986380278656421246650
9957 9840.7294699716633062248190518632045
9958 9841.1655654245005995252651493142487
9959 9842.6616646851992172236417156166185
9960 9843.4262786430868025325317838494120
9961 9844.2690149870985600596588855293765
9962 9845.5144849240751677849561917562739
9963 9846.2340222206221026692778858473644
9964 9846.8837905607009474620587058823967
9965 9847.7002622445466195104451292570998
9966 9848.5635971298915416684636740042802
9967 9849.5596863810932353439312882812983
9968 9850.3409153872026585259945239664724
9969 9851.1681157153088049759106471682529
9970 9851.6239569758799657844119870077112
9971 9852.5522367266193454820719631150740
9972 9853.6375304071821757059046925730726
9973 9855.0458037464703377386402105020843
9974 9856.0313869995420621186354167759715
9975 9856.1770609045108730799007571759473
9976 9856.9101756671628780548002786000108
9977 9858.1645811110854926436352797385464
9978 9858.7324141359669438196886312166387
9979 9859.3811595225035704371321454226917
9980 9860.3602053254578116098740047729262
9981 9861.3635154922280458885128907527450
9982 9862.3790131969301306834277485457780
9983 9863.4804829645396141716827219982445
9984 9863.6983399831438216561946348006778
9985 9864.7898290980515644066788089825535
9986 9866.1219939839683396864198496586123
9987 9866.5152681094114473442045337013065
9988 9867.4442255985395483138434839754754
9989 9868.2744526873352679112437961033240
9990 9868.7146593306432017313529880356490
9991 9869.8128783259864582019065768635361
9992 9870.3322585566164457494943573592025
9993 9872.0006233781329557317199931395277
9994 9872.5586660596042319123793265454447
9995 9873.8022209036484064067817989869810
9996 9874.3239576290640296722327289885908
9997 9875.2189940988467671455803717108019
9998 9875.6009562487568885872205995348865
9999 9876.4790170637837900655135048843427
