31000 26508.6934004762159377596333130757678
31001 26509.9499571200055398748067072791558
31002 26510.4741464260426568713750726227409
31003 26510.9637946009461927779401462109107
31004 26511.4999846000906444542274133517746
31005 26512.4606752146923911031869843949823
31006 26513.3394542347379757636357027252329
31007 26513.8048115626044847408864700284609
31008 26515.0965870918013272837616740930620
31009 26516.0415939393336520511783056945147
31010 26516.5982264041615314222091449212062
31011 26517.3490546528541205896575181926184
31012 26517.8732714057676365279210697528332
31013 26518.4548884926466516480414124786606
31014 26519.0296708256162110223646013857047
31015 26520.4740945172192136332963898252529
31016 26520.8809704060296696351885823154844
31017 26521.4994339758724173345238414399994
31018 26522.1412619355306021045077556148553
31019 26523.1226135720252327642565043334213
31020 26524.0675896851702051134252315193808
31021 26524.6023240813939867291322534010221
31022 26525.6266014462362065060917375286673
31023 26526.4434657250584443055207727479060
31024 26526.9240573698780079992930209336058
31025 26527.8698345755693919661523614653049
31026 26528.3914115866814110428807327886963
31027 26529.2476561881222182465567418920474
31028 26529.5677816534605728200103519337557
31029 26530.3824500684197977632943857662204
31030 26531.0821367275271267244489679444743
31031 26532.4693461519071937070470736326934
31032 26533.2875737221285221470603641595350
31033 26533.9939061313212558178679434016251
31034 26534.2176528913259801486855350497457
31035 26535.2779304349143548355729122380057
31036 26536.0811494837819111031750499523197
31037 26536.7040534075801191818753517439707
31038 26537.3870420816162581517918487984757
31039 26538.2229027430611389526190417738669
31040 26538.8132729638895581433202804370950
31041 26539.8786920070001287081720692619786
31042 26540.4250135297166633199229186762073
31043 26540.6327181915369690465663416662624
31044 26542.1096740336129928292545282312696
31045 26542.7941243299233280528567311031727
31046 26543.8791681784147214168795310736831
31047 26544.6197862147206346286523141928815
31048 26544.9404406298111522728765898365078
31049 26545.7938264890018875861062738347913
31050 26546.2875114101534240758513857914618
31051 26547.1765217753300080566101566635906
31052 26547.6474040783881458501725549854432
31053 26548.7609443247668338751729461819431
31054 26549.4606361990170818075696396363492
31055 26550.1285572674587480947702776116065
31056 26551.0954940144436021775361254046220
31057 26552.2072963417570837453229098582880
31058 26552.6182189818861870052017622194390
31059 26553.1585411537291206310784401542850
31060 26553.7359623249762171181159521377943
31061 26555.1798700462929454022831497417213
31062 26555.7939443735672964703843933940978
31063 26556.0125377854832475606265034286101
31064 26557.1617100869561854084588639258761
31065 26557.3762098464577402060293812072031
31066 26558.1218602913735541145045597905332
31067 26559.1618041970950284506225781447984
31068 26560.4258575074862091676548477303711
31069 26560.7674313752748093531868870626944
31070 26561.9554694047292729732124758961917
31071 26562.4949715176837738041817274088556
31072 26562.9961563285257137933100336171076
31073 26563.7799245298556033883429914884210
31074 26564.5466202442072955081310736621724
31075 26564.9897787246074472519240119893765
31076 26566.0558919289894368758242916073503
31077 26566.6197732102279362563633445965439
31078 26567.6710088152555009559979674357553
31079 26568.3548134488192983105350193065993
31080 26568.9425473670244819560430673559853
31081 26569.8372823877269452023483232877493
31082 26570.5828283188706415507019061459922
31083 26571.7090625293454079531064107092881
31084 26572.2359069848068465119528328198886
31085 26572.9649378120388476612727233348127
31086 26573.3837788559706506936951838493080
31087 26574.3458749077827021521938307437097
31088 26575.0509067029444876653350246196251
31089 26575.6807947617510558263972100660765
31090 26576.1572584475559694654693324352970
31091 26577.0829501212514584720370926500324
31092 26578.6479535560597142045363623019114
31093 26579.0531741173391178839374665695162
31094 26579.8441423528383821602107876911659
31095 26580.2626847374966620874612894571015
31096 26581.2625491318960940294895986473516
31097 26581.6259812581623971433714706908908
31098 26582.5463326152770472818227082180302
31099 26583.4052058158409045284346044277078
31100 26584.3385526118626559571743540116306
31101 26584.8037632752134613500729859173124
31102 26585.1144373932349265933835996758594
31103 26586.3738507145047627545911579990057
31104 26587.0966929745675852628570358050855
31105 26587.9682723096931931701945883877318
31106 26588.9369472452679016622895589379483
31107 26589.3601259444420008744597229763546
31108 26590.4117673416968968709851966942218
31109 26591.1374447191446885866353787879168
31110 26591.7262748891634659516799943999195
31111 26592.2473003347922711930920090777038
31112 26592.5132604851410526535709292764604
31113 26593.8226218760941781025026511865199
31114 26594.6409669548996936535068196053474
31115 26595.3816725067857351904323022162859
31116 26596.2634403138748213344656231079088
31117 26597.1206829734915139698643635453966
31118 26597.7892509863153359939680198915028
31119 26598.4758302740588652009893898715718
31120 26599.1463013912841412874700780335540
31121 26599.9611669395010184481115180511562
31122 26600.6154171483503407275624512126232
31123 26601.6016957969757161252749712977834
31124 26602.1642445845800949697281399956690
31125 26602.7354321789090633615129650955153
31126 26603.4449449927341539495100183093867
31127 26604.4344770476705095273363592139668
31128 26604.6846130482725534139204804638961
31129 26606.4976574538574132427187103328950
31130 26607.0221674614035728067857589873173
31131 26607.6038650205255111793970598000521
31132 26608.3308450102005001764730263401204
31133 26608.7375881697571769648630417014448
31134 26609.5931934549845291265925490938397
31135 26610.6202212961069804860510021600409
31136 26610.9342913909127198570079718742781
31137 26611.7059908188697484741711849194282
31138 26612.6545745094667657898926064942851
31139 26613.4487772213370898630444445279313
31140 26614.4038993946316027111153002176071
31141 26615.1421968987916430765659482403300
31142 26615.6155048295143238772407667476568
31143 26616.4185556034275178794856866701551
31144 26617.4379347563606160991123276195383
31145 26618.2666540537800894177215095247124
31146 26618.7450706309429856276139912972499
31147 26619.4214705563374612571068472073057
31148 26620.2121347949877229089864978139365
31149 26620.6960500851121022607789198706818
31150 26621.4023040762913187676393435947645
31151 26622.2366691064821048598931349714924
31152 26623.6885139923496451886029606338295
31153 26624.0141013144011296639669694731257
31154 26624.8562553522524801180102413198443
31155 26625.9778374278021810397963989112854
31156 26626.2746865855507650046506905799559
31157 26626.9401852999927645152057462548349
31158 26627.4676060160270720160545446502635
31159 26628.4236157287064323162234111228249
31160 26629.1739344136667363189399362812327
31161 26630.3829578346603909187917141410860
31162 26630.6099202420126067439927568489843
31163 26631.1576478694165702845002547711926
31164 26632.0649829108989468939725924824937
31165 26633.3397442009215411778457940496055
31166 26633.9094154435246228568843214589026
31167 26634.5256694905028423324963286233993
31168 26635.7048971799271161222429297560659
31169 26635.9778309790359114407224975877452
31170 26636.9463657161881996664096289770362
31171 26637.3461502985694218971090071650033
31172 26638.2048163015362226663259755784279
31173 26638.8938733788172805672140107887986
31174 26639.2994085818889658168898554790038
31175 26640.4944084647655518560262879054446
31176 26641.5111895019600561512532676734251
31177 26642.4905508797703455222854145488953
31178 26642.9275350696545963626152959353665
31179 26643.4895992900611942311869597737005
31180 26644.2592647304810761327022677665238
31181 26644.9417547601434317677245066166403
31182 26646.0830588861463222629510552054698
31183 26646.6950995072466820751770554177990
31184 26647.1026352192051443358504992907345
31185 26647.8193724905403238227178608211843
31186 26648.9436249689424947214686316147296
31187 26649.2595620200056013299778617137823
31188 26650.2903902667809776511480975321969
31189 26650.9063680870894042546960127470125
31190 26652.2470321947951841289826017286536
31191 26652.9052503964763530240594563752557
31192 26653.5880629383510752308109194856574
31193 26654.0070459395913072276041734492009
31194 26654.8319372075527350007530857826746
31195 26655.5335310805045033678973698381770
31196 26655.9071664991480301197476479894105
31197 26657.0334476082993975489804349369963
31198 26657.9143018728611138861113500999239
31199 26658.3681094623992265204708910399054
31200 26659.5340927849431508395273104651148
31201 26660.1935309316663774655698823328869
31202 26660.8869817044554539264599534984593
31203 26661.8417854006415516699819661952999
31204 26662.4366921332627523950132748294106
31205 26662.9615411659440374546274420247744
31206 26663.8953106564476782667283713339910
31207 26664.9425036303888142094023562278475
31208 26665.4176924672340832584362315610460
31209 26665.8432670169326239549667477793648
31210 26666.6735771106043970107744291980662
31211 26667.0367384526380990702562657032777
31212 26668.5173039667495345955264599145821
31213 26669.4188668894132870733357633997456
31214 26670.2792161318986145597922560048092
31215 26670.7707204449338268537289702566100
31216 26671.2088744877356406630432330947111
31217 26672.5483235283628417812240656086820
31218 26672.8600720496225627239100695228458
31219 26673.1566755991799961590275153090062
31220 26674.3565781272160094574631333583593
31221 26675.1595125818719606053986071437470
31222 26675.8263563360239008596890201883212
31223 26676.4695671446933294487217805960606
31224 26677.5628980087328348208767919668369
31225 26678.1775850377581759957763056872506
31226 26678.8554513386150748912824194956100
31227 26679.6547274727134545324625412519036
31228 26680.7982828756575378433995947675710
31229 26681.4226520346550463711036743210928
31230 26681.9542860663863407497005298239544
31231 26682.6029502564472556253618358148181
31232 26683.1067680915693426898211592384491
31233 26684.1345646889670499188411374025200
31234 26684.6910911385616805720024861947192
31235 26685.4579073124249939333884204796338
31236 26686.3139140042231376029284948479396
31237 26687.5608292134297530860478840068658
31238 26688.2641119080551246041883428797141
31239 26689.0106718678744392920726269178532
31240 26689.2794040164541829986825870055693
31241 26690.0036723238445503695208533495438
31242 26690.8778597221004932033676462788903
31243 26691.7459877199696385629059370535354
31244 26692.6423828937736108765877552786156
31245 26692.9749212905100354483032486470734
31246 26693.9523179942809661046657609802443
31247 26694.5001568146806256365511500975341
31248 26695.1113581254941812043427907745457
31249 26696.4006576048694127073159282585545
31250 26697.1270452190166271940053530504124
31251 26697.9616201688510845192877956479061
31252 26698.5635943738693228084004635751952
31253 26699.3796278484534714774548128578577
31254 26700.0320377199673423788642102140382
31255 26700.7318634921095294423017270972965
31256 26701.2740107264979002164817209424113
31257 26702.1313743257116673788463958204525
31258 26702.3108669451719029246001789497867
31259 26703.9953278372109667198671553333266
31260 26704.7956051960604374364150680541886
31261 26705.0532774729023217106704090500580
31262 26706.0911532052577524454146284512522
31263 26706.9954000257135882393518785273085
31264 26707.3758879143154924775671729871214
31265 26708.3098968000980410657715870735383
31266 26709.0975450314589433970118632642097
31267 26709.6915893510774280798718152294739
31268 26710.5667321670200738249078008344334
31269 26711.1521124152973653198002146869312
31270 26711.8903892183086694258831903552434
31271 26712.5116837870405836760527445572712
31272 26713.1418163457045007377553489100434
31273 26714.3941050356659104231969018386360
31274 26715.4152829566833627601025019051693
31275 26715.8983480258609502175004078115032
31276 26716.9717490577149315522316072783510
31277 26717.3098351461245689713662926248535
31278 26717.7256548837289811098704925236690
31279 26718.5110305738745173174232095358285
31280 26719.5452412854000603490171639755355
31281 26720.2020974211648226080137677426157
31282 26721.0218773222002669722089817352832
31283 26721.5245871981974296084420748775520
31284 26722.4176598142957181712633557600330
31285 26723.7652732976952059487555823152543
31286 26724.0032763690279216958530122983671
31287 26724.7344400483340308953191455566252
31288 26725.4326224101476681433765330080884
31289 26726.6906409917724203378470122405626
31290 26727.0540000104143919448252028144914
31291 26728.0260199212238424638932426758282
31292 26728.5225661355050858736654720920145
31293 26728.8736114212856303355644599999779
31294 26729.8151866640890167434920839050051
31295 26730.6114250771404991435383626389498
31296 26731.3093286792517049790894037244661
31297 26732.9292025517266341046338871091305
31298 26733.0768004831671300655845394701699
31299 26734.0016368973521409385640591336400
31300 26734.5761043238797214792789937886925
31301 26735.3784370296510606031999437674769
31302 26736.1594273300175368947950141186379
31303 26736.6448109544029137360867644524546
31304 26737.2657260080075996940573977791115
31305 26738.4790581806694244502321864984962
31306 26739.0747297642567839649267623368320
31307 26739.7217168804748760992900661635517
31308 26740.4244975793457597889719092480626
31309 26741.2040864964346503455901372629173
31310 26742.0133607426314763352570181737766
31311 26743.3772824846771018384779722433929
31312 26743.8259524856689370655429028505145
31313 26744.2596006800797054944813322174988
31314 26745.1087024380116900751461079628047
31315 26745.9243505019842828960711917665795
31316 26746.5761163462593630395531917407401
31317 26747.1203259978585940251794780974234
31318 26747.6640394187681893285189652386398
31319 26748.8220650903061490354745978890667
31320 26749.4058678948827034345436947712840
31321 26750.8896833999882857304274582627139
31322 26751.1627879359875273566228782065932
31323 26752.0157702166480095463080086133145
31324 26752.6770419359852867510255216406665
31325 26753.1609070090785988626313241764628
31326 26754.0526648325630455268971849621078
31327 26755.0359992460751118099150984860465
31328 26755.7888675634966287936023911495576
31329 26756.3330936142457614596708568077428
31330 26756.8275284362186665907302997460632
31331 26757.5234755233916265752037256864514
31332 26758.5852003384572224287966698509622
31333 26759.3952538962406697501950078279323
31334 26760.2418696549326838014694972253939
31335 26760.9783771993583633650302884752878
31336 26762.0961303171705684077007943681713
31337 26762.6484244407094832081391926114773
31338 26762.9788102278689028555251349330987
31339 26763.8923956383527056071428006510344
31340 26764.2845253758929562973617469172113
31341 26765.1331101977571682062840196048409
31342 26766.2096073105523428951016109158764
31343 26766.7508922259822284650473275018545
31344 26767.6860473853184889672049434601543
31345 26768.4270795137862837348634052421089
31346 26769.2959784505631541672372515378609
31347 26769.9305803473420094307478636761592
31348 26770.9000605042358312013731090872597
31349 26771.2057038105335190651370805526713
31350 26772.4855906932458448670926907619407
31351 26773.0290073942517318326141198218073
31352 26773.3147413274457279783359594180075
31353 26774.6136114215678797748214794919936
31354 26775.0756789265556120663098521127779
31355 26775.7027659145878503262438623115943
31356 26775.9470254360804901992721933989799
31357 26777.6835245794311291363993239555704
31358 26778.7969685744067781061328394362422
31359 26778.9800845998095495564014712460793
31360 26779.7573140533752356786524568613848
31361 26780.4545402883962281752195108215110
31362 26781.0487914311008859933356088342632
31363 26781.9875701196053045245722253724573
31364 26782.5599592919133086897162869661400
31365 26783.3275530655170758122821681734180
31366 26784.0343372732378562376128550031916
31367 26784.8904526659978193797937174534259
31368 26785.8142884718739718042170470101127
31369 26786.2118645622904375267787350988795
31370 26787.3173313647150725504839153796091
31371 26788.0877059499315650385297149197861
31372 26788.6281314981412415148629226195626
31373 26789.7318171261679087685666643347782
31374 26790.5013404612406602216104148276346
31375 26791.0936798145960954647532625120981
31376 26791.3855313004174332958704575525109
31377 26792.4118483579117602051321147402900
31378 26792.7525089404288331441731960480773
31379 26793.7738955240319197657898142483555
31380 26794.7269216331780645722112205389614
31381 26795.5374625875869620959685595960182
31382 26796.3405983147127017745542252013685
31383 26797.3613783849572582502699938179682
31384 26797.8061491626760450926605570776026
31385 26798.6101895304388496146753717409941
31386 26799.0071606021844537824101991603328
31387 26799.6704949298804914100322442263359
31388 26800.9935115560499402688237975709359
31389 26801.5445012678678276951379877716444
31390 26802.1636081698351236083406286022163
31391 26802.7667461840098906497348460713315
31392 26803.3875135123188270060875988866157
31393 26804.5014447896537392423103980178006
31394 26805.2081260382577441202522114156138
31395 26806.3284700668427366510051362300704
31396 26807.0562563254866304663822623401751
31397 26807.5807841676535481178678348316777
31398 26808.1929193691391913168980966197120
31399 26809.1384000999278004751871294276941
31400 26809.6010907243687357713761004458601
31401 26810.3166667410910775213774391831981
31402 26811.0039360140255243604458978017477
31403 26811.7106859110298189769846261979636
31404 26812.7612327597086665269176480578456
31405 26813.7459021735081087370784882483598
31406 26814.7183767626223128229794226942567
31407 26814.9187771368869603463410465928864
31408 26815.4324146728558894571313263771855
31409 26816.7429907091139903533215332198191
31410 26817.4629353575170033955350939618575
31411 26817.9955831349687607901263649273861
31412 26818.7294303035573863411134695249628
31413 26819.5247683218492342342198842320719
31414 26820.1559471370411491675787344730337
31415 26820.7300431193108220703219250172102
31416 26821.7348856477325867858113113448904
31417 26822.1415762774851727324699682793656
31418 26823.5068004067403553411864646400834
31419 26824.5587298634155201059169706348767
31420 26824.8724299516211232761314262436685
31421 26825.6253681644186841311560136570643
31422 26826.4433863781999924987168763067251
31423 26826.8438557329825129927736476323154
31424 26827.5699019468501543512995055378291
31425 26828.2703987464671010680848542783364
31426 26829.4354280013748453288068574225184
31427 26830.0369467140623442896301262929289
31428 26830.7054115990785626639507532633376
31429 26831.2214785028414582426971419753724
31430 26832.6908900203800767444638261090149
31431 26833.1545242415623474789757768947159
31432 26833.7086769747697188394241875001558
31433 26834.7442673680632195673948149061064
31434 26835.2202440646259858702439174360092
31435 26836.3505792379652555817557130067503
31436 26836.9714702472448231440521671498650
31437 26837.4877022056523489553829993053366
31438 26837.8342045021159271875092672842356
31439 26838.9031913102487199529126836604619
31440 26839.3393408480834858310848364984357
31441 26840.9018922001514659417433096989578
31442 26841.4975292082073106905558654728959
31443 26842.2459762478090324363678507335003
31444 26843.0298979481907180099773508376326
31445 26843.6257959530896804097535796991170
31446 26844.2964535620748094000591694998138
31447 26844.8422307098030353068602930755369
31448 26846.0838067621509563650389024787532
31449 26846.3470337661054650936427065383574
31450 26847.1670542847517262504174469830518
31451 26848.1042973733297166432219225817351
31452 26848.7517362309678595998596350169612
31453 26849.5073367084797071960225657371717
31454 26850.1934640511066926593716599170838
31455 26851.1066782895453730520257481823283
31456 26852.1583522335043023829517011334085
31457 26852.9245183007632759622709653188215
31458 26853.7006587052614556315054922169314
31459 26853.8301703293269076617731654826432
31460 26854.6294444805511186664319658539505
31461 26855.4909009570445335949984494320178
31462 26856.3740475652343144061460878883528
31463 26856.7819330442807137024598456210847
31464 26857.4751157945714522026416894135644
31465 26858.9271095036648526622510187793366
31466 26859.4693284128475439823916174666562
31467 26860.3264769616541560696678827051891
31468 26861.0479336363490841297095692069174
31469 26861.5306522337716490265391516615544
31470 26862.2158299461505713288797356765085
31471 26863.0870265570108383035915059628117
31472 26864.1301368318699228038878838762315
31473 26864.5758987068106180910182807896761
31474 26865.3158077541036517985004122131795
31475 26865.9760229283951447770349828617599
31476 26866.5227208692275242614339928819978
31477 26867.2750806948784977831264338154126
31478 26868.8193318206779161720391165721608
31479 26869.2014530511370683236885112486256
31480 26870.0667279736694540462189775741198
31481 26870.7157780128694062870374406734004
31482 26871.5787608771692174150262808570840
31483 26872.2949205796696944817500144978485
31484 26872.7490194300957955640663575302313
31485 26873.2617462909447725844946596039406
31486 26874.0237785132112761509534159955466
31487 26875.3612876235212600928413435135982
31488 26875.7671847056179895242175491667824
31489 26876.5900066079130541781194315882443
31490 26877.6298782690336666872276175954515
31491 26877.9792329077793413847497544350079
31492 26879.2620801820042347160628455347692
31493 26879.4467338289300514644181819152527
31494 26880.5895156447260101095385317801762
31495 26881.2731289474680847129437706332034
31496 26881.9124517992969777959174592150010
31497 26882.5728588211583855479887397650320
31498 26883.4240127530231734296765828184283
31499 26883.7674286489115720580479691908177
31500 26884.7731091678903180284579651377330
31501 26885.3347815621487075411568281387577
31502 26886.4527684793026814523670028225992
31503 26887.8509570760609641409525145740830
31504 26888.1622071124477363989272732137486
31505 26888.6928362501486323775201671398865
31506 26889.1907026618097731402817825886652
31507 26890.1059991156127843267886503948442
31508 26890.8775374077655363901099514969164
31509 26891.5270724117108852357168491442114
31510 26892.7028542159033312469589181885298
31511 26892.9036403400136897957282455582755
31512 26893.5612979791661104143951926070448
31513 26894.8133252432397848666503729696788
31514 26895.4947531218715540376907029543743
31515 26896.1563069504722451355062699611546
31516 26896.8883970454304382032367920294842
31517 26897.9510077460235758165944177796881
31518 26898.6879066924236295534221187700839
31519 26899.2796031878701072011918017734388
31520 26899.8478831591359423904511128442283
31521 26900.8108784836917914824107912346512
31522 26901.2106577978478042023184595319709
31523 26901.5969655679711189967606272052399
31524 26902.8103500294590128960928909201957
31525 26903.7845265665890715214820710561692
31526 26904.6453631002127763208518697199926
31527 26905.4500976698671384139272252710660
31528 26905.9044596626954578238666651194860
31529 26906.8697773869102573410669384998828
31530 26907.5823867119281058160169764068342
31531 26908.0909354478541027587903922433310
31532 26908.7361673559802445841602493154254
31533 26909.7005326211039563463603239916025
31534 26910.5959182627735372860698190073262
31535 26911.2514095964297568180757833262990
31536 26911.7258857811327359061248355768734
31537 26912.3128714667444046449471960156714
31538 26913.3019072724358071093767510189686
31539 26914.6188244217780263678463795471505
31540 26915.1114549032938798614095518897061
31541 26915.9696825967350250328698807373554
31542 26916.5319503510526443302739830960107
31543 26917.4772893889466229470157299837021
31544 26917.6454191315999103712989994511406
31545 26918.6170181406929881415959221037848
31546 26919.3837280961832517683762065663214
31547 26919.8863460995469622770821891954017
31548 26920.9011800956094242464773243300625
31549 26921.6078793741186445095607857108515
31550 26922.8799965534670764445166215353780
31551 26923.2224608800513065559562000246093
31552 26924.3133919514975317348830316024150
31553 26924.5680555815511023728726602715085
31554 26925.1785754113427538830451298393129
31555 26926.6630236924701104193876783112434
31556 26927.1066490179244496177653519520670
31557 26927.8506575000082134722074821493306
31558 26928.1230935656863792487032333816976
31559 26928.9558759744762505302855847470251
31560 26930.1000754575880151570922924224348
31561 26930.2939466493788284135948610769336
31562 26931.4109325733367170259301844505329
31563 26932.6720863231396250517889177271243
31564 26933.0735500083238969562559986922497
31565 26934.0561135624236085268406517978556
31566 26934.7397147611748792381705660837020
31567 26935.1842514189951301949509757771715
31568 26935.6658880717506617823490442774615
31569 26936.6190568639443069847069609879809
31570 26937.5003453798097137690213482425518
31571 26938.0171799642611995502398309042243
31572 26939.2358123571214492766821910942281
31573 26939.5768510015186381557651035870253
31574 26940.3656733510423109494329130089016
31575 26941.3515113668902759763412184114203
31576 26942.0645302707767347140549881663269
31577 26943.0177279947274439034596503888132
31578 26943.7052830791516101445524480285689
31579 26944.0942175660469638564970274365048
31580 26945.2632012074628150353374349424376
31581 26945.6685634951431598449299121806809
31582 26946.6829745730593061833383858976738
31583 26946.8883240958016741283959051869333
31584 26947.5970569198756326687008547963873
31585 26948.3954732281935021772681538150006
31586 26949.9922779801429548605445105004363
31587 26950.5927873785425804609380346519662
31588 26951.0637867688133769974776981587078
31589 26951.8515199819713153406097046068607
31590 26952.6011413241607509662215886765158
31591 26953.1561063903443567170552791706582
31592 26954.0838776271634863329384041733971
31593 26954.6020868409033220810300294502646
31594 26955.5830112448731732333472014020797
31595 26956.3040013942607625708764271602708
31596 26956.8274942373878770097288827741494
31597 26957.5166894813918764510333983893292
31598 26958.6606484614484569880876528014410
31599 26959.3415666281027781357271293660000
31600 26959.8462541944083881635938230339460
31601 26961.3121208970084582632956530320911
31602 26961.6812913243770359375218212692859
31603 26962.4450239070794248003605424047777
31604 26963.1099929055722578627013806030654
31605 26963.6638262357683064063484712211877
31606 26964.0780419395652368007854885149498
31607 26965.1841202880205999882652961064547
31608 26965.9521387110480661267262714120569
31609 26966.8314806539642881358730399034127
31610 26967.3156884234698110318551961366408
31611 26968.7627628742242183613482153725213
31612 26969.2761703727997963979426469986292
31613 26969.8573618868602573510449186527861
31614 26970.3412658887099546114006069209951
31615 26971.3926118408994901923064556090012
31616 26971.9615320799760889044871128698777
31617 26973.0538107664499203427436810740941
31618 26973.4919825990342297755525750340656
31619 26974.3084530497938584737880500491436
31620 26974.8394833372578730995822685403960
31621 26975.3886537334992803651619980671733
31622 26976.4183544741709867363206962557711
31623 26977.4685551626833912568038241315109
31624 26978.5564552064376911973162805289898
31625 26979.0226326229863590423536883542711
31626 26979.5954676345343441275749183939552
31627 26980.2094321210950540478092800979420
31628 26981.2201987249780016993512019092953
31629 26981.9166051015847032894850379186623
31630 26982.1443611659817178529342685554962
31631 26983.0517541023925896917386615689252
31632 26983.9650438905761464933836665132885
31633 26984.9684458549446885908293528025750
31634 26985.6629353970776873383199318659947
31635 26986.3620487270419443404730356275254
31636 26987.0022040037565430098382213134107
31637 26987.9291608662715352125094459437455
31638 26988.6799457891836259053042878342139
31639 26989.5621100910750622265902696921868
31640 26990.1069201593130845465430784951015
31641 26991.0407274173345163769936669459615
31642 26991.2271688110188358548555916263661
31643 26992.3322731416123614419884915038594
31644 26992.9425177626171351435549706099083
31645 26993.3256286739044159100079350502555
31646 26994.5665881204354430497463061092363
31647 26995.6497364264681503103898633094438
31648 26996.2309139020941752828332129989261
31649 26997.2825384528956650652160928700648
31650 26997.6678393371181147845216104607560
31651 26998.3248027410306476657284988070801
31652 26998.9318086627948185147076755813011
31653 26999.4430716882420103310894699952925
31654 27000.9469375536925943912233697624685
31655 27001.4529843279912871569239213857848
31656 27001.6990729521808492848328561296594
31657 27002.7698413315402296296719185968184
31658 27003.4028493777388135873904654121708
31659 27004.4397016374614207199012843973519
31660 27005.5039880388430014667809827266681
31661 27005.6904476090270203897680771723565
31662 27006.6301263737990077158760230774689
31663 27007.7605028239515806014381513294790
31664 27008.3047090571507305653769282116569
31665 27008.7142355765522173177833329895934
31666 27009.4344365726744885456686164829466
31667 27010.1580963929460992138359516283907
31668 27010.8121746036022960669640639464991
31669 27011.5610574897382578841974636435007
31670 27012.8108189893890055572212936333190
31671 27013.6806945628538748989265427039012
31672 27014.3389649860555079380058019718992
31673 27014.7782659367198717014140687249051
31674 27015.6951808451121981692930571829885
31675 27016.4364187165539118886493939460510
31676 27017.0160439219997651265218344173108
31677 27018.0422065492196037203030825669649
31678 27018.4428179000477888383082297910487
31679 27019.2949476389857576276637022388613
31680 27020.0916973687988464791554012753786
31681 27020.9337158315137582815150350254229
31682 27021.2588046569419036145278317342372
31683 27022.0819688960580202356527428794941
31684 27023.5245926090834277306560492803741
31685 27024.1994124405868024402403534916339
31686 27024.9533298938035362286309133415559
31687 27025.4000986075516185415914322437695
31688 27025.9503247219626256960679019976114
31689 27026.9418994773528082283775921864754
31690 27027.5279842126118014026581859800805
31691 27028.0295564288201543966339325279933
31692 27029.0654329613807490176378685511935
31693 27029.7894213208309376748050868036035
31694 27030.5855418065119593222443433106119
31695 27031.5716477295807233249027315233224
31696 27032.3685826610994528338106192194328
31697 27033.0777612945337491645389810388264
31698 27033.4085596787203822432227135048167
31699 27034.4496120791216727609111245731247
31700 27035.1897901328914464934585856751328
31701 27036.0610411083740302666743046334676
31702 27036.8740595022946572477510324744392
31703 27037.2685323373497642128523194902631
31704 27037.7808878811210249060575280290601
31705 27038.3943947603028055168826882825626
31706 27039.7323480592459518092502322737934
31707 27040.4220444600614565412385900915717
31708 27041.4604810794082036661471725444162
31709 27042.0137046512182141283231438931788
31710 27042.9231213362754941253526789197033
31711 27043.6290165213398741443012772935667
31712 27043.9592293380477803261994393760882
31713 27044.9188181553942026057870199545763
31714 27045.2726229809373170618779535025111
31715 27046.2759185239394210679705903911760
31716 27047.3349643612469930700884901943741
31717 27047.9769096466899878080377792610484
31718 27048.2381712170225983750658056828693
31719 27049.6759592499720068880127279748618
31720 27050.0970521256308807800321257086870
31721 27050.8603863484245539214129233826529
31722 27051.8761176635070833847032263897616
31723 27052.8369130536556002762532293148680
31724 27053.2099084933840765734973745672353
31725 27053.6530894145962847316329955939080
31726 27054.8794658089291657877239824745891
31727 27055.1562000974166631865871688504408
31728 27056.0014746302797445929580551163432
31729 27056.7577419413281747692646607711513
31730 27057.1383611046236291834437336635139
31731 27058.8644428471825393687559460420016
31732 27059.5280604720926579636784985931707
31733 27060.1227930827261742718618350562898
31734 27060.7093243264531707806935556544675
31735 27061.2971030848208196245612435839744
31736 27062.0206880620891922357203478711448
31737 27063.0927810815844384631665303239212
31738 27063.6983911431497708035772558853864
31739 27064.2569181147493819576022243814163
31740 27065.2197546524722854098838664974725
31741 27065.7104438230967741466396688174193
31742 27066.5117023076872062671755249013238
31743 27067.3991182880494388011341723551041
31744 27068.1833886671788689213501983742672
31745 27069.2193231905944457100653772092189
31746 27069.8086946935307973990736183315255
31747 27070.5571479967882565179077015550385
31748 27071.5566789526768794253609212906050
31749 27071.9985224424135652464525121128638
31750 27072.3251673267591568358912638306203
31751 27073.1985630215224221249123856480345
31752 27073.8633030203542279686891471664541
31753 27074.8750943516394771965715444530473
31754 27075.7754858360779123592163842605525
31755 27076.6621858166292346819261665925203
31756 27077.0432663658254155953647053193359
31757 27078.1776212467676482272966061368302
31758 27078.9721020276893503363963417684177
31759 27079.5504081878470286672653442336081
31760 27079.7758306016686511307235179434723
31761 27081.1189399445587307400653682275735
31762 27081.7874508336117438525545518845332
31763 27082.5638180299894160245014286609048
31764 27082.9477959121284916254639169447913
31765 27083.8329991935535067401858638336563
31766 27084.3166483270807438646562289106664
31767 27085.2163829590568450517553796589788
31768 27086.6119507407170577293875980163367
31769 27087.2449158540904984806467943460417
31770 27087.8971765694058707809443067145833
31771 27088.5626463846433343179748368847112
31772 27089.2802769879145317447455121185151
31773 27089.7355817800506550775267625267583
31774 27090.5928793068938075241400348334213
31775 27091.4094822071821969159420277438587
31776 27092.1271517421682477057559233502710
31777 27092.6628147291722118319755045579715
31778 27093.6487937520808415839153587010866
31779 27094.7952794287024515664154702984733
31780 27095.2895752052185593671147759762019
31781 27095.8711020053544072394585936228439
31782 27096.6290847363439173627770777916208
31783 27097.5933219303137422145233379791089
31784 27098.6485159433240943417805552345326
31785 27099.0034372149520912331141394335610
31786 27099.6226450957072320402092790102021
31787 27100.2846484210967107048644774920278
31788 27101.0606036419689797335422161234409
31789 27101.8464345673438363445273845408559
31790 27102.2819252080584604844183487793483
31791 27103.5639087473517619355039244771127
31792 27104.3640257436848821829181403938064
31793 27105.4916884425219354334892778157527
31794 27105.8179380009047600855615573802165
31795 27106.3941115291588500988415824087112
31796 27107.3989475757143778949693456643224
31797 27107.8649460879370715214798075942162
31798 27108.3668034805909457554779640189719
31799 27109.4406563522843331719207714383783
31800 27110.5114154346295489723735697389539
31801 27110.8457162745034026832666646851023
31802 27111.5676113741766873156315091419124
31803 27112.1006334551319218848233465470567
31804 27113.4261704792041057764833939717492
31805 27114.1050606688349296619406896867638
31806 27114.9510126828989836261964645192861
31807 27115.5709518175433753363533505674346
31808 27116.4055707009133668595175062828888
31809 27116.9070390975646198429179048273301
31810 27118.0641064196260205261640674584219
31811 27118.2284784074677525438933216329003
31812 27119.1068450596612259758820469336030
31813 27119.2618493655225763107399472946814
31814 27120.8980822861947995457189838807757
31815 27121.4564151260250395867910242488760
31816 27122.5135814233929038187616096373063
31817 27123.3074179227366444433158148697115
31818 27123.7677025518246664606305844852867
31819 27124.3227033708089020231531480340337
31820 27125.2900450579244914897530692341750
31821 27125.9951706494512179500399248425464
31822 27126.8337179031092328847552671406633
31823 27127.5455612806026805646335510743914
31824 27128.0718934388117412345973448688961
31825 27128.7467290048647462142531048340035
31826 27129.8296434087571137598360480222764
31827 27130.1212766139123041937910936985214
31828 27131.3856611736578584860387680109895
31829 27131.8641531328268875515356703765437
31830 27133.4252561006251255400093162791842
31831 27133.7001435734699105302139913576069
31832 27134.2481328160413520009456001501970
31833 27135.0501132123143340279442989904672
31834 27135.3628475733906424560561057271271
31835 27136.4095481313455276943538827466832
31836 27137.1179711965074677864791601244316
31837 27137.9336363852092874508272982499123
31838 27138.5730963608941787613569478111339
31839 27139.5161609045655216071440074120807
31840 27140.4141232447614526705683513761750
31841 27141.2633103198199359513753914521344
31842 27141.6656706702410625083812114165951
31843 27142.6413272245084234150345852986715
31844 27143.1371348544086373483563716710219
31845 27144.1457515000506639374884299574683
31846 27144.9090879163656881214497073685488
31847 27145.5191614541511006408139999676447
31848 27146.1644055527417477387989915238102
31849 27146.8008253904152378344307654206424
31850 27147.4023497058867601589121391474297
31851 27148.0853117707379722131144930037602
31852 27149.9000363356441433617551372762311
31853 27150.2523682870222882070040250711177
31854 27150.7153993214758567916633303983977
31855 27151.5586787160116053611741437224824
31856 27152.5142442051750591045150945398645
31857 27153.0423145181888409842699438638474
31858 27153.5399844363077168219256739349992
31859 27154.2808777447484009778709047895090
31860 27155.1921059041596239973367750423665
31861 27155.9534951490800297539306605268362
31862 27156.8005054939456082966477746503442
31863 27157.5437851744134936074646386873941
31864 27158.0492167444762920872862226081584
31865 27159.1361037954979505291155634891015
31866 27159.7953566228597523808664180113369
31867 27160.7710387598494237311650204129333
31868 27161.4124300522808987818687030778116
31869 27162.1376823490866804667809450710568
31870 27162.9565874942205860146301256413120
31871 27163.3184136551166564307664800712156
31872 27163.8699989850414692652460246316268
31873 27165.0731900195802686104395972560209
31874 27165.4670356166401397646345640945165
31875 27166.2438563607975193430646729248911
31876 27167.5306196068097399267051862254024
31877 27168.3591050372583528431156020526785
31878 27168.9768898858086195388035981495993
31879 27169.8347407800893538771454486858142
31880 27170.0935577470437724813629933907008
31881 27170.6183595326289615802732504998022
31882 27171.9462542311035495744685664031548
31883 27172.5825988449855082060535072458619
31884 27173.4435781575168360052765917127548
31885 27173.7627196000448675366611884121138
31886 27174.4942789988942724558433737405759
31887 27175.3390843204454102716577836389091
31888 27176.4817634940696007618533031663998
31889 27176.8764064206814678635822023696496
31890 27178.0278701852053239993545540380918
31891 27178.8586233708336685909361971276318
31892 27179.3429895030289676998708205557614
31893 27180.1618421128592475341249611007066
31894 27180.7652577558544388748591719073343
31895 27181.4370801469165579631441452091319
31896 27182.1206525120331213574686832437780
31897 27182.5205931466809260188620736748928
31898 27183.7361055089185855350334788323291
31899 27184.6360977891300552756251766869678
31900 27185.6112163307102918199262373756637
31901 27185.8922894584685142972620174342606
31902 27187.1140965642238434801455979111565
31903 27187.2977097772498940109370593314010
31904 27188.4783955761355839193924657613120
31905 27189.1351446432127962881617205803998
31906 27189.8473723845987730306641768736502
31907 27190.2232675137770975247456814015016
31908 27191.6689623756185124318760674622721
31909 27191.9131489166556163189099606077841
31910 27192.4333863657839286457876815715569
31911 27193.1584324284708402451138702450198
31912 27194.1440295107370770605146490101141
31913 27195.4323269782132110101374827290909
31914 27196.0551446909544484057563752176868
31915 27196.8821884123529733379927298994093
31916 27197.3305769585188059954265837659473
31917 27197.9076779892400634794122416902402
31918 27198.7476637198001615303422373218189
31919 27199.4471039930454485025262619747764
31920 27200.0283971687454413783606107261951
31921 27201.0543278614589095003658310338049
31922 27201.9285575521711079314549771736945
31923 27202.1240491004916159898327523635529
31924 27203.3613935605397337967360975762960
31925 27204.4010506216934461115812682056553
31926 27204.8542880825040623006127651665208
31927 27205.3677583811783102061033827550578
31928 27206.2677384731677412122030968658288
31929 27207.4970570840975582357823903048377
31930 27207.9022275566941668543596250382877
31931 27208.6589577998265017606161458125518
31932 27208.9126721471321934633804264928543
31933 27209.9451842509514376314345124782865
31934 27210.3162330516191579612798496604476
31935 27211.5066815158113293234002645882685
31936 27212.2939520839669659468837926511733
31937 27213.3070769839661839647710676761726
31938 27214.0890231678702191407601005128560
31939 27214.6393047216290726384048166254788
31940 27215.6175352546110127363962463600881
31941 27215.8070452343029708509912905943050
31942 27216.6970903339282191925179021498220
31943 27217.3789427355303562752758451735146
31944 27218.3488789942178311101809103279361
31945 27219.0737715712396365759823938607172
31946 27219.6157711816142908521703218679263
31947 27220.6027731398414041473688082655424
31948 27221.1661726715207214962671600764488
31949 27221.7485224723833447754220536530079
31950 27223.1553941231785882387854858635743
31951 27223.8806244024153433219338674273851
31952 27224.3483837478582571439925835186084
31953 27225.3736682767002021243918594539097
31954 27225.5406599826545110921310031636924
31955 27226.5717564430635671963699551591051
31956 27227.2885435790101493399615238975772
31957 27227.8570323117998733551570739049635
31958 27228.4232043597852416717817191334458
31959 27229.2458873389050571203638044996181
31960 27230.6270791271276643970612827046723
31961 27231.4865086800988901542999552724528
31962 27231.8390121075115856404619762133402
31963 27232.4503710422329656292203521633968
31964 27233.4214626269779691606682515852847
31965 27234.1077933520736558259128243090813
31966 27234.5646853008960311132248602625527
31967 27236.0037550118391730693727732019832
31968 27236.2516974619576388289537704634204
31969 27236.7532046808566821483447492351450
31970 27237.7249125744509908088082353173753
31971 27238.2833763119701650254310534694371
31972 27239.1640181388331819328917910234234
31973 27240.1176087835305055138661336339897
31974 27241.1027854551320255645529192582647
31975 27241.6282417227848913564538720605948
31976 27242.6136975408809626958109574673512
31977 27243.4593728844577866731563091958579
31978 27243.6150485104108392433679894822201
31979 27244.4623499452752279702602164412883
31980 27244.8281419932988935614836163671128
31981 27245.9227067097627691010382954311000
31982 27247.0718986425880528875091829364647
31983 27247.3541148002088691881588343009942
31984 27248.1511060838858460528343826642799
31985 27249.2323363681173729457973527819351
31986 27249.9989769146398918810479799170543
31987 27250.6775900555189489250711618603397
31988 27251.2390753734008569423683769016868
31989 27252.1187174077439847751275412844167
31990 27252.9452815076729984659475987170432
31991 27253.6602004519256404550968735086547
31992 27254.3001504756798283628189885568789
31993 27254.9694889156494347207872225109561
31994 27255.6619995873884046226633330659698
31995 27256.1336025176265165594702611289815
31996 27257.0225931234230076266076444926668
31997 27258.3956123872928207456985969534417
31998 27259.1501741894799941787231505059750
31999 27260.0926707993310398089100286934379
