29000 24997.9717098579807772093594267978317
29001 24999.0240464155426570524012731016482
29002 24999.5165171059674659494965097105168
29003 25000.3497513181810410821580352063788
29004 25001.6003861676399038277116118575537
29005 25002.1212439168750143893837716896398
29006 25002.7378991830065557047444550952174
29007 25003.5621227428448890475808164360963
29008 25003.9442372898603216441032839706468
29009 25005.2401541630046292654898964702797
29010 25005.9850797954465174937591416386029
29011 25006.5414784739946495031995036094280
29012 25007.0779934043399874580956179695698
29013 25007.5484193551910056845643137138780
29014 25008.5580122351385402343227208585980
29015 25009.5866396380643980320693662884201
29016 25010.3822537087348792171941095413274
29017 25011.5736626665885885397360370992500
29018 25011.9193848563684206943945549737502
29019 25012.6297333313102281828488186498395
29020 25013.3602931727720038482781628670466
29021 25014.1972982135165175155789703522874
29022 25014.6153662938157917298088774549949
29023 25015.2849563547681471941135257373471
29024 25016.4041234995108157027278361834008
29025 25017.0578950309633556189477523933075
29026 25017.7711074167578104787749573797909
29027 25018.8701326921082310179128430591131
29028 25019.4166996111762700246497384518382
29029 25019.8921414103245778903235418287383
29030 25021.1880800721790264101045942873245
29031 25021.9406604797923581661706615054338
29032 25022.5709881903868923634023005771923
29033 25023.2476329180547628416389264675702
29034 25023.6728400399033453658044873532537
29035 25024.8290337356352537651159488697487
29036 25025.3759368905429661652960112638888
29037 25025.8056438032616020866462350846314
29038 25026.6158015205912979337694226779127
29039 25027.8123171086126978306812381168355
29040 25028.9796719838312867269220006530086
29041 25029.5764332050357611906826805240604
29042 25030.0138613886380809380620103881914
29043 25030.7073165804377960323551491361921
29044 25031.6697131051440168704140806838506
29045 25031.9150481085777243962782741187095
29046 25033.1529790192154908196419013974576
29047 25033.7801356479509174217095765000762
29048 25034.6994116231778542133566949379124
29049 25034.9760791568909704528703484793162
29050 25035.9158517292883940830826885273804
29051 25036.6429162084344602443254153845778
29052 25037.9491033318911121603590812364413
29053 25038.4044703451651823526046138629404
29054 25039.0605475807800886604553032426941
29055 25040.1601425978190538046513272960307
29056 25040.8821925486408725270327457564065
29057 25041.5814125818617416000630494308610
29058 25041.7993303673445177173242120465658
29059 25042.6782067723444113700828829793266
29060 25043.2875807624661233782490179097377
29061 25044.1965376719386879940605325355244
29062 25045.5223319982064595588775285944779
29063 25045.7768841871598296655588387001270
29064 25046.8704286984091635447713920995633
29065 25047.5609859280461998584512008005735
29066 25048.4738287133944329204226119947855
29067 25048.8662633491370329547471353245434
29068 25049.5305673241133763066133469967238
29069 25050.6397159101800368789066009606502
29070 25051.4206782154301609763157256545884
29071 25051.6983520203748244106272214069771
29072 25052.7453343520010836336143006770178
29073 25053.4935776325749980346976062978650
29074 25053.8773232632784243701338548738069
29075 25054.7194006731610148338017289233197
29076 25056.0480160608141143576865068152891
29077 25057.0329732882587283473568877819130
29078 25057.4602787365780285344758852217484
29079 25058.1780209996716150667867551970610
29080 25058.8563252513477495437331287485131
29081 25059.1856281173712899651639583239310
29082 25060.5255000635715499268141400663754
29083 25060.8164380720307523093658906258348
29084 25061.7596314348681514334954417025627
29085 25062.2356634265621648189055505248395
29086 25063.5126225802051893229975799403843
29087 25064.2316921412932918160812538787161
29088 25065.0269343522841853679506946953868
29089 25065.7000380760227469846038220231912
29090 25066.1853718274449944444864066536554
29091 25067.3628685879947886082962424690290
29092 25068.1172160691111571097269049641416
29093 25068.6514168958364769208616464408804
29094 25069.5856141696850164209669486469488
29095 25070.0735189053917147754131498667549
29096 25070.4863450386466892639004614119800
29097 25071.5636186755782033801549371673481
29098 25072.0815316069678153634746664522264
29099 25073.4876868014243984864405574448462
29100 25074.1697225676582742465107114233418
29101 25074.9385992393356704401513473071518
29102 25075.5700065296655840816006357398202
29103 25076.5038292586458855085915904531761
29104 25077.0059999275878125195810544690168
29105 25077.5247294970699485818285707148586
29106 25078.1528312532838793543430780135207
29107 25079.3103067187289318901841391468261
29108 25080.3505575482762621517417561425072
29109 25080.6825881861725183321576912008652
29110 25081.0653974090727669428891584583556
29111 25082.3141407421557420888961791828342
29112 25083.2523509972065378901824920037892
29113 25083.7821653065239300776877586884739
29114 25084.9425109032120575092297823345007
29115 25085.5012689617936050124687338649461
29116 25085.9394419518740801594291759988154
29117 25087.1640974691520885694997015974415
29118 25087.5031589927691525743717377413491
29119 25088.1005874418739948541430355270253
29120 25088.7874021231090415193985202214095
29121 25089.7282720854768651515868609924887
29122 25090.3776522047723401718283002331760
29123 25091.7722949536241332935530244340727
29124 25092.4761761222922257311245189488851
29125 25093.0964532428076840300709596317879
29126 25093.7443949844967842559043722528383
29127 25094.0390011328297024396266885897845
29128 25095.3496950446929582441418942988028
29129 25096.0347422870731542446743533099559
29130 25096.6439750949520632196451952181534
29131 25097.5634696788873835686932288402142
29132 25097.8441801945189824929588479926152
29133 25098.8583790462272325657673204976616
29134 25099.6695026023476686637136483989504
29135 25100.4091239723807757038952376805379
29136 25101.1387971054388586332093452337944
29137 25102.3752418166898405662311883443246
29138 25103.1805516434473925165506248290069
29139 25103.5851489662700660795006254482216
29140 25104.3141475147304412131889909084003
29141 25104.8923494737795486696731813412755
29142 25105.6590630619264185810118512199471
29143 25106.2407639394305104134386549087111
29144 25107.1767996643324634610386682094127
29145 25107.9953115251203679824433812184733
29146 25108.8913952578023477136705508291377
29147 25109.6553246006665903565670252427234
29148 25110.3356746979651010755374386180180
29149 25111.4965298382839819829154934424387
29150 25111.7492560910772170270693520272719
29151 25112.6329978562040414452917999958010
29152 25113.2650537623069331482068554813455
29153 25114.3267448393739249380716741465056
29154 25114.8877310914453397920912074900369
29155 25115.7487417431868714338088130714473
29156 25116.1576504541148081260820307537803
29157 25116.8645851941829291657235305088640
29158 25117.3317800919199112847447480346197
29159 25119.2020341827837428126847789019787
29160 25119.6153214212780240136206138389036
29161 25120.3267061130669788081778381506080
29162 25121.0171288497205523361693025503840
29163 25122.0396461543096576750551189350158
29164 25122.2259653890907183445571583189221
29165 25123.1697559629252098264565113302927
29166 25123.7295143834054374381352522585518
29167 25124.6731946188234859742287135947152
29168 25125.4021921296482902133188055439029
29169 25126.1146907931578267102826037356601
29170 25127.1045342108611687061631552727638
29171 25127.7730746971695025766614155867791
29172 25128.4826012106120065110700033227666
29173 25129.4957558721951138793567365079966
29174 25129.8573650028942671218272895688753
29175 25131.1873087264121307544805613785912
29176 25131.9916075184036810464252820389808
29177 25132.1469264341350787502481444313363
29178 25132.6804640131050437087901090310380
29179 25133.7199508559420246437805287303754
29180 25134.4616739712136553400316120251488
29181 25135.0755415555102079314567587703210
29182 25135.8743977887996326214510487266221
29183 25137.0249041350978737415307666046406
29184 25138.0577678891060751383070857575904
29185 25138.5721891499077108182879003082501
29186 25139.3287799214358665294516442185756
29187 25139.6143861503367074975628545163901
29188 25140.5950345854286151182981885181656
29189 25141.1776441571066018277633947532379
29190 25142.5466304299055075109145037491761
29191 25142.7043894797676141565473118261892
29192 25143.5515450177264884950837855850632
29193 25144.2920368676636581209369770905360
29194 25144.9448987557227607745263458895288
29195 25145.8951914041610170534874144283133
29196 25146.8645234769514534406239492220928
29197 25147.7511607211751985365210062477314
29198 25148.4024697670647274003196187551312
29199 25148.9693137014051853754003280098326
29200 25149.8801044721752147606492062623060
29201 25150.4722690839104928183763642205958
29202 25151.3738059440221061355851763183417
29203 25151.6402078365878199303311177051687
29204 25152.1185668644678475681423793895775
29205 25153.7338717371842933606689610705548
29206 25154.2046459041150444884804713013383
29207 25155.5437092458194646877431645818896
29208 25155.6690989811700799742285399542155
29209 25156.5131656070106212197541825557920
29210 25157.3858746699914820797783359157332
29211 25158.2418264667538422207631620832632
29212 25158.7408265604784956388375098383854
29213 25159.5399535657597553402189681763746
29214 25160.3866942829495840853016453683825
29215 25161.1191867941964344659057964660970
29216 25161.7637530899430406703401517535748
29217 25162.1463376937939712476169359516785
29218 25163.3094020544650295768574164572252
29219 25163.9781317683395580943915553077208
29220 25165.1822281128776262336162336350848
29221 25166.0127860713229404506646582712933
29222 25166.7826044469072219900686258334191
29223 25167.0207897603921751816233533092283
29224 25167.8645345705586034771011614273471
29225 25168.4854235601238646151742636238196
29226 25169.1538072242890781067032361381196
29227 25170.2259826783105132770640859050442
29228 25170.8971988615898235740402097228201
29229 25171.5882462462928053518475382006270
29230 25172.1617197072123320273150537300629
29231 25173.6935794300959118895277964551417
29232 25174.1712574570549471432176319929179
29233 25174.4861022018152186626367727804660
29234 25175.4332703156674539582991109030316
29235 25176.4050770565446579743633083875393
29236 25177.2856404812393511094339773167129
29237 25177.8144082119243898050346270898586
29238 25178.4301300409659956766753817739975
29239 25179.0753656884902566270239128341422
29240 25179.7220885474891145064220152970178
29241 25180.4700803553130980011872166596245
29242 25181.4145083885920338440367237955592
29243 25182.7192583677152982031531046468982
29244 25183.3330550947926492383392102250138
29245 25183.8409040234712413164580130509433
29246 25184.6867134499833160275423200898681
29247 25185.5480352677467294931851641505940
29248 25185.8053684556363377572593846674314
29249 25186.8431148825992343943952597635463
29250 25187.4484301785827591654994614847001
29251 25188.1499606762405934648616696659660
29252 25189.2833745372397391577762604520173
29253 25189.9315083628043984007232197902794
29254 25190.3388305830331129503855804242421
29255 25191.2317514295138883731423168306463
29256 25192.2230866875794251135624746744689
29257 25193.2653893172146513081160160607018
29258 25193.9201571075743994310295046454924
29259 25194.3764725356597430560437922665070
29260 25195.3109419557367362582026586173210
29261 25195.8775341826370576123272090645311
29262 25196.5328790439880458290083298475762
29263 25197.3111799573921484949274527602438
29264 25198.0505838585173219872500667751733
29265 25198.4422164754391847378535724670214
29266 25199.9759601878647235988394698727832
29267 25200.8386625646437353455476760405006
29268 25201.1912991533661830768001244367674
29269 25202.4548653108527316895630961811838
29270 25202.6484756534841634436592086044468
29271 25203.2495225566617484569493165596946
29272 25204.1259678508489397601977463655494
29273 25205.4271955005006660077857901188155
29274 25205.7756850529288904807308090911795
29275 25206.3328774304958582328714416298006
29276 25207.1328334322538241105896897647429
29277 25207.6840399090455628980653628388419
29278 25208.8161207982960752542371422160336
29279 25209.5846247031512971954705267764592
29280 25210.5182923308207223083473169423914
29281 25211.1601378320258110909482946302152
29282 25212.2429293977880642598345953213768
29283 25212.7025664840617846366607099290823
29284 25213.5319085884582140611220355797490
29285 25213.8025790232876777044382400096016
29286 25214.4407994317454005781563783858178
29287 25215.6057583585100515992980091723689
29288 25216.1894092032577017695230848074259
29289 25217.1979291910087196045478217933720
29290 25217.8422358547215159745374501488408
29291 25218.8422553679182949834779640640906
29292 25219.5068562495253150819677980994543
29293 25220.1604242882439595351024734150218
29294 25220.9851257070760434752152021461515
29295 25221.7958894858483298060133299590129
29296 25222.5736027441765854672035200148411
29297 25223.0350226450368169949089763835585
29298 25224.0681525343934596261506071932532
29299 25224.6124815274828810571304796886650
29300 25225.3618490532704001774414132607479
29301 25225.7873567232724403570009324664523
29302 25226.6256974546395326916839089076446
29303 25228.1483635916704071957483390741534
29304 25228.9437631721312252865478919533184
29305 25229.5400616650619241198320576470005
29306 25229.9158547432292907349047880666388
29307 25230.5481506965868439080499158259192
29308 25231.7245897178346442275454881073075
29309 25232.2802439696957495050867802491718
29310 25232.6159867228816633439480538588028
29311 25233.8513223312519830807139491246847
29312 25234.4690403945638270493799220710953
29313 25235.1340854258127064079141351526280
29314 25236.1502304107557217185860818505561
29315 25236.8540106883344150123596125650003
29316 25237.7272332776374539360178321246832
29317 25238.1744314962922338279659846155968
29318 25239.3982041207607847511814499387663
29319 25240.0751620347495347562769197121277
29320 25240.6325525969465285741843466789735
29321 25241.5280865203871580723844372892410
29322 25241.9070094585419493372139779177359
29323 25242.5740937106248613986812369752678
29324 25243.2082094591814248182057502650114
29325 25244.4083313483143655097477334097885
29326 25245.3215876017475298510677791947620
29327 25245.8085032837069296355290764130611
29328 25247.2372145260923225964333363493442
29329 25247.4553184935702945076826208314962
29330 25248.2487487880277579157534534068775
29331 25249.0018021110016839255192532895807
29332 25249.3496141302557180384338814369232
29333 25250.3427482257281419506317606704310
29334 25251.5018837932396165813621263255775
29335 25251.9780330151917408512930465901743
29336 25252.4654257396536758363092540411727
29337 25253.2547889196501198951652989776727
29338 25254.0471198308628484349692607550336
29339 25255.0298314675030834037941347317141
29340 25256.1000435551043936269810211611676
29341 25256.5474232500434780722858879925526
29342 25257.6810145295188056047304674759309
29343 25258.1039796105675729153186507618809
29344 25258.5504389770056989416190197617856
29345 25259.6420346001048404712905807127464
29346 25260.1083437172274062925844610686092
29347 25260.8446410962925426766080402160402
29348 25261.4591283146729082145040439717114
29349 25262.4006203141846407455838874038623
29350 25263.7323284532173397956916462453252
29351 25264.3366193850741192712909209920720
29352 25264.8059736407691861431914723569506
29353 25265.5514878646536641975736244500024
29354 25266.3128944878410976434427973455764
29355 25267.2031442634849713833383104775206
29356 25268.0615019500179567779126667099060
29357 25268.6857773731392955309734308081382
29358 25269.2159014891737030012421565061221
29359 25269.8846347359052255239900323906018
29360 25271.0608102018074116437967726850790
29361 25271.3210607089646579637059702535052
29362 25271.9907927888909768751457168201388
29363 25273.4980984815764784693771969879304
29364 25274.2060293216610474022949106655593
29365 25274.8521469552046670882602345715893
29366 25275.6497756416501479776116463633603
29367 25276.3695050067537987186997482537187
29368 25276.7906166416728925809753133816831
29369 25277.3565450149482849284951562331849
29370 25278.3131560746606022793766058936258
29371 25279.2001301923699170281845838423522
29372 25280.0382879845704624170329774802525
29373 25280.5867230573122865554473646747017
29374 25281.4065521516621825497397619223847
29375 25282.2990770667034950758434593308643
29376 25283.2601603348844903308251965204345
29377 25284.0955507078215390177045930903285
29378 25284.1791932651200532222494296316067
29379 25285.3706086681100371097217108577593
29380 25286.2641482293029175030006247655435
29381 25286.9448434042876332681808871785643
29382 25287.5305199095233706449738451360025
29383 25287.8766829156346726653425590980197
29384 25288.7654515622252326394970001891149
29385 25289.4770799907491293742747835880699
29386 25290.7265055129920211566583842150050
29387 25291.8519388661314342814879875084939
29388 25292.1043367748562741993625656495540
29389 25292.9879610149767567843020815380938
29390 25293.7263839282603959300312879786635
29391 25294.2999203389897084555032331494871
29392 25294.9230847032372620413637275468236
29393 25296.0647454280479809666848037465239
29394 25296.3341221655832379797550949380328
29395 25297.4224878746170718836172529676575
29396 25298.0022809152903745449183327547770
29397 25298.8081403613988930177666797996774
29398 25299.6586659273321289316600317475550
29399 25300.6179921272291327238460000960330
29400 25300.7620781291229374427422008284654
29401 25302.5880911867991729129879915833368
29402 25302.8337893399008605276651141089949
29403 25303.5914284249982555480716514529907
29404 25304.0291594209975845543149451785503
29405 25304.8445890933256259009230252885557
29406 25305.6440138911474740147838262546223
29407 25306.2145244438350589833824432643834
29408 25307.0464199985689270249205715531251
29409 25307.7523796536570203699533991163978
29410 25308.8908121418473037582280156793999
29411 25309.8066706332750947228571776381119
29412 25310.7105342441195593417250014673736
29413 25310.8152707105859944779062340784140
29414 25311.7450097361542920066246484811886
29415 25312.3904352719839998995942129612002
29416 25313.4689301042334090716064362801739
29417 25313.8952795199274599875069929547399
29418 25314.9673650160554598284993201778157
29419 25315.5992552275154676646966426393272
29420 25316.1570371568589161980132392154568
29421 25316.3915540059477225939728134113480
29422 25317.9623685678322352476413486651549
29423 25318.6677384036908441015914330823036
29424 25319.6741008905583201203026892822900
29425 25320.3115313048186563503447897900218
29426 25320.7751977089226865808373911843253
29427 25322.0312193439970438540429437052737
29428 25322.2309171424590928351933781381390
29429 25323.0243193521347064964171340365665
29430 25323.5303396121084341935959546973851
29431 25324.2494557982284772244617565705556
29432 25325.6825794402839652540497985774863
29433 25326.0392717098123647344029066309390
29434 25326.9113524873215482062945131755499
29435 25327.7732306068067119021527067486632
29436 25328.5113137197840157897909576203826
29437 25329.2725244819348250982489737090326
29438 25329.8642821714524188975498510660334
29439 25330.9777760300372135879753990654996
29440 25331.4383842947543231764071624064547
29441 25332.2701638160055401766664219999674
29442 25332.8123907204293072407734352338277
29443 25333.5285532496095409619835793745785
29444 25334.4866702154475848490906069428942
29445 25334.7415384077689410919366377777002
29446 25335.8623231604389288491389641061184
29447 25337.1040081872847597070509929115788
29448 25337.9574828389073994015579312494396
29449 25338.4453988190309944329831487878920
29450 25339.0584281787316765970506405776553
29451 25339.6712586764347519444218735142455
29452 25340.2255241530709915101168566858481
29453 25341.2732688639711914539374855485436
29454 25342.3135682161515894867149337562784
29455 25342.5409466662317970091593123878758
29456 25343.2437690942138243444103566577690
29457 25344.3610225651832424286128808417042
29458 25345.0957974051593705016200655978499
29459 25345.9476365743978530701477000172873
29460 25346.4880405071149057817225800592192
29461 25347.6446247244829933478377267414232
29462 25348.0166978367956693897873504417823
29463 25349.2899911244748698508656076556357
29464 25349.7044684343378196129559972488225
29465 25350.1479632004694505205975340920191
29466 25350.9659238433530038856897724317926
29467 25351.7663895033444395639800912432274
29468 25352.1067086861807864571281339322273
29469 25353.3083393127809151812799228556551
29470 25354.6402924149979651912205047407783
29471 25354.9788657943316175024681652280704
29472 25355.7203369265661917057592620592494
29473 25356.4799379753003891285568197005553
29474 25357.4441746946021877301668133593820
29475 25357.9928360998695903574748235839879
29476 25358.3115709005557923620793843363438
29477 25359.3831256770192642517114499526876
29478 25360.4616927394488007567448441630215
29479 25360.7997747241294524027764664538734
29480 25361.6344113818484171466362975777264
29481 25362.4491161215672310648619889733527
29482 25362.6882012484727622891759988565590
29483 25364.2952233922294099532322918025172
29484 25364.9936475174380047778222866317250
29485 25365.7165095416437637033683780093929
29486 25366.4650583072719217225650843911965
29487 25367.0111857385543915243447538149435
29488 25367.7710625221593207554513079648865
29489 25368.4025645093757334284182685266913
29490 25369.1161540004630640119645051093885
29491 25369.7299403457793875241820326114299
29492 25370.7907282404332954382372578188513
29493 25371.3601034022310599343206612402076
29494 25372.4651841410674724480313863211618
29495 25373.5875574627023562924846296248862
29496 25373.8661584872132152450925378400350
29497 25374.4082598097823771244253834797196
29498 25375.2040820853301462272361176606832
29499 25376.2206733258386193405111622582134
29500 25377.1780666408060257019879483924094
29501 25377.6069518466247912387533957398276
29502 25378.2680349552262125397574326805480
29503 25378.7886723460687477381097154925110
29504 25379.7040060509490597074767209825837
29505 25380.4260074505960356720529216975771
29506 25381.4316055246012617984253341629809
29507 25382.1974316167878912615884831007893
29508 25383.2498322675446920493753360501102
29509 25384.0781387038503967893136808798439
29510 25384.5734717871529119366149098089624
29511 25384.8836400901140461319716997149470
29512 25386.0466906094768039905755169989344
29513 25386.4433630811581417736492996652534
29514 25387.1063538753700180255725652417117
29515 25388.2979926555171498838848999438188
29516 25388.9720098641800131129891821471634
29517 25389.6357399835033194027656480425662
29518 25390.3694844627861718338610669244122
29519 25391.3893640164663194698814638120776
29520 25392.0104286848148604104342655490338
29521 25392.8326204739861087929406650012628
29522 25393.8909623613466136560539659803124
29523 25394.1677523984127659604679999175179
29524 25394.8949824344990111951134808555083
29525 25395.9245831311847733142235724643391
29526 25396.6814920308209738876888789235414
29527 25396.9260627986692441385846269606074
29528 25397.5423595906822890484698714093880
29529 25398.4625236506979038197589124173376
29530 25400.0754444254671056067066264335069
29531 25400.5249151307483091362511074454728
29532 25401.1949698643886339965054718691967
29533 25401.9834794453238031710158706521106
29534 25402.4894542829752158704527051610823
29535 25403.2994209803554865438083343390404
29536 25404.0724142209229269470030860956955
29537 25404.7201556487704374668441076070143
29538 25405.6952034182699571869318605780026
29539 25406.2026727994484320365942201644154
29540 25407.0541592833146302644276326406708
29541 25407.6354371680168970732644170021784
29542 25408.7082709456757440376740883464880
29543 25409.4656102486613700686594062458760
29544 25410.0835216849202862652912118667149
29545 25411.1654175295013682964099952781356
29546 25411.9659220210647034286525564320018
29547 25412.5903116222129365623108974317055
29548 25413.2871099342599031259933032640030
29549 25413.6026888061247910084469240141456
29550 25414.2285307467868608342712320301603
29551 25415.4936487726496125765734120306247
29552 25416.0081001440727481664285278040587
29553 25416.7781371208882573619638926357696
29554 25417.9883193532221227690036617284702
29555 25418.5479729387824102459925979067468
29556 25419.5360614066317233111866020323588
29557 25420.0861434427224832392308078771756
29558 25420.6900754328157226549810646242630
29559 25421.1681871910600821332909008127543
29560 25422.5570825466252211901051006917013
29561 25422.9812269467348516833243033430525
29562 25423.7643587026560999739238190803147
29563 25424.4765693903362821596460208931979
29564 25424.8899127982434771090234455517796
29565 25425.9818437350085051605849935237468
29566 25426.3917909960029052600373182808743
29567 25428.0661911402799222616680510403974
29568 25428.6646961740499454151702650563694
29569 25429.0775113426011715258159856433679
29570 25429.8069034124090143394109797388046
29571 25430.6999321960964945725160570574178
29572 25431.3267900270007860038927302814436
29573 25431.8922430436517111599892596487844
29574 25432.6613673952726777874321547382163
29575 25433.3343831529777968766776066226379
29576 25434.1671617925231639739528086942292
29577 25435.5157569185526653242103768114337
29578 25435.8346734472322376700771253116120
29579 25436.6281997283923868616497727558158
29580 25437.3389476629621535134911359859672
29581 25438.2151277032138681955903542368516
29582 25439.0706458729595180474200069608460
29583 25439.7910922692102948578862394930163
29584 25440.3984239977862965605092771402600
29585 25441.2620702511386782002812646755492
29586 25441.6546099393172150770216722800311
29587 25442.7007531845362898447266189632400
29588 25442.9370373316911595843198426886910
29589 25444.0247016187131754918116215773736
29590 25444.9640597137227797788752651535387
29591 25446.1107579375121412862975023359779
29592 25446.5986233300407396392942664417378
29593 25447.6707037756871106859901759122010
29594 25447.8352710559129605180109745056153
29595 25448.8156421861802253261687635282288
29596 25449.0105579427215082982562466553919
29597 25450.1479188862847047930770299465195
29598 25451.1085752400928645405798175367639
29599 25451.8245284396190079950633464108959
29600 25452.5198444680783214653389432063893
29601 25452.6614044571821502665400654674164
29602 25454.3042455834251534628864120953689
29603 25454.8658813036759679096012851278033
29604 25455.6136748082417356134823982862520
29605 25456.2292046907234442805955353854254
29606 25457.3611376690628482618157184812557
29607 25458.0780118398689564199232137724694
29608 25458.3937910171829870969202641242063
29609 25459.3872636421638105466895891983337
29610 25459.8774983418550913360493184510508
29611 25460.4348201941575999010055519729798
29612 25461.1924703964458633829341319375090
29613 25462.5516075267874948796064044618075
29614 25463.1429473918250153660203359803744
29615 25464.3069420646944033571095531881447
29616 25464.7707146659323780247243160474765
29617 25465.1900021998894672040485592185968
29618 25466.0819557960585895661254594115164
29619 25467.0579514352733977116693069366050
29620 25467.5487889432999233383723166187701
29621 25468.4059634662764966114697257020733
29622 25468.8982595071289818849354742052032
29623 25470.0630126628885381419083183297559
29624 25470.5043573221996258801530107633651
29625 25471.2408376686944486185821004494775
29626 25471.8957783110471436449867153594897
29627 25473.0381533389573094248449855554654
29628 25474.0735864534546033812586796557487
29629 25474.8355965250042389615590707942085
29630 25475.2849035135244940394879305934191
29631 25475.8510521632368620075701933711739
29632 25476.5737011131699204959025010095631
29633 25477.4230671681174664391775799040008
29634 25478.2071054385510460692443004808970
29635 25478.4531117725727888507874313739321
29636 25479.9523738970508439822045813029086
29637 25480.2174423763537151523069624699688
29638 25481.4864983124466358079542219901613
29639 25482.2354694137689789832471525239181
29640 25482.7966736343917094165381528846348
29641 25483.6138925296379808206952034440895
29642 25484.1801113116248093941267321413170
29643 25484.8962062280896114266152445967669
29644 25486.2755020745230425806997029857045
29645 25486.5478001790177022717254648453352
29646 25487.1134835035450299251292169778376
29647 25487.8247827227610142207373070977196
29648 25488.4342647474215121528322860815834
29649 25489.3190181525158784994685185407124
29650 25490.6020165840346070401104888212834
29651 25491.3209999217589514466048413966555
29652 25491.9320789387578830126132240158086
29653 25492.7558641488230166628000813243566
29654 25493.6759295465468816692034892049340
29655 25494.0622214419386659725131879170023
29656 25494.7139059189091139031123915683409
29657 25495.1850307513420281698295379452654
29658 25496.4138261441316522758736402199948
29659 25497.1207858361634063722799592328719
29660 25497.7652506820452161729293730301238
29661 25498.5935565320392303514786349344837
29662 25499.6827737602987320570511701712989
29663 25499.8664607435581462281468575435651
29664 25501.0640858684459655323732024372125
29665 25501.8006597068944123620868358392798
29666 25502.6826727365971804073951463971974
29667 25503.2221403986063175216060844973381
29668 25504.0045277243115839940624110084591
29669 25504.5786371453581354589725545784657
29670 25505.1913840797602985766821192327695
29671 25506.3439575216475247545523226192204
29672 25506.5652611716053511135586827554567
29673 25507.2300190468812265657350160928122
29674 25508.8942901851399038672827721494465
29675 25509.7591190151498813773587389497158
29676 25510.0893436534255002622669133790573
29677 25510.6594933000010674455919491826272
29678 25511.4826905448964691857860938040919
29679 25512.1255188168330918936725587086920
29680 25512.9763464012431641913704097782651
29681 25513.9228606544898592986661378252593
29682 25514.3916209292144675482290469722423
29683 25515.1424944956471026201452458740211
29684 25515.9425572789663134435767964515827
29685 25516.5773435058649985651642202723065
29686 25517.6351079389684682610714710636001
29687 25518.2914304892640897637178680482368
29688 25519.2375288101015480358433479750096
29689 25520.0845691161639171582205164632646
29690 25520.6732730936894695327838052221847
29691 25521.4745649824452297535964961919799
29692 25522.2209087360798504691742880551813
29693 25522.6627323806568890060876820687356
29694 25523.1655976005051279608605271806778
29695 25524.0025581756339921868936051744580
29696 25525.1582410111167781124362508955438
29697 25525.9942668514842455569674951644275
29698 25526.7201098505341387014970945201184
29699 25527.3321457293192619661400047202301
29700 25528.5515771796603863660365692710178
29701 25529.0505728201430603322493960067975
29702 25529.3061754395137856113488897438833
29703 25530.6293080927740262388023931263847
29704 25530.9347935588585842266332970743287
29705 25532.0059874305100224411855745216875
29706 25532.8946605961768567867381638132265
29707 25533.2141752636181641519984265029846
29708 25533.8288959394166004636146201994209
29709 25534.5725280123920127792120806193662
29710 25535.8381869418891500691122350459537
29711 25536.5877450795175786349706596771523
29712 25537.6577672979494050094815057814655
29713 25538.2641124542234519499197177964938
29714 25538.6351622094653883782072341658776
29715 25539.3945884282086493601721220737062
29716 25540.1155012263952868538708260492406
29717 25540.9121588016217710214957260210100
29718 25541.6713048807523827027055248019537
29719 25542.2174485795072869090715681040306
29720 25543.1572466760062020001432153551928
29721 25544.0423073659774355616380356117981
29722 25544.9801992882400944011933409194778
29723 25545.7377711534283392035975091791794
29724 25546.2899248691124703094394906490388
29725 25546.6780047495262029521134828890211
29726 25548.3012148858334423181525412370791
29727 25548.6913004431232372967573672422054
29728 25549.3371971064596263809379126939724
29729 25549.8137659538448349936759083276495
29730 25550.9272028789924698068390570308712
29731 25551.1141847636218992051109426535297
29732 25552.2081885646776772578945561796014
29733 25552.7587714784281242492892983813702
29734 25554.0848275423000719452053092546667
29735 25554.9870373109638025230983902856154
29736 25555.3966053620743410501919820569752
29737 25556.5240891874428240433515046278148
29738 25556.6983579486608385084531955847998
29739 25557.6346136651270774345605262336271
29740 25558.1604069959005917828098283045582
29741 25558.8707316792790293772496745172164
29742 25560.0664124621015778237288141192212
29743 25560.6320645014996254939139471127967
29744 25561.3083382191174530435503540935095
29745 25561.9824376704110052589995358360134
29746 25562.7046256214898863789230801891525
29747 25563.9069341253978618770268292871336
29748 25564.6976832214104644763086599660030
29749 25565.2916937642183099040927166389273
29750 25565.9197898825781614184968300428613
29751 25566.8280704780284294345636564828722
29752 25567.6281381954762054643675495567934
29753 25568.1694790938134114900468993446264
29754 25568.6070631180939027470420006589722
29755 25569.4201012158097061153036843961673
29756 25570.1362906198731225209627382328355
29757 25571.3147659450324014074728828654951
29758 25572.3559636159990319577996847788027
29759 25573.0442977804788245797577249394324
29760 25573.3894009780212756080853253104381
29761 25574.3770391289453082252248907343895
29762 25574.9673232443515199313014403109563
29763 25575.6579500883333205641231382894507
29764 25576.5390520644559149432491118490521
29765 25577.5711629131026274931268017107167
29766 25577.9448894339699602999055903631249
29767 25578.3011903436176798711900455366201
29768 25579.5490614775896387603138357379233
29769 25580.3075080773240568053254697814041
29770 25580.7989404222677754164764461859729
29771 25581.8706047210119376402483032049550
29772 25582.9807065781807094842068131095341
29773 25583.5419875679737786937090881593344
29774 25584.4196728183150925797328959865938
29775 25584.8437570469636662738056851159282
29776 25585.1753472404995787554759184561992
29777 25586.2913477910486403306217258076328
29778 25586.8051935078414618875242779272614
29779 25587.9454181893216411584084891037823
29780 25588.4140437908000600578504965333632
29781 25589.2369042336465478543474983483142
29782 25590.4831797092488760246614543899346
29783 25591.0320995811086438279168655028285
29784 25591.5731287123470043903746127617682
29785 25592.5272453161911477927412156150579
29786 25593.1029793785603774201627923282798
29787 25593.9087460288777247431873439004590
29788 25594.8964206944283737222023390736988
29789 25595.3530860991921242079488855557054
29790 25596.1689946950040875336633076476092
29791 25596.9200769661582747791724620810167
29792 25597.0951287869457139431508692963229
29793 25598.0764322381382564172624603435828
29794 25599.6903041939579005794530629139043
29795 25600.2003344725660867351336991046729
29796 25600.8168541551615629298244203811984
29797 25601.6661105996081018101320609037855
29798 25602.1153843777323741974555665023457
29799 25603.0966686615855787517029150916645
29800 25603.7683520555168438474348271211665
29801 25604.1697119203485302120209430147553
29802 25604.9346612950308846761575633681953
29803 25606.1248687872578682439540731479980
29804 25606.8587227530544508630922021249318
29805 25607.2842067637009771612702583711713
29806 25608.2820971942223920526803466401832
29807 25609.2060508739932170449387020388017
29808 25609.6573887958159881551459647165878
29809 25610.7624318851656962049568478067313
29810 25611.4769534486096033518882852448663
29811 25612.3999226071456270816001691976065
29812 25612.6154010711914646794816506140187
29813 25613.3348345936575476759484705488459
29814 25614.3485438489093235018374544277836
29815 25614.7204564872054047249051800875134
29816 25615.5002047815867769229958588617415
29817 25616.6664280202037430967498994552646
29818 25617.3057318535969597208086551693847
29819 25618.5995187618858059941850664678865
29820 25619.0554211056780726151079530058930
29821 25619.8861443395506672723932290607497
29822 25620.1158410283967780340238633393863
29823 25620.7290907403336244669527116070613
29824 25622.0596232854652965928455307243391
29825 25622.6983790245737069333313462851859
29826 25623.3492304552618727663519233053894
29827 25624.0642535945424282121242924095592
29828 25624.5962516908386478922343983679225
29829 25625.4404131660632905767054082921454
29830 25626.7026458962427476082123879759442
29831 25627.0230130840632296048371065768606
29832 25628.1609864616116507493245166807982
29833 25628.9053098807996219083712229831518
29834 25629.6030566781943096344290747681879
29835 25630.2396448280169859475771665167643
29836 25630.9411324386793128373330843227897
29837 25631.5798562907347802764092795514715
29838 25632.1227181361232774136198277650028
29839 25632.9424282385420102107280377391333
29840 25633.7314338396811644121908076770974
29841 25635.1851816588312201604438250421177
29842 25635.4846254148573010160818089672270
29843 25636.3785293538186775682445125025230
29844 25636.8910369618272214675053521175502
29845 25637.8571344599126871714389144872690
29846 25638.7404644172094462990913881521248
29847 25639.0639642070739583854696150058745
29848 25640.1724481506985752542710548782146
29849 25640.5554088283870333270123217174014
29850 25641.6820571093835889232134974913146
29851 25642.1325553378180979599856137774563
29852 25642.7893352868391099882619888915798
29853 25643.4455339686043445989308793343629
29854 25644.4387624169490220101359250579385
29855 25645.9206014963105002636129974460241
29856 25646.4744012782451593028245644333458
29857 25646.6032559100029781703437305630036
29858 25647.7308946915562075794842568474873
29859 25648.4449456217043312115033070901682
29860 25648.8139420384209668533035584537776
29861 25649.4950024002686804357027063528068
29862 25650.7213494605170499917199435835550
29863 25651.2437414448335183430014302130212
29864 25651.8857617151795560266065431755064
29865 25652.7934752739615207566385750582665
29866 25653.8634948123649511408727775049376
29867 25654.5041496481013721141921306507619
29868 25655.2258879828862713961911530462143
29869 25655.6869602190529132962348252287148
29870 25656.7588923604212227070143219058165
29871 25657.6261641312050992129833025017558
29872 25658.4027433106684242274133669204328
29873 25658.8878870890791133585778282853750
29874 25659.2993201791443334625115024925291
29875 25659.9580328913585497063844607257510
29876 25661.1616412167272359303084028256570
29877 25661.6937604980467526826247221729346
29878 25662.9677734714603212921427023936024
29879 25663.6406594976663045504375192693729
29880 25664.5184321377450401255742050106085
29881 25664.9365579945486866278934106452881
29882 25665.8793810054984238895711604846255
29883 25666.3107445331465258527550044721158
29884 25666.9847620101268859064646043345270
29885 25667.9346000034102572503387896873744
29886 25668.7036715698003345183367936682171
29887 25669.4457273566258073155825411705318
29888 25670.2176296813043693717906741115857
29889 25670.8498464504905229916236867332145
29890 25671.6243397470143973340671017900652
29891 25672.5369671673558217390549978807073
29892 25673.4664616818449338497460070337819
29893 25674.5190414686087608561818255732915
29894 25674.7891028228111285221353891768860
29895 25675.4527257831654149331189365692587
29896 25676.1465345565309110647975366858859
29897 25677.2461757234237353086482715810467
29898 25677.5460282429304158101843442679926
29899 25678.2801920842250280282328566348118
29900 25678.7992015260963818881740635533138
29901 25680.3068423401825814178976560858617
29902 25681.0825732229679615603530194265902
29903 25681.7918466126517210273017952495077
29904 25682.5601191696655598894871011895516
29905 25682.8979865769141219804224739098738
29906 25683.7531947900371758134598319786244
29907 25684.6447250515338711347466149374055
29908 25685.4593084192612844111291122618958
29909 25686.0786190311451128117311772907502
29910 25686.8628745023375748061880667202636
29911 25687.4429901710817887580883260798528
29912 25688.1466490734443181227489875369501
29913 25688.8331834727469440118690806061606
29914 25690.0740370493690679057613329327841
29915 25690.9015662486489048540732169470520
29916 25691.2833047438908068250880665440936
29917 25692.6204745460494556608787840385443
29918 25693.2811063957132230498913337888677
29919 25693.4487876814453594464336269951993
29920 25694.2518032302918116441827436602175
29921 25695.0666484980882751834227223665936
29922 25695.4331225786905876429647076199391
29923 25696.8084939549224257728934699817256
29924 25697.4818122623650014956770906237080
29925 25698.0492523511021523745996633689355
29926 25698.9521825877607904226924620254736
29927 25700.0645098421577572196385754270013
29928 25700.4907820499055318845203511133485
29929 25701.2417644142244070144132413519985
29930 25701.8678038050408196410121437817929
29931 25702.9775585053496036802926464225266
29932 25703.4515707953291747653666879474193
29933 25704.5247761741588857244248034536054
29934 25704.5872550558254466549446857990563
29935 25705.6623931489467425466618776573905
29936 25706.3246863922016534951976014468403
29937 25706.7006951623431244317158029240551
29938 25708.4131243706641827028386928657729
29939 25709.0665697633041216045149495621953
29940 25709.9387098203518663465223065678890
29941 25710.3164134494296151038974372066993
29942 25710.8145587360706342759519602224403
29943 25711.8543663241317721738485832489035
29944 25712.4624161704730922740965162170590
29945 25713.2813133944405697355350086198865
29946 25713.8277655907229699893610627792186
29947 25714.8161980355882748217078135644778
29948 25715.3086969462765479781038650373571
29949 25716.5917027881630073214042362124199
29950 25717.2632782783330978070373399474209
29951 25717.4416722954938381801203486293381
29952 25718.7582884484538506628246176711457
29953 25719.5702713628170538892542705034766
29954 25720.3444485439866910742330532893255
29955 25720.8956767580664260560856943584280
29956 25721.7543380411710201470972098433152
29957 25722.1580511496779489133684126492177
29958 25722.8973612219864753840660544417926
29959 25723.5687185595598961414065219919277
29960 25724.4933894671278612006062185975740
29961 25725.2762331653981690694253951776151
29962 25726.5541260526013836590114549107776
29963 25727.0000454624978470921185913694663
29964 25727.8132026884861929500412334053474
29965 25728.6605795758366214611140848724595
29966 25729.1031990944136539649989925008700
29967 25729.9137832282219550556260854188799
29968 25730.2273274922547311404011852338090
29969 25731.7388966234065174588666016441852
29970 25732.3397528916437667948589418673086
29971 25732.8151352904042555161071103960267
29972 25733.3028399715338391236873993961279
29973 25734.2174097175148162833972551505341
29974 25735.3193557803979293005140481795246
29975 25736.1138591172388139607213333931367
29976 25737.0306376474041286327036003500253
29977 25737.5890904142080891332426219422063
29978 25738.2776438620192603862835898589754
29979 25739.2235827124925626770057807949417
29980 25739.7346642512338520408776514298142
29981 25740.2237760487841265973075008195345
29982 25740.9967743109827848846625043868855
29983 25741.7575001287232477227464682330986
29984 25742.6616212262240211870981641453497
29985 25743.5863661932092662256396152416041
29986 25744.6685354298640848274392568733817
29987 25745.1100038567233181310193463602339
29988 25745.7892190709845058522905047683899
29989 25746.4831016415770144550145294473130
29990 25747.2181930996105060687444935285777
29991 25748.5853560832121714221455082446082
29992 25748.7247825136156661659187900336327
29993 25749.2931474447532972641792286427015
29994 25750.2644468628139049176257490465318
29995 25751.0142821784568872339638356584536
29996 25751.6054831224062767167086449573897
29997 25752.3635033184829364247564943482135
29998 25753.2155719524029116590873551976932
29999 25754.4609457380289722863412653270924
