38000 31720.4757627089426922701086222324334
38001 31720.9793134927873000273308897213708
38002 31721.9302483288984131812883013893766
38003 31722.1756385403185156527802657745648
38004 31722.7321590845707409399179546460637
38005 31723.5847330676868858856691960323972
38006 31724.6159860804401639634362041108134
38007 31725.4795324654145181473928491194732
38008 31725.8387881147661104435875941343009
38009 31726.7729632075174944386321801763400
38010 31727.8541823126681358518136344218113
38011 31728.4219777027146793095181283446377
38012 31729.0626298871899410293037690437330
38013 31729.6439400308827089995128387330267
38014 31730.5056839100456862031075543392505
38015 31731.4000794769228605481275579721412
38016 31732.0848495502035478910837962074343
38017 31732.7436631637096464111622529439441
38018 31733.1145255718957656872346154353210
38019 31733.9819743175505816314398860170268
38020 31734.4304886850223519389601391743744
38021 31735.7352887898708258533494054587355
38022 31736.7120997357030216636722182757070
38023 31737.3212573283680954681851732503561
38024 31738.3395131354391690736253791791613
38025 31738.5817277093342956388870394276451
38026 31738.9756874922805043101573646600845
38027 31740.2364170381629364927379011303812
38028 31740.8644535160457107254873911151277
38029 31741.1467188238656544238861368124011
38030 31742.2558101333328973513698002418792
38031 31742.9051478617106705167102903528345
38032 31743.6797249952945860640571769728092
38033 31744.6158739484002435622470247087591
38034 31745.2559945464525924467219779686191
38035 31745.9202042475506141907839819399090
38036 31746.5667407638919405383032255169895
38037 31747.9217445626391538717740444629789
38038 31748.4165406727634140328631358777246
38039 31748.9197234356536745378970370362371
38040 31749.5196097302534245980834858971276
38041 31750.2428319898932989977460294417943
38042 31751.1028187151137921200655775223467
38043 31751.7156837152818240269853374370855
38044 31752.0476690547596678226135417624849
38045 31753.4492398019117283756605329384850
38046 31754.1415569696257643910238157677163
38047 31755.1400438648581058240508950167534
38048 31755.8088936444339636476204707136530
38049 31756.3430964435577720328819564432211
38050 31756.9738336619145498947503816538733
38051 31757.6659399170563100071737303161102
38052 31758.3168450253130118944545665547931
38053 31759.2021833077634648866988364439437
38054 31760.2273491661706162410528275129078
38055 31760.7064640620967860423365353105769
38056 31761.1115832660694284643300890611803
38057 31761.8657888485032490211934140307766
38058 31762.7747318111400593520996020509676
38059 31763.9413063280322319825772074003902
38060 31764.6366691053960864614767446047459
38061 31765.1168592319435250578064371636831
38062 31765.9680300544348182171902937165369
38063 31766.9221842606091915217107241143587
38064 31767.3387378010038276470180193354831
38065 31767.9621228908962229970522387945796
38066 31768.6331196693167609720474411300860
38067 31769.0657361627162714526661122383611
38068 31770.2093472029589604854124460330030
38069 31770.9334263061663937287562522616040
38070 31771.9722732583959925120415979971000
38071 31772.6777365005078314749768348866309
38072 31773.2293642153559764113548757904765
38073 31774.0922894077405710099841919576545
38074 31774.6526058829570232504098320460156
38075 31775.4463994678346240508649634767804
38076 31776.2367141966049542661601733563217
38077 31777.1469345870966822645828415671269
38078 31777.5672290720936194664776413129052
38079 31778.0728460456161321687146465808796
38080 31779.0854013282144640418150683705632
38081 31779.7504654648223665864571548540286
38082 31780.3765549965515804428938568280751
38083 31781.0107129090761019556622464358044
38084 31782.7062631366645287718901496461178
38085 31783.0417352500199337336418822238550
38086 31783.6459152822463638877702753225739
38087 31784.5098211827354284799715644531131
38088 31784.8001816416918495913223885683820
38089 31785.5459303414594200572055440599682
38090 31786.3131926429647444495526046248933
38091 31787.4044703251346887650847972544559
38092 31787.7046134711277732176357328989742
38093 31788.5103667135211274251813609226186
38094 31789.3936037473481487777062167092091
38095 31790.3636151560570771622602465699758
38096 31790.9399487735724296620640470662179
38097 31791.6755133812325036544161024769891
38098 31792.5074673684241685185092580372557
38099 31793.0579759593989266519174899426760
38100 31794.1372609969299824879741346299713
38101 31794.5580952358391454560137200429951
38102 31795.5798936575566778782732894588754
38103 31795.9038720072970267702834755342096
38104 31796.5903897295884112705559158487869
38105 31797.0248718153262110077728728375022
38106 31798.0394439829949704464986859027219
38107 31799.1711580354037535233953034771773
38108 31800.2119205780200056494297009945622
38109 31800.5727749975572246448630560641419
38110 31801.1180678488065201157143278593344
38111 31802.3398738750141305833138896444382
38112 31802.7174833065331785201439913442558
38113 31803.2220119122450732122422953357948
38114 31804.0311876368892284086065504346664
38115 31804.7159640775323475255627563744967
38116 31805.7255841980749857573874201182202
38117 31806.4670300773747592349678939258996
38118 31807.1078676152621768589402625227586
38119 31807.3479215103870460440344570991534
38120 31808.7878133581729368322799820955986
38121 31809.2676781366552596396757003554754
38122 31810.1790847936044421721140158595830
38123 31811.1914730446882495504396412335366
38124 31811.7445490715975782266213311184950
38125 31812.2036770371788524377983821449607
38126 31812.9319395329575575508435109012727
38127 31813.6588932934350142779960273136790
38128 31814.3592282768466687443785545337734
38129 31814.8926250983612119732285613617202
38130 31815.8142555579277520600477007378905
38131 31816.5162347243175113771572082637553
38132 31817.6145652727802426548478435084799
38133 31818.5761455397829658250155256354822
38134 31819.1702673900018248785774088306356
38135 31819.6748313879764089906941254707619
38136 31819.9678415879367393282523379013207
38137 31821.0773763357266773365514555083084
38138 31822.1706568495284781605436014747233
38139 31822.7288093513948797101416463612288
38140 31822.9959476385083799181119014893095
38141 31824.0701608253597379921292170336794
38142 31824.5877150786622316843506057407184
38143 31825.1632216760742523392725772395781
38144 31826.3855718721634184951517864497211
38145 31826.9166818316726907576379528846342
38146 31827.9907653745660597576773182838659
38147 31828.7989314829452041160734527471751
38148 31829.3436641315064991267210136092701
38149 31830.1977048028419798041896314250771
38150 31830.4281935247285663062534720579906
38151 31831.5417532568240220978908693175582
38152 31831.7965062857730442354568114848793
38153 31832.5429514366755395465583122393911
38154 31833.5819775690163167201112109758520
38155 31834.6185922753332836322951455301625
38156 31834.9515543072496412788209187392398
38157 31835.9604851963873293974966856415809
38158 31836.5014648591298773776550552620009
38159 31837.5422267927716426807047359804932
38160 31838.1327664773081180564850193064195
38161 31838.8640968607380399700323495924390
38162 31839.4678495254387641714692205448238
38163 31840.2969326573163236369679412538012
38164 31841.1630950983811391555024850869368
38165 31841.6119738486892088383004564297532
38166 31842.2886893760659844018306888130549
38167 31843.0071872784729369446093930248663
38168 31843.3436462634316547029803827178873
38169 31845.0804300040674533804818115550827
38170 31845.6901895546181249920161039849152
38171 31846.4068890740340784937242357884382
38172 31847.0070672863081986715546804437157
38173 31847.5920216953100076920430909583946
38174 31848.4406165837072263883361140225189
38175 31848.8986852540054131891602608989211
38176 31849.6012927586774412730613557065717
38177 31850.8104471877561158491956352690698
38178 31851.1751570058648501890442640451529
38179 31851.7589151284801551124420797279229
38180 31852.6570751241791695007659175137061
38181 31853.7916074145986160446974337876400
38182 31854.2523947265662007355845899512790
38183 31854.8551726316431575886663118285394
38184 31855.9146460934884061544882432715873
38185 31856.4879192890031227799347249418203
38186 31857.6694870934106339635236587094530
38187 31858.0678818765585905744092491174214
38188 31858.6042322815821361915949603080655
38189 31858.9774411253640205344015353834524
38190 31859.8927080303828737476891315625893
38191 31860.9265025014398876512131449331241
38192 31861.2405353524570073332826092239349
38193 31862.3971074061303881086259060691746
38194 31863.3177976656336050730448352819130
38195 31864.1784022521967550654300036371448
38196 31864.6348233377650062282597170794434
38197 31865.4005019767507871057494761867030
38198 31865.9176180689476750851450525217228
38199 31866.8899318512879721727658133149005
38200 31867.1348120732713279859735942666374
38201 31868.5485492025312709201851492458109
38202 31868.9193691209350852896028103275531
38203 31869.5539274707430556339342056998124
38204 31870.3813752175150920444001297584275
38205 31870.9770614189567233183691113576145
38206 31871.6209386716265603154510092855862
38207 31873.0572034250126410679706082649697
38208 31873.6464248828780565203890626910985
38209 31874.4604144621844503025796492559129
38210 31874.7893237311274230452665837643743
38211 31875.5850271590815637755176347346094
38212 31876.4710240072969551310704286799604
38213 31877.0328699059283076951811807301587
38214 31877.7060898417662712074303905963523
38215 31878.0370223054480022872528796268713
38216 31879.0955087393531469902236840113886
38217 31880.2875114960546797855765374456201
38218 31880.8209355531430286626364079774406
38219 31881.6886743103958089500987430510705
38220 31882.3872171032215381376889840068178
38221 31882.8401226119323177159258360293360
38222 31883.7297686909476218640216395973426
38223 31884.5373493584295265803252351326380
38224 31885.3956903434223190278799408460075
38225 31885.8269289886602490609129767335858
38226 31886.7038360910709924708464164868596
38227 31887.2311521694347838453854925079287
38228 31887.8845392036880337556065337354162
38229 31888.5791732813687137855270249958054
38230 31889.5249498892104062592454924504368
38231 31890.5779034010041772462358348210570
38232 31891.0471603049352034393013009640269
38233 31892.4909986856367362481651128008342
38234 31892.5887823300878409803132942047292
38235 31893.4189218519004962677402142585720
38236 31893.7723443851874744623898907967808
38237 31894.5015110328247540747757995404389
38238 31895.3262377553127032856019705530730
38239 31896.2757719372892892894590221039735
38240 31896.9435694605674510670562234222417
38241 31897.7492186631701511285040695103066
38242 31898.0640995930906229071734264505780
38243 31899.3113945063406620806249320021709
38244 31900.2607807504603859878691519209180
38245 31900.6703426595101349607428242782057
38246 31901.1489222428951560961844838086690
38247 31902.4769107593235054312940505707955
38248 31903.0218779652580517439051275539618
38249 31903.4888894529523186048709995209052
38250 31904.4041070705625469724839325216228
38251 31905.0540122432468124109060704298087
38252 31905.4394599955508546843566906220473
38253 31906.2082740156118330489773395706573
38254 31906.9457261933761541716199413744505
38255 31908.3933838890931024425673393336282
38256 31909.1519694218912621032933950396859
38257 31909.6146788360048266281126356717739
38258 31910.1554841288205868484685098076010
38259 31911.0647448234804035043973183995041
38260 31911.5957434594036911466244014050081
38261 31912.5133072088605650560511584637086
38262 31913.0624247196455841486753567042358
38263 31913.7734334657622267517775446696913
38264 31914.5010181356335929526551963972348
38265 31915.4461387494015924725018111242767
38266 31916.1492805319504516394034729361552
38267 31916.5411830357875964390763906417904
38268 31917.5633859570946247532038108631352
38269 31918.3190947370640958534498633731785
38270 31919.5694370075196938155982586735236
38271 31919.9235388970605343450519315082665
38272 31920.5785201575858840021227587956066
38273 31921.3390143997961074490437037424210
38274 31922.0063102786466203700784818344436
38275 31922.4947779004511153223630574384597
38276 31923.1618704250641295896511937983294
38277 31924.1395963702916730239264314182857
38278 31924.7710822924780191093595549574822
38279 31925.6078780546766024469059869539875
38280 31926.8538146110215051009924740019575
38281 31927.1764320000988413633517801500092
38282 31928.0492710902764568108149820451721
38283 31928.9517329066371964851889870345259
38284 31929.1380039514002075722341127300703
38285 31929.7464016228896850297163250910357
38286 31931.1863499867654197541302226654140
38287 31931.6358441127361493377668285263971
38288 31932.4450399938288062544717591808528
38289 31932.8210141675680169058416721788080
38290 31933.2227287609888870335303722419810
38291 31934.5196279837899427948676382957355
38292 31935.1338874993854138205502674468337
38293 31936.2954766191649803223043566093834
38294 31936.9085796899034592791103341983830
38295 31937.6886727878554617902585082602618
38296 31938.2412232466208990301907220017592
38297 31939.2519434113443351441512052460733
38298 31939.5510825223695561927490242204247
38299 31940.1328668519890946201295974678009
38300 31940.8811953470338385667932338662570
38301 31941.7785685228079780422513174797466
38302 31942.5858767554390681143534466532064
38303 31943.2385431176059630956823337870838
38304 31944.3759432358359597898648291591772
38305 31944.8852315002262144503006807307812
38306 31945.4853637626630844665169970227623
38307 31946.2750223491920496979639966800739
38308 31947.2341105555551932982372604414225
38309 31948.0291662605238184683453710841515
38310 31948.4588775407915573297083170929744
38311 31949.3993735730619144531081666090530
38312 31949.6189828289798836453555333806644
38313 31950.8908226044569777939210294410222
38314 31951.2564381076159257341016059531310
38315 31951.7944898461946565010685177490519
38316 31952.5937622952642215650342133420343
38317 31953.9574128720501088351471136505963
38318 31954.9297064904303822506021797318231
38319 31955.3247634786237257078814540285063
38320 31955.8620731222605676890383758519508
38321 31956.7153548014187048147048780218755
38322 31957.0032688763946143922027966323448
38323 31958.2376034200517406165176279937940
38324 31958.5976992999115288492439581266398
38325 31959.4503468028645353676164314557781
38326 31960.5111095668788391196524533547693
38327 31960.7360114826047671553370768652968
38328 31961.5456062707501572737740617304373
38329 31962.5664988832174977820572035591209
38330 31963.4008628987221478539069667422855
38331 31964.0619548334415283642657630123168
38332 31964.6817644936283675376621916145113
38333 31965.5882385467157147641897988577122
38334 31966.5610389966128054711330081576199
38335 31966.9586492751472219821215784147634
38336 31967.4829572316926621436302037629810
38337 31968.3260335190419069767382023097577
38338 31968.7512379933487063230146035059140
38339 31969.3629021766588319362821076237504
38340 31970.8629564622593432698788720976017
38341 31971.5227449394369774855392606212189
38342 31971.9379813813329134410308748039117
38343 31973.1826144186011973228317477526179
38344 31973.6941341797906368473369816366483
38345 31974.2804641298626924880967379024056
38346 31974.9333730325026497429793721615206
38347 31975.6306932051472901674855085560592
38348 31976.4988136963031504413355721136210
38349 31977.2414478540956434054020747303934
38350 31977.9994012348329677305593150654773
38351 31978.5446036034733168800932413218955
38352 31979.2907206819693617558878036270717
38353 31979.8699434096112635312309336625403
38354 31980.8690117683347639359241683332440
38355 31981.8445345449915022934902774220551
38356 31982.7262848793742083364955935331326
38357 31983.3899635439808174748206598785133
38358 31983.9705174505090955897438722157823
38359 31984.4877595957110893851492117006909
38360 31985.0526376801350513635514652474750
38361 31986.1452254541353335164605826436403
38362 31986.6626224267798453638626878184386
38363 31987.1977125428505677920095862645810
38364 31988.0708346733721340348804783243469
38365 31988.9951862382255391737419150851813
38366 31990.1942283335752969441289033157876
38367 31990.5729571202271469476676266563074
38368 31991.2534018998309811395376049105405
38369 31991.7132821117350112524985296282638
38370 31992.8060164583153645339797103021784
38371 31993.5057584876391361875468061766628
38372 31994.3026890611185835345225405557972
38373 31995.0671803796808207871294600038633
38374 31995.3493289864275836476786524904300
38375 31996.1733573070676175800961865811934
38376 31996.9204235772604814976763858221917
38377 31997.5545924442893565483598362880490
38378 31998.4529279239805795781405600391848
38379 31999.7330847214483090807091454153064
38380 32000.2276577172892341440316027761189
38381 32000.9047291111865788257198841659593
38382 32001.6118318342487591043016751598398
38383 32002.4975047564038813014733583266623
38384 32003.0320548049146323838422971040389
38385 32003.2541801069067800037713794251405
38386 32004.1220710660953720287468685364364
38387 32005.4263304076608842771211387129903
38388 32005.9295841284317367865792570813382
38389 32006.4859040191818427255412074904471
38390 32007.3921605296268728905217208666666
38391 32007.9954699370548896087614006161214
38392 32009.2283489974044321410126935255364
38393 32009.5450812050887223510421631268337
38394 32010.6982143149015575686096151942114
38395 32010.9544621866395390829940939679373
38396 32011.8448618719147214982966132435424
38397 32012.8385986838554020343860550526962
38398 32013.3357585511419139473744198256859
38399 32013.6267817551440672715340223614775
38400 32014.4993121580010935102967080898338
38401 32015.2487636856518440124856272716788
38402 32016.0067066734335022452462004794444
38403 32017.3489724597840662917874540444941
38404 32018.0998070394085214936856762003005
38405 32018.5779227822402747325996025899233
38406 32019.2064211136712655935735070522536
38407 32019.8297552017393136041430642104397
38408 32020.6085654233497013238462038743826
38409 32021.2514612654515566503683456870865
38410 32022.4133054253752246296359838699118
38411 32022.7513458109412486889879564642532
38412 32023.2817345417051430768553582917686
38413 32024.3112944445371596891814162306798
38414 32024.9068658685916581357087957425550
38415 32025.9297671392031576162399597089529
38416 32026.4708023329254078504649690282631
38417 32027.1641207895434627370874349748457
38418 32028.4569289842868570775507835643157
38419 32029.0889228380138263982638307353609
38420 32029.6216661642028584724297669137582
38421 32030.0109296383204743015964116997770
38422 32030.9243647356074463746657602151564
38423 32031.4768331223764145580556769393936
38424 32032.1351965602133834334779119804516
38425 32033.1233849203366362128411293381864
38426 32033.6443475488551885763701887620315
38427 32035.0342991294625186014674742434608
38428 32035.2759915385608160542857785361525
38429 32036.3107733741533651255852708270701
38430 32037.1093424094772590184735096564523
38431 32037.5477410406792316158340184356869
38432 32038.1222148737797841841194460086534
38433 32039.2142384435446344668117495690573
38434 32039.6875597556979659442953364420341
38435 32040.5830423726766259406746342798081
38436 32041.3929075116459765357657173234796
38437 32041.9069114520915512926402438404493
38438 32042.4446728787722635688746908802222
38439 32042.8482987044419669492938811671167
38440 32044.6250842320306396301506350290070
38441 32045.1115273677568146982127051699750
38442 32045.9400465972481065080809136540061
38443 32046.4912401285136685778825203701965
38444 32047.2653152833688949919164929933930
38445 32047.8820636427045095115426763730083
38446 32048.7283329073386545715368859030385
38447 32049.0625613278826222612795786443717
38448 32049.8965472663068212949309857309961
38449 32050.5556560090005506113797179711406
38450 32051.6882792755582406784740954022014
38451 32052.2740822529158035058143443352891
38452 32053.0878174864132568693679862977839
38453 32053.8355601144010624356364600702033
38454 32054.8217798254442608330196898152438
38455 32054.9663908169429513977360598640304
38456 32056.0166115681176545709890271427414
38457 32057.1847767606838722055874511822107
38458 32057.4556096408382698131537453248915
38459 32058.2096480146934238169198659992133
38460 32058.6035464650267565493826855493552
38461 32059.5876934826333332931181435221123
38462 32060.1296746468748805527478527428359
38463 32061.0246032415192471708296216235352
38464 32061.6087857618227984311530535878873
38465 32062.9171541301852034417358137438740
38466 32063.5798588038082931699357936745402
38467 32064.5788444515427451761522905120719
38468 32064.8871666139657738825877640727505
38469 32065.2922443146742904120617116109332
38470 32066.1641426303722282807787606784834
38471 32066.8182757782513087347714795000362
38472 32067.8321243950793936590783400674794
38473 32068.6497708704531571173270273829851
38474 32069.0193101184620231270308666806964
38475 32069.7177861035732126145542259276132
38476 32070.6365386216388432616204404309167
38477 32071.6848086475270623254375496754885
38478 32071.9117280022598077638615307707946
38479 32073.3827467627719051347518615094172
38480 32073.5934974205002946753970718075886
38481 32074.5224157539705417368997437730367
38482 32075.1814747796500084860579921738750
38483 32075.9821394777425943142953649044865
38484 32076.5984286382352214074751696400557
38485 32077.0463448706783876544614316714249
38486 32077.7614310997882524573848010092718
38487 32078.3530260061200571347336442784530
38488 32079.6310759531329433274256086432909
38489 32080.6244825245267347819571969468581
38490 32081.2382126777455634835955029441043
38491 32081.7726630158176521190644242196852
38492 32082.3221198895007929008580654071190
38493 32083.4660608862127199188559597370036
38494 32084.0663121864643268488230426485595
38495 32084.4284181898709782962879467657668
38496 32085.3249574571886112506264882692102
38497 32086.3151225134320171395968277810863
38498 32086.9098481955485078972078040137921
38499 32087.3030315456713510842544194424488
38500 32088.2954938394661616812054665896479
38501 32088.8715497868738618265448376817389
38502 32089.7264260896057189809289584869848
38503 32091.0304204927694166309231092871622
38504 32091.5089426500997008721224276418871
38505 32092.1762808863348701796385702278548
38506 32093.0752416235704851191465324111582
38507 32093.3608429417607835751287884654717
38508 32094.0182943366322420091920232996080
38509 32094.8286448617351232119202208696683
38510 32095.5064202351462775759563743783238
38511 32096.4477323779072800672070574488261
38512 32097.2320387129209148478844649775969
38513 32097.5682908590736741332086934233903
38514 32099.0756929653709271713260379024397
38515 32099.7171358524758446495256275707552
38516 32100.0178389628573390849373950385552
38517 32100.9041136811461379333465719749313
38518 32101.3589655073788950799511789442819
38519 32102.6342190951473334419731325990059
38520 32103.3207679200937495614202418711163
38521 32103.7624188280810521810162515886511
38522 32104.4484975051019589235278919037007
38523 32104.9498554790534555608756432579470
38524 32105.8099519196733755702242281027493
38525 32106.4700292617325913093694839869288
38526 32107.6145897181797106748543819032438
38527 32108.5902281194312796912669878867194
38528 32109.0577083443340975797415140008803
38529 32110.0088092061566112784026469177860
38530 32110.5297078372242444650503215430529
38531 32111.0483823340534255013577242413088
38532 32111.9219831659988454910835374152042
38533 32112.4417118899430486213948058157424
38534 32113.2951164779861382430975713029254
38535 32113.8107755691221502190536955296809
38536 32115.0761593096246893303822501581828
38537 32115.6343567349906294445490852675595
38538 32116.0962120747669898240402448748978
38539 32117.0659769926063793492751819399667
38540 32117.8047316220974170134162605621629
38541 32118.7404142320989004120333663473369
38542 32119.4603524180400699218430528303710
38543 32120.2373434614522955818879054288223
38544 32120.6943957126789595434720718664095
38545 32121.3099589286543589609656556424821
38546 32122.2528004335972106314068332580523
38547 32122.9922222351662327200511566387826
38548 32123.3430849988081312121726197978536
38549 32123.8466394523417564679211104597249
38550 32125.2494929223245614346009455821853
38551 32126.2990940657255949915753036805708
38552 32126.8224690256690527919226990743185
38553 32127.4701574967258662125557627371320
38554 32128.2477020294644833977088981060730
38555 32128.9027340409305268589591896964531
38556 32129.1358426845457732187122797883744
38557 32130.3958150152168855259734024056186
38558 32131.2012373053579887912471956207218
38559 32131.6444380004097692725152597156302
38560 32132.4941123769881695272822173063113
38561 32132.9945904195621440210777956219828
38562 32133.7072857120438786102366269464343
38563 32134.8445471970614855009936502529650
38564 32135.7295178091540018330987796854956
38565 32136.0047624243294902603713716811141
38566 32137.1513958134874974114162839164736
38567 32138.0801057868282419945456754663261
38568 32138.3827913919475889184456554294466
38569 32139.3270074287735264017086394736868
38570 32139.7706720248423440119684502939459
38571 32139.9671021344709233998830235637246
38572 32141.2291199888686917148317794253582
38573 32142.0251389758725354241359705797847
38574 32142.7284196018244711316171055462564
38575 32143.6434861550893880669992187703049
38576 32144.4941292762277770163478522264975
38577 32145.1603170964040546557192209750778
38578 32145.7681010229257193429526279125506
38579 32146.6469939297352186331487566518007
38580 32147.0384427379417657480279683222523
38581 32148.1157568463288118172497169390474
38582 32148.6362429181846529221954962129658
38583 32149.5249524626933916708004954603997
38584 32150.0534472242075539493068894490293
38585 32150.8300777548299700103287742502254
38586 32151.3529476814970724382101985617768
38587 32152.0631735877592348729195708519454
38588 32153.0479364794605954467179212164016
38589 32154.5506809862578082049917662106814
38590 32154.8894744418014712337149381442751
38591 32155.3274608360730059099612627940160
38592 32155.8244503690391976831475140984231
38593 32156.9342815681286407883840884310568
38594 32157.4976826950633967472113316374961
38595 32158.0727418258193739481203266582871
38596 32158.7556126741132312804431892437334
38597 32159.8115498605476437492756132207948
38598 32160.1064635679968915861372507237394
38599 32161.4109707741489500821381303212775
38600 32162.0322497837011770920566980682614
38601 32162.7964549381725526526790236958751
38602 32163.2874674655565618456058568712054
38603 32164.1716387323241124689773001336994
38604 32165.1230452577802705727740488153081
38605 32165.7208118535694326462388359851422
38606 32166.4066153830741656504798672957892
38607 32167.2573741517813845737008461985829
38608 32167.6986923669204569108078755467405
38609 32168.1034283419458137920739494595977
38610 32169.0753492738409942572692109541316
38611 32169.8272372182948585846141268782647
38612 32170.9349218288818674606220697328532
38613 32171.6483545532920939382249522249710
38614 32172.4398134506139808015219295364706
38615 32173.2549831405190118403763209057724
38616 32173.9051663963928454743830443821026
38617 32174.3381798859784347588883665854315
38618 32175.1602091830906229932649568564193
38619 32175.4466182846523733532859901045078
38620 32176.7705559660080857044795489059293
38621 32177.6088167165300826452317239244917
38622 32177.9906740734008769615889719846007
38623 32178.5859582401467419998015486972202
38624 32179.4041551611142157631652840125342
38625 32180.3864133264750677035338775670093
38626 32181.3470185720405797956974195050815
38627 32181.7730317655083212219782897610646
38628 32182.7467018482622278950533140569392
38629 32183.5271026417295263777010800154497
38630 32184.0012985778252729712428515177250
38631 32184.8016151817423862707902479119423
38632 32185.2399996110032928862323525913393
38633 32186.1827789919346102304312520341129
38634 32186.7930618108256874231131513898583
38635 32187.0803826350765017273643113006093
38636 32188.6017177684324136779852889151235
38637 32189.4468498815735430893493258597260
38638 32190.1254658564811511040043648536522
38639 32190.8099627317095094541146412780729
38640 32191.3141474913871616840005763774490
38641 32191.8649346177397431318284338685166
38642 32192.9712372868293109701369099121450
38643 32193.8467924259865258798616574367425
38644 32194.1374159361408335449644485300434
38645 32194.9524970702394925130505382925384
38646 32195.5633639773571560329875822717838
38647 32196.5713456594339894185945642800834
38648 32197.1844163467044102460540688858862
38649 32197.5440196303539384982103450093585
38650 32198.8580696646515826874363164500933
38651 32199.8290917229631707720372950712674
38652 32200.2828991622625712624930563982133
38653 32201.3672593791405663639370364476038
38654 32201.7899532904908833562064170927253
38655 32202.0693120212702094446984103056772
38656 32203.0080317302436299962969811341033
38657 32203.8384235206227748448117214569273
38658 32204.1943051665320725466276272979148
38659 32205.4004443527765180980217922471764
38660 32206.0335232863031872848402731768585
38661 32206.8514806357725089641235391119348
38662 32207.4737954862692678448272118124295
38663 32208.6453319922230119378110278876787
38664 32209.0887172702098753837255761357473
38665 32209.7391394099353656951021080421776
38666 32210.4554278641732126486933975297331
38667 32211.1546519621174905477084071846421
38668 32212.3702099201940877481935220385088
38669 32212.6611230564117520830739538475968
38670 32213.3701401665912164699267320207299
38671 32213.8262029138632892823609500877672
38672 32214.5153314043734815507608070625870
38673 32215.3691498632552775347365290023614
38674 32216.8313222391571435193325740259520
38675 32217.2065018118885624844263195952700
38676 32218.1847987058513740898361355288240
38677 32218.5406128811420315041532085000076
38678 32219.5029741266602476468610669744075
38679 32220.0549309126967598390964779014982
38680 32220.6018004754479102692488275126335
38681 32221.4093720762841845395560512447116
38682 32222.0538292851835648283383229262081
38683 32223.1832483897814650685898959368097
38684 32223.4691969212437863538593021732277
38685 32224.3409734492615417342738689311557
38686 32225.4899601936878403339415576286265
38687 32225.9076812654690932793276757929091
38688 32226.4211278164641980552782082736124
38689 32227.6009999610715228956868724203815
38690 32228.5681037281173754926473620259246
38691 32228.9969830233661129262618515374027
38692 32229.6173983749346241244938806543240
38693 32230.1804220118763893515964342968642
38694 32231.0424156217947298536604495056964
38695 32231.5395883966386788122073777966483
38696 32232.4192679101157725872816005277485
38697 32233.1296159098956186067281001958017
38698 32233.7399447041885012239789711002697
38699 32235.4382601158708146624269461135058
38700 32235.6128446908214117719849163603858
38701 32236.4598689635775851869623027943936
38702 32236.8110398649844179311625588118833
38703 32237.6952114910777091097933901104150
38704 32238.3318857953507328485193388140979
38705 32239.0913664884653612195706999204963
38706 32240.0657996920230292136376909107031
38707 32240.6160449884098268322958113198084
38708 32241.3553788017789739002633691976937
38709 32241.8537223328708293318563981137004
38710 32242.5241939209421725563579731262717
38711 32243.7396776410107883685138046787071
38712 32244.3605846324514135689099035582675
38713 32245.3490623156362967069210333603093
38714 32246.0954506441430646518911690288574
38715 32246.3759278879573071072372502204023
38716 32247.5317523209623509855133434559144
38717 32248.0645963595185303170470466352010
38718 32248.6815216536676501094753634612870
38719 32249.1292008568921116707623969554739
38720 32249.6935837926252073159741047396855
38721 32251.0159228632624512624929908403465
38722 32251.7235090434175127741708317637270
38723 32252.6332494793662235568543083156121
38724 32253.1469762822095380680625011007822
38725 32253.9081226482030739538570568301581
38726 32254.9223715151255545016667874224817
38727 32255.2747436650415853945629508102877
38728 32255.9739505384749383687399427124973
38729 32257.0517002278074322866559239449308
38730 32257.6096850061499748187842727194665
38731 32258.0753347544087955530620624153920
38732 32259.1725767128359605863115539473327
38733 32259.5495760429633360515600163143503
38734 32260.1173773716572766893880062576198
38735 32261.0770049902828478329353756361714
38736 32262.0302927781609223516471689912380
38737 32263.1066248081483061972476176392550
38738 32263.7154513947631372700607974660992
38739 32264.5570791253770080780389085268809
38740 32264.7774462415468600803782259743179
38741 32265.5773008242699980185484773746807
38742 32265.9962545235458960518653183716001
38743 32267.2449441609328614730286617426763
38744 32267.8389724287854423638433018742694
38745 32268.3612966015063051911771589641683
38746 32269.1192806436738178723352476667981
38747 32270.1564599358277050602213995009662
38748 32270.8692681953870896507207996802341
38749 32271.7769650292334259056720693172656
38750 32272.2704851724698950808412525022213
38751 32272.8303721886885892195244324861612
38752 32273.8829786887575034854033189263646
38753 32274.9364458014301227796436957851929
38754 32275.2893289911676024393564133169896
38755 32275.6364792879932593901410107922039
38756 32276.6864492699257055308345713260492
38757 32277.1480838934875025918603295916658
38758 32277.8481199549140454600297769844853
38759 32278.5441633773179038001334016124237
38760 32280.0714407886945132819518496543081
38761 32280.4994992006266788401581534034984
38762 32281.2574295803248464006998073583275
38763 32281.9025689183258700510236764545387
38764 32282.6858629436181063108099469717502
38765 32283.4542462961886716829016925798726
38766 32283.8030512105636560636160531848475
38767 32284.5616095232075127832260653621417
38768 32285.4486022261646419347006160975162
38769 32286.2482855035896710781767128343286
38770 32287.1823778823901803224766233393455
38771 32287.4714638472686601546118223110758
38772 32288.1705653310884583112377981235650
38773 32289.1099367379692595036619392625742
38774 32290.1179877170884221874920234046513
38775 32290.9980555679354666581538141703370
38776 32291.5596069704111688164638349108568
38777 32292.0787666954262326194267479787711
38778 32293.0324915153425398477604624844254
38779 32293.5381132317168244056866952783215
38780 32294.2193490873714374712275310676322
38781 32294.9245686643780221781070931104948
38782 32295.3757678673032961699134003302154
38783 32296.4262241293430733431819517808627
38784 32297.2324459284761092511071955488765
38785 32298.2485154011968313326956444754557
38786 32299.1504628848095935781637681703335
38787 32299.5840834903684931374789662169444
38788 32300.1339768326612141657773949803214
38789 32300.7352176499624805448261442630188
38790 32301.8327714804339762003657246760917
38791 32302.3337261122217847303296167800920
38792 32303.6061245592897086894969541313484
38793 32303.7128743916144443924564105997157
38794 32304.3265127384207571861180410214018
38795 32304.9601464102787224065868940622157
38796 32306.2603303674676497898670324372966
38797 32306.6333124236727153586414919184569
38798 32307.5840181514729089134088762155122
38799 32308.4926603089062800247313583491575
38800 32309.4699046033100942644554642649905
38801 32309.9771432078236915209779315618286
38802 32310.4775099696069238572153581815126
38803 32311.1820916620372534731032649023184
38804 32311.9156053463292291725534655151390
38805 32312.2699446064903435974052040569091
38806 32313.3806864010223767283110110936605
38807 32314.1454487070932178428596646285559
38808 32314.9975269035165349685127905760912
38809 32315.4559675540659406903646082198175
38810 32316.7692319892358748793926462142680
38811 32317.1040855247394563378393371388117
38812 32317.7443626980891041230540905995138
38813 32318.8607855533761437044579101948446
38814 32319.4638002312459857018053947046910
38815 32319.9178905283856672808420550267421
38816 32320.8702263065463551752584184509059
38817 32321.5860234970852759286677739653261
38818 32322.4111797309053754769556439838943
38819 32322.5963029991924322213961873998560
38820 32323.5171642928959807697311922929637
38821 32323.9290452666179832431633914350384
38822 32325.8439411120136738165294984313740
38823 32326.1219468632823919719960252887032
38824 32326.8522285135240025637023041266159
38825 32327.5519107663740191712661714161476
38826 32328.0434334769885225098712244265859
38827 32328.9204848634030996253395273927516
38828 32329.5925083077387574895515937392059
38829 32330.2235926576770007583242225022162
38830 32330.8951489105012025126859305178207
38831 32331.9310251082799353168851871537949
38832 32332.3490419723254804055706581882532
38833 32333.3292759949616648997105672424302
38834 32333.9506645647395957719000619778625
38835 32334.8424654595404997746265174530853
38836 32335.7228527203996812548572236707029
38837 32336.0408675258064540754281985763709
38838 32337.3445645701799839336135681755689
38839 32337.8869264628741663108508317428752
38840 32338.7157416642815050646782039057468
38841 32338.9871597559050023591637150906037
38842 32339.5526955937633628400081397153942
38843 32340.4414636002745263443015180653491
38844 32341.2719888519140292485747237087192
38845 32341.8681517764197934309576838408377
38846 32343.0284640887560679279992479165491
38847 32343.6846017588217281264662430901239
38848 32344.5270966902694489374594224613570
38849 32345.5405642497910624038132969046310
38850 32345.7619879577729550002382951028236
38851 32346.4332991005934350328421624119302
38852 32346.8685872762476031317618962523926
38853 32348.2157290907657079855754667181698
38854 32348.8982259335161762690105671125576
38855 32349.3073546116716909676695828502745
38856 32350.1019336483415398771397047126577
38857 32350.8643799207704672533378819344212
38858 32351.3157962309889080081435043978336
38859 32352.3706866613909884210779417119732
38860 32353.4316706476019446251586980090391
38861 32354.0991529056524066093597134723436
38862 32354.8246750402030197007907849057445
38863 32355.5576698365887000831176226578702
38864 32355.9618797937596905183879532675598
38865 32356.8680302991274748391238939171895
38866 32357.5762744728738495858942899670765
38867 32357.9610733985763069137182902915681
38868 32358.8539380552167520674664818671757
38869 32359.3818958684337806621625427524788
38870 32360.6891924066617078648616287205437
38871 32361.6222837672992876306647966979641
38872 32362.0672673559554058056116394555520
38873 32362.4935483317998190839688485016715
38874 32363.6231069533773234864633722207863
38875 32364.0952601716032817213637543762673
38876 32365.0979622943049382332753512801121
38877 32365.8321940844067664074920670900869
38878 32366.1971963416320408245206585530516
38879 32367.0598677846484517227914906284281
38880 32367.9572967843222038576403799661104
38881 32368.2449530931080904551096987915680
38882 32369.0426116569574475647986617351508
38883 32369.9019080358534366072008653003330
38884 32370.8947620729233431249221587377379
38885 32371.9154790598405142716972646376231
38886 32372.6445014538639351039970777508106
38887 32372.9705664245842642912657889859835
38888 32373.8784233245659981432920609945231
38889 32374.3894026973706936520089709990595
38890 32375.0486682119091997222849654951414
38891 32375.5128892253916106998263885999203
38892 32376.8608208099275155017166882436273
38893 32377.4862423624273583729753462013868
38894 32377.9513542295433542607892803822414
38895 32378.5715639117215164321672394364429
38896 32379.8574060627027946045561970346973
38897 32380.5392683168480993605665220551607
38898 32381.1907844471366536550237699957033
38899 32381.6401758581336884126447135513560
38900 32382.7740437600034894171124057106245
38901 32383.3845191755905674653366912301093
38902 32384.1857838199194063165825809790310
38903 32384.8534725326011904993765034876302
38904 32385.3135604801000427206276436408339
38905 32385.8363763332925333530559758450799
38906 32386.5442512314960481405048031182461
38907 32387.7669542576886231049848539003329
38908 32388.4285349501570078394451192908105
38909 32389.6153047643739272903563519152172
38910 32390.2912081514566796115705035124554
38911 32390.4330843446817366178498711114567
38912 32391.4563058520249733073296242295294
38913 32392.0724996266132305707125100965550
38914 32392.7999145027563439295073194630155
38915 32393.5814633905203327924269033810926
38916 32394.1251343902459471324379164387538
38917 32395.0200221625725604364630916762974
38918 32395.8360656933974146974484329915131
38919 32396.2903990358444437801399863770734
38920 32397.4609405936571412832848203500772
38921 32397.6150546552482227496634366718720
38922 32398.7483354799389339285463201864327
38923 32399.9603090451117631985434474068939
38924 32400.4094162953047622942679927486500
38925 32401.0686477586409902098752216804855
38926 32401.5967712584267935899081229503467
38927 32402.1984229876628664420883849629356
38928 32403.1602000464671718165254067662743
38929 32403.7278729175663003490177386657424
38930 32404.2915897864856082559252914106645
38931 32405.0639521784485903814455216272438
38932 32406.2200942147696592530092013988818
38933 32407.0012053556220252602214987159795
38934 32407.8213757445473547698764622595365
38935 32408.3617427832392957071822703443518
38936 32409.0960172476293205232089510151040
38937 32409.6291642628172410329483351729422
38938 32410.3571050275361274611280119275655
38939 32411.3323497157427865982266636258711
38940 32412.2428762519695798237249522346454
38941 32412.6041421425112584156250903671896
38942 32413.1527298538096048184567497299000
38943 32414.1159324101843860950623423443456
38944 32414.3589576047820157506568117920247
38945 32415.7123592396203915370432633716593
38946 32416.6956468812963040915237872746800
38947 32417.3949279005493239223829679755816
38948 32417.6449574365050337973353435112911
38949 32419.0150611917915204448810848503834
38950 32419.5316065403493328611909287458973
38951 32419.9185321827753545419726985978072
38952 32420.3660031515741107006183532098447
38953 32421.4430897770932354487626079835385
38954 32421.9175598927856891717837689292680
38955 32423.0860910701120463168790876223527
38956 32423.7642617396735750551620406022537
38957 32424.3262741825473697311021821228833
38958 32425.4254393303527981897949450546629
38959 32425.8299277378742479626203990394014
38960 32426.8822298367432598029131009384747
38961 32427.3168703340146070032237956539390
38962 32428.2620528295152721180854849836668
38963 32429.0343791824939906999232703454591
38964 32429.6289536181789684437970646264830
38965 32430.2568388700275203164138866342624
38966 32430.7777621662783254022642216448630
38967 32431.9262080686446693388725466985474
38968 32432.2864931713184974915485038294311
38969 32432.6846863148036339671506965706078
38970 32434.3084215802839157841818920516249
38971 32435.2283585653932044022172527641958
38972 32435.6954163567884653038180089292504
38973 32436.3265085473829669979158330646226
38974 32436.9160699619814271229919917894044
38975 32437.3765670440075559692244145784307
38976 32438.5276453089547948682724977410817
38977 32439.0274418654739196031757716735417
38978 32439.9435798089472181858194300975963
38979 32440.4192049187648160341242147432642
38980 32441.2291160769632984322871891301420
38981 32442.0047886639154919575732784034208
38982 32442.9133208775781879528901196369943
38983 32443.6804399185802437361541316939423
38984 32444.1252554918052104162887913119592
38985 32445.2940602929715134223909620496381
38986 32446.0136226733483723269099951714336
38987 32446.5031423043133472231696379396636
38988 32447.5248807325441360777467366813711
38989 32447.8060879130166750022454423317290
38990 32448.6850787405010004852283007071790
38991 32448.9717504946466778450220094265576
38992 32449.7889590976623653577891523419357
38993 32450.9813700457620896228052547600576
38994 32451.7829906989055352726969527444846
38995 32452.5359537602562434968331551589097
38996 32453.2081363599373030318861802759617
38997 32454.1699403402557095972357867033662
38998 32454.4760044063119345952936448307619
38999 32455.5539982658119366100296944894511
