61000 48234.3098103774199336324126243176022
61001 48234.9811768459869065532437221528016
61002 48235.5929651505440155282252682229606
61003 48236.2134835462884855525420550608319
61004 48237.0885280847985892014812100587493
61005 48238.0104291946727899882717588010821
61006 48238.2597228727761462533724638332353
61007 48239.0638371976496869719034903573730
61008 48239.2736150333411246011459958835376
61009 48240.3534851650040725974157140371230
61010 48240.6762218285032889365729794860317
61011 48241.9114432944827720944995321058159
61012 48242.7312194156581838569945303436824
61013 48243.4551683083927499680180591218702
61014 48244.3178865651426050654854230774828
61015 48244.5394222530456358599362340993963
61016 48245.2927252902381292039473896135852
61017 48246.1557998974677295133040345259026
61018 48246.7959556048838725850235750257294
61019 48247.2784130256560550349876481779979
61020 48248.4171274866498096292860954577015
61021 48248.7546300267271645886145062544472
61022 48249.2397691528627730367865847623513
61023 48250.4440197152013283368285900957678
61024 48250.7717349454057030346154872115535
61025 48251.5100771421621690198031990015854
61026 48252.1476986152692386414912814300956
61027 48253.6804779308207256717622443061405
61028 48254.0504120487421624287181163479587
61029 48254.6088842700720701176188517804875
61030 48255.1924469223977523020686199498693
61031 48255.9104541663133722746313600112757
61032 48256.3605793540524280944295737818371
61033 48257.3228264476159166087707420550492
61034 48257.6930950601853579408749778844334
61035 48258.6488321854135977567609472216386
61036 48259.2181935085041632178401575410321
61037 48260.0098724522743998867113959072467
61038 48261.0992620167325417355508941044098
61039 48261.7396775178688036799734447752212
61040 48262.1934047381988157109210865502425
61041 48262.9062501773751415625196651027863
61042 48263.7315707673323167108922552290863
61043 48264.2021329828948990749382832085334
61044 48265.1089745698505717039943083754183
61045 48265.8664621782371858737340660104453
61046 48266.7405424672663969802439835069194
61047 48266.8786023606662329626098680975568
61048 48267.4020227498140478242954779680832
61049 48268.2897340548153942940622308533818
61050 48268.9571862664965594401607667299850
61051 48270.2530645644613919300288440298338
61052 48270.8333733248268925366959328310949
61053 48271.5193691828278601185952179393495
61054 48272.1059376369792101839469819373384
61055 48272.9759892534364257256656045443567
61056 48273.6062033308005766818674732961236
61057 48274.0259084935968940562615758358450
61058 48274.6972839234797764788236239568905
61059 48275.1528918310977647809166624349351
61060 48276.3474036609319276644582055613425
61061 48276.9540128872562494719674556674616
61062 48277.7075733058796928013247110878662
61063 48278.1860889072653075112028190617377
61064 48279.0252956027679533250292197590522
61065 48279.9117100547899001516016093122391
61066 48280.6166157321703134744910860658094
61067 48281.0427197333311613846900588083759
61068 48282.2676055889609569134006905825906
61069 48282.7844549109912001327109833657500
61070 48283.1718427688127749312517419866216
61071 48283.9260521007127517040049213062874
61072 48284.5567415535946943873021769806597
61073 48285.4451720000590745570824752127792
61074 48285.7269094396259527353779175766269
61075 48286.5274395345037401780525064825035
61076 48287.2566044249790453757285424509714
61077 48288.5971435104698991351230607331216
61078 48289.2117903099603591059538332138571
61079 48289.8229633731946214538896715612506
61080 48290.4799197201993263024106133814914
61081 48290.9013424397293582358644732337686
61082 48291.3202638667255769229891116324144
61083 48292.5858531750760721446999642923009
61084 48293.2324656217197774707329143874277
61085 48293.8075103291918594220629554257163
61086 48294.2137678097736399826880679457117
61087 48295.2428684208518824391429706435435
61088 48295.8412843177338282647335760100911
61089 48296.3320355545458875903627601478964
61090 48297.5497638565807741047152774278594
61091 48297.9629507882242182435127012896618
61092 48298.8693009255060152908817988801737
61093 48299.6334884971856513207728815984114
61094 48300.5254164740646058689043396809548
61095 48300.8107382498385534644125108772567
61096 48301.4770246205025001377650803949283
61097 48302.2824268073411213733643445581443
61098 48302.7676514447249597579970296050685
61099 48303.1352018798137795862938199137174
61100 48304.2289146636479924758237610573132
61101 48305.0559729128667652173487255345946
61102 48306.0153318732904215157385426188444
61103 48306.5574278910963141204150268099619
61104 48307.0159413644616047148095967334675
61105 48308.1857042390534922031379846862320
61106 48308.7438357329093293800227062783502
61107 48309.1242186912448259321411205254514
61108 48309.8741271397186241001544522475875
61109 48310.7345060043233069125157449759473
61110 48311.3052703869786546197156913381501
61111 48312.3436919613815970131078705036236
61112 48312.6742646651188790876429110062552
61113 48313.2095015026272423616072792504989
61114 48313.8393434347746486015387123647155
61115 48314.6274750095896335745443601759536
61116 48315.7941329335045088424313145077901
61117 48316.6158009525422372115690084680529
61118 48317.3310376673767783576208846003123
61119 48317.7290079398928248845793060701634
61120 48318.4265126849606649302479025588875
61121 48319.1767593231049229376624055290995
61122 48319.6749829823867686348363592510523
61123 48320.2678991243828045867851420452592
61124 48321.0840598296551058860514393180008
61125 48321.9269998524178513481257780200831
61126 48322.4582598654696630768806197388813
61127 48323.0404832952964671946758220915638
61128 48324.3033784852218300177864455213373
61129 48324.9595201311551236735494604512559
61130 48325.4505318850918100354273290212157
61131 48325.8631409961755861208533305481608
61132 48326.9230499516425687704033573067981
61133 48327.6372467691213869408248051489237
61134 48328.6627027407420755353080637332344
61135 48328.8791387751957982503022169687464
61136 48329.5265106737313865427249877926629
61137 48330.1649337806519372045538391105983
61138 48330.6922743792817668118317361098019
61139 48331.6486941037452090803976718664456
61140 48332.3258795898097832950842055048497
61141 48332.8921781498509992981348842084166
61142 48334.3023869525532988905667867172602
61143 48334.7444252493569037265816330033656
61144 48335.4668868960812129900143356739988
61145 48336.0215416085530227689964063230044
61146 48336.6026199693093397574611436660119
61147 48337.3723991012431895135072080659088
61148 48337.8951889046228403014971161924078
61149 48338.4496761694286211740267781081791
61150 48339.7197004126610673274568528036481
61151 48340.0956651144865737702143297672277
61152 48340.7990687683418433274923067193415
61153 48341.3384539682590569541463073896918
61154 48342.2192392279304508828900650953838
61155 48342.8888759180787525548910171218065
61156 48343.8759092315731840086955256809631
61157 48344.7440338500729262854074396471404
61158 48345.1663925065335568388981749345983
61159 48345.6641737191326519345295102808413
61160 48346.6904710515423131357045192153527
61161 48347.1713614276419995900435757801282
61162 48347.9374778632404642610981485872413
61163 48348.3726372429952398003299594511750
61164 48349.0091884466122584994311751016794
61165 48349.4461323083441319244480820514303
61166 48350.9804717956127967107173284806551
61167 48351.5109027951664442560541480021767
61168 48352.3318880272139656697102313326711
61169 48352.9787663955180099150248468087888
61170 48353.5385235510279830032885613607722
61171 48354.1168429008260340244084125133711
61172 48354.9838763444644120745007036391486
61173 48355.4808277246222481672998799024591
61174 48356.4705489996391450556712055993760
61175 48357.0725458508643826470705174586493
61176 48357.5093970441965513865729168125643
61177 48358.4386267482480009671229603272626
61178 48358.7876310519597110647971681992484
61179 48359.7836347271881782848884145947281
61180 48360.3736480670185318174456535033433
61181 48361.3881467297950124204371714021850
61182 48361.9740950000168640776843687417941
61183 48362.9173807224027125990937378500153
61184 48363.8600859523366063105737941432793
61185 48364.1452579768238828162850296113931
61186 48364.4864031439152632327429643408397
61187 48365.1003788266295891498143003425384
61188 48366.0411975129401223176740170395022
61189 48366.8267404184712465244587635235268
61190 48367.2900808617790108240580595435208
61191 48368.3343748753747702943448372969221
61192 48368.8081245636061687150917832070307
61193 48369.6527630661358881174835517394659
61194 48370.7983724097824630964006325717849
61195 48371.0992258053760740472193859632107
61196 48371.7063772247745822158784043245968
61197 48372.3739969974312634447245442990941
61198 48373.2017442638258944329274294572544
61199 48374.1167401246198383634819846472025
61200 48374.6293366537913100542898761193896
61201 48375.1317787546043622109078186476684
61202 48375.9449733563797915155682613733151
61203 48376.5674011396527102228787411856858
61204 48377.0180248059032621704094585029231
61205 48377.6028542907253377994510159895082
61206 48379.2661194726989145674238574910706
61207 48379.6799137627100572528625704632236
61208 48380.4555372990303248802881266397967
61209 48380.9338522323543128188181264268491
61210 48381.5434121561636029446691219432347
61211 48382.4200989536613702723628853577549
61212 48382.9933094961206326330903681183125
61213 48383.5162061765710866949714435180758
61214 48384.2765392213751495140111330435860
61215 48384.8211763366784615690680900419121
61216 48385.8771347913121242777666679854336
61217 48386.5384110167184556243620733422068
61218 48387.2401388852894542857989555594140
61219 48387.7232701292551820061672801385545
61220 48388.7591786624709936654245285965348
61221 48389.2016382477671220429189672024570
61222 48390.3400793128130371287020350198065
61223 48390.9015064475188920852510431628240
61224 48391.4279361779560098702958012930505
61225 48392.2625551800044850968400426041403
61226 48392.7579318449597806828134313335051
61227 48393.4224933240605927587111827605529
61228 48393.9269707371314458511088493796517
61229 48394.7008920914630560045321280721981
61230 48395.5136808309445387980967871012630
61231 48396.1908815226030775877963077509226
61232 48397.2360437142723230058263610226444
61233 48398.1841394215288202820842390927925
61234 48398.5404518484762993637300744755863
61235 48399.2687560854724974288168121079666
61236 48399.8470716477867643294283680431332
61237 48400.4241368543390551698368466851042
61238 48400.8935863043805279959992391733443
61239 48402.2147174879578650631700813090752
61240 48402.8251061299571345132834736013723
61241 48403.2301710017650161147635688029370
61242 48403.9074862596306557549368122308192
61243 48404.2917357070271878561871081889354
61244 48405.5634871930743011836842750786647
61245 48406.2447776269681058086352198007496
61246 48406.8495909511860474022469214410233
61247 48407.6992686222104200593711119083560
61248 48408.6787420752164863574790006631017
61249 48409.0417929670058668806918830650934
61250 48409.5914165876567522918129278162867
61251 48410.7550863298473318815849234564729
61252 48410.9501390852009851355220124416993
61253 48411.2019496179072293460741885737828
61254 48412.3160892756315240927742624128150
61255 48413.0474122214161630258899767553160
61256 48413.7632573119868263959641147749625
61257 48414.8136421851326280976626604692024
61258 48415.7003021025446178523581737121699
61259 48415.8380305576757017343084330919254
61260 48416.7084928010163931831516885026309
61261 48417.3687440245634959253143913767095
61262 48418.3130296803053601979597415184657
61263 48418.7707679615018110172447895377993
61264 48419.7008211698589566179210206678091
61265 48419.8935900522657777870478049814156
61266 48420.9642001946825351420715341697681
61267 48421.6185976614363440284155029617288
61268 48422.2141036504078153270675478201462
61269 48422.6454817862262849585616565747338
61270 48423.3963994283580003323796699665732
61271 48424.5590882369319956784803966106889
61272 48425.6273466465245117836016253437513
61273 48426.1621118697808072520834712041290
61274 48426.4605245346440959140956908330212
61275 48427.3253158925469104382812821912443
61276 48427.8214147714549967599656182573362
61277 48428.5326305094091983600550397404161
61278 48429.2208598316941917094736279557386
61279 48429.8441096468302067418205356751792
61280 48430.6775110673938369174000270705949
61281 48431.4337464834182791606185575973970
61282 48431.9527097208045398558049094607229
61283 48432.9662997510986403983650925441640
61284 48433.5061598126630117079337741984219
61285 48434.6671352632673506711062535963058
61286 48435.0060947513873507672734235281273
61287 48435.2619986994000154806128582653585
61288 48436.5693829465205657674845140671071
61289 48437.3195080382227314036258512927288
61290 48437.9947306228751303671258911148271
61291 48438.2212213186118404840986184341179
61292 48439.1792395500672968706354495262520
61293 48439.3532733171601915548461370691056
61294 48440.3218753052627550693390125267859
61295 48441.0460517623497458574702326481063
61296 48442.3601579764543631774946622757508
61297 48442.7342936909710630453631556531065
61298 48443.3793638157700099602378246879533
61299 48444.5718249898511220946070709035170
61300 48444.7993832800144571830913865711291
61301 48445.5018742948888926795659413656719
61302 48445.9259240128593539425494042385588
61303 48446.7291169239018496462143292001136
61304 48447.6537352119639909709653659283149
61305 48448.1399575746715346769985406279999
61306 48449.1105499926567223144306786627023
61307 48449.4937316419150072158806716966253
61308 48450.3573222852431605047823325295398
61309 48450.9387484295014613793844914217434
61310 48451.7198368153016083118215940628422
61311 48452.6807325767114009106797890299668
61312 48453.4506495382238859716724381425713
61313 48454.0745451456920250205605423195366
61314 48454.9153629369858255269035096010711
61315 48455.1770121950212563237748562425251
61316 48455.7846280499413213990343110102793
61317 48456.7250067350129810147421900761569
61318 48457.4026550734025175040693777789391
61319 48457.9130017604422075651229133642088
61320 48458.2718248891590203362611181108710
61321 48459.4913544282378158947535051982673
61322 48460.5929560120464087876296916574293
61323 48461.3062964055787256220862447247560
61324 48461.6001760574254034951104384331175
61325 48462.3859938292603326679579534569090
61326 48462.8562303487705879358264142337727
61327 48463.7163580380273600432563727912527
61328 48464.7022992935716718994556425076503
61329 48464.9078561849615512165500906286359
61330 48466.0779290870117662632902564256760
61331 48466.3943215941727940775604475475351
61332 48467.0167739876741219373506114762718
61333 48467.6970577144309977336420985802890
61334 48468.5997310459424583074355944718560
61335 48469.1526947144974830959081058368950
61336 48470.2792117064421582136726543795076
61337 48471.0049221937427762087610298677991
61338 48471.5443268834187146448160721332631
61339 48472.3515748470893336846337824468486
61340 48473.1185171138518572840941595419089
61341 48473.4680855352636765756521234267258
61342 48474.1696600501879248534765479784315
61343 48474.6145356054094256012759286142086
61344 48475.2611995273401562013938789860111
61345 48476.6394938400383623539291680513314
61346 48477.1854925966336200043460735584183
61347 48477.3905713801039934211212311368746
61348 48478.5506480034568128006018493432245
61349 48479.4707152355228235947101965752043
61350 48479.8253513969790665080580223311212
61351 48480.7197194628876302267174077150912
61352 48481.2685686454404795607148283686124
61353 48482.0452786423508755463896248506601
61354 48482.5753842755055258492687366598642
61355 48483.8459430237871277192203843317077
61356 48483.9190861349506109200360003516616
61357 48484.6073156530918395833981990783444
61358 48485.2010661139821455248166681234035
61359 48485.9219696295431684372869513542762
61360 48486.6557358689381755409040437829833
61361 48487.6907047932383806666153572076685
61362 48488.8284108907213913043220067356311
61363 48489.2307341395504193572630453643604
61364 48489.8171560126471910873686012379339
61365 48490.3412020871426598328008196789584
61366 48490.9791628339228460519041035085123
61367 48491.8354831254244941784141153084723
61368 48492.3962492446264934491815551670260
61369 48493.2097438279177901503784784939851
61370 48493.7197307921539898575035449217795
61371 48494.5520828573274938358473341859233
61372 48495.1412385051243336553513806699521
61373 48496.1562430260164581938803981798925
61374 48496.8716560269646331985212502334422
61375 48497.3213242051436159100523976703505
61376 48497.9577521360268618704370354863672
61377 48499.1308013133645742457901422032579
61378 48499.8034068204968010614687111012984
61379 48500.4060943511816019905520912436699
61380 48500.9678247005619728021297261209382
61381 48501.3707008514069049159896614614037
61382 48502.3520777216561547913385456075258
61383 48502.7581755532229525467498804391110
61384 48503.5093152121399134666599019505728
61385 48504.1756153152832547704791426003331
61386 48505.2083566998248920283585675789034
61387 48506.2529544342430576289638501255149
61388 48506.5290834881346162082513299032501
61389 48507.4756086698770264384152188129476
61390 48508.1078752209469757884089711144975
61391 48508.7460583701715805992408175555269
61392 48509.1198411345923542442023931342149
61393 48509.8423192956988909297038387580073
61394 48510.8875498394792263228516199445686
61395 48511.5056497092637847479480052180547
61396 48512.1264369080970866225827832111618
61397 48512.9059023521929898885992537037446
61398 48513.4123268027211368629511111242208
61399 48513.6373040904582361342241680841670
61400 48515.4138155040624975498463212891166
61401 48515.7116948444414097405419028682915
61402 48516.5928050478892508163087601409181
61403 48517.1642263325684681593911252330817
61404 48517.8656617644425166074180527911791
61405 48518.6624920332575523416805974460853
61406 48519.3136058009157735244424862085877
61407 48519.5685734564237676349130769245762
61408 48520.3960737789581217595949392682670
61409 48521.0751498593630253182070039511172
61410 48521.6735977648866584914145021102811
61411 48522.8026154886328730388592253119454
61412 48523.5277668410142459052215669368252
61413 48524.3178135760594440626992410516083
61414 48524.7904525045538733838437147252091
61415 48525.6185887049725152705641575450736
61416 48526.3135831222732672646933334877400
61417 48526.5835683923988560545509488709231
61418 48527.9453702788588658263645504178983
61419 48528.4628927119224994703591424492557
61420 48529.0130674420005884275783311420817
61421 48529.3376031908078531150652442250248
61422 48530.3648995287818064931326047511071
61423 48531.0918169498895224286162207300844
61424 48531.4863698358838377074865405335275
61425 48532.4004668765161856755439508505903
61426 48533.1578214251997369225267639436667
61427 48534.4084033138687604671908898135529
61428 48534.9113160336441263052783043496125
61429 48535.5423710304182390688998710826444
61430 48536.0485720132231084271202335804794
61431 48536.5026313898546513344475720980626
61432 48537.4153281914382699464118141070096
61433 48537.7913661994950908896690940058300
61434 48538.9417952704736209853470347580883
61435 48539.5492788790286197041022723347716
61436 48539.9085368549184339324706285951744
61437 48541.0762792407134478601897134731381
61438 48541.4597435454739408590360283550842
61439 48542.6667286143073632536462535297388
61440 48542.9905227836296399930346106708231
61441 48543.7482152273477280323197360328737
61442 48544.6195770860507346419158637918115
61443 48545.2374242728048389811301896183731
61444 48545.8392459316676455341633891481884
61445 48546.7237232397347393687388541019771
61446 48547.3581733861437303626501587425781
61447 48547.8354509994684448810468885417402
61448 48548.3637824404589960898301527093335
61449 48548.8273891299443632881581799975874
61450 48549.9270411035687717370860855955460
61451 48551.1203947169269028772088069450178
61452 48551.6493016045058148396787017501868
61453 48552.5351598234719887973680214968928
61454 48552.7367220677994088778807174798060
61455 48553.5821677285483725786552437645687
61456 48554.4745700168147182232398910015441
61457 48555.0482536137294599398792084033743
61458 48555.3621855889934117539877337986512
61459 48556.1505620687388044825076884394300
61460 48557.2845645260326295241277886286495
61461 48557.7632212741288755024019796213647
61462 48558.3658026520426261011571746959038
61463 48558.9170403352759569605043578860971
61464 48560.0106256833779650444136726594421
61465 48560.4606023936637581916427064762789
61466 48561.3424156526900896758120053974242
61467 48562.3058872926440989261239373128312
61468 48563.0174545449447881685869739881309
61469 48563.4490293480349855476467511947366
61470 48564.1227910972885064610966810521921
61471 48564.7485262742411234816569979360805
61472 48565.2619083915416723649635324364139
61473 48566.0545913894516657982232430726986
61474 48566.6974670322585174512129999746182
61475 48567.5455207058992994479264105316658
61476 48568.1123776108324120058095694134882
61477 48569.0977134155178695442101854170663
61478 48570.1928207737266665096976065541541
61479 48570.6555731746612518299580898309564
61480 48571.1843992547221766501891283570072
61481 48571.5044021683091860674628069256467
61482 48572.4321165039416920998923843048593
61483 48573.3489367353420412768861674691588
61484 48574.0481123998698771285587449057317
61485 48574.7326501639221813606033161887560
61486 48575.3282330902128938260292270397679
61487 48575.5755157605225619737353318856482
61488 48576.6510813399102125633977997698894
61489 48577.2299610468429401220522126560009
61490 48578.0185045305013604700706482831320
61491 48579.1518673877367977421310334381933
61492 48579.7939444950288379986576108182195
61493 48580.2590173610892760279118939249257
61494 48581.3548012286286396595990397567935
61495 48581.6146773688451203076803086679849
61496 48582.1969356458472542095330624693211
61497 48583.1393134213624955853694999113938
61498 48583.4423515202904315755672405314884
61499 48584.1677009747286831333692004236297
61500 48584.9504793714967982199400098173385
61501 48586.0580095732734562200388301559952
61502 48586.7042381471968569915052764054613
61503 48587.1248679923590413719584760239001
61504 48588.0294938266790234240537167204488
61505 48588.6246713880724658992179527132514
61506 48589.7288700993728451489207363075637
61507 48589.9860251292301507693357274514661
61508 48590.8213494391041289493988888906254
61509 48591.5675721951418849831896412084347
61510 48592.1341822489186886024838493324798
61511 48592.8585774359982257368654642492518
61512 48593.5049207764051014406735762578044
61513 48594.2060112029276671389809181538785
61514 48594.5778474942772397045727911830909
61515 48595.2410729549782615290051368497291
61516 48596.8966265118578015638902235216207
61517 48597.3601798206413198478087593466839
61518 48597.7886789787606682147574718146637
61519 48598.8389688252073837256222569311927
61520 48599.2485711117431066592509162248268
61521 48599.7727382274188664215519346048707
61522 48600.2746244559479649235011500804893
61523 48601.3684249889810425625958856722710
61524 48601.8922302825614776287872538562019
61525 48602.9042388949944079813366522056922
61526 48603.1116994386899124553167433630510
61527 48603.8563924540257309657019435664073
61528 48604.8178503619577507867246129317714
61529 48605.6758705116610102338300751878372
61530 48606.2248039055685720643057393366967
61531 48607.0389262748043956941335200785368
61532 48607.4211450587973185460501767946391
61533 48608.7343839832461154624977936878633
61534 48609.2340032665455953993004633970462
61535 48609.7857195388184784209152919640667
61536 48610.3160617744523164891996759605054
61537 48610.8555150473756255083551092306614
61538 48611.4667115152195148247376343610531
61539 48612.4444940318036296203352436857843
61540 48613.0106832929223646392171424882490
61541 48613.9867477959813937843756893821264
61542 48614.8190699100370520432305101825947
61543 48615.6443909774851306525574935750067
61544 48616.0983304994651652441746206061977
61545 48616.7930607949292432419537759411230
61546 48617.4860598641943611923880843533491
61547 48618.0280315218835531940762213892868
61548 48618.7494981680909049692229470110850
61549 48619.5864085737556471793948624968264
61550 48620.1336072259672130763175445213542
61551 48621.0632271252799804521160907728084
61552 48621.7441761175422019027505275656397
61553 48621.8478334185657758886601619975408
61554 48622.9371047067642165788457694831474
61555 48623.5801751352512550995477042855273
61556 48624.7088913102732824766539168047789
61557 48625.6581294305677399168471333665763
61558 48626.1157219907240383044037565616876
61559 48626.3962894745068794586525226999937
61560 48627.1349946306443105539562365707499
61561 48628.0947779482055523068794699037358
61562 48628.7527171874249646885757489041307
61563 48629.1282347440933942578258818639066
61564 48629.5545080060489153441838074872635
61565 48630.8501204238735058683738637233016
61566 48631.2216494512645067548755093768846
61567 48632.4551054145193542264578890603972
61568 48633.0613158306154190793112602685281
61569 48633.6909816521038515318842470265680
61570 48634.2012243113916581568506097598415
61571 48635.0140226008517487880511963175329
61572 48635.5856621269477148265705412552802
61573 48636.7476162209943048190703748071659
61574 48636.9552702624485104837901454082543
61575 48637.9132195752304584080046057687372
61576 48638.3864429705566180370824532711134
61577 48639.1891633668221378527982897862295
61578 48639.3325164594635879068555038039557
61579 48640.4117150371207715000982074711082
61580 48641.4724671698081399597804285533569
61581 48641.9005764063785759452315262642822
61582 48642.9083528669410748752077936035131
61583 48643.8443969859371961346886266331548
61584 48644.1703464968750137017077121453199
61585 48644.9157923781847752148755310118605
61586 48645.6560676549904868059239304968307
61587 48645.8041763431520880042240501659582
61588 48646.5382417351904335227579325252226
61589 48647.7096017412985623432383443744867
61590 48648.3404531367581296748589890823907
61591 48648.9799700582564781172034131350982
61592 48649.5089761156782115853765909639064
61593 48650.3194886474846529970870997345567
61594 48651.3519282196198708928253927633945
61595 48651.8587914338902188239495186570092
61596 48652.6425139914217276346448236209286
61597 48653.1492769944065859449116156858748
61598 48654.2112708326944201499704476597571
61599 48654.6955208370959085965470034248104
61600 48655.3543211051995268839741046634256
61601 48655.9283959067281701694114898269719
61602 48656.6918697196164359021174652392664
61603 48657.2514413897863756173096789902094
61604 48657.8163166831642018418769085289016
61605 48658.3742860192345146198662916025709
61606 48659.8967970320324826918936460380759
61607 48660.6128345897998501363456374353731
61608 48661.2255466219001023283832421336415
61609 48661.5717791423566828103150149856365
61610 48662.2667068695400977611027638667672
61611 48663.2699554769404846576049890922960
61612 48663.4393206718524773369065343041582
61613 48664.6219677406152309119912242629337
61614 48665.0871067540530225514488660647471
61615 48665.6670961183202419501459274538272
61616 48666.3828119737122951438688637773673
61617 48667.3718221182003869493829113032726
61618 48667.9292206160010034581905855846213
61619 48668.3868796930146784471562975594913
61620 48669.3104911625174500863935540513405
61621 48670.2751216703350550765078345970706
61622 48670.9723847708736132948345008962143
61623 48671.6906848299432434788908970579935
61624 48672.2827634375869206257741010386829
61625 48673.0840757366592202359240696820796
61626 48673.4289250374874107499736186938519
61627 48673.8662997968565060943192369351452
61628 48675.1001089277844424853764026798834
61629 48675.2032573117988185609471511400916
61630 48676.2704880088558690903331460261218
61631 48677.1400023775729930169248170096092
61632 48677.9094386087941032609983312432243
61633 48678.4915625409660509557610309116093
61634 48679.5470663101049927627413016718624
61635 48680.0866982645616289261252962936923
61636 48680.4002638092523396487844753970777
61637 48681.3257500654933903907781136093716
61638 48681.6561202023592941701163986999511
61639 48683.0703624685213791487984837938834
61640 48683.5025973754356746616946226740567
61641 48684.0391964952221033653094151682207
61642 48684.4739730218085189691754256539258
61643 48685.2558889902871094044358789196917
61644 48685.8826911994811171677911986936382
61645 48686.9722421903647348807374404849507
61646 48687.9415309646609586060387860240449
61647 48688.3983463119161477177991968421466
61648 48689.2933885275287298708028911044923
61649 48689.7228981138165391807984424280676
61650 48690.6024909055781803491466201835819
61651 48691.0541572234974970192837970977717
61652 48691.5786756041950554134506446548353
61653 48692.5327571917679405224112737910195
61654 48692.8163578620471312488459388983181
61655 48693.8288937478960254238414272360411
61656 48694.7316171093917841348999757232254
61657 48695.1427805234036121585237289257923
61658 48696.3561533312102566925409730042783
61659 48696.9080934625943404665608593243372
61660 48697.1521807646240604940964381439119
61661 48698.0251089891208800272188131952826
61662 48699.2692417435687709298512624455948
61663 48699.6659744793779610069264857286851
61664 48700.1930313711687732984988403336110
61665 48700.8432875413037593667026348463319
61666 48701.6209707131755889646074733991926
61667 48702.1621705186733899385062936323276
61668 48702.9117773810736680878977272839800
61669 48703.6080710711074651657097868169231
61670 48703.9775956718394581741228389589032
61671 48705.3538071197521591075405394737939
61672 48706.1579368313449767034751451189629
61673 48707.0555148786483556862754176991584
61674 48707.2872434970888148625515929210522
61675 48707.8546974035335242394121864122325
61676 48708.4759195641965363330171988395901
61677 48709.5052526428640647756445132302337
61678 48709.7710901829713670027302148188001
61679 48710.6202015345104593632270496763240
61680 48711.7091441871066881829426869028872
61681 48712.0363019644630173547565297728570
61682 48712.6590121571122406349303269788438
61683 48713.3019963778359884087632111157593
61684 48714.4134654902167807226581929457004
61685 48715.2672829290549469411734179339763
61686 48715.4702297402909285554440956224697
61687 48716.6982423573776569276410669253773
61688 48717.0273128204817420787225546728618
61689 48717.8858928840636296509445346485920
61690 48718.7658650522454735686919397376302
61691 48719.1159036781314042778203611763644
61692 48719.6955919928151190122393373942999
61693 48720.2817943636272518684623938864023
61694 48720.7440766034906985590468711872475
61695 48722.0801421537864500342095888594515
61696 48722.7649730798244195574006829401991
61697 48723.6728663595572729357516705919708
61698 48724.0735691970456454767201769411696
61699 48724.9513886054357485270056347260970
61700 48725.6645399774973242854296056208550
61701 48726.1734603973880529657184443933639
61702 48726.7307029409473105560593716135715
61703 48727.5944599857102334562288334912003
61704 48728.3115235714376369414255249898984
61705 48729.0349598246495583610598700805569
61706 48729.5773099349885181389713532413953
61707 48730.3192042819933149570499460930617
61708 48730.9515562577496775884936811360261
61709 48731.6137012484183177560128835407985
61710 48732.3504006773317656262309810165844
61711 48733.4555123493641875204598580998595
61712 48734.1466104130707521444389490605404
61713 48735.0894443944866821842929768963415
61714 48735.3358569171527174430237966454735
61715 48735.9489962952678707915865040655803
61716 48736.5450461927599328753218533976324
61717 48737.2370086574251116762570440982936
61718 48738.0595147912487963335652595271275
61719 48738.7756784473060744087559089654347
61720 48739.3143042931047732988490401538774
61721 48739.8703681632539240226897727181000
61722 48741.3682940260754667967486147726311
61723 48741.7394209848164243319780273464784
61724 48742.3243651753876174643528262815493
61725 48743.1942609050999536419728445184102
61726 48743.6547155290434900854242941561345
61727 48744.2500763223104138494861874445474
61728 48745.3939030531419418845956591602252
61729 48746.0928375641025631581059778663066
61730 48746.4715351415824658636082939513280
61731 48747.0027049230333191443122782353594
61732 48747.9677275041538853673189218406901
61733 48748.2880078712438265651428377301460
61734 48749.0287528963202688410916907334731
61735 48749.9153440297106101588453762067416
61736 48751.1878020899077593897033759345354
61737 48751.6627192469402055728654259463053
61738 48752.1761540020985441921731221734342
61739 48752.9403971510835552426370999477217
61740 48753.8105360144650268381356227568905
61741 48754.2938960713131802771915065767258
61742 48754.8113012698958712238934988776771
61743 48755.2341458380170916856441007209513
61744 48756.2235899825364421086044490873051
61745 48757.2069936990351125624105819701991
61746 48757.6766966582556591837142505983817
61747 48758.5031307831384749384850907525377
61748 48759.0158643964732123928047608920666
61749 48759.7280152807522260022361168580180
61750 48760.8316432725389798200166281652922
61751 48761.3795890028627727196971970586039
61752 48762.0372583612334682422265282149055
61753 48762.7689823248490412788083947005782
61754 48763.5902490823548790185204994793058
61755 48763.9192438502643862254600164663765
61756 48764.8592715450109358001467089365392
61757 48765.4514456689988260987421953844313
61758 48765.7710518826038097049498006718833
61759 48766.5646463021898704049981600908703
61760 48767.4462553011244876628887749610523
61761 48768.2605255348676362368045791979526
61762 48769.5346545044478181923728194486291
61763 48769.8440839939756095478696401438670
61764 48770.5271037327990832077173325343565
61765 48771.2350190131510200637664588367719
61766 48771.4066546745373137375106050228561
61767 48772.4594036392583549556200965131981
61768 48773.2548032083762901121438067161082
61769 48773.9460292973532593738493037804631
61770 48774.5824097065473548435856669332009
61771 48775.1729170259896583454486654886867
61772 48775.6909598726393470373537157320751
61773 48776.6169914103331044713737033189832
61774 48777.5499838548490668789102609144525
61775 48778.1223350772374073525533713560823
61776 48778.6044087510926397967633008331049
61777 48779.8403876496824141582211308056980
61778 48780.6256076773873908328264108186246
61779 48780.9815376664852468940032567228521
61780 48781.5944489003962223031723881411886
61781 48782.1460948027262370228932737697345
61782 48783.0463690149097948324326485633799
61783 48783.3309511364793287833753439707819
61784 48784.1202959119162232311397426808659
61785 48785.0794354567389082232242289706914
61786 48785.9529962280879760031383254397480
61787 48786.4561361443543207284281864799061
61788 48787.4836464616699070107197413856405
61789 48788.1319316244103687331294598389293
61790 48788.5271488464234991883324341109649
61791 48789.3857162302809447122975293960470
61792 48790.1688316553921734846024762392057
61793 48790.5632229894220449260134039475136
61794 48791.4191116542226130819909755924615
61795 48792.1326166436173380573672096373481
61796 48793.1647162839421795389656118385131
61797 48793.3167188523292364760832845804354
61798 48793.8615199090545381137039260115339
61799 48794.5219015875287358633080261855303
61800 48795.5685390380038799522567273201816
61801 48796.9143312121460160563266930811640
61802 48797.2683550600253415044357794243534
61803 48797.7082966509445430045165496626694
61804 48798.6941580015480564744468226889866
61805 48799.0562835038007271203542226710562
61806 48799.8645425654007737902126883855494
61807 48800.5063470666241619473331635515155
61808 48801.0349424628492299276367521587133
61809 48801.7299213209156008478209471549741
61810 48802.5095768918841541673206663484779
61811 48803.5293445857386519750451337980786
61812 48803.8190970322875548562435510302367
61813 48805.0076269843355616107544210016262
61814 48805.4974848693339574316832708663666
61815 48806.3110128581958450929962898879093
61816 48806.6355655585322204285496205455286
61817 48807.7160541136655556129655130431752
61818 48808.3928774628161497448045497192923
61819 48809.2324429829110992283785513178194
61820 48809.8924212738339712805018457571978
61821 48810.0711225023450388265058840719625
61822 48810.5774441457481042453561495898812
61823 48811.9226621354325687971286523545231
61824 48812.1568543448759737059000866723280
61825 48812.8899570529882381801167105374019
61826 48814.0930277800833143622910821949607
61827 48814.7353607069929894576884902074238
61828 48815.6366424327198985566944593578120
61829 48816.1310192891393080512201846241251
61830 48816.8996586803798568544026795297402
61831 48817.2629228394341854357776124475861
61832 48817.6845794605775869492497801498298
61833 48818.7047018789898309189806089261099
61834 48819.7029448442397602774911258050745
61835 48820.1154732913959989400639071674875
61836 48820.7122465113243663902108800304646
61837 48821.5535533504465846894571444750880
61838 48822.0842279342681224602037580822842
61839 48823.0788111906937092159131066342428
61840 48823.5878508578564586866231157753204
61841 48824.6968099364182833822158349357590
61842 48825.4694932625074984616298739990865
61843 48825.5999511437155571858566339696153
61844 48826.7250450287831478167670238068532
61845 48827.1885347059527590792388514975106
61846 48827.9836300069582833494493805745137
61847 48828.4234639486852388646480634729517
61848 48829.1074135443633860568620578931095
61849 48829.7296636240438639261385182503452
61850 48830.2418837633183661761335496290356
61851 48831.8396742829602020708550435432052
61852 48832.3740366390271167031770201793483
61853 48832.9031072626794636252185609771071
61854 48833.5507973667951353301596505645447
61855 48834.1356268278645017089055279599716
61856 48835.0658107200996556480599112015783
61857 48835.6630383971124797204348409282754
61858 48836.1755497230887349476139975354946
61859 48837.1524483182534559978498084908213
61860 48837.5688668513640018754277333176868
61861 48838.4769184080412256137570138644367
61862 48838.9482471653104760086719728541039
61863 48839.7277551133476194204969567917942
61864 48840.1921401813367698008527901542720
61865 48841.3386720953676156068059496348382
61866 48841.9503902361261579726672371413226
61867 48842.9582909121575872910805325229552
61868 48843.6853550257196285408556632879506
61869 48844.1367926897032167525700691362712
61870 48844.7336491491504505328700204512845
61871 48845.3777502909570440229162644508287
61872 48846.0073537157880223706661021712761
61873 48846.4104173131917380504833432981928
61874 48847.6043615750658008576745980278433
61875 48848.1555247316663288575945128050914
61876 48849.0325159996206437040080399169537
61877 48849.2910135802533330202145154120699
61878 48850.6518494052683920036994872922765
61879 48851.3101592884195532610024419732525
61880 48851.9868479538609945725129760394549
61881 48852.1648426962667242140189728125966
61882 48853.0059686950678607180025984084390
61883 48854.1660842387110502198117696163752
61884 48854.6253219504576690694347561790361
61885 48855.2779550619533983043733206565880
61886 48856.0389040208550499381178632766588
61887 48856.3706056518050557092744326771203
61888 48857.1187368630594982686657987438411
61889 48857.5964039194017332854685289818311
61890 48858.9487318612784082301918071992681
61891 48859.4803628961376284666978352741246
61892 48860.5489541583805770682717804563287
61893 48861.1400853471977904572023828892593
61894 48861.6959595307780678225940364370549
61895 48862.0771622807395259625770415292421
61896 48863.0720384622408419885611756653763
61897 48863.7018964781581410772905051366052
61898 48864.1292019737678316400928795512777
61899 48864.8912232478901505432438080116698
61900 48865.6455908899727077933180188158598
61901 48866.5460891216540786850550196341089
61902 48867.1743763107307503827345301332823
61903 48867.9451308698737234095627398290138
61904 48868.3969989713505179507452190634473
61905 48869.3303716267357406232628674193756
61906 48870.0367146049739975535548134345608
61907 48870.9486214768435319437923202990672
61908 48871.8009355300626103653834029779689
61909 48872.0380622803571891776109877441519
61910 48872.5166829856112024264719506780640
61911 48873.5827206635247217672244802980475
61912 48874.2419015149576252879190863465378
61913 48874.5032625113300515911097308945878
61914 48875.3841729903467220532902131945794
61915 48875.9427341681685718042828761242197
61916 48877.1873960152078421749728967203514
61917 48878.0161992369137426332788655298971
61918 48878.6563298396912010434099691359101
61919 48879.1643778016590628994944689473029
61920 48879.9349084461973389118978935542670
61921 48880.4743692824178640234914942416844
61922 48880.9590717071275587495897765071654
61923 48881.7604656194633613810343190891747
61924 48882.9827464726662563485419846960271
61925 48883.2363575339099481286854909637772
61926 48883.8988736898280569475620875870242
61927 48884.4436377063623280832734827527007
61928 48885.1911655884956102137942781399097
61929 48886.0551078097361181014527331340876
61930 48887.0247785964261324007918336654600
61931 48887.6119796775421084440084314757349
61932 48888.3565901477335834684070439644092
61933 48888.9387396620759658689389197797101
61934 48890.0243436656209998338548120423038
61935 48890.5515815148113952815909179587820
61936 48890.7996256092799117590087570425404
61937 48891.5121545944779135646859879038449
61938 48892.0407626018059282600637981101793
61939 48892.9884084202267695585126780979213
61940 48893.7976563285809079995616598335313
61941 48894.4398680936785263006676184177037
61942 48895.4603210898365477477689099473343
61943 48896.1720491526828831090293929586184
61944 48896.5138426087250986279886209987770
61945 48897.5032919829344105251738129246240
61946 48898.1554510615211175664980996046812
61947 48898.5399925189215838076445732383305
61948 48899.6628444500744270383631957324282
61949 48900.0875584466948271240781089436163
61950 48900.8273664972207012308525653457789
61951 48901.6066708893641764372500993152692
61952 48901.9048229916269587028058045454362
61953 48903.0463398890801096060010082508198
61954 48903.4217875325986489897936924437915
61955 48903.8044826979924628856616734569840
61956 48905.5417567621536637974722979589034
61957 48906.1259861243296638490726289154218
61958 48906.6724305258069176388398244156866
61959 48907.1602931394295855711748249227769
61960 48907.8887071453816711927328239942588
61961 48908.3531942873262315219060165601706
61962 48909.2234707245403042873788125977733
61963 48909.9629784434766580930662921776638
61964 48910.4202074478037353781299513605941
61965 48911.2095723989092860219067585702799
61966 48912.0435807118404155066897481490222
61967 48912.6505520390789205210320681711071
61968 48913.6969798096747034980332207902193
61969 48914.2605450540451866287834823711746
61970 48914.8377375713821357530527493505889
61971 48915.5163266482513160451309179157980
61972 48916.4397702780760034912791274269633
61973 48917.0592304375401374415754660353259
61974 48917.8362071304226162058265159881577
61975 48918.4690489029647592416675015603797
61976 48919.0828702703669619727272511960094
61977 48919.4808671654424046387377225113651
61978 48920.2100986499323679379926119161623
61979 48920.7601681461357269088255543077373
61980 48921.9472828245513296405870251245434
61981 48922.7761931872885742408453367407057
61982 48923.4806660678890277564739976306848
61983 48923.9882301146013469259909676348986
61984 48925.0911657535489458907820773475732
61985 48925.6109876109519756969510135024134
61986 48925.7980182286883075138633553426312
61987 48926.7266203718922974038889008726085
61988 48927.3255186606718722165335122708040
61989 48927.9726348916974526749100940807824
61990 48929.1534033672483956766355451094566
61991 48929.7747370451610812687413448314802
61992 48929.9487872484657018157305933202555
61993 48930.6259661981090057774904949526372
61994 48931.8215834384858893614340839278373
61995 48932.4881194064937131636353166510039
61996 48933.1027268757410055077126362644286
61997 48934.1131620662231140452835861752499
61998 48934.6722374251247680273360623456798
61999 48935.3838563812454286502679671808162
