43000 35380.9432674963924300018336798580539
43001 35381.4002418364968841152527630733176
43002 35382.2251887623884286862103426043801
43003 35383.1017386183575140953048771608287
43004 35383.5598439308860246039551222780557
43005 35383.9534257559543100622457024724268
43006 35384.9218109102354995433640006222367
43007 35385.9731731064222366354304222135400
43008 35386.4551011407099568067898717400091
43009 35387.0878784696730328475848333420078
43010 35387.9495790257370352142438506911974
43011 35388.1719394625697580171717192800350
43012 35389.4482555658241482092916137730579
43013 35390.5341933513096183180613231601158
43014 35391.1349326358939343970203454340438
43015 35391.5190540081451561462755314238254
43016 35392.4224472928350721201035167502610
43017 35393.2145386104772322800294928884770
43018 35393.7110082033422677691294367892768
43019 35394.2580757783077077454641802289912
43020 35394.9330061091246384709658089444574
43021 35395.9631305870732595710023967980429
43022 35396.2404478535057285862224788707281
43023 35397.5554816086286163806486467488932
43024 35398.3951996690431347537588172391178
43025 35399.0452585310067832203813428253344
43026 35399.6868392404939840643254690683711
43027 35400.2768795815615888239929075133436
43028 35400.8536033041702458451626115982238
43029 35401.8688077353385095663470069435338
43030 35402.7022629487480206009413117253205
43031 35403.3480937556812318457456266012217
43032 35403.9888261232561122453975101875381
43033 35404.1103600840062504442488468555094
43034 35405.3571504770774020127787090013663
43035 35405.9883208997315524286615003203649
43036 35406.7485102951735659901681864637462
43037 35407.5406605025538249314762880702854
43038 35408.7292737559898766032896209767143
43039 35409.3241228671264105792563330528131
43040 35409.9243583923978107723994131957069
43041 35410.6160666049410932865425145298310
43042 35411.1305555000115470858074401243739
43043 35411.6115894831427333803255662895926
43044 35412.5794105056986833731301314838764
43045 35413.2951808691747170819392358546127
43046 35414.0739519926015533910353864116420
43047 35414.9105210676951111859562719459441
43048 35415.4670835365706265688093274234801
43049 35416.3174779573002096801490456047017
43050 35417.2868452243669337454880408136447
43051 35417.7746304567508973696538011265489
43052 35418.4795014448230715589063574150820
43053 35419.6181030546926682886339689160695
43054 35419.8675440896624052295844544564617
43055 35420.5346672552397527968587326437211
43056 35421.6869676418459611907176469706154
43057 35422.2509147472110957310307456259839
43058 35422.4097761274568719985967511981107
43059 35423.2745468502848383798408902048496
43060 35423.8263550269663734798882215039058
43061 35425.4742124522397392547739142790751
43062 35426.0819627414151840734053952719343
43063 35426.6210970263461998525761005604077
43064 35427.3473557753554110827732300702299
43065 35428.0306437243059331270553073271327
43066 35428.5218037448918719220479799690185
43067 35429.6988631883227192312656005015454
43068 35429.8027693418666971605341899020413
43069 35430.7540614058875522378852294119890
43070 35431.5161590337741471878224760492876
43071 35432.4000751105034122861734925256742
43072 35432.9711278566793863882770078917431
43073 35433.4534297340885939329494437819164
43074 35434.7605719389787787375205304737187
43075 35435.2443573225976971430835075650142
43076 35435.7917714031030910149709067389116
43077 35437.2483699973178517491523769858884
43078 35437.4636481797529800213222882091190
43079 35438.3945757526617633400050918076082
43080 35438.7328251452635073362934234950345
43081 35439.3460934898630445897049156237560
43082 35440.1517724157628013846565277281321
43083 35440.7670767493946341835293562369175
43084 35441.7480699268828305237407297363323
43085 35442.3618639489126104696980571665095
43086 35443.2635918016872480689931228930578
43087 35444.2362926062771357490154265459173
43088 35445.0274337259451111671753553053368
43089 35445.5616802289479202256435416946198
43090 35446.0553990614455223758448859440575
43091 35446.5462945552085240176558943935519
43092 35447.6976756937163161318266199659037
43093 35448.4136722599089607270245753789587
43094 35449.2596002871453622285653428214323
43095 35449.5595250493714372144647678673478
43096 35450.2868815739550654704639969229131
43097 35451.0750828043136457828698123890990
43098 35451.6696623664228083152004439880521
43099 35452.7336709538485122108174196256276
43100 35453.7871093339900359934251040819370
43101 35454.3974363223515536587529761862027
43102 35454.9250923800991347695493428361623
43103 35455.7643937028341878976982661286394
43104 35456.2337487386275414280443791684943
43105 35457.1677069274030989004085470491854
43106 35457.6773936656411830029327909753203
43107 35458.0743481931656267255123983170591
43108 35459.0837052172673933695805736751593
43109 35459.7876158113093382228122485053377
43110 35460.9207579201037902744919343546733
43111 35461.6166702103586434253250939693098
43112 35462.2677808879196660717278422455631
43113 35462.5392977497368308529592130648946
43114 35463.8857740500487696114426750472921
43115 35464.4568356315214300938323380764996
43116 35464.9844044761616152196850382331278
43117 35465.9707998332010481824832877641298
43118 35466.4746261908537723452003890480327
43119 35467.1629302438259918016917426918844
43120 35467.7934716905287747826053573512025
43121 35468.6479332058955787475005241527794
43122 35469.0308149915452363642308776930153
43123 35469.8702447800123100597384214781638
43124 35471.2273508209032074619524649930193
43125 35471.8650495708939458196788820865391
43126 35472.6437792982225428597693009650669
43127 35473.0610053508327902411471966798305
43128 35474.0450190252222680900323055700598
43129 35474.2568001635587432304959846099607
43130 35474.9743121123371074911129167479246
43131 35475.7548973797482517657833869896974
43132 35477.0441139686985620152220010408874
43133 35477.3921622638560966868453486458661
43134 35477.7362372722450079335500280275916
43135 35478.6886821861179804116726229771430
43136 35479.8869362139820775290295087300220
43137 35480.2911527878210981378985402541353
43138 35481.2518930088550895017279488399099
43139 35481.7115060537923080234254419080451
43140 35482.5346237559152775862928830009605
43141 35483.6352886496186200948808771655082
43142 35484.2391804982081167254860163910658
43143 35484.3799531159145563705368936552673
43144 35485.3076215122945146738321815698551
43145 35485.9205635424712555069871945507907
43146 35486.3958308664726996107217315823321
43147 35487.5927729675835819327160904339431
43148 35488.3569127107348742014514405467121
43149 35489.4416932072342522580925348920859
43150 35489.8946718145733899310227195877686
43151 35490.7074540738560864411085655852488
43152 35491.1670342387331610469709082248535
43153 35491.9228802919238580518240406408144
43154 35492.7757251717654990584165466637248
43155 35493.3043176343685883586052266688342
43156 35494.1140447135403712261365870245350
43157 35494.7153651183405246137849665145279
43158 35495.7810362817133345771398036905799
43159 35496.1481722192738974928714355000231
43160 35496.8632924883197112174412284842882
43161 35497.5625954230226523297213295216625
43162 35498.5535790230271880860100533200438
43163 35499.5959410847612797698351213076580
43164 35500.3648591014361030381214737116003
43165 35500.8121938250415296352387869700484
43166 35501.3760370576108668411232228922289
43167 35501.9052750889878889134447795108772
43168 35502.9900870186266370621174988823296
43169 35503.5136504007280512163984762321102
43170 35503.9912486263300045523692853383171
43171 35504.7084035841598119733099378573586
43172 35505.9773154381790034939587439486211
43173 35506.4483107018908581990452923615753
43174 35507.4827824280399889286088105613927
43175 35508.3766479452699191691479927536536
43176 35508.4835140381965906543340754845914
43177 35509.4714611309884123810743194021896
43178 35509.9112775063197039612869409143893
43179 35511.1617658916385185657738939734334
43180 35511.6865207182463761690841668925457
43181 35512.2471900498767351623477954239298
43182 35513.2418768537562271619205810958197
43183 35513.4303601379085717317752366852401
43184 35513.9806104451672029068290922518277
43185 35515.1915715081318777203018863284701
43186 35516.1373362249753422830770042903501
43187 35516.8618662032350075297176726942306
43188 35517.5521119850921811548436100233663
43189 35518.3265499833137814707474938891915
43190 35519.3088837066166932921772568848823
43191 35519.5176682958631681593211419226616
43192 35520.1216539124651256002458782984279
43193 35520.7637413488984568655881473788530
43194 35521.5763423088210285607054675373810
43195 35522.5751860357816966287020599495100
43196 35523.1989014720061954355693213056919
43197 35523.9684819509371011347539212962873
43198 35524.5253763388155701661859531288034
43199 35525.5628742773834703002181085092965
43200 35526.3185988109583377489961866987448
43201 35526.7441605351025003045463362429074
43202 35527.8324612445097097961393138379807
43203 35528.5474847431774555262903858686111
43204 35528.9501373220175399710277094644595
43205 35529.9961779377540723758854066223068
43206 35530.2689997406263275434501414196863
43207 35531.1322308862287147365585438499148
43208 35531.7754379479822674353367421889875
43209 35532.5538174675285620415028024436184
43210 35532.8660220786076329275591099001543
43211 35534.6580462672924459143415007011463
43212 35535.3288582513576128702766403865558
43213 35535.7498478356156552802007251352114
43214 35536.1667650526801809169016120054181
43215 35537.1013802042627066157070466359520
43216 35537.6879727574594883142254064185244
43217 35538.3859318255283984347781085680413
43218 35539.4052465580169585420251242769235
43219 35539.8665763043577686333831047212339
43220 35540.4651418027721037150884150198495
43221 35541.3743805604426752364478389862989
43222 35541.9862891688234624010415126393073
43223 35543.1027827856699302836107126689618
43224 35543.3160223336157644817996816143525
43225 35544.4164223565172732788689318177233
43226 35545.3477985724756028223382975682507
43227 35545.9866717616229077510309976746288
43228 35546.5058272264468052131024183236669
43229 35547.5186382096485465574681421343054
43230 35547.9587148834381920996768985682678
43231 35548.3701876437396245245532729825200
43232 35548.9641023229339649576784367152371
43233 35550.0748972329135290632742827406155
43234 35550.7121457606727041691378236011981
43235 35551.7577003989063303007040860120125
43236 35552.4689541227007276908678289870709
43237 35553.0717245466072753758149207321838
43238 35554.0724340567233837896030587922752
43239 35554.5581025540379678597407062638403
43240 35555.3919393144970882223498449035108
43241 35555.6292374892919093858480820745007
43242 35556.5777433288092250163721815549103
43243 35557.7375262527369498079955979716980
43244 35558.1169816407506182963302592430074
43245 35558.8192875598358434009114358061745
43246 35559.2687839688195303537390948661654
43247 35559.9855716177019315677754833286932
43248 35560.9251391892204211378148304154446
43249 35562.1537061339766392837239608626789
43250 35562.5801806339524762573769243650556
43251 35563.6569995867753748844695695766799
43252 35564.0332832550684946023389764382686
43253 35564.6077774206283741573266988998405
43254 35565.4552615082262437197610095083157
43255 35565.9744602272825101644624685814227
43256 35566.7760775212778203122991903084027
43257 35567.3382718472776629363261316335736
43258 35568.1870714206130836630165383791678
43259 35568.9286569729293768752555530375672
43260 35569.8920606444944590643778451442246
43261 35570.7739489265171912355033394558723
43262 35571.3354498752334330665151321738721
43263 35571.8956506922598886958350226207424
43264 35572.4482718549913482360226571548174
43265 35573.7274958779943008006888701729987
43266 35574.4412407622555567435720382440167
43267 35574.9171615826987036804465956537294
43268 35575.3136073011322677505797916803639
43269 35576.1751801523854521541430817730052
43270 35576.9930956358250913189681523141786
43271 35577.7025623435591535309677270813396
43272 35577.9375364565884973070437478319992
43273 35579.4621592941269023697468521633501
43274 35580.0292014773799173670510037669920
43275 35581.0681640560428797275834911045158
43276 35581.7653281027600608411120415450233
43277 35582.1093166642793995156710762218017
43278 35582.7026912233711139351764585487735
43279 35583.5354080772288893527610565614545
43280 35584.1938961045932899326062660776381
43281 35584.8020342583880761274874060824228
43282 35585.9133735038150127396452017845773
43283 35586.5517321999005571498166739774922
43284 35587.0132851632636297744324488758677
43285 35587.7967444050535687854202911807940
43286 35588.5717383748423199906399127717877
43287 35589.9042888992812458651984813943472
43288 35590.0717949265122414345588719952630
43289 35590.8831442840659633990153396355772
43290 35591.7319642259754685361533668808048
43291 35592.4356215984052810188914995426921
43292 35593.0910989761655301414055025947916
43293 35593.8195928494823375700686496030391
43294 35594.3544753355936466304448375819866
43295 35594.7937548593233834604545076156060
43296 35595.4817246196350682104596734159100
43297 35596.8184425910834995556871367830567
43298 35597.7929440539447563859193586693009
43299 35598.1146124974366544266607928296250
43300 35599.2464167209543912243406924741540
43301 35599.4535921799176849635844680919832
43302 35600.3252121340713121131851176189285
43303 35601.1176508602721907350665607947766
43304 35601.5491361902881822936960768499351
43305 35602.5715978875984603834709143126268
43306 35603.4601186274806873307907278914998
43307 35603.5823333625209478384995162976415
43308 35604.5407538157812165292001150956320
43309 35605.2809811728836413733054051582929
43310 35606.2034486242949994199611339965112
43311 35606.5682636671149940729177843882200
43312 35607.6951433379640056523937326974547
43313 35608.7026169629692943711784689834702
43314 35609.2906188959477562566964312416285
43315 35610.0155292134609326546826348219903
43316 35610.3763063806615792351733538083592
43317 35611.0744205654269911574167365780220
43318 35611.6191935065252247874107424304223
43319 35612.6570276094678660062403155294501
43320 35613.2186873765990775342986602948123
43321 35614.2238285132611480713248563882823
43322 35614.3971974710155857208461132724715
43323 35616.2172828052473656708648310187631
43324 35616.2862687906508460754597842662933
43325 35617.0012722423559230263122509995159
43326 35617.9934407329092518804595544470397
43327 35618.2142699470461247043616570659906
43328 35619.3670487004938896357570206943827
43329 35619.8909653791769799328566033574629
43330 35620.9515574262646602977745302209780
43331 35621.3203558236050935987302737162873
43332 35622.0269720089174689994908241275833
43333 35622.4390914612656497113576569924577
43334 35623.3749863589467704275436146840348
43335 35624.0292562316981103044841126483741
43336 35625.4489874236812883148045992452880
43337 35626.1052476110291642128992208793500
43338 35626.6962617210329431643066001050972
43339 35626.9698606517923558404197066473765
43340 35628.3133998459035364379824033654482
43341 35628.6184308530390750394877771334903
43342 35629.3072410584721187933381588592794
43343 35629.7796845106793204126397201724475
43344 35630.5962409616972342883200667647142
43345 35631.6300311534071412157904937733364
43346 35632.3826247712228947269006638099783
43347 35632.9696073918435871563959271676872
43348 35633.6535073137846295502966368329151
43349 35634.6217936294655410103282377899261
43350 35635.1448891322003516742216676420683
43351 35636.1404110732210184250449273786459
43352 35636.8138896507157201887409466270518
43353 35637.5104773871205398903792607121962
43354 35638.1741018652540081391943033023409
43355 35638.7517096998533454424109207063122
43356 35639.5486868811555281216818054530718
43357 35640.0437044221991922557976927100429
43358 35640.7149401991062459888151634423206
43359 35641.5841734323394193075451936420514
43360 35642.3623961305749847205821693044877
43361 35643.6734689349601136031375468795212
43362 35644.0460287888662345098794036607317
43363 35645.0997007929493083343819819275061
43364 35645.3725043252863883358070565896440
43365 35646.0095911955047196886939448772603
43366 35646.3862040845622010537717578101716
43367 35647.8387396359288744027888210718233
43368 35648.3345476702744971127355483310245
43369 35648.8487336310385583569932782307843
43370 35649.7792707739752938467727166296539
43371 35650.1652247083289759459636694046620
43372 35650.9767559433790714059059682955571
43373 35652.2488454972205724723803059439835
43374 35652.6073146895961939942610211795523
43375 35653.3174829238964761705748636512769
43376 35654.3834044195768037594800357095967
43377 35655.1703977291098356411281490516273
43378 35655.6140440327144543596577266920334
43379 35656.3038535012961209609915122326253
43380 35656.8017255412833846873670254143515
43381 35657.6573490911245911445187920357262
43382 35658.1682132053050003905461046313876
43383 35658.7995849709541796974081165973927
43384 35660.0683007926383507844237508766606
43385 35660.8763217405649539047158915837115
43386 35661.5037008130936752792040211007103
43387 35662.0914689046580648705727668726695
43388 35663.0280951023789656625080537898690
43389 35663.5596440973748708672811704732575
43390 35664.2307275768451653799690278981425
43391 35665.2045285816670117031499615604821
43392 35665.5536930227811463814841614699380
43393 35666.4011130078955510420127499181910
43394 35667.2512974649017622560391660963646
43395 35668.0274584858185138623205245059424
43396 35668.3877240204990990440311231935444
43397 35668.8093608983677510868764325402121
43398 35670.1121880608327118335049985673336
43399 35671.2485326955784984012677890917979
43400 35671.9207679963913871167992196782970
43401 35672.3140846841392217584195683720852
43402 35673.1298975677843817909679505035126
43403 35673.6606389479490912131055642922269
43404 35674.5099147888330307125479369138595
43405 35674.9111696769184190306376119491158
43406 35675.7875436986946993759075223149693
43407 35676.4642245474270865868158831890346
43408 35677.4202387032975598740707510924566
43409 35677.8514724536743648609602610704962
43410 35678.9553781502074951309886046929302
43411 35679.8507171078751516227125447879036
43412 35680.2760149524359106163294158123441
43413 35680.9627566452056091715162879590295
43414 35681.7038145129831017781266119798719
43415 35682.4723310153888916211268637934878
43416 35683.6158713660613758728776011275515
43417 35683.9793058809793583979722166003720
43418 35684.5565686480805345613368807939352
43419 35684.9732565865744851478073895377923
43420 35685.7731799834199144809216072962410
43421 35686.7162295523654929487704277873863
43422 35687.4258206312872442035797313569269
43423 35688.3677375744697978571731176491956
43424 35689.2822666981760784208127786153506
43425 35689.9779245363190755566448095659839
43426 35690.6877888831127157049801770532172
43427 35691.1154923502747615965352175425966
43428 35691.9037247836277016897223335990669
43429 35692.5998222038817278460806253308962
43430 35692.8641696784991220806842555098915
43431 35694.4208728408151633382622417906059
43432 35694.7506087787486244367287594148318
43433 35695.2396905030451557807429730612845
43434 35696.2809919991138368836331136864893
43435 35696.9492630663451165480132174105267
43436 35697.6327575100070247639702568914369
43437 35698.4650400001144972976661126573763
43438 35699.7048343472335939834677501711697
43439 35699.9304625717372072908452008834140
43440 35700.6377567042430188598918177831621
43441 35701.3500484404836892197642669567264
43442 35702.0915179206138320592896159845548
43443 35702.7907492339532420180537082204788
43444 35703.3946658402155563659806707037890
43445 35703.9236074664886726079130613716396
43446 35704.5195233159827881562577058296929
43447 35705.9044301757509876250281370760599
43448 35706.8066398255093892135486552773158
43449 35707.5008473918484449152358390220483
43450 35707.9280133292405164107111928008887
43451 35708.3846122295332393086888347687189
43452 35709.4925866951812858538121577912073
43453 35710.0355190990027718090238121153195
43454 35710.7665332007175721490065640526387
43455 35711.5492991800545081410973155366011
43456 35712.3380815346622106566050421963714
43457 35712.7479957545924485419227233338220
43458 35713.5714968610230865870388524254274
43459 35714.2633230813894649775640325083031
43460 35715.0024288375359788588591864692076
43461 35716.1220366390004207431674512331029
43462 35716.6791919148784222726318313323932
43463 35717.4782784167450927765448987210571
43464 35718.6224784738895322641740943461884
43465 35718.8199571960026126033425358266706
43466 35719.3564917694477769491203908688051
43467 35720.3029830930151403840498112399403
43468 35720.4648614455594014847703579468947
43469 35721.5043193037139970621329067726481
43470 35722.4537651796669610469497100794046
43471 35723.1614913914977450254851223634720
43472 35723.8554806794692873351919258350883
43473 35724.5165141167657993166290623917939
43474 35725.7888405131426411689185291188857
43475 35726.2233419632190438491848953837981
43476 35726.6595080435434537902251481640280
43477 35727.3364820704355829477316975284952
43478 35728.4236283291947498262172136334882
43479 35729.0765257958314920789518695985551
43480 35729.8067426415491676433243291449703
43481 35730.2417765738371088181057642846978
43482 35731.0399510143213353554074805318751
43483 35731.7784663457272948804177422305254
43484 35731.9822956081729691019682965005314
43485 35733.4271289752945959783184379212751
43486 35734.5129604452163187663279384946151
43487 35734.9390771424826943265510015248994
43488 35735.7084507931813391215697510003414
43489 35736.4736554342074888742180632747221
43490 35736.6660109658142604222678511011483
43491 35737.6672583976269414477566792374031
43492 35738.4061711742801955551866827796643
43493 35739.0769363766502186284482481318413
43494 35739.5951087171560879949928862089312
43495 35740.3936703523283207304479943455783
43496 35741.6311550215445740231862308472798
43497 35741.8993904635270505835772122839065
43498 35742.8651505453762770935728186970804
43499 35743.4458034330798998660494441102455
43500 35744.1804991392594465177772700978202
43501 35745.1735596626331187736743907544240
43502 35746.0904657134815722081657823546095
43503 35746.4475837917616836772989870498473
43504 35746.9505766005693555738076671716671
43505 35747.9303726651354992904696626152117
43506 35748.3897365098603098526790481980240
43507 35749.0224020484617942589499215475488
43508 35749.9330082523285140115772343972813
43509 35750.4127927964677755677597306368948
43510 35751.8214523022835842375029943985290
43511 35752.4519484368025114765230061874219
43512 35753.1197639077734726600387518377292
43513 35753.8306940538214313458928213267145
43514 35754.5549395526560508738823346106215
43515 35755.1079074737572406945038341955108
43516 35755.4339311197519346018928020259152
43517 35756.5880576258718107037818175633153
43518 35757.4198060380275926962470371588426
43519 35758.2583786394201824315911862425762
43520 35758.6022644869773908381119774156834
43521 35758.9929147723550219713943233729913
43522 35760.0982251237865652607905854946297
43523 35761.2192473557006563530928116565981
43524 35761.6283988275464827298753527969019
43525 35762.7298974109861319761156706349914
43526 35763.1704806715892024069587306937038
43527 35763.9170991597709646517818019718519
43528 35764.7567540032034336459588674797719
43529 35765.5397807875077152356817366355617
43530 35765.7993229848727120171715932867294
43531 35766.2057712248078204475448749571050
43532 35767.3300927691555499993676675303962
43533 35768.1266518601310385721436482704527
43534 35768.8583759816877723965911008366226
43535 35770.0220372187068421652236343328321
43536 35770.5754256400587169105730661793783
43537 35771.1434665418011850936017823652553
43538 35771.7693156253532403740947246131781
43539 35772.6028133151460372930635939359754
43540 35773.3503235992146840425231944953230
43541 35774.1536786665466066498180019708655
43542 35774.7557853850938319946445909808323
43543 35775.3125274399504872896321893015400
43544 35776.2132115577471936419995640351152
43545 35776.6879062777828684638004596113724
43546 35777.5561608134684655276189080388264
43547 35778.2233633616605408335753896769742
43548 35778.8588850251274766584232559552221
43549 35780.5313031901641070442701367745381
43550 35780.7811553740198416544464089534443
43551 35781.3964221656067788382958397869715
43552 35782.0991158134178942886910708240994
43553 35782.5168617748386422138522508504177
43554 35783.3843796965885969882371496620167
43555 35784.1040072680134780521370242097999
43556 35784.7324367163551420878304734013082
43557 35785.6068142606216682050043515932174
43558 35786.2744879536424076925329454863143
43559 35786.9999477453694767086365677961813
43560 35788.0140537871617773808552448565110
43561 35788.6747699156813261742456079581097
43562 35789.2930996644620876752921000292396
43563 35790.2236653131676749137029170580798
43564 35790.5024313783528276336105229870344
43565 35791.7653715432881159724448909121556
43566 35792.2054799010016936334094198402948
43567 35793.0627543952710109378447117628321
43568 35793.5644383428004172275929253352661
43569 35794.1386073805286405224284502458970
43570 35794.7684506150440933651917422655400
43571 35795.3178680337555674411322710865765
43572 35797.0013358534362415236800506218717
43573 35797.4226466231017671820214010452855
43574 35798.0465237163966646565053264715492
43575 35798.9205203586577161722912232674183
43576 35799.6140445343634388406117519939707
43577 35800.3165847013689321663906013440179
43578 35800.7898039439181224826917414525469
43579 35801.3421637282368553756411754640728
43580 35802.3417677467873461804282734960468
43581 35802.9486550606108707569030909546440
43582 35804.0322978540499415641693828680164
43583 35804.3601385954047395273510095271647
43584 35805.0872668257016835320905612640079
43585 35805.9227702894394667214752513388685
43586 35806.7572779453016930120451328094557
43587 35807.6585768628279212855960273792496
43588 35808.2367881039651843156418996551171
43589 35809.1800273956557599545771920861323
43590 35809.9506907335466580853051756080067
43591 35810.3151811094936928645750381221080
43592 35810.5954892705614489983279897045642
43593 35811.9365655131757531337170193469805
43594 35812.4100017797466662580988104339494
43595 35812.8241910756208255659833107362017
43596 35813.7811605585100498106313278149107
43597 35814.8065903770539077245519921554529
43598 35815.8109884357896224483083295622874
43599 35816.5707465540416930097895449729665
43600 35816.8643746163019772010825439784531
43601 35817.5198748945675307519617810081461
43602 35818.1275088888157327056170613352944
43603 35819.1119371759617271208758528678526
43604 35820.0781159727055948579160806218998
43605 35820.4471858331601078155890274956635
43606 35821.2699440939772747401287194067519
43607 35821.5566651447284026506136788125970
43608 35822.7952828325012975858782253821695
43609 35823.0901256035064623163849059113898
43610 35824.0953709985225009402110360619315
43611 35825.1215491609417770611780350932597
43612 35825.7689768711276475335476894084961
43613 35826.6680523049739873452599319962929
43614 35827.0736416237787312893096851560500
43615 35827.9442947853977458684913755482505
43616 35828.5480843745472313332641370931825
43617 35829.0114289626542778570694174422408
43618 35829.7323079230700724549608544952292
43619 35830.2787455461255939050781061250284
43620 35831.6378198935679173399688429903631
43621 35832.0883125242304052327059435281084
43622 35832.9091032810931442281450024547439
43623 35833.7110118045107018554549927868210
43624 35834.3339104740127678142821874453615
43625 35835.1307266634128434539069169849391
43626 35836.0529936486747136246785010227765
43627 35836.4794505597234175682515818014113
43628 35837.0599798248770198977787037362118
43629 35838.0915693423766105792925830396543
43630 35838.8357792181247983964011129682930
43631 35839.4152101801736875603738279478941
43632 35839.7462386172324179522096137158921
43633 35840.5788497412761038637374917219607
43634 35841.2877351512447699386393155896017
43635 35842.4678313272171773910540364212677
43636 35843.4795682530102015113035486304883
43637 35844.0825492520636042869929286528778
43638 35844.5605382201641777277332173474928
43639 35845.1932781590850308766302850523689
43640 35845.9251711190088049456936921511685
43641 35846.6644321330647881791336906306741
43642 35847.0808244266002115387058176816399
43643 35848.2227503126844096862126351004238
43644 35848.8352271968410159167568996308513
43645 35849.3776846888827348273590297568672
43646 35850.0726332641833438439245313905431
43647 35851.2936304489598522369241545991829
43648 35851.9355010322909613095156494225847
43649 35852.4373677358023248769596240331394
43650 35852.9788887002364982588111245921871
43651 35854.3072593730470300397206502323249
43652 35855.0690644180872019774944306331966
43653 35855.2616859372719407285167582481469
43654 35856.2818587706131413233994174605233
43655 35856.6094047312002976134332188997622
43656 35857.1864281540492637450258015200380
43657 35858.1786191221805093290219175707406
43658 35858.8473093258508845981345621961990
43659 35859.5957646172352847565184514368928
43660 35860.8154651964263996881469971524177
43661 35861.3939442469012431070418148177776
43662 35862.1220931146621955891091727067429
43663 35862.8261657602078416276659499264831
43664 35863.3247989888690467443176879480803
43665 35863.9964055346990343689226453593798
43666 35864.7424491941977254509916563126021
43667 35865.5324452506157306509903792392455
43668 35866.2789873262255059035739209570629
43669 35867.0549216216793466521860027484740
43670 35867.7490623559996304798460616645197
43671 35868.2562702227028172169114862212883
43672 35868.7487055523866606824403158674237
43673 35870.2248127040221058701593011329395
43674 35870.7600530890482943032485751866422
43675 35871.8539864431469240554901791453593
43676 35872.0901011430619288569729931148071
43677 35872.7363301540172099546266589763386
43678 35873.7908232546387151428447924546499
43679 35874.1547426603695631597705650216782
43680 35874.9347094063292159895394358951043
43681 35875.5131048399840730364212964154226
43682 35876.0134948404705743639816338837009
43683 35877.0494881964126618833686942928988
43684 35878.3715303744912175225186916837294
43685 35878.6911180935656960412016215394589
43686 35879.3104035264863712952302353167448
43687 35880.3737573890433303052759351805426
43688 35880.8982609161737737177413697142571
43689 35881.2160689193244950242842192598698
43690 35882.4430399415137103613625264305107
43691 35883.2314281861541379877576355926808
43692 35883.7238923393840897447365184817574
43693 35884.2080009548363527936052385007476
43694 35885.1828077563960025949336149799226
43695 35885.5355386923271914437652650464425
43696 35886.5449401811169358712426304882457
43697 35887.1629729695169511815789049502026
43698 35888.3809678798241576866238237074820
43699 35888.8292718324859393382031042143776
43700 35889.9620295969601540613874970869450
43701 35890.5982616245355028103632404823326
43702 35890.9393643902064899842064143810404
43703 35891.5852880311070134762501741575087
43704 35892.0618816305523610667412103993779
43705 35893.0136579106803497812881040425228
43706 35894.1533326697708167566998703522091
43707 35894.3438661182795448719063344698973
43708 35895.2374214948781182780615409848421
43709 35896.0052719820536956775433758444434
43710 35896.9028329110063762841035511445911
43711 35897.7510105429233243551945635866926
43712 35898.2647141301481576404927156619788
43713 35898.9134061423564250199342872402856
43714 35899.9029985167573900185525222915094
43715 35900.4779042123474892864395237482953
43716 35901.3130152209613673991794384596709
43717 35901.8402575919800191932218698069551
43718 35902.5050084403326423976556449848288
43719 35903.2610309885890641358048560546416
43720 35903.5765742632655356031218462419917
43721 35904.4336169851922530357625168189015
43722 35905.7424160650066752618325474971782
43723 35906.8671518094275539580641679864425
43724 35907.0343937208854993589969696280999
43725 35907.6560484736371290058605332566668
43726 35908.3674431333181280690666378175213
43727 35909.2109984392669720111011234949921
43728 35910.0198192879682745003218447908468
43729 35910.4121708115872307977542683356167
43730 35911.0084264348803960381899853007435
43731 35912.2425086067434877763127734539088
43732 35912.6396573279298944833817809612144
43733 35913.3709047709246068201010075943689
43734 35914.2602669328965243185007922621478
43735 35914.8626747930044308118901301218159
43736 35915.5564903258782450950707938522779
43737 35916.7663706436263604564435113793087
43738 35917.3216160617800823857755289024040
43739 35918.1147095872709434314549563000391
43740 35918.5294681835444635926266498464264
43741 35919.4181115198095316722366666612573
43742 35919.8090951715009580875553944255908
43743 35920.7584997885865042252512274854081
43744 35920.9423101989587523279905944184518
43745 35922.2326200192847768994851300272859
43746 35922.9032984496126549120342212548359
43747 35923.5772732157177838291828791026067
43748 35924.8153175609851949575471387955385
43749 35925.3878575912868043436819260358546
43750 35925.9683264616559611756328986517587
43751 35926.3647964339411121861928593062612
43752 35927.3750699436284055479379013355893
43753 35927.7109494894437053324267990440663
43754 35929.1180252005039197577230776827202
43755 35929.5629821884997909336110584434112
43756 35930.1353591399784765338820227050177
43757 35930.6131284419691979756690284365943
43758 35931.2746960102706844121105677101739
43759 35932.4149815325168493532055968813174
43760 35933.1028902299243106884940145132581
43761 35934.1343149218621317694189094613348
43762 35934.6649428076994565085019769925644
43763 35935.5581521633388314873857112073978
43764 35936.1749054946835774504654604839034
43765 35936.7966986405975807079874208065080
43766 35937.2449369855368257628061381743626
43767 35938.2623942417165937909226393357216
43768 35938.5320913516001717745583758424942
43769 35939.3732420180265650043676536063011
43770 35940.4347310992739640536559848917435
43771 35941.0943868704649240840972626204466
43772 35942.0337894896199009618525573128130
43773 35942.7038024862013927833472370526047
43774 35943.1123551962721520194044171004631
43775 35944.0566058175341369094212303486727
43776 35944.9160146848388339507770226256326
43777 35945.5257042017657408620124821808667
43778 35946.4478646763299729191953582687091
43779 35946.7166111321843773464026383505155
43780 35947.4269030483972176490595179921871
43781 35948.4888574002920042828695406173132
43782 35949.0749976370772969803615537498101
43783 35949.3017451131025007846047484711127
43784 35950.1556646706243392120212705205702
43785 35951.7606775058772525290563858885931
43786 35952.2730254900858129556327826886852
43787 35952.8995390060883759714556233908374
43788 35953.5596672802779139942879909975533
43789 35954.3637564392899037142584577965759
43790 35954.5788559932926066663207195138897
43791 35955.4717998203054741328624642882595
43792 35956.3290318639351165208038221076492
43793 35957.0932368431011226891145497595401
43794 35957.6288829324083341284547560045236
43795 35958.5947256782594501948437920828808
43796 35959.0056216815906867747897901296717
43797 35959.9575324555419665470362812016482
43798 35960.9029298372892486676474608572185
43799 35961.6799087551129620532301993520835
43800 35961.9943306003234688758186782949053
43801 35962.9452032198216856900800664809464
43802 35963.8974935614525984636488772118520
43803 35964.6961754606002207170649350737370
43804 35964.8915895554379737703405818826632
43805 35965.6288703861162605142230689801184
43806 35966.0989286200616023980199536112531
43807 35966.9887417862389768667222466603499
43808 35967.7951082854157706288982782068810
43809 35968.9943826444780906486807247837913
43810 35969.4657316807080409432454984470995
43811 35970.4130599077944318443688809280180
43812 35970.8926367472815476111522828224178
43813 35972.0118708356889646395605208520772
43814 35972.1608620298614907931895869153711
43815 35972.8049608801497489248413560217152
43816 35973.7383422667617791529633957511216
43817 35974.7052827245988717773005806924316
43818 35975.0132067084745619235674340645396
43819 35975.9851820372458905265841982852875
43820 35976.6928223976190958498035104624335
43821 35976.9753450151402310107190966044112
43822 35978.3064279313476398350771022486342
43823 35978.5701415299014801919611121094766
43824 35980.0038455811215322141223364518114
43825 35980.7726602420756295335694269618142
43826 35981.1197654888074684165912014016401
43827 35981.6716753291701093935437940837607
43828 35982.3646289295901192217649213297326
43829 35983.3891725366507378677046337200353
43830 35983.6228938464548746223008756059170
43831 35984.5080894660949910083981281305600
43832 35985.2466143919370330618248163734554
43833 35985.8013776187783878887719847921806
43834 35987.1337628262809661268890426990284
43835 35987.9063794328772808745125428526218
43836 35988.3984268305920789351112437886327
43837 35989.0592585930426397652660632267426
43838 35989.5067849992911209983143249171852
43839 35990.6270012950837822581841126146212
43840 35991.3921559709862858238865623533203
43841 35991.8857664555153281358913609727089
43842 35992.6866650500795919763634800237585
43843 35993.5241391817302779402115614974457
43844 35993.7482480732911971028103133031144
43845 35994.4769894217017539046951197879860
43846 35995.3976621337702463397501021902152
43847 35996.3980437372008975159405358643647
43848 35997.1373949983737775190741534017193
43849 35998.0591868468032452436891131542343
43850 35998.7614572667527811655753361171751
43851 35999.0913495475164050365233464102682
43852 36000.2133668299185951679847246304892
43853 36000.7199501828951720442068206854717
43854 36000.8693896633420063794180186247303
43855 36001.7429693708151654176354098633023
43856 36002.9251139752577849651711953407063
43857 36003.6938146150198438264411730332279
43858 36004.2037889903316662159154368226991
43859 36004.7108642050492832678980129313048
43860 36005.8968892578782508380511480983490
43861 36006.5615991116136175959050091002385
43862 36007.3782298955896181269292335368932
43863 36007.7979210790817373508520668943901
43864 36008.9427624643362778847740261711377
43865 36009.2724426817731902035361115786530
43866 36010.2033543111079775330596839543499
43867 36010.8701006488047661938767893037911
43868 36011.3250193816810772599111504848323
43869 36012.0185593950522587402214970587869
43870 36012.6796964131026204917737942222557
43871 36013.4168336943494329161784318936273
43872 36014.8017059815154375514858820483185
43873 36015.4330121948606532477073985925884
43874 36016.2149822560428011672588391079971
43875 36016.7235811554174658696644301989567
43876 36017.2475150991822664079564113216362
43877 36017.8559712203723514863878774544521
43878 36018.8758852026512971463231115935238
43879 36019.4832123064655702269091481919320
43880 36020.4325729814825997795679104730992
43881 36020.6675893991230963151751457476321
43882 36021.4323618956237066042968941526327
43883 36022.6750077443835651897388537887179
43884 36022.9572007660738546590503515350686
43885 36023.8403857434703677167994136532315
43886 36024.5912462181244033289521764677250
43887 36025.5319739167859867472201751230150
43888 36026.2878972013748677635497907058835
43889 36027.1922398930342523592010074087670
43890 36027.5486912029570197275316819274790
43891 36027.9484012664319594054570001927730
43892 36028.8417844247772231324214695581307
43893 36029.4619963396155423281324185540469
43894 36030.3926076691902951984419200882246
43895 36030.6625205084121914493669547690349
43896 36032.1730985777214663202238109131762
43897 36032.6140201838716181010530313847825
43898 36033.4975364904880307882690244948272
43899 36034.1334219716229421185912459807589
43900 36035.0038969033814289611714125909795
43901 36035.5095409294405030980228212058900
43902 36036.0403931037641577676435383363349
43903 36036.8238290925360634336736707309135
43904 36037.8342723533361558121416271590303
43905 36038.5940153372735413444945729970230
43906 36038.9630639987463157527026535271101
43907 36039.6457500015714945605057889808362
43908 36040.3994747577894023461722807870026
43909 36040.8075205451851140760819466546698
43910 36042.5575461336428724390411889337577
43911 36043.0016065332802054181745412839356
43912 36043.4890499822645135069477411004484
43913 36044.3605670652840817250097804797082
43914 36045.0852126485903910902936616981541
43915 36045.7214528682295651803465827141309
43916 36046.2097407591321840242554376572125
43917 36047.0900631018841321529027809898632
43918 36047.3951527469804076052338727529450
43919 36048.4860113085234395590644701514857
43920 36049.3510838850003385135789635439139
43921 36049.8642387101617244256967725436649
43922 36051.1546506723931066894348579824054
43923 36051.4234036629348687338642782979757
43924 36052.2179464493800198074872869243987
43925 36052.8196497391247447616810445412934
43926 36053.7256898982746228364890229247008
43927 36054.7588503555652889586296347631284
43928 36055.0677749988091512722004313637302
43929 36055.8697721665936575148152669570911
43930 36056.3458618353609793487757808149300
43931 36056.9954365823058376622280965121806
43932 36057.9456564768180181999905222845096
43933 36058.5096986178970726158773882985127
43934 36059.2561458436385697104813844162331
43935 36060.3233762297150777722202890839281
43936 36061.3855384779835601057190950741833
43937 36061.9620081529553311556203316756612
43938 36062.4811721161844948952448869349100
43939 36062.8460805414575899200075520704501
43940 36063.6993730240235957842553823082798
43941 36064.4666446559081109865035992436367
43942 36065.0788422003391902430247882470675
43943 36066.1101484339259181851735155457984
43944 36066.6884552093985474203229649143782
43945 36067.2832098415873925945498908785958
43946 36067.9066010344738127634386468747156
43947 36069.0966226735438521990276218210181
43948 36069.6550566228077305953791340983339
43949 36070.3070278826755509067546127945458
43950 36071.4010928304686210086752882105281
43951 36071.9077150641688236346341073875957
43952 36072.4847823101268082952826464764540
43953 36073.3481881013614416325437690752350
43954 36074.0628671299178752885781942506658
43955 36074.7386670316714757725333529656724
43956 36075.0065461669039000790953518103317
43957 36075.5495321122638296202290061280495
43958 36076.9183476831307264651710123935720
43959 36077.8247122591941235810377881754114
43960 36078.6898210274088139599210959203329
43961 36079.1259107871455108768870532567310
43962 36079.6817652060809621670421266611222
43963 36080.7772662123636256876954266448019
43964 36081.1429609541968819520398353100157
43965 36081.8824587658490024435296275098654
43966 36082.7668503667130274972273837368255
43967 36083.1517268877807166404066328953711
43968 36084.3778218102141117063227937032342
43969 36084.6877452500519900286347421164785
43970 36085.4611704780940970959420265977803
43971 36085.9872104166161403266767223177781
43972 36087.1020206441622207910735310026013
43973 36087.7405945129207500575848053189223
43974 36088.7742603147190779345986173824730
43975 36089.5999601956867925702599305401837
43976 36090.0519865637381521261371386890383
43977 36090.7567019464397658474733420327506
43978 36091.3411028367871298310809746639134
43979 36091.7852036985982589729332370534564
43980 36092.6472726075565029599811215216913
43981 36093.6522311027334577155182144314986
43982 36094.0565894280156346704980082246730
43983 36094.8381637722146660706385732851722
43984 36095.8580487074243634074099108152969
43985 36096.7616055263099744327389393571454
43986 36097.3945433948483994203724680619116
43987 36098.0190406051336488380192646738323
43988 36098.5594418007701903189987365284019
43989 36099.0882257935081594884845492538112
43990 36100.6474701214523369095164796040544
43991 36100.8544763979136330113339303678459
43992 36101.4730042457697372506271461979201
43993 36102.0453018850201449798329537458082
43994 36102.9423433841217049062748921656046
43995 36103.3645461483675571047279513801149
43996 36104.2433841679726326575352540177861
43997 36105.2603095971337738201023109170923
43998 36106.3794342226062092252839761936762
43999 36106.9009728466946583125638297943289
