39000 32455.8110169600389079739356264515170
39001 32456.5584870719192002091426820777452
39002 32457.6540118731088573701978786571112
39003 32458.4784238712582257715061228078053
39004 32458.8986818111143493198411240552336
39005 32459.3588269137931309572326677712995
39006 32460.1216857190886554818175995573907
39007 32461.3512804978992886590048805471942
39008 32461.9766676657570171023777180738367
39009 32463.0142191779760160519022426327720
39010 32463.7603724612083718857401133144870
39011 32464.1495712188409925457292714685746
39012 32464.7689188818097782217885467289913
39013 32465.6380909725340151162166254018961
39014 32466.4056717287022056255638095588133
39015 32466.5879432880749328628181757000231
39016 32467.7677856842814871752095971895334
39017 32468.3642524879053453398770018800488
39018 32469.1261518036244052145204909978144
39019 32470.3712412864711801162748072642460
39020 32470.9675343861748312145103901588968
39021 32471.5874101823404603621054600874941
39022 32472.1195070919739318815943263125453
39023 32472.7153832914290884547203683385019
39024 32474.0933043701498887581379869419464
39025 32474.5992531140838550668494403994808
39026 32475.0673305997854656772901235720779
39027 32475.8417758328486343333692428678866
39028 32476.3168036612202961797186866404597
39029 32477.3682550067006819561579814083637
39030 32477.7562401675521804209468230070890
39031 32478.6905422779188542459573628764530
39032 32479.7149635963804846388184648641711
39033 32480.6050376672171313211568798922622
39034 32481.5213556588562913218136863290848
39035 32481.6749468902848523112053490898877
39036 32482.6704434638794118153908156010416
39037 32483.1248141245632456037521158969838
39038 32483.8111046719605514629805149269629
39039 32484.3866482262628125577408967185385
39040 32485.6985928146227504528418086749469
39041 32485.8830962052789440026994186156299
39042 32486.9930112261266052204406395713664
39043 32487.7449418718557766864803152276426
39044 32488.0328663374369690876052540231152
39045 32489.2975644913171389671065667869496
39046 32490.1629084563258259040519717193161
39047 32490.6314905630767664844075787088989
39048 32491.2771473040890930695246284758610
39049 32492.2735503724921341852006044667923
39050 32492.8023663844523737489309708643671
39051 32493.5935704751505351030786281187076
39052 32494.2781916231458044758893949250569
39053 32494.6253315162071066510581626320448
39054 32495.3017729145210191369333361399884
39055 32496.2095817384323932231604155482212
39056 32497.7242105783274736768789553888352
39057 32498.3064113358450414676375437475951
39058 32498.5122955260566014854019684059100
39059 32499.6356971498554036166640640576504
39060 32500.1808884345656499959221507846325
39061 32500.8438742865332675220595123859955
39062 32501.3985442473717643567973361315778
39063 32502.3891148507384925955318341085155
39064 32503.3021724637637566451888825834161
39065 32503.5387783774402497423223129423490
39066 32504.3318245081023107489193711455053
39067 32505.3292173052823220892437952963923
39068 32505.8859115625211945253276644166295
39069 32506.7651808862558932792897939904821
39070 32507.5001437495240327304592349065894
39071 32508.3687869207185460069775210530918
39072 32509.4326362891712863256843655547082
39073 32509.8422160162851977670664213009180
39074 32510.5369762387799617479790237560236
39075 32510.9293678014773948310194916661901
39076 32511.5627586338590763318653497474499
39077 32512.5526353223131386880421396718270
39078 32513.2313366299153778941267754887293
39079 32513.9740252112013197115534928712765
39080 32514.7260362107551754822023431970055
39081 32515.7901698106604086909117868637783
39082 32516.6721375006728105082943577443401
39083 32517.1729498209138822785361606657564
39084 32517.6533078335309873435387322283159
39085 32518.5052862839224268024591321612344
39086 32519.1636914097159573836541065731193
39087 32520.1709442641543408648335217803254
39088 32520.6548209644058088361266121973587
39089 32521.5807917031300036407545877319068
39090 32522.1641729146294385031232701225866
39091 32522.4571390346760853500504283952952
39092 32523.4047380461113565458810837916978
39093 32524.2280407492468992652298910757917
39094 32525.5538794605842451248972945558192
39095 32526.1913678673924119493484361238583
39096 32526.6573707468185960831353470809767
39097 32527.4220763155273082258092601867218
39098 32528.0202263400582520792753897508900
39099 32528.8915747342047806527890447098560
39100 32529.6350109617008577705805013748288
39101 32529.9053464124303493415466409646501
39102 32530.5130896976888626339992846105209
39103 32532.0180382440642652611252256030559
39104 32532.4111445765727527739573008703956
39105 32533.1422968262469355003248831530873
39106 32534.1034919255411827316677787634073
39107 32534.7961265997124177061788678316720
39108 32535.1875846141692289674376225400475
39109 32536.5028780031054167036845866798605
39110 32536.9231712175483437601821601781863
39111 32537.7395585242495778157131604528196
39112 32538.2787993372993435734968090776191
39113 32539.2367752550952090635295375316652
39114 32539.5136895692981150389224605281128
39115 32540.3738796821364705176520378763450
39116 32540.9523226704236313109877064364339
39117 32541.9127522140323418642240918278124
39118 32542.8649530407765879104770777284285
39119 32543.7549440090019516657230050933612
39120 32544.6249621551330463523663681847750
39121 32545.2136738948455235018401652218641
39122 32545.6587558546811916125649244329543
39123 32546.1513340336012621353271087553543
39124 32546.9625486066367901180990805856344
39125 32547.9609381685327492634269848436127
39126 32548.6620739423412542441182637712082
39127 32549.4798182273966422083387113891101
39128 32549.8487090491224507922891687155381
39129 32550.4716447301527188439785531730236
39130 32551.8211970403883684070357539140424
39131 32552.4174142797341909861695160991584
39132 32552.9343338982387622375756840356136
39133 32554.0182008800555244431530264922673
39134 32554.5553276880340292646336568855567
39135 32555.6258260938027336297409707297479
39136 32556.0088539485583128940789533988140
39137 32556.6194916989388323905869810102079
39138 32557.2059367513379255605404556226424
39139 32558.1014743125341992763287921080847
39140 32558.4735733601191949262785691120596
39141 32559.4420003026979927672401282865592
39142 32560.7803423451777030816743652809195
39143 32561.2916114264838298925360108093708
39144 32562.0935831722681028647783825577982
39145 32562.4251904421361468823830101235052
39146 32563.4991876860991950110201925489405
39147 32564.1633286672897415488927400077204
39148 32564.5912143731589395516552504226023
39149 32565.7384785827011764688049142300735
39150 32566.0454461524659248182335146937360
39151 32566.9279800166220652776369526762461
39152 32567.8593753241833736141974881830274
39153 32568.2902646869617374846038660931792
39154 32568.9988339379115448513932401603406
39155 32569.5479208041577990013063351493239
39156 32571.2014411668631918180446179804746
39157 32571.5859478998593284501893807232774
39158 32572.4943984904149114995347859394363
39159 32572.7766184836461625454421256975655
39160 32573.7136180116207343703281512972718
39161 32574.4201533959302027534415781598087
39162 32574.6726749934368330391585412173129
39163 32575.7481314063695333168172609884392
39164 32576.3820029027958373905299928410382
39165 32577.1479814092368975381196741078839
39166 32577.9180797244556891968939781727799
39167 32579.0254468752431834570279665224000
39168 32579.5166729797173233357545100011195
39169 32580.4917165685673819716122854082642
39170 32580.9709635070840300164949174333867
39171 32581.5714060978106304540210778121893
39172 32582.2999488909777015059400262508525
39173 32583.6716844491362226876840914192460
39174 32583.9553535635368619894291158398985
39175 32584.4846892476588466499346862200275
39176 32585.1273788059094170461434836916030
39177 32585.7913551950396693656157734891675
39178 32586.5202555851320569789667967676595
39179 32587.7077510440356986242835627176294
39180 32588.3317193581556779370801504600014
39181 32589.3187257732344854678145040302884
39182 32590.0445107454172415708368892088977
39183 32590.6050614683714562346366528947094
39184 32591.4069439169641485007803799754199
39185 32591.9302871086077923542550383582515
39186 32592.4149999538927321886815323883725
39187 32593.2235896312549195198325218680907
39188 32594.2081387073074411858004544813497
39189 32594.9332156955729406669681579267754
39190 32595.5003512887385532803077679019174
39191 32596.4160032829651817479887972491163
39192 32597.0318172516726758053737398501336
39193 32597.9497513098076865612305459081994
39194 32598.5728791246928557254351750272169
39195 32599.4826067912322337128186942099784
39196 32600.5570460525886885870751232526928
39197 32600.8470589548573380029339650323877
39198 32601.1249365444885811149595222246464
39199 32602.4405159819006312511037136037764
39200 32602.9572841481755473392539171821301
39201 32603.5290599802902968568681130031903
39202 32604.0275080763539815138967583602165
39203 32604.8839226143767597351018858910334
39204 32606.2085237612483287580835117687633
39205 32607.0273570553558699287180971157063
39206 32607.8640781659721798021237223193250
39207 32608.0554469224531895357241506334616
39208 32608.5877290449842436832992881253737
39209 32609.7678376394676026976336413100457
39210 32610.2077464994629650259536426758870
39211 32611.1660662509528092034879098590563
39212 32611.6604453687548763401545525442702
39213 32612.6129268564280483787194802782312
39214 32613.1295137319771054607107075343801
39215 32613.8054944272579175066509186108133
39216 32614.5351180387952111163800630617301
39217 32615.8109682703950480124475514200900
39218 32616.0915369824850065452367399418971
39219 32617.0713468125857816160719653540221
39220 32618.0693485202029207033013037191492
39221 32618.5250307391297918640622125566743
39222 32619.2735668022307379970415363945391
39223 32619.8393490207929006070259944100779
39224 32620.4712618413270750334795781003199
39225 32620.8686729379389876047935516522746
39226 32621.8804249784749954266617437742483
39227 32623.1584057098877662686178678416898
39228 32623.3088125216927016071757806262929
39229 32624.3848771299262696926723062605016
39230 32625.1174839270821516370203749999860
39231 32626.1724932517003171882212866282310
39232 32626.5160462888283434773598710528500
39233 32627.0267953754838315963661353580197
39234 32627.9895653789079183542659805020562
39235 32628.6744956765116315359601430977558
39236 32629.6728026185918713920740769153034
39237 32630.2040548084304882653049544995870
39238 32630.6104977665188817695877919635421
39239 32631.4860260328781805425927502061822
39240 32632.1066405613246167167893358615501
39241 32632.8102887360220991020936823592323
39242 32634.3304727645452527407599961060711
39243 32634.7728119526546477415669997136472
39244 32635.6007214910058955246201088490815
39245 32636.0903755186916051805128538079605
39246 32636.8014632188427965402383846688739
39247 32637.3514931696416195406161704160859
39248 32638.1775961742256278916703885900112
39249 32638.9405321611506783114307890880848
39250 32639.5605390460795478650676036418451
39251 32640.1808822511182585879094860302790
39252 32641.1104013668302788676750095306740
39253 32642.3409756743585204972106607015232
39254 32642.5915037473638741708271828374102
39255 32643.3828271056401266135613828369978
39256 32643.9878858522462824531593664822738
39257 32645.0568099051621261117226795418923
39258 32645.8047324049564172128701575157530
39259 32646.4305824904405208910928527307259
39260 32647.1680346710723256253991771912491
39261 32647.7560056221692810193731830635757
39262 32648.1183210831736517375334845706879
39263 32649.2294118022540754884300684028928
39264 32649.8525826291177659675310371254974
39265 32650.2581593474395873161074345710818
39266 32651.9140083797845715629265932964873
39267 32652.4114889402018679743038677914510
39268 32652.9945508344719633337768262739714
39269 32653.9311473221380962099452223611952
39270 32654.6317672518006327684420339315530
39271 32654.9162367287691101603224789662177
39272 32655.6725253232795290088548941848132
39273 32656.3711186424983819127838095168845
39274 32657.5305290065958724220463944467575
39275 32658.1592296822343546388603714141066
39276 32658.7824444572576429912944241824932
39277 32659.1016739522460408281617370757508
39278 32660.2132446637550705127397335404051
39279 32661.1213059052081497788383770261628
39280 32661.9567386415733300085028925881043
39281 32662.7447269936373854012847020247404
39282 32663.1225564606760309221502588942409
39283 32664.1353399800111236857305844081009
39284 32664.8980430142815592036584155460620
39285 32665.3705810093396342718026260496228
39286 32666.0138744434964999532808240200759
39287 32666.5624367912741111600055158579898
39288 32667.2570963734223721573019023628577
39289 32668.2549947133102583727611350463770
39290 32669.2601845045046061737397509094559
39291 32670.0684184389664454356287635798455
39292 32670.7785325890065527333458295480630
39293 32671.4244695368160794499819216751463
39294 32671.9541524492813870219040378500592
39295 32672.5815079027953893357263669263750
39296 32673.7623559699061156673673435940587
39297 32674.2262536821079400060262879919712
39298 32674.8894560173235561175383645771577
39299 32675.6661463232531826852189156657533
39300 32676.2258244488660349645689508880119
39301 32677.1628300174554761379350968511771
39302 32677.6205381945833068257718021942625
39303 32678.6948043828484987874731681240498
39304 32679.1870558095395312370217648615725
39305 32680.6126509302067462314701643030432
39306 32681.2250135249313278420508363733435
39307 32681.7702364851129590641707213673236
39308 32682.1088834278192951763215185006107
39309 32682.8861878015963520885526330880651
39310 32683.6658453371767883072062764881460
39311 32684.5222199024906798077959210848322
39312 32684.8394585498166839359063947879507
39313 32686.1268856458781169675122126714245
39314 32686.5186222398091270328609653980417
39315 32687.4593569002866755166805217595583
39316 32688.5494736899761298514004204144354
39317 32688.8849035218390278047056698177520
39318 32689.8204818657779621372753684936257
39319 32690.2165015189955067188116995117545
39320 32691.2121018351530962543897832027939
39321 32692.0272119309109229966378305849225
39322 32692.5698193895028504877530982192582
39323 32693.3713114347513688433485917227403
39324 32694.1706110847185199560560763389395
39325 32694.5155778735273064064508347168134
39326 32694.7692737828249141679397842966878
39327 32696.3500865477264430034876428339801
39328 32697.3123841890683681014653121096874
39329 32698.0536022167481007108754025229000
39330 32698.4550452021794101540814823252465
39331 32699.3525843559034742433912450084749
39332 32699.9958278102166084791918559839997
39333 32700.8081365622532821725875865165256
39334 32701.2558641294797944880036360117756
39335 32701.7099535097286823102538511311834
39336 32702.9674016279052440259484032099843
39337 32703.4617405092018259964198246433614
39338 32704.4392785352666416661982515307575
39339 32704.9301835053652130390131594274214
39340 32705.7410816124115447858422189674679
39341 32706.6140532842957643862601381310448
39342 32707.3126800096666168166377770414307
39343 32708.1475173559395062171734288153897
39344 32708.9566237225461153530973227461162
39345 32709.7389565167703239806557233527450
39346 32710.2491853619882794984025605000618
39347 32710.7145259944088420692411781299710
39348 32711.5016005993040932981534664051798
39349 32712.2935127376816714608123951925955
39350 32712.9628945174453158708436417031878
39351 32713.6175429316521877197096096147808
39352 32714.5294838428647314127413668071127
39353 32715.9839260599616695924334046566523
39354 32716.3534505993350561223804114076662
39355 32716.7079175268449010291723957357453
39356 32717.7458029300389304686437848225170
39357 32718.0852295407146994479993807916064
39358 32718.7242488396487647576321390255764
39359 32720.0515932541408961550475738831715
39360 32720.7022963528451776322483007053772
39361 32720.9489673927880765753062186736425
39362 32721.6730208674706127124822883938564
39363 32722.6537882041919025392016092560099
39364 32723.2740836323689357725513893960283
39365 32724.1234445799336396947117540619397
39366 32725.0079578899771908344935792882346
39367 32726.0458502674409893963022836185020
39368 32726.3719842996875258243261196590620
39369 32727.2314152853961337934679091196831
39370 32728.0508585300282158121480936198082
39371 32728.4677858599971843212076000765475
39372 32729.3066231362992078647756755486930
39373 32729.5326702512086277270882655819355
39374 32730.5273983064715121485644717279916
39375 32731.3974449859437753817153071074424
39376 32732.4325315345228407589378758858080
39377 32733.1874422567720701834131825203199
39378 32733.6799616474706563832222712448280
39379 32734.4371009661728322625051133716199
39380 32735.3150715374314504339504663270130
39381 32736.1323231938795810661436054312308
39382 32736.5171284468376420469292302413990
39383 32737.3063915961664367092118453966846
39384 32738.2054482812322591194079861402950
39385 32738.8686484334925393052766508694499
39386 32739.5469027489232577081613685115398
39387 32740.1370270412522917830932610418267
39388 32740.6193896070112134302822516767203
39389 32741.5603312406357600727460331901416
39390 32742.8533892301077214323894991386743
39391 32743.5606262570889599393861394649597
39392 32744.1989039973917728831637153450213
39393 32744.9563774723293896408805190720044
39394 32745.3847073124338965915688169260598
39395 32746.0173265351312177860197674130016
39396 32746.8759680764841582379701482450339
39397 32747.4156671323987836972601442050000
39398 32748.4681920556643052109695455269080
39399 32748.9069494597136162997661832382632
39400 32749.9472417213658774447344440285206
39401 32750.2347354585510645288455537377717
39402 32751.8249299720443446064193939695821
39403 32752.1807747441712874297055869648179
39404 32752.6112309492424405810523545769411
39405 32753.3468075251195311850807146259567
39406 32754.7091263218364560856331575153362
39407 32755.1132782647971353858174713058443
39408 32755.8564322210203427451439515094881
39409 32756.3791367226638577532198185745674
39410 32756.8936647615801971159868787627588
39411 32757.7312835215221720148819918537823
39412 32758.3826417164053458856478469807123
39413 32759.2390443984503948289999427870171
39414 32760.4180528391091232180893632104582
39415 32760.9422725157276097667829081164359
39416 32761.9002534769742264974667408186328
39417 32762.6928311322631920467275151887886
39418 32762.9708859678455493718833808228795
39419 32763.5895486987133639197830787923184
39420 32764.6546516942285375467823312808957
39421 32765.1066615580324090229771463490341
39422 32765.7742883945477195829361011066553
39423 32767.0078737831739914953227511665671
39424 32767.3714975563206674080110096917799
39425 32768.0672219096732229935939740497267
39426 32768.6890871289171032694350415695604
39427 32769.6397988253956464875213147146457
39428 32770.5990334331613821940843334577749
39429 32771.4734692751007342704535504643508
39430 32772.1227708392792449678833734892592
39431 32772.6002560053951214777067511871862
39432 32773.2531986704005582633735662167696
39433 32774.2326642882860154837020184099698
39434 32774.7345784326812249745619125375515
39435 32775.3145201318533654167702333505089
39436 32775.9874291430927313945540410952566
39437 32776.6029479607757727970830771704584
39438 32778.2301274545072060049427529126347
39439 32778.4955126663015018098855394340093
39440 32779.4836675187873704359948367565833
39441 32780.0316634561978729919307019882760
39442 32780.6636762939995056890453776816652
39443 32781.3548341869327184321692913590534
39444 32782.1475405782786547317198675353841
39445 32782.9384677463356291491700459596737
39446 32783.9053706289716801083672803192017
39447 32784.1613247580679434567756516106673
39448 32784.9500012587720639120362323369219
39449 32785.4598609174998680061947748070046
39450 32786.5836550800690518975218287513988
39451 32787.1234026987986774393932498477812
39452 32788.1582938808033312123583467999825
39453 32789.0031834935284484341358000894449
39454 32789.6651281311791994362875467329291
39455 32790.5686747053898583308370828743139
39456 32791.1995305804299392710661031094232
39457 32791.4759985868242856580218135856913
39458 32792.1520268143017074088888879417126
39459 32792.7822609793445787674221496958369
39460 32794.0612107239325551333667664752464
39461 32794.7103828899942810106902791412666
39462 32794.9683221779513824139284698318989
39463 32796.2590333623160145553466804905739
39464 32796.9554247368462997047900892623801
39465 32797.6358148651554528323609383457446
39466 32798.4807499872743459136753712260669
39467 32798.9850497668620163969032264493480
39468 32799.7817021860589601342267941120275
39469 32800.6762430467061856832095909667266
39470 32801.2790121896860610524976856409530
39471 32802.0548273436339486110594827792760
39472 32802.5443292947367577126609196085305
39473 32803.1712553599173698782797901527100
39474 32804.1276134242077967994151622837198
39475 32804.3006958419175664483270168289251
39476 32805.9977742718704989513916763055959
39477 32806.9759895349772266320319974910535
39478 32807.2165168740128227550214647203820
39479 32807.7902829209346235641155356884080
39480 32808.4567732810219930095006819162759
39481 32809.6662795985897220769196384814420
39482 32809.7682852084108477874797606037454
39483 32810.6298724135655791482094127740827
39484 32811.4814754576675587012221007569613
39485 32812.0309677930093667052319102038451
39486 32813.0196422681589115265365584997405
39487 32813.6829197109297969246542218684460
39488 32814.5880345743433270592553271397034
39489 32814.9307687755212995202942585734814
39490 32816.1063406656830603356903096473354
39491 32816.6740943175698786162955663987923
39492 32817.7876734740031417531131884082305
39493 32818.2418941762899204202220544631352
39494 32818.8763227162768656241222140088117
39495 32819.4454043504357887769681563645051
39496 32820.3551850273901942991789796955928
39497 32820.7180372225952553955319038135555
39498 32821.3961713560785468216198952298239
39499 32822.5724387447840767944166975653122
39500 32823.2447434854186948877831822345090
39501 32824.1079844731322770280503223813079
39502 32825.1110154833313891667168760585379
39503 32825.5757655032867819800155259302118
39504 32826.4939846934417007553815458639213
39505 32826.6894976550294449803807537722689
39506 32827.3395759172453933834664351866593
39507 32828.4689844401327459737102066038604
39508 32829.3156136500347724341222647213304
39509 32829.8529763944449185508314520402969
39510 32830.5636782160725419546948793973393
39511 32831.0196266425514670832947157651038
39512 32831.6586703219371137979806051616446
39513 32833.0678189570639339258097138500751
39514 32833.6834544167847177625583375131818
39515 32834.2587998250355213432493353055886
39516 32835.3995320196358142530148606845575
39517 32835.8451562607245471449751998706399
39518 32836.6087664712804320935882456745701
39519 32836.9846929750955179662809144561185
39520 32837.9745301553423285752071971229309
39521 32838.5276258044558178617251120553559
39522 32838.9150342456933548523833204198743
39523 32840.0519446108668085597992190587918
39524 32840.9390045691032507589563375138751
39525 32841.7881052068048900599120745900309
39526 32842.5616366083664913826725407487101
39527 32843.1243902601524742763069806862662
39528 32843.6861612935392809452557008831130
39529 32844.5442700616245066433063676121990
39530 32845.5128762522851814096954645071640
39531 32846.1423927735495888290492578743585
39532 32846.7955538459286634455023942503671
39533 32847.0973873213665439363736778466413
39534 32848.4695800737858138306420802999201
39535 32848.6314244215640978010506134545917
39536 32849.5823920587642876524072378056537
39537 32849.9148036790543400241661066923182
39538 32851.3245267865600141274251810212242
39539 32852.3073789340270438449977713886300
39540 32853.0501949780843950645371506300640
39541 32853.2715493613232930067089698421984
39542 32854.1458032551018292933235755385393
39543 32854.8839570178376295039736343697121
39544 32855.1439978160980532865548613025844
39545 32856.3421725465181185545487948706664
39546 32856.7712155517136868072162773353793
39547 32857.8397187522253970758852024283248
39548 32858.4440721335242913012766449773849
39549 32858.9377140526158659011681243124124
39550 32860.1476426993799108921794921317082
39551 32860.7581374322584555242005264451315
39552 32861.5183849521553356339983854601022
39553 32862.2814672062281972555603798197120
39554 32862.8245945142173728054778747680779
39555 32863.6970167649138473134631142298669
39556 32864.7733273855633734030923055711716
39557 32865.1922099670418796627183060727998
39558 32865.4808233345065658122204236877105
39559 32866.1453286482913251805725654441389
39560 32867.0174333585681542713525823409253
39561 32867.8474989636898143798572230297851
39562 32868.9877696119642455938077575967248
39563 32869.9372210904803599852741975586904
39564 32870.1333768337655322789414536116370
39565 32871.1370747656686260793296874351184
39566 32871.8620608404104355939854120642420
39567 32872.4199039656339215603294924110430
39568 32873.0227849936009451615309298205337
39569 32873.6620872041338523585540158952262
39570 32874.7557027379974438939177476874596
39571 32875.3776479144359581959767081624817
39572 32875.9243828960469530445593798829246
39573 32876.6949309802745729108840296610266
39574 32877.5357955644494522934534313441009
39575 32878.3061452684470427934304159856881
39576 32878.8056111702316378774629848164115
39577 32880.3250466705202514206028471855503
39578 32880.8274683259480349713024461239427
39579 32881.1023957637067790299516539440530
39580 32882.2254937921208871367574578560937
39581 32882.4865990650129372461464484497455
39582 32883.1660029142111764774045888924899
39583 32884.2314723585282921209187525949081
39584 32884.6959849004924442053521866577479
39585 32885.2662562963198588707601297195645
39586 32886.2694458720649687642538265240088
39587 32887.5204798727526064083494894418416
39588 32888.0754517386713347603633863091092
39589 32888.7571383438871208962383011650057
39590 32889.1762323667011624751882152221224
39591 32889.8920631845974304464217412652809
39592 32890.8390079468427251565403506924577
39593 32891.6602938200484317711890750474371
39594 32892.2322445928472527175004316537095
39595 32892.9924385210645899964709851245974
39596 32893.6681548392055653604770927451323
39597 32894.0867940434278346114808995774301
39598 32894.9486097324055310916891353286897
39599 32895.7422231029022732121647911989630
39600 32897.0241810861106525771555680015294
39601 32897.4467971232556668477111963130597
39602 32898.3248628933232735751207133404695
39603 32899.0162404086669936823031337627499
39604 32899.7152407248041517847557700442523
39605 32900.3604765124807051156782009915534
39606 32900.9038941142334099300834900492643
39607 32901.4741951215666577897437881377151
39608 32902.1519803116818676085679660303031
39609 32903.3611628595599796087430963404495
39610 32904.1355779085588099333010852107978
39611 32904.6414840547189449544763042867904
39612 32905.2509440409718973402772155679773
39613 32906.4758341597154921224742987967366
39614 32907.1252505314907567082520184557818
39615 32907.4752519640908563104801274538129
39616 32908.5516803355285257871067443308429
39617 32909.1861990259851354888854842866237
39618 32909.9569061088332710620140661299995
39619 32910.4767684708282363111016455859960
39620 32911.3212378206404917685285766593067
39621 32912.0334403981387682702045904542208
39622 32912.2428044687164497907304140873782
39623 32913.2079104699034559514801874124719
39624 32914.4719489859832551796354349590150
39625 32915.2308323442653890989564854262090
39626 32916.1165916669674389761650089305464
39627 32916.6877671671638287956877269897683
39628 32917.1490069667614177764963665631580
39629 32917.6438933856386036859733610374494
39630 32918.5817459484545398672536252021418
39631 32919.4407440868072702119576352719090
39632 32920.1037084154062376721728962673319
39633 32920.8560168759124856528125638160265
39634 32921.1930542870808397963192838124428
39635 32922.3866528406082147000016467431565
39636 32923.0655626919279320173829345853028
39637 32923.8374131680623317865671374743990
39638 32924.6025680196924277455831154774707
39639 32925.1101166045433044537802502952835
39640 32926.4048988349935843414971522310215
39641 32927.0426069923864537860570015762094
39642 32927.4604007673764106906778989354777
39643 32928.0159466710209636097167789543738
39644 32928.8929018461100884685514336797833
39645 32929.3711658608691632487080871756076
39646 32930.0839160414973438694422582339696
39647 32930.9949245306431795395846605063457
39648 32931.8378493290200712303845461346487
39649 32932.9884949923854060101895911159827
39650 32933.4520103740393423563699237984719
39651 32934.0674401038391314918900030285478
39652 32935.0131799754715821001364336798066
39653 32935.5175144174228876895210158362707
39654 32936.3982127198081008221363748033555
39655 32936.5304284471738679343120837464452
39656 32937.8795130645307914153168352095020
39657 32938.6845467598415758982601954747803
39658 32938.9642926599352400693138607395184
39659 32939.9674590003051585841790493573666
39660 32940.1979736538957634120453177317738
39661 32941.1546882837404905486321142284862
39662 32942.4371997490447213055146754350417
39663 32943.3388731820617304375025659454469
39664 32943.5808750550907147097936348672433
39665 32944.5382002086492995548884890357135
39666 32944.9171726112417573378556036377070
39667 32946.1158845319464821017001981182657
39668 32946.4568555155918870996631348874331
39669 32946.8138705842525033425920959333560
39670 32947.7320901752381687095986608305473
39671 32948.8700957428478955677183576180807
39672 32949.1204151952068434724222920081662
39673 32950.4421163407390493605952710473093
39674 32951.2024020102022376200491721938005
39675 32951.7708940818672029886810848659138
39676 32952.2468372601058111860358358333066
39677 32953.2316816282491149112739632845618
39678 32953.7821031570636667973463660820153
39679 32954.8876803565505317314296804296139
39680 32955.4953017271562869373939336663180
39681 32955.9780642650030911602304395060760
39682 32956.5817273463008994038670337696638
39683 32957.2177278256509926348926364906672
39684 32958.2155659391485814363073289970840
39685 32958.8835596579750793539431558364134
39686 32959.5631522118339502132074725293143
39687 32960.8563507979611331059238972575346
39688 32961.4616456858180734929027757563141
39689 32962.3259778124746771522938366486092
39690 32962.6782121466095911503706497249022
39691 32963.2624392380872036682813377409404
39692 32963.9235350504313760177014231537341
39693 32964.7265970249495202778987835133662
39694 32965.5215731915261310420979689271048
39695 32966.4759470704995196438252975676055
39696 32966.8870559993262188468266118402693
39697 32967.6764517893419568362601124653067
39698 32968.5540370147813264496601364738799
39699 32969.3530195063420387702636220505150
39700 32970.1632152704312543841426429696270
39701 32970.6981238132964579525017198970222
39702 32971.9085644053737043753410588876069
39703 32972.0406394690921984028113919938687
39704 32973.0739739690055984829199377712997
39705 32973.6509940016035265004180117313165
39706 32974.4954960609510795426989449159227
39707 32974.9183696274807339187202217394746
39708 32975.5983565297835547652314638145968
39709 32975.9817047105054836587116044217174
39710 32977.7411050320589830940100543222833
39711 32978.5331594603885909611024193421468
39712 32978.7255088716995455611051118181874
39713 32979.7086240125760479632664711176838
39714 32980.3123249922022997800400767339720
39715 32981.0141263843294110745632701279736
39716 32981.6560681209133870545791139334664
39717 32982.5909890950637611891010871854638
39718 32983.0128434888037544934544550369347
39719 32983.7864876471408160984307763808628
39720 32984.9534802305673461248852060271323
39721 32985.2188086019953497635046603459292
39722 32985.7596393284779500761419655449996
39723 32987.1066764149816122137928117192024
39724 32987.4080285648741393403889880077827
39725 32988.6991860684688454557820358128916
39726 32989.1220533252583446349036609139417
39727 32990.2633224928605377562582519742908
39728 32990.7295419308975415706133858960618
39729 32991.0123974203693672876649021536505
39730 32991.8160655083605315708743187434099
39731 32992.4912635960327893731122736682958
39732 32993.5138282619401956527728732340693
39733 32993.8531288526713857819047981321745
39734 32995.0643517260380697015751379531893
39735 32995.5629106112424982814988911337246
39736 32996.6657550198870509934889803526267
39737 32997.5984794190623536284516689788645
39738 32997.9295482456832889951231172614675
39739 32998.4041480091071531347140729254032
39740 32999.1228745924607975482583518737231
39741 33000.3209104747682620571046893750536
39742 33000.9288912725686179803556151620269
39743 33001.6403035370679948194041608807786
39744 33002.0932868904719118979294056969561
39745 33002.7622363606546151677269316161913
39746 33003.4692250322601727864520169973668
39747 33004.3264050559012035701404177368517
39748 33005.2759522531478112656164944894623
39749 33006.3550490030673320527090500808287
39750 33006.9688394402432482087401468414506
39751 33007.4016727217371185688993697093668
39752 33008.2276714622304837580956067366608
39753 33009.0702256689556828011993994786448
39754 33009.3873153069824570067693345732917
39755 33010.2408384676513126912862760242651
39756 33010.7979806117084010311454941583812
39757 33011.6174633405189963812087557824799
39758 33012.6354656615966071863771476377217
39759 33013.3246200503104047728789640418435
39760 33014.1688364080032781489518639114599
39761 33014.7806869311999973471977024344490
39762 33015.2443939465966877405853650478508
39763 33016.5546437155883683488069966685292
39764 33017.1139313592813686547300256240871
39765 33017.7477865497865484373898715190680
39766 33018.3297497759937574522658245298803
39767 33019.2758973785573541070716682938152
39768 33019.7526775658467123206801356107039
39769 33020.5117060858498066001930930640739
39770 33021.0573246642507815460297850641421
39771 33021.7584181373660829785696069685241
39772 33022.7296909360008924741478117616829
39773 33024.0206681691570703377043390653093
39774 33024.5884023983917068980631313791587
39775 33025.2003529185096229759342202285681
39776 33025.6577944544291370215004365023967
39777 33026.6232538878830483023489947236196
39778 33027.1098409389527211624799092488864
39779 33027.5428118075856715363026891053605
39780 33028.8972696730272335273413100677612
39781 33029.4952867218003036237690840203875
39782 33030.1047202627804090256768588908990
39783 33030.4354871625682509217461776889420
39784 33031.5599476349879654929042779836779
39785 33032.6158195034632342008934766128057
39786 33033.0792911048099079982910524146370
39787 33033.8786139383335471620091338130630
39788 33034.5728240702450278178203953685679
39789 33035.6608957015418693803013194877118
39790 33036.1363653251862079145930229388014
39791 33036.7916262885649854252813217257840
39792 33037.5006605460610935600563465213171
39793 33037.7411729869486832406532719228524
39794 33038.6214175215804886436299724314761
39795 33039.5731238830401808136040743991573
39796 33040.4561397036963829435319917282923
39797 33041.2625375463028319264272478126533
39798 33042.1702240887181924518295554844337
39799 33042.8336850213064630269893916771295
39800 33043.2546059100983572530620632312114
39801 33044.2408702944838120156671120833984
39802 33044.6742482843617834639500365288189
39803 33045.5529693380049716364408082395503
39804 33046.3573010499816996055232846166056
39805 33046.9329797488517636785172972446622
39806 33047.6035517177799878478694502759751
39807 33048.7184063054396420098062615512151
39808 33048.9552674779795506174363630242536
39809 33049.4565046021466515313885358519061
39810 33050.7941805094230692348435179189913
39811 33051.7146674893277487829896191823162
39812 33052.5548607883527730677742416263430
39813 33053.1147698625664922106837767345952
39814 33053.6246593130611141600755430030234
39815 33054.0697729211126363007098826178255
39816 33055.1474035507518640408389122426394
39817 33055.7853103088024418140222325002922
39818 33056.3322430289706760689468959371901
39819 33056.9335391206027392601241405156692
39820 33057.9940527468151297041101146692012
39821 33058.8385422054804793459247889395615
39822 33059.7928208861048034199616640486863
39823 33060.1394072816540232802946613976095
39824 33061.2156291688232699162884993365838
39825 33061.6053691804992207097869086966343
39826 33062.2139755236848609153820156481370
39827 33063.5670306573281375971561358456866
39828 33063.9050065864220711912733526285596
39829 33064.6005907578445389059129497199904
39830 33065.4166318554239529816048544835382
39831 33065.6544737206646865975371236179085
39832 33066.6954831502269766449866480402186
39833 33067.0889524341829820001658378376949
39834 33068.6722648742648160041939784005006
39835 33069.1285775490093396824714118196447
39836 33069.7748411067421662282688767785763
39837 33070.8344513393348527598467297704001
39838 33071.5510063215476752988502651609282
39839 33071.7962074196666184737086243101955
39840 33072.7591386318838747301239198598512
39841 33072.8928076458081022193226968212200
39842 33074.0354122767435418509122064788284
39843 33075.1031880945903802860874578664759
39844 33075.4871531034970615043696361718680
39845 33076.2896252341618639717701513481033
39846 33076.8867336872313345014263172311512
39847 33077.9063861327161848138725791133673
39848 33078.7328372688379369575621851963096
39849 33079.2447689947233086477646016741800
39850 33080.2928316515087203046336837310127
39851 33080.8253888004453311902054258150587
39852 33081.6073108174497623844525316673504
39853 33082.1898445830749209381945059343114
39854 33082.9155879592225067818232304317677
39855 33083.4831452191950413995104984354595
39856 33084.2374845577446555451289771605293
39857 33084.8382115313470771285984263963548
39858 33085.5795194577917769012242304997963
39859 33087.2175166998973354892785442453548
39860 33087.5849607827016028195602231409575
39861 33088.2668820670808450969808111892582
39862 33088.7759914976908690708547219867212
39863 33089.3651216305296615045753153485837
39864 33090.2844090217278835523179139379839
39865 33091.2285756493776864068251512112270
39866 33091.5513625975274652319254025167369
39867 33092.4800619770048070040487383542602
39868 33093.2464904482424274929585347269844
39869 33093.5673902964844547059119490500671
39870 33094.7073080165629859219512308737224
39871 33095.5154139040339946972525859854126
39872 33095.8405511802987517711952468966377
39873 33097.0774250243111470148424951193384
39874 33098.1120558835570330185952324192031
39875 33098.4134799249409659618760849990134
39876 33099.0769994202295122661578556317972
39877 33100.0729745956894365348787079144728
39878 33100.4131794459768468590808094341663
39879 33100.9199208013554073343763549156037
39880 33101.6884897905535794983802372597391
39881 33102.6867070318532995235835804290896
39882 33103.4935250803082692466841055636376
39883 33104.2502715501256120946958266872586
39884 33105.0152564070100495809118246230695
39885 33105.8807485656620844257636481782806
39886 33106.5731948172717869564454832841727
39887 33107.2558769189385095074303336278036
39888 33107.7451072836610168180478521302846
39889 33108.6002005189895419293618371765106
39890 33109.2514008641118211226117501516712
39891 33110.4599869293791509159267815492950
39892 33110.9104874885374296925043144333646
39893 33111.1422099430277444459267272050791
39894 33111.9009044300100257022910075397153
39895 33112.7376611209698990199912791803214
39896 33113.8236936122236294304536859081401
39897 33114.8207201744167015478101815190191
39898 33115.6112535713159577593669592851490
39899 33115.8597510844352261724451426425609
39900 33116.9344374212937979359109981831800
39901 33117.4130705141164481148746403018905
39902 33117.9382352026258711956138141751138
39903 33118.8336488881259900618011574643852
39904 33119.4263565532664593610981336315217
39905 33120.1806458318612043465736668516984
39906 33120.9797658451753273785339620329046
39907 33121.7908065109907274566179970828038
39908 33122.6814236011023512511842368851296
39909 33123.3995664202557702078597843628389
39910 33124.1442661585110655266978433080332
39911 33124.4565172875438204714059527478482
39912 33125.6427620066989551715788743801020
39913 33126.5945387229691093183778920535207
39914 33127.1671404826383811259061551745632
39915 33127.5005852330706570690803736072880
39916 33128.0773209641048180314632289935093
39917 33129.1766292746939405642674715093729
39918 33129.7164659000102327661959591065711
39919 33130.2730144380770282997737979822001
39920 33131.1074430328947166786639190278040
39921 33132.4682982153899850909560966232254
39922 33132.9831467084564622948792526319776
39923 33133.8880485933576236649952395207917
39924 33134.3641519864616053416950231639353
39925 33135.0586157848872098695507622028231
39926 33135.4507681622637400869484455537584
39927 33136.3425840812809397058502970804582
39928 33137.2863406154826997097920281488039
39929 33137.8616236699683666895853259275414
39930 33138.6623934101658208085449783647613
39931 33139.3891262546378210518545999775506
39932 33139.9282383795947604609279153331164
39933 33140.6016213486673689451019910753883
39934 33141.9592692595409960727912936944642
39935 33142.4675327603992784433844303950008
39936 33143.1620158131070811876860813997194
39937 33143.8719039428026963116706616181383
39938 33144.7041581076879248318778625794903
39939 33145.4294521478725765169117233769149
39940 33145.9300850529908281054276406715391
39941 33146.5941306616981542853125164532403
39942 33147.2963549282035566737880167969176
39943 33147.5380356329722867728156504894477
39944 33149.1701376103334942296242984370001
39945 33149.7456322563730947852214765081935
39946 33150.7463179221924971979258200772761
39947 33151.1152658491381591268991709404108
39948 33151.9192210115619239206358169267387
39949 33152.7046553292164625939755547941388
39950 33153.4660633916826933888489568879525
39951 33153.7443425521710948699976262377150
39952 33155.1707306922481882388266546750801
39953 33155.3641151984515993697248276938118
39954 33156.1339414566562410701869079159591
39955 33156.9498309051232342475351551201956
39956 33157.5046255437725794162051791834009
39957 33158.3243804360795182677861638309982
39958 33159.1124212780537440493611956224323
39959 33159.9889119151654304804387361258596
39960 33161.1171830846587266172429544145063
39961 33161.7762974732250800290267543162875
39962 33162.1693184484886868600964375280862
39963 33162.8476419335210445523263529003499
39964 33163.3210532998024274748373723173188
39965 33164.3348308059549382190637451449209
39966 33164.6946956372737708803692997906730
39967 33166.1139252337327606232591149442073
39968 33166.1994552277032933753512393058321
39969 33166.9563099952237391103660402543407
39970 33168.2921503057634819209661162322400
39971 33169.1401634185909607261617196639886
39972 33169.3644325361178811837016328644396
39973 33170.0315689249353421986091528646941
39974 33171.0604705909771442926276894412855
39975 33171.6880497479318384354239391831917
39976 33172.5199080606185105350441227069566
39977 33173.4442689357734482384700579127039
39978 33173.5738875362597178209588415867101
39979 33174.5238541536134491928383099785325
39980 33175.0088003265996875121255755459347
39981 33175.6324774680722858057431325534188
39982 33176.8067849570071358072893637966654
39983 33177.8090280392461341197460388464361
39984 33178.5958294106111412276615387583117
39985 33179.3652943615339520404536215177616
39986 33179.4015754962379284698056156657580
39987 33180.6532703061211389632824791514889
39988 33181.3099011673392075973044152547484
39989 33181.8157229424850080940806336754164
39990 33182.2004777801069553237450283101819
39991 33183.3083401784563898752133125536564
39992 33184.3097847518656667317399425970493
39993 33184.8100311371839427483219246522859
39994 33185.4191339870388336465915415610615
39995 33186.2889533256772314602484610315001
39996 33187.0344624583211964775008789188325
39997 33187.9188865872495325134589684900326
39998 33188.7974377806314237089359916590706
39999 33189.3985087283568015644764221246135
