19000 17255.3176281366060654146373968088751
19001 17256.3877321476763639234829500101927
19002 17256.7983498771005290349801359003952
19003 17257.3040499179544470689069080959433
19004 17258.2844075614534819543280205196683
19005 17258.8707609311075754498415729338676
19006 17260.3996411832383893921544554704795
19007 17261.0167558563083909563518452829899
19008 17261.8345381429839482300319904514041
19009 17262.4981873054266264347124821861341
19010 17263.3619723596327006613097913780606
19011 17264.1020216623153230363494126738517
19012 17264.3297489718799166989375864060676
19013 17265.5187992897616430773247761710877
19014 17266.2055784315087104174561396147566
19015 17266.8357944808334866032854934871956
19016 17268.2518938099686272643881142238971
19017 17268.9813105778018709719977963253452
19018 17269.5858385679252401282344452593617
19019 17270.3615128283206350327259327232977
19020 17270.9804063288015620777119051008901
19021 17272.2473321372463927927864771769491
19022 17272.8545163683033739837467351534149
19023 17273.5758713492780052213922209480627
19024 17274.0982994030934163933941402846625
19025 17274.8777096366851772780843304940001
19026 17275.9113339942667256987367989835769
19027 17276.3838190857507736367569433962394
19028 17277.1940004841332049050915199894799
19029 17278.7668706492684407478101276370728
19030 17279.4213465987874718433563818523124
19031 17279.9490359979264628362705662562881
19032 17280.9025233377451755265805354463249
19033 17281.2335634414062362524662961009528
19034 17282.0998090007837084435974412167603
19035 17282.8177138053567542973685521263020
19036 17283.8536479693984003055883172796912
19037 17284.5797382617535231836498495927201
19038 17285.5258678764676333052269339982351
19039 17285.8232670505715909351873609194650
19040 17287.1210463795983677035880413889862
19041 17288.1340938797362080536791583487016
19042 17288.4561548591189949286650486469994
19043 17289.6521320917271517113905778735199
19044 17290.1668489304270922891716771102683
19045 17291.0481630910561584006456613613673
19046 17292.0420150774523387212911733715007
19047 17292.5517215155527777333646768967278
19048 17292.7762753762673517167678650560713
19049 17293.6577254103055671579203960620742
19050 17294.9616897633432219060169075271465
19051 17296.1330134655211774461004956633663
19052 17296.5970460217550283778767484412227
19053 17297.5483813108469472302663209795942
19054 17298.1930733461558527425510170004389
19055 17298.9112140568183055857702865078460
19056 17299.5531883663777186490727188605098
19057 17300.6727506684978615858857621656690
19058 17300.9668700387729413641955249525437
19059 17302.2453904345916818688030816983700
19060 17302.7406646689951022160830364495634
19061 17303.4160745514313011589238568149744
19062 17304.3730349864633320865543077327521
19063 17305.3747220222354332727141284359954
19064 17305.8677781353146893185909833997612
19065 17307.4442021776730138995281072988585
19066 17307.8826663862268931134688155387758
19067 17308.4834687877676260242372824380073
19068 17309.0234125384526446463439485986704
19069 17309.7937908057961203877557203970630
19070 17310.8234396398151074652111136313271
19071 17311.2551176830282958697084643194871
19072 17312.3206517481665912586400058985461
19073 17312.9729298888900248829257845121995
19074 17314.2964528118439131686456409176293
19075 17315.1540227195001491149944218129311
19076 17315.5702208787176411122294014799583
19077 17316.2736158859865640818832373952908
19078 17317.0179934336258849053720973341663
19079 17318.0785346882376463298576610304842
19080 17319.0079720153980000918457684801601
19081 17319.3393182385292667628306031902588
19082 17320.3479571862292062081381323802190
19083 17320.8502169417312552590883143555226
19084 17321.5178912376614243945661623152762
19085 17322.5378781937641421258377968321138
19086 17323.9540225849216915004975439831740
19087 17324.5626140534405895810092394525226
19088 17325.0498139842138439167579619239464
19089 17326.1102418322271493051726698511129
19090 17326.7532251609920916866047127394031
19091 17327.4154871615531614284898556513352
19092 17328.1349032201532220291495737997675
19093 17328.5088929169385838466547586582491
19094 17329.9772334287518168434287297861792
19095 17330.5435932501503810361260301314213
19096 17331.5773061095792371539222621517567
19097 17332.1478243588435710447482013777258
19098 17332.9249725752421476463182208589942
19099 17334.1029647653220103440532899315132
19100 17334.7541155217011857084362257461051
19101 17335.2821182678975338033360970897119
19102 17336.4700806923490626346844036826282
19103 17337.0500335100046170717313051121874
19104 17337.4867196797473269051970793218235
19105 17338.4638900216840466534016615640044
19106 17339.1999603971959703458334025380083
19107 17339.6667783108696661506552779538970
19108 17341.0074800157169330829066312722857
19109 17342.2301540283884550414302335153087
19110 17342.7606530010628816923862953820879
19111 17343.5136518949578814190587882555739
19112 17344.0770531858957910093751666588603
19113 17344.7680232644218623907011772930539
19114 17345.4045002719507227738911378644757
19115 17346.8245285210609970053084831051571
19116 17347.2071414012781724781240237707485
19117 17347.9212360947995016673544363575032
19118 17348.4731507180937239296966178160073
19119 17349.9512327235281552815623858812969
19120 17350.3477189132325896663557228766967
19121 17351.2704474599457483069460507517005
19122 17352.1718113140445862232350756913438
19123 17353.0280178576501601045411483593834
19124 17354.0621357453758925798638391101710
19125 17354.4205787124175306190293355728693
19126 17354.9572593168875468525577476154902
19127 17355.9863980386407197545129393773735
19128 17356.3495655833990136519076060006794
19129 17357.3448733647460993915079571811503
19130 17358.4280896125477823059895671510158
19131 17359.4359825528245203868945507118679
19132 17360.1423570698050453646144821339990
19133 17360.9323034405466945493769271459361
19134 17361.4953160343471377173034025552195
19135 17362.5338976556447545216418028222092
19136 17363.0841708430637005717949098037235
19137 17363.8017213739155359633611152900991
19138 17364.7143740467188087972350406355630
19139 17365.6203339742485425872707081982565
19140 17366.5171851210199139043660861211990
19141 17366.5777900721762516721916645993731
19142 17367.4965015742668899414642828199084
19143 17368.8844874780151449840462786314166
19144 17369.8482917383571960053881178872334
19145 17370.7104912818310633852585088314518
19146 17371.0252586880447878257921522515829
19147 17371.8692942484179055439850532346639
19148 17372.6141661358441073796179538353198
19149 17373.5128598290168346367556196624180
19150 17373.9124440487922167053447138736176
19151 17374.7236063625886483068768114121321
19152 17375.9019220099792447483774950909068
19153 17376.5524488575603497059986244384603
19154 17377.5007969458194926008653778565967
19155 17378.6331163032754309714120698374829
19156 17379.0969965928371086423202495493152
19157 17379.4014300488812262141148004895178
19158 17380.7510036152159104670090718236990
19159 17381.7006150779663688312463860317590
19160 17382.2385003703655993137692137194977
19161 17382.8384050962568510833242898497795
19162 17383.6708043433291100482639448216290
19163 17384.0590819684099316465922642083332
19164 17385.2283288469979461373944141734481
19165 17386.1241953802119309791444262264652
19166 17387.0559762934884302567198962128577
19167 17388.0017616141306698414986296058272
19168 17389.0010391834855844645098813325555
19169 17389.2836558967528478583669758400523
19170 17390.1442049098659948605586919985556
19171 17390.5300406027742191603820726455112
19172 17391.5287475722503641390981331372720
19173 17392.5821809262928212324117713341375
19174 17393.0995748805549616846568765030362
19175 17394.2254852168329454680194778212718
19176 17394.5285757680896180591889059415961
19177 17395.7030740030026243845425552787431
19178 17396.5312625624938127434294194799509
19179 17397.3101317731822647893908126606222
19180 17398.3281534424369419051146849509177
19181 17399.0502373001373197756788179985263
19182 17399.3831989913333011647607360106156
19183 17400.6862345482754059788215704424311
19184 17401.0215053480229227497437086407808
19185 17401.7231414724339247918652245316054
19186 17402.6858600323039996631675170002999
19187 17402.9164496221401757893457918607255
19188 17405.0147333168918866995418343042903
19189 17405.4227334904153361356496096774284
19190 17405.9706833335689033232024819882780
19191 17406.7145424827804907106768967379874
19192 17407.6323947968002627265502997514662
19193 17408.3225494167657885584237036909872
19194 17408.9891381100085625939504884496626
19195 17410.1022042156547092480002022717183
19196 17410.5250915368326396641673874207717
19197 17411.3894862654099136303799053060343
19198 17412.2087049271322623664180948426236
19199 17412.9101827045332698549410023864963
19200 17413.8398277638817510985803599956905
19201 17414.7719640412109673392177669909956
19202 17415.9113532348846990243127029728738
19203 17416.2670937419532730608778625285204
19204 17417.4435969518514381918599338196082
19205 17417.8081379802353722114521703037582
19206 17418.5922663484019798048516988616244
19207 17418.8062952287068764247062996648830
19208 17420.1706520158447962921774702471389
19209 17421.0742101214431830004033364859685
19210 17421.5567417400875807806347214372774
19211 17422.7664052037642802676864864346842
19212 17423.5364151057728102421168953009351
19213 17424.5456492268481547441257650597487
19214 17424.9738121312798278074234450872775
19215 17425.5903160561961287179463428425468
19216 17426.4904058754373916145549761885840
19217 17427.6713943451333429337885690077181
19218 17428.1735311444897721336285929815209
19219 17428.9853185856278174501611981279033
19220 17429.2490901500023380960007840866403
19221 17430.3672822407754153019671191296375
19222 17430.9706805633799102319142881401069
19223 17432.4733381154797300827641009001409
19224 17433.1425919313231576935868654911473
19225 17434.0569424026200622590684880496013
19226 17434.5704768921493800735232469768167
19227 17435.0807980068222625835623097890852
19228 17436.3014534944247401316817648411992
19229 17436.5958928539739974261411711553371
19230 17437.5102445416935650988726527511907
19231 17438.1514334490658041057889570836982
19232 17439.3085395256594934018943884691128
19233 17440.0228480489823761511196971353921
19234 17441.0924557071116270403075181743097
19235 17441.4963695912639120435959375655476
19236 17442.3169327031641902366169416159952
19237 17443.4121602079408104713585284403874
19238 17444.3087540514743403908645384756448
19239 17445.0795121362823518606981489937980
19240 17445.2268857431251012622847933306205
19241 17446.3166710065640115241985514590011
19242 17447.2372796832194075457894864300142
19243 17447.6202662496109094500122717749309
19244 17448.2665138931609504629621254746132
19245 17449.7250778767999673321093322623981
19246 17450.5018415069078810496438312254707
19247 17451.5260686339878939880954661036775
19248 17452.1421124092583968881959180579660
19249 17452.8129905405140603313445301492317
19250 17453.2040359984236827167806817986289
19251 17454.3090663477046864796330764837849
19252 17454.8427176282650180366479205017168
19253 17456.1140065270371913428270048984926
19254 17456.7597122453577041787962911151922
19255 17457.1470792098522045334667484119501
19256 17457.9158315923290322805705248763755
19257 17459.1724532186291292485520587627351
19258 17460.1993871881464842216229978479967
19259 17460.5708054456657368518452416929184
19260 17461.4880688817704832617601894675897
19261 17462.6792489155619316189573093337814
19262 17463.0129152862706366907624440479890
19263 17463.7743262221162909216597891678389
19264 17464.4542731402089999636218291129780
19265 17465.0263027581071898285764822842881
19266 17465.7841573389851542140119123126679
19267 17467.1763836139771145593751837665992
19268 17467.7574737208700483481829682459882
19269 17469.0174089391754644925030579820884
19270 17469.3074281286950634080854204990011
19271 17470.2356100769007971235926923063748
19272 17470.8941619305412080152411346318624
19273 17471.7301581487758415845000437087122
19274 17472.6152503390263643747941453753108
19275 17473.3588241381821161094143245827759
19276 17473.9207708561342614183906391168533
19277 17474.8131445458950447526884677473202
19278 17475.6331518795184209450580174915217
19279 17476.2818137548643039631163100270949
19280 17476.9482266224183499577555092454589
19281 17478.5628171011902185079731652051540
19282 17479.3039399269976274180019852863693
19283 17479.7310985638806184069750792855927
19284 17480.4939223518413583105203424514469
19285 17481.1144907850153747187137643500060
19286 17481.8417211556771980590209612040310
19287 17482.7622908494274958780682294877678
19288 17483.4574570516902883030210407429577
19289 17484.2427456178140462826926546669836
19290 17485.0529536715933082977554302973805
19291 17486.3358277498223562231437952661741
19292 17486.8829447502795696529917901091497
19293 17487.5031289318473547256087061753722
19294 17488.6048810045214097345637292071594
19295 17489.0005838221730957417762682789473
19296 17490.0769895454225877434786790477262
19297 17490.9634118018400455744343142878098
19298 17491.6312025422867849645737762529744
19299 17492.1998679994396281556257259570631
19300 17492.6431977989884913241584629576768
19301 17493.6006469129765906066909704332728
19302 17494.6286366096670886126669628128932
19303 17495.8745860985311113083240928076776
19304 17496.7393064367451018081311258957368
19305 17496.8384699610058541943487002420055
19306 17498.2056339571525994118853521654592
19307 17498.8654973758411042712928848522373
19308 17499.2823736112872997142789209381806
19309 17499.8086836799999605989461714275508
19310 17501.0151302190224458985842140305229
19311 17501.9276828699571891024086360800412
19312 17502.6177338280807713367040187172192
19313 17503.2102828982379067227302972511454
19314 17504.1110486526910990357592819477020
19315 17505.2263532217270702571753037271670
19316 17505.7050249822238554007937051208259
19317 17506.9257050027888402188523696691733
19318 17507.6138449940270573256325944304566
19319 17508.1324755628700087485986784844483
19320 17509.0564002260307335745744603712718
19321 17509.5416372986734379466328487609760
19322 17510.4089414144213855686072740826180
19323 17511.1573597838577652203273087373363
19324 17511.7322066251113589484061814588889
19325 17512.9051481387801057397142109544907
19326 17514.2908461527467037116256821450884
19327 17514.7436047953084249334812935136689
19328 17515.3359516151940703407748516175068
19329 17516.1419582008511797303642810976959
19330 17516.4633361787229821914959844914256
19331 17518.0651976750892261173769368252412
19332 17518.4296624247384503854622529332574
19333 17519.0969533474868232029377925240977
19334 17519.9391498106894435385918151622440
19335 17520.8063393627034700510150359648615
19336 17521.2717484306990793051201585252891
19337 17522.6176019510737098710150234526992
19338 17523.1195644794306474333260410429222
19339 17524.2832812891072162800382315929806
19340 17525.1327806124416316502169802678335
19341 17525.8459695872982023984955375948455
19342 17526.2348200111971071453136052000261
19343 17527.2633079058417445628892348864481
19344 17527.7089231558317991041462779992258
19345 17528.3737045711744617796433180519704
19346 17529.3511670248499668210180588319473
19347 17530.5935508029700927330641207498254
19348 17531.2143448009342890565808494845977
19349 17531.7905546116115885965482671664346
19350 17533.1006215866259511095307262053806
19351 17533.5431273857803492228378473604961
19352 17534.3123031323600929258640087787806
19353 17535.1094313210973219737734390323509
19354 17535.8492251470508225308470044375323
19355 17536.8148850754528840458630284702553
19356 17537.4853064541610484087628707902127
19357 17538.3299375716342286387344986105177
19358 17538.5455175671515975284249174875308
19359 17539.3807064202698585110005313181947
19360 17540.9865199308305630784307586519631
19361 17541.6686860018141261246850430935173
19362 17542.6276328037357046256216374596618
19363 17543.0140575688738924275892428812722
19364 17543.9543415273248468820556689316201
19365 17544.4200489006859577088166596382659
19366 17545.3030336517620117328787957418145
19367 17545.9960546167079957490937785154796
19368 17547.0065587922716112107100399493840
19369 17547.5834969870859708756068757131062
19370 17548.3700232301442121899374609153547
19371 17549.6823063674783787849797871988437
19372 17550.1642646450052897771118364182723
19373 17550.9360153774720171775450109015790
19374 17551.6013984890163158904147389664212
19375 17552.8561831661315730829023908771277
19376 17553.5288559839138595845873672056778
19377 17554.3176721902658845637116004191025
19378 17554.7092327814041774963440688778040
19379 17555.2527820846152681020059484113235
19380 17556.4382633718073134111624897205141
19381 17557.0326978598935322554247078680231
19382 17557.8200801491104977157867431342337
19383 17559.1642336525021863999010924742455
19384 17559.9575351821487222245279874145960
19385 17560.7603102289092607787032884843117
19386 17561.1365307901267659412161070069782
19387 17562.0387292243420182586644667018503
19388 17562.8562115856522140109700014260680
19389 17563.1654596828145800430393450463378
19390 17564.6762481100491532273545764698694
19391 17565.2347652144371235400794599678933
19392 17565.6438216600032404201178265113651
19393 17566.8152202455758604800782287659334
19394 17567.2338365650618685517110841221307
19395 17568.3810187428964774600451940190080
19396 17569.7521777107045692904638215646181
19397 17569.9591658751575351669833318989609
19398 17570.7196127174249623465264604999303
19399 17571.6220950794358060605532014047296
19400 17572.4298608194441917881248752870240
19401 17573.1502668729020734335423717220095
19402 17573.5239771799568543210308354206154
19403 17574.2330106310783370002502745784631
19404 17575.3345676900749308242579912977694
19405 17576.5940936317980361974883028777988
19406 17577.1964661346715400154275262463914
19407 17578.1985053561779076592082307092623
19408 17578.4386485251544094047983093407820
19409 17579.5375025532233469742811017062958
19410 17580.2442706746579585014833273701717
19411 17580.9957620147039734690427599658154
19412 17581.9516047118218448651632451497349
19413 17582.6612360019588942300455528532459
19414 17583.1037948689083373427677673365404
19415 17584.0301258322562737770418324770962
19416 17584.7823124626115323484285989081442
19417 17585.6828766280394896276571262083432
19418 17586.6937999284556626570984074605966
19419 17587.5901443603333779402393861354547
19420 17588.6725348149053428988320928804641
19421 17589.1110598288485971580674467525502
19422 17589.5883304725653315000128060938082
19423 17590.1863524970762557459022745508978
19424 17591.2113988666885684172222209356894
19425 17591.9296313165753038118695913336736
19426 17593.0622115744442377551054521884262
19427 17593.3965688115890266090441091692217
19428 17594.4214264540088716065134423839089
19429 17595.4832548438198935004702633362762
19430 17596.4997345663981682476628926061476
19431 17596.6339883706570500771418443605122
19432 17597.5013707770028925764108875113369
19433 17598.8287525452137773489882494573377
19434 17599.2507092108194636313319181967725
19435 17599.9981059771176835418758374613891
19436 17600.7778831333776348771522545889768
19437 17601.5881182589399941231064383716726
19438 17601.8580262551390497061377321858240
19439 17602.7929836050011455242190999966509
19440 17604.4384618610819984885225386447058
19441 17605.0447211438008306960396460185689
19442 17605.7190760755901381959559732762552
19443 17606.4301077040891505430710984161914
19444 17607.1449206696100598613247015483984
19445 17607.9782680623713552824067764022869
19446 17608.6122397457338962229538878117965
19447 17609.4874827703094691374969095776997
19448 17609.9203673709642109579570704819908
19449 17611.3625775406873778594402029995434
19450 17611.8765936147555076581688290121833
19451 17612.4090705223679167235130462836934
19452 17613.5038479893522721990703603490944
19453 17614.2935139289029185604043531120894
19454 17615.3341167660812658606145567819897
19455 17616.1023570807343180373823733199121
19456 17616.7830477355652138431499537774828
19457 17617.4163987454301246812291860320230
19458 17618.0883285454516872541709950036021
19459 17619.0972309145605017452800680549451
19460 17619.2401889279367729970334951896379
19461 17620.5460786180071832979635165437792
19462 17621.1484060310048838705923152017069
19463 17622.5545563689643517750305522180652
19464 17623.1441699008033477132034832942643
19465 17624.0290362762188896971501674876636
19466 17624.7727626757004936104863381901326
19467 17625.1031219705733507138626002410493
19468 17625.8276317916300076063690862918183
19469 17627.2460282644937879706905539770676
19470 17627.7792089124529150765916144707621
19471 17628.5738270460481087046451333953855
19472 17628.9021148803803958629046585666453
19473 17629.7431641608717302510092010188443
19474 17631.0639357722237383715192911837349
19475 17631.6092150881208322230845156513422
19476 17632.6747411198893114618069645573558
19477 17633.7050083133701230739118919257350
19478 17633.9745394643145344153206120041158
19479 17635.1412855883550942050123369739529
19480 17635.6596702844134916512585620770371
19481 17636.1069641078053483922121277130433
19482 17636.8675194506245432603546252414482
19483 17637.9357470348613416200066185111101
19484 17638.6420137989878958117884275184070
19485 17639.6835465892809477956058719424764
19486 17640.7522867172242907166672126323086
19487 17641.1699993224428679851453200765618
19488 17641.7884262928084262471026994950434
19489 17643.1093908805292457484721023051724
19490 17643.4737747332502181198602371358657
19491 17644.5887337131454322380687642508190
19492 17644.9061554444220122178235925371085
19493 17645.9551869887768113446627741526389
19494 17646.7309767617494296186072035538139
19495 17647.2547945225471705492948970875758
19496 17648.0156387243258992616978095883138
19497 17648.7330732605053532931426830146112
19498 17650.4453786905357390873798440670889
19499 17651.0866347197728000220153202153895
19500 17651.5574320733426161809277984035998
19501 17652.1610872829828612316326510772952
19502 17653.1367073594011373496761424153127
19503 17653.6554375789374362719499005736956
19504 17654.4971137917677305061879264067497
19505 17655.2771355381695558896503819009762
19506 17656.3129685276984074831757576981211
19507 17656.7662846473669806337232739075997
19508 17657.6974676482520813962939160239953
19509 17658.7770407639956877550210312803012
19510 17659.5005375188645467195932083414781
19511 17660.1689437092357112036521372972194
19512 17660.9406763799934866938708071089677
19513 17661.9831952972756411137199258510861
19514 17662.8535449760035836853870590099146
19515 17663.4151279135598338017846296440675
19516 17663.7445905959461905802001134985632
19517 17664.7942355096018950610906979829700
19518 17665.1472707738613605880719432551455
19519 17666.4988329080600581701726148996422
19520 17667.6993412959939438759100413338545
19521 17667.9108449332493668699050302330696
19522 17669.2914942388755737958180505405902
19523 17669.8812452062334766726005187160165
19524 17670.3789928810611291502796251719206
19525 17671.1325785991686861496642206198477
19526 17671.8439853588876689242124326587841
19527 17672.9004140542508470300063696795336
19528 17673.5825769274577813740073820539382
19529 17674.3917364705675621818560336482045
19530 17675.0864642125808715069385458060330
19531 17675.7285513742518698675350559661132
19532 17676.7005949132666155132138113363006
19533 17677.8202139463148899454660337405170
19534 17678.5508737856793551810295405777939
19535 17679.5938145280536422842819469970574
19536 17680.0005557967387318581624924797837
19537 17680.5530493435549265100089079221678
19538 17681.3688335179627961945108128224765
19539 17682.4797700393311139261233474969325
19540 17682.9320890705463338962747941475525
19541 17683.2457411009242767853926280679975
19542 17684.7932375250987050198195970380366
19543 17685.7492133842057575280021822430473
19544 17686.6474010538058812681648889774339
19545 17687.0745535997403399329066534502192
19546 17687.7086320144450387896392807002083
19547 17688.6234355269485311615338547449389
19548 17689.5815063576667073106694032644788
19549 17690.3906919280831821982874017074993
19550 17690.9246381323941135449049667639260
19551 17691.8014099038531811510856550077460
19552 17692.2714564852389468482150993638032
19553 17693.4362325972789333404281066514769
19554 17693.6836502362069455903093513647180
19555 17695.3405985804531545863598351625464
19556 17695.8640098877543281274752842103690
19557 17696.8211907107018232911862732776253
19558 17697.5910435335203931494184612870884
19559 17698.2402182676483180576001724303504
19560 17698.9394617047121177520950728608844
19561 17699.4338140645769821370653276112738
19562 17700.0590613463591006130860560214737
19563 17701.5056937792106949141399357152156
19564 17702.0619868848841630250584911247924
19565 17702.7597786999953277827192063097176
19566 17703.5991465691156416018477485195458
19567 17704.7355360471982285631464474054259
19568 17705.3282102216706837059925278184741
19569 17706.1361715049872857858786945823467
19570 17706.9085946727558844647799270664189
19571 17707.5687969736678186760883226997165
19572 17708.8008304987487550422486482417549
19573 17709.1730683107297099965358284187299
19574 17709.7147331373793358712187413793009
19575 17710.4951861566726826167206019275320
19576 17711.2754416681547363698164204544958
19577 17712.2353097571150113859049959529463
19578 17713.6759462971865856168715452130911
19579 17714.3192803562867952591960826595225
19580 17714.8418312259970744092471528263551
19581 17715.4371889652575404171078953087757
19582 17716.3509934037804956845090878877747
19583 17717.0282457502502303475798667851672
19584 17717.8479651036382763426006837528106
19585 17718.7179644431611592858074002205221
19586 17719.3675933858955218449170069898431
19587 17720.0232504906335154365243844785961
19588 17721.2184435865059834811757686253511
19589 17721.9563494621693988889223258555075
19590 17722.4595143790593305788067465942037
19591 17723.4512970681577747558491747178527
19592 17724.8599248277654107325929374829214
19593 17725.2073982366805571908957073620882
19594 17725.6431435609186338759439394080406
19595 17726.7325904820616979972845959422725
19596 17727.1819973357624869411394614600291
19597 17727.8470730424499202866051315612708
19598 17728.9158985939173247827877039830394
19599 17729.4622483780718829247066687810489
19600 17730.7417205942892249157265383961662
19601 17731.7049097193983482940255248645816
19602 17732.1861882296354505584916674446615
19603 17733.2316636256780919318459606441203
19604 17733.6964455978747328174072463058486
19605 17734.3506491065923002308775858137747
19606 17735.2270259327083486088976727512793
19607 17736.1957090738635079959907989107130
19608 17736.9734135215952732504626566996824
19609 17737.7346558488872168193431814651661
19610 17738.2486698756072038634200397520983
19611 17738.6604334762227299872727414362306
19612 17740.2565415310911346698841360951140
19613 17741.1722190302399571368971544018938
19614 17741.7781996870602359862387202434951
19615 17742.5879732256104670608365880434246
19616 17743.2999019285712482042543162128716
19617 17744.3430753921536519404541796942792
19618 17744.4637174758297533183138802950399
19619 17745.4817001714753347044646828600547
19620 17745.9623702956216815832115255623280
19621 17747.0540131271177688763705620581619
19622 17748.0370727963619849004587042763093
19623 17748.9616160649271167138151710648648
19624 17749.5031841608375166082876721123601
19625 17750.6063923274661740610552478947738
19626 17751.1201813925512834546698397900389
19627 17751.6949790148951218180320058191698
19628 17753.2383081784127730776102766949695
19629 17753.5249607542150898574709710806783
19630 17754.1072891577691130162896395922401
19631 17754.8798679960820912922781526254725
19632 17755.8413121692564755434975716385942
19633 17756.4432176820982986702289963988156
19634 17757.1261658162642502925903173553672
19635 17758.2642236116076888606679590772101
19636 17759.4993347612653337867855350064176
19637 17760.1089079591132396130495551935014
19638 17760.9038406852092109234420766900986
19639 17761.4248370695143670030493821264093
19640 17761.7507950864309855688164612177891
19641 17762.9391165641908734811272511115766
19642 17763.7819107411406349137500745518486
19643 17764.5060684525354111389518187948554
19644 17765.2247096854372996848591170971026
19645 17766.0342696330408537973421935377781
19646 17766.9477460395160053010908394033989
19647 17767.8568144210884102684371039988624
19648 17768.5709230307869277827618598161285
19649 17769.4559458851392213256993727951137
19650 17770.1790061483876057796642364033946
19651 17771.0705534658194368400360117969027
19652 17771.7895468016315617639491343868942
19653 17772.4667664981481052601331952944980
19654 17773.1450730336717399734254698678906
19655 17773.6534518526971378832267590108400
19656 17774.3507307436799090169115882053632
19657 17775.8734849165511511391335630190551
19658 17776.7677106629784917315456220195073
19659 17777.4168206998548227458009654847438
19660 17777.9655112279478794660836925138499
19661 17778.8874704247121380062675184254678
19662 17779.8594375265224204614690426425335
19663 17780.1755063927356445656058136419070
19664 17780.9063201452182665295007749208839
19665 17782.0298903112845994722290081714934
19666 17782.9203380945331175633395249561651
19667 17783.3015869884525816123138345695292
19668 17784.0772824010158255649063074520580
19669 17785.1743575753197042125040702279257
19670 17785.6985385568922810080476138453727
19671 17787.2250318263881568959188960550433
19672 17787.5993417874500017298203692246313
19673 17788.5371922005924867090264539437422
19674 17789.1681228455086269792595656508687
19675 17789.6946665307527431217541611030531
19676 17790.5094764654792501672375914684256
19677 17791.1992919352208880599297377251006
19678 17792.0641991914279013367550472319530
19679 17793.1210680558803842416524762051475
19680 17793.4378341153633554732581522422616
19681 17795.3123719114469762339965652325279
19682 17795.4527996673840812060774562139242
19683 17796.2812649821892901362379771019177
19684 17796.6831482616270283037276214479061
19685 17797.8363445802348275934097138121978
19686 17798.6177666775213715849261429431998
19687 17799.6798215266169840121541757951420
19688 17800.1845976299460209264754370385862
19689 17800.4423823216569876533908324137862
19690 17801.5656903637431899031657373539796
19691 17802.2571174170840274922286573154771
19692 17803.2676197082773881150891975801191
19693 17804.3131270282556403490046239298595
19694 17805.3218718932392962911152651839776
19695 17805.7130873318644468687885350141951
19696 17806.7023317284541590057263401937769
19697 17807.1615031245268050651578614811984
19698 17808.0102859775096477309959442984832
19699 17808.6521495269779663576829621938024
19700 17809.2483888955503650501515442339174
19701 17810.4137349901249992403492784525904
19702 17811.4473618181453119460175361676547
19703 17811.8060409689504928421776309315678
19704 17812.8758604034647129948565345195538
19705 17813.5008184218932892190284689162046
19706 17814.5967749918187628872020813840369
19707 17815.3711607891831407664140949350026
19708 17815.9179954723265539888860529662398
19709 17816.9917435644789126722690341073720
19710 17817.2625195086445902724140305523218
19711 17818.5638696898139801551901371432310
19712 17818.8248795383238025850464667444591
19713 17819.6008828049561486141345446977543
19714 17820.1579053196393339284491315826556
19715 17821.9945343708499056943291325875001
19716 17822.4400678785422166822093187014077
19717 17823.2757565228173727018229987181223
19718 17824.1141018177760335545449493455833
19719 17824.5689042541261367221921139991051
19720 17825.2151579869739048300676084179730
19721 17826.0943727748665536819737027075618
19722 17827.2445129693392807015930545272544
19723 17827.6645051478418030744110670178788
19724 17828.3972147254751846297875176714996
19725 17829.3157146930575234464172298026170
19726 17829.9653887938973208191134974208268
19727 17831.3354026598335485438989168558553
19728 17831.6828002844056264930111322306308
19729 17832.4686266487812444286796269417043
19730 17833.7221447390446158373620494453443
19731 17834.5028844608290135132550482663053
19732 17834.8725856108718335410774215659514
19733 17835.6123358304469890374074198889235
19734 17836.0302905957053778270690103155887
19735 17837.1734609625000117265817524364311
19736 17837.8403657609117182832533085122081
19737 17838.8435775524913815631001435986225
19738 17839.9061000773706253804275977326636
19739 17840.5879132330996822048635827918119
19740 17841.4288152500711937992275340042413
19741 17842.2503963924613475016709421941209
19742 17842.5945663232595093137844307905589
19743 17843.5567913383313916009327445145085
19744 17844.4978737527318725428248684724882
19745 17845.1430111956347104044965514841305
19746 17845.9564396967487049853222271387508
19747 17846.8152455793332286850606525467090
19748 17847.2358174501238056772026587725739
19749 17847.9785416379216313463844836135137
19750 17849.2051498058637760837435285128254
19751 17850.5164092529963585730656939056723
19752 17850.9885700991372752257678498484255
19753 17851.5332113646070596462828372110374
19754 17852.1092820714485588406716728679856
19755 17853.3518036757771577515884706022096
19756 17853.7954413365630429913285771776303
19757 17854.2507919104430549676253092067064
19758 17855.3472576451115636051182276588373
19759 17856.0059117110014506549325280059817
19760 17857.2131805922877279800265648564169
19761 17858.0485617789915126092047559425329
19762 17858.6813902468225113474177188345791
19763 17859.4244705155939309496671925987307
19764 17860.1296952103206045590324715856514
19765 17861.2015236887613247278292893213296
19766 17861.9064976152649427590278948783852
19767 17862.5766279478006144131325358473891
19768 17863.5143899949021503902274894791599
19769 17863.9718208933275567140569146137836
19770 17864.4006775512974725323700862588288
19771 17865.6526501299858224155785392776449
19772 17866.4448650663992961211575320795511
19773 17867.4639797924324222538679326228823
19774 17868.3966230382795871557641134161564
19775 17869.3387331057342491173023545240267
19776 17869.6325323503789560505670434686407
19777 17870.5670815981574623281063205090746
19778 17871.1163066830915646506110371072013
19779 17871.5566897199660695860289640288229
19780 17873.0447389502373667166529769736281
19781 17873.7865161826330718385356916609964
19782 17874.1466079084057291754489075667203
19783 17874.9485757235372073312115162046983
19784 17876.1273249051024626837773058211538
19785 17877.0359552018403045514746489453564
19786 17877.4639414984790293103590183415370
19787 17878.6563289703521031514487826274319
19788 17879.2424706302241001030200375858820
19789 17880.1724699191672682215652875917733
19790 17880.5982594289309548957121214686604
19791 17881.6954961293329330182603486685768
19792 17881.9146094259578042752756582936653
19793 17882.8595077924152606834283841161050
19794 17883.4638518739536435463156676333245
19795 17884.9942923250749735696910357059233
19796 17885.9542619692991288688576786363628
19797 17886.3767952802178116326664358942421
19798 17887.0754038484225022373180572947243
19799 17887.7506181249012845850339856217793
19800 17888.6415070618244261442483324989508
19801 17889.6318142181741998120375923311069
19802 17890.0557628852055302406551169150133
19803 17890.8936480087550313072744928509058
19804 17891.7262418930558971910772856291009
19805 17892.5332271869308408348744271921968
19806 17893.4589773540610770763870357305552
19807 17893.6923168747318153427039093921731
19808 17895.2858195395539387667448988368231
19809 17895.9106949913790799762603225037516
19810 17896.8814570531561611613907530919173
19811 17897.5237455471810729218647036780346
19812 17898.1663931212955870020655582725486
19813 17898.5987620797488834346735294273641
19814 17899.5900217873074000252227423284802
19815 17900.2808956116271805805243761673767
19816 17901.0035386411427899824448555315459
19817 17902.2588501369093779357537638418638
19818 17902.7751479464660532099447923694541
19819 17903.7834977410471635496887621484311
19820 17904.8077826629175757570972264604401
19821 17905.2632997325879890466970781866491
19822 17906.0438240346517222747294297937457
19823 17906.4728018253217285501259616016734
19824 17907.9513218331752439168224113251498
19825 17908.5603208609155528814991197655122
19826 17909.0354391435254558348293966295244
19827 17909.7590789587388662646728758584085
19828 17910.3934485738000224054391581056755
19829 17911.2307403388740080439001844407755
19830 17912.6386296667356981839414165517745
19831 17913.5915119801954713323347872306467
19832 17913.7881870975250561923431076857830
19833 17915.0663552422327396151723196121634
19834 17915.6651203036794337867316965384116
19835 17916.0402798598386886914358178985543
19836 17917.0002490109293504130659629566488
19837 17917.6697324618996494259205692245140
19838 17918.4457611704640987363325205681801
19839 17919.5266687923260085235412361153164
19840 17920.0572309038921562978814853727363
19841 17921.2820034449263890710394731828105
19842 17921.8691342079417973933760914204973
19843 17922.4130085349864594034999035322008
19844 17923.5158346480115067719091819873839
19845 17924.5505853056255443834963299335784
19846 17925.1084137851402332170526937757740
19847 17925.7409816185358739745034846515713
19848 17926.3848233296251820723228730724310
19849 17927.2419520717412197910323497993257
19850 17928.0562733696766123384347266941834
19851 17928.5909041679801746222371806145807
19852 17929.3856422531441433120032499767588
19853 17930.8122320707107674358877793048931
19854 17931.8503695384493527210357298606429
19855 17932.3650223172682544106414812739648
19856 17932.5872900610083399960238793357281
19857 17933.8021185925399973396305315969355
19858 17934.1887087816234910729610339453378
19859 17935.2403711241342903909092860942624
19860 17935.9422318969168649554954601437453
19861 17937.0501320271928698882467026139201
19862 17937.4180014280633319545691659599070
19863 17937.9993954853933440205700950981084
19864 17939.2318583972788621535046249267928
19865 17940.1604674349707267105319445010744
19866 17940.7496089258660281433018434597274
19867 17942.0390862671532227924366480213999
19868 17942.2053932646197806800986984698326
19869 17943.3258953610479381286378087002659
19870 17944.1554654671184681330125928381783
19871 17944.6129650004541778432891852841629
19872 17945.1231592857451354243275856101491
19873 17945.7367208136246813697585262533320
19874 17947.2894808793808713219641954973279
19875 17947.8298539027542468609417203445735
19876 17948.9235121948565038729881268754957
19877 17949.5334445594748299671682357940692
19878 17950.3825779608643828836013010228603
19879 17951.1419311013604903695161691593999
19880 17951.7554213528017397591845610833603
19881 17952.5292854194460124037497645325518
19882 17953.5805610539514649297731639861194
19883 17954.0315211188982819628711914096297
19884 17955.1552146525284663863574403227382
19885 17955.4479858042502734421902950813940
19886 17956.2608209341489189886155016382238
19887 17957.2615808740129464178223689566202
19888 17958.1482733634859867069247672872176
19889 17959.5011764428150786347067598781839
19890 17959.9845720972388857660408040547965
19891 17960.5972164933590671162404799439292
19892 17961.1883929376959435282320381254705
19893 17961.9229446622192034878864139761194
19894 17962.7151502566868872394100807008233
19895 17963.7185619031525206729471453546448
19896 17964.2323753453064731953289698150132
19897 17964.9366890204213489996009001550012
19898 17966.2656393248824579270551167456099
19899 17967.0076000367189509145939880288697
19900 17967.7120940878458837119501630567178
19901 17968.5084596717852484109324631298451
19902 17968.9250679904302084675679637031446
19903 17970.2718494760695463886371242573503
19904 17971.0676566810577892569034354173616
19905 17971.4837536651004893199003029020441
19906 17972.2011894940574038673648698123627
19907 17972.9546045297146365786980169472084
19908 17973.8107564488874467885694047952837
19909 17974.1764915820299444596045950790348
19910 17975.7566084861670914002316156936036
19911 17976.6922665826329448153872471588675
19912 17977.1628888315190300397059963421608
19913 17977.9605236492695477181332490524202
19914 17978.9741967895481233384997382501890
19915 17979.6172019700260864702396557081286
19916 17979.7125200550651314680803239946238
19917 17980.8886570452793028301525667969616
19918 17981.7810594061659321641983552364375
19919 17982.6662631638857304712432250111878
19920 17983.4939455946547193577423995913736
19921 17983.9283379815622561683295273830643
19922 17984.7807542613213406448989207905234
19923 17986.2018836293396432485151153107179
19924 17986.5788564137212907811506670819277
19925 17987.5303228633010455235732347254167
19926 17988.2086446400621054025015294960988
19927 17989.0941427389848097161708681803600
19928 17989.6539939375330844402542152298226
19929 17990.4019581326066866370533768153827
19930 17991.0262684092808002152221360748981
19931 17991.7671385142314805222147154069746
19932 17992.6258663583459031521295771048513
19933 17994.0730172078325782104496193555195
19934 17994.6307846125461984323637161724031
19935 17995.6333966327312578955010607374846
19936 17996.0285992056356671950944784903043
19937 17996.5564972052296183622921333078106
19938 17997.6106643509732048409335399077575
19939 17998.4247446154571149658097724833916
19940 17999.4478415199372638906727081841558
19941 17999.8658224334469829042402787196799
19942 18000.3702818962015682730277577218255
19943 18001.4575971669983442536305802792217
19944 18002.3547595794648503604907802743335
19945 18003.1058462384740852648515614868489
19946 18003.8786320038664190057503245746870
19947 18005.1820912866232883596225752026365
19948 18005.7817976816400155499200880311057
19949 18006.4013991948364331117049968874589
19950 18007.0138292667189045700717215876035
19951 18007.6703272460059722794549123328123
19952 18008.5102781776638325838502778721806
19953 18009.0696108360948941719472569847708
19954 18010.3642315495933821925780195867266
19955 18010.9004105648614720564609709367369
19956 18011.8977971544074945623948682808305
19957 18012.9534950739050223509328720586742
19958 18013.3793745706715702247824896332497
19959 18014.1539421776422587425494146439677
19960 18015.1903552681894841928392521877289
19961 18015.7669496710615811547374523391891
19962 18016.3446281349784954398023679312372
19963 18017.8283135767525438417572124411830
19964 18017.9053132379476887804382529615875
19965 18018.7602068278010780479442189082235
19966 18019.2412566188262363507317632188258
19967 18020.1599249718918764146851763909444
19968 18021.8646759165300704976123333537315
19969 18022.2599450498574711027603013002367
19970 18023.0731789193368274406265569065466
19971 18023.7711070615958263105277221538699
19972 18024.2983274631941669791212294054099
19973 18025.4196944668469647619880330682646
19974 18025.9279739048074154967765831388014
19975 18026.3639218206037726201429421845976
19976 18027.6191745616468559053210376136654
19977 18028.4202318611621544282310436717937
19978 18028.9913576889022945525232857917727
19979 18030.1170602410152765847535424439897
19980 18030.9665015819962208565556466682145
19981 18031.3801270898148603649075872872136
19982 18032.3976681329040996880176337600251
19983 18033.3935870911451480090018689543844
19984 18034.1929834641943868044413516070845
19985 18034.7393035933458820379119523510562
19986 18035.3338688404371819266057478487238
19987 18035.8927725406789518382666578815051
19988 18037.0256891865060248906214963866876
19989 18037.5492698154845586813667844292002
19990 18038.5993243876177150730357206957194
19991 18039.6800985364279724346593549584632
19992 18040.5038239090197732962718015232150
19993 18041.3947319602898419653303417638403
19994 18041.9845509074655214053498087587604
19995 18042.2361911113483254869700364165991
19996 18043.1596013741069549528725095258300
19997 18044.2389880259667926565050383370670
19998 18045.2897245563464037683718540348444
19999 18045.3917988437151761770750283663446
