22500 20006.6984264871706477168692551583388
22501 20007.2982116188707767879468081873134
22502 20008.0584297869367083345881976900365
22503 20008.7803389444645524579728353263021
22504 20009.5543001467004936433445986880455
22505 20009.9742960845356526564879601568059
22506 20010.7396241295810175253984377806471
22507 20011.6869602730819544673577716952864
22508 20012.6214250221313296102896990051451
22509 20013.2558545955368036364176593976790
22510 20013.9758769648943200057002965637764
22511 20014.7365562302473368024351935076550
22512 20015.4857844031420351969361593618459
22513 20016.7850596811008860408885183922703
22514 20017.4605963307558098096082024772436
22515 20018.0475596484395001972514096981108
22516 20018.6870614197077651513592483161607
22517 20019.9191832263803214615292175804763
22518 20020.1567536712011549313684348041495
22519 20020.9224387467640185408457823843275
22520 20021.7285317644757542658653152923779
22521 20022.0565389392250804791569082552914
22522 20023.4839383792315154581002556826588
22523 20024.6599488294420429636340809150451
22524 20025.0852417184399712196352427588166
22525 20025.9454172155549537247193575073205
22526 20026.5298583966164443880072522422626
22527 20027.3365480629951995270839259647811
22528 20028.0131647968881592049309248774733
22529 20028.9458877713637743491696271969228
22530 20029.8465288456744647458095070005430
22531 20030.2589767282094587458341628417461
22532 20031.0678580837047337558141662019769
22533 20031.7863791591034255963017846269188
22534 20032.6414863062439020253131354725982
22535 20033.8315383052277794108826184027957
22536 20034.0570830976445282665999842335636
22537 20035.6627021649806750225181430310647
22538 20036.1825121248740419083623104407769
22539 20036.7688598780608051696126568007595
22540 20037.4247200154126431590503314024274
22541 20037.9532634695065005827528769660776
22542 20038.7651558863566755972418169422043
22543 20039.6743479999657998456541107210000
22544 20040.5805003240772486510561342146719
22545 20041.2037605426060408385638415901728
22546 20042.0879675365378185404255848047511
22547 20043.2238919501371144923983068106768
22548 20043.9783089066645441937433841572348
22549 20044.2978395444347542152124778113751
22550 20045.1464519109821436070887484070030
22551 20046.2483032161629549783589447542606
22552 20046.9021565185760508151194467543719
22553 20047.4416852622797745612966349440528
22554 20048.5600568108853336445781049978830
22555 20049.0614004383310156932205345470453
22556 20049.3610227367967092904400504716920
22557 20050.3005388585279493330488721822808
22558 20051.7425589825755507902797862374162
22559 20052.5968336300821015397972876876053
22560 20053.4215803767724221640268907460755
22561 20053.7730980885555975508653115364425
22562 20054.4585134054031054865798222177909
22563 20055.6755213393682116162664158730747
22564 20055.9617357658480137676529223929310
22565 20056.6763243033399163988366479410078
22566 20057.4910965610586695768704741271597
22567 20058.4284158135142931676222578313570
22568 20059.4731957818452387687026261032311
22569 20059.8916646571661514940337513005252
22570 20060.7025020120578363855572933332904
22571 20061.9562841686516876950603443673144
22572 20062.1097909344177269447435926565334
22573 20063.6693601969023087136406107182324
22574 20063.9110322908132425405571460285085
22575 20064.8268672044585985071543221161133
22576 20065.4967790373589350564537203232029
22577 20066.0256763593112521680547732218567
22578 20066.8994599473097468064760268920562
22579 20067.4788884844663536402798718427804
22580 20068.4894590968622521183754755180179
22581 20069.3692567253299678705793120984007
22582 20070.6246408056543546192310143106225
22583 20071.0409425278678394871788191397652
22584 20072.0899544651100556187478895245555
22585 20072.4835110332876841061777264833079
22586 20072.9873810622476275505221225815874
22587 20073.7843798376365655915876994483739
22588 20075.3009846425582250145202176870158
22589 20075.5314119445072735313831331641786
22590 20076.2415269047697438371669599005059
22591 20076.8050513766769513597445048305377
22592 20077.8792789291808277165082073996703
22593 20078.7047364493563894640358295034852
22594 20079.6585823150286934781987307063594
22595 20080.4845078096132073330491629683075
22596 20081.1889158481878062207923338287339
22597 20082.1121620288972462027415604672171
22598 20082.6860512502959371250096222529116
22599 20083.4488494444551224124044882026121
22600 20083.8424736631285657919490947284489
22601 20084.7050449715774035473936569779495
22602 20085.5317520049193464536721915502583
22603 20086.2879074425744615659319079491234
22604 20087.7273455971948388545461143793772
22605 20088.2080974274866005974604816031774
22606 20088.8742404146908586857068432925960
22607 20089.5479672093000910119425276852818
22608 20090.5576645345274150758945277308455
22609 20091.3462476591169005204352397693427
22610 20091.8334566465484048619156631884231
22611 20092.8633486514926030685612932199721
22612 20093.3667883641922295918960401166313
22613 20094.2811695340350787071157038253371
22614 20094.9628896325363292269704833014599
22615 20095.6687132735050193945718893336200
22616 20096.1555018751827342441171623370913
22617 20097.9629521837839283686263744321023
22618 20098.4799537002574408131974532511727
22619 20099.1283145098726315823684786795185
22620 20099.8796999021233098310711350746583
22621 20100.4847813851034253826478322092638
22622 20101.1067335489432405624878758865706
22623 20102.1175461915171564924948019158709
22624 20102.4728604715554170601134225459416
22625 20103.7806643115691956468576625351483
22626 20104.3020544484540693275584898193943
22627 20104.9739312209814665269957351203730
22628 20106.2232966368055234388621736988138
22629 20106.9663636855284768174514319587323
22630 20107.5377860440097774652185736038489
22631 20108.2217875144599846610338284995754
22632 20109.1677458782660449308240956748177
22633 20110.1929154877148858246493423454852
22634 20110.7661815272051204679579039324791
22635 20111.3685311979402365569529171392566
22636 20111.9269743894484496855127544691402
22637 20112.5355661364726200087264503635958
22638 20113.5290523759058751674769493819809
22639 20114.7483580623083274125403898264155
22640 20115.4762449594177835627940361331671
22641 20116.2188032955554410740967621776441
22642 20117.3215777024119813976860726018396
22643 20117.8030343950850456669340950529949
22644 20118.1003550390236198184063518839456
22645 20119.2753221351676912192374599417653
22646 20119.7969695325919608438952853443815
22647 20120.6086009754088257515701445678985
22648 20121.7408482799529257904592823964996
22649 20122.2282997027864691309456690756908
22650 20122.8379656588045284499680573896203
22651 20123.9313611838214237005383308009325
22652 20124.5656216271469824590229605425937
22653 20125.5538033294892299934304303147227
22654 20126.6565568940563457856376516338383
22655 20127.1785605318170260240884579788178
22656 20127.9192439561216853132506216875389
22657 20128.1786445254660225027333531202891
22658 20129.4271929664451969884551042665759
22659 20130.0828140451911348824075097847343
22660 20130.5392047370770083441214387173020
22661 20131.2033219293576821644683050394776
22662 20132.5532779342020446999983705937836
22663 20133.6568208627315261229845179986073
22664 20134.1897947329735682379364726382626
22665 20134.9402937804405300853317679185269
22666 20135.3616079547520998492071217385165
22667 20136.2932224581610568272057997516552
22668 20137.1619388087549045104625746881338
22669 20138.0679140338721125012296650482664
22670 20138.5646217945862159322203648592783
22671 20139.3920451738643268960661187847488
22672 20140.1675836038057466090462916376045
22673 20140.5659162198611728733034027843873
22674 20141.7626955413970085000556551747374
22675 20142.6062408435433869746996987575478
22676 20143.8150139702317425770055121189865
22677 20144.0298319127969128343302210406017
22678 20145.2399586548384744534299805544540
22679 20145.8329883709075093998033927099808
22680 20146.4678124400911677616004617258382
22681 20147.0252353033759582817715271228068
22682 20147.4653296028072355175083615964162
22683 20148.8141328607986105922574784135094
22684 20149.6279291130835716427560769898170
22685 20150.2184137555684278927672345730054
22686 20151.2494612234082768604443210251687
22687 20151.8848394800880254118493586482296
22688 20152.9622434652350454974468242275889
22689 20153.5983990086457534620843783005685
22690 20154.0620103888442264154109705059106
22691 20155.0622012204786996848097101672862
22692 20156.0603975797968123185172879124613
22693 20156.5158108444012145041180938759638
22694 20157.3286372759503808205037596177448
22695 20157.7552766210396068154275067556940
22696 20158.7811216770149624918273324282340
22697 20159.2496685149167596582100024273878
22698 20160.6983745214338020155598716999519
22699 20161.9422395480729941422411184408317
22700 20162.1778023984520162407367924543756
22701 20162.5812379472343716569789628441282
22702 20163.7344498620123237680732662872057
22703 20164.2291385280760490327463935695922
22704 20164.9012181115181746287505942219531
22705 20166.1188473676531824725998040190373
22706 20166.4911696592724114176217025545257
22707 20167.1269357461930797834196508512137
22708 20168.3404978277054159735557025859860
22709 20169.1454368691733810900400316741259
22710 20169.8459190561223953743658218799744
22711 20170.3932999721501011832577076460343
22712 20171.5155748845607757272508291726415
22713 20172.4851923219053953365601402435493
22714 20173.1302395604282616231712264375719
22715 20173.6347594170220822718516796597435
22716 20174.3802691926754574568556447708724
22717 20175.1422799465994588906323663877370
22718 20175.6714709514902117901351756827356
22719 20176.5722086221205026129543425937703
22720 20177.4629245297505822864558865035903
22721 20178.6402823227296646422513832441626
22722 20179.3621892277827215409216979502694
22723 20180.0782074433832376364730124276645
22724 20180.8594716392952172849260045393611
22725 20181.5121913027040219975916490812693
22726 20182.1444445223932503898994802166180
22727 20182.7377059982118752597463220956519
22728 20183.9859622509754507042819396811353
22729 20184.6121997566539546254634029014449
22730 20185.4549317713174303094322329983568
22731 20185.8807530569844788079718778275074
22732 20186.3831709419101689402055566912557
22733 20188.0361920889117575402275235407800
22734 20188.5939320882046801295241286508567
22735 20189.4277633620423681675301539442231
22736 20190.2886697251199587874714034399413
22737 20190.8540310037739726312539924672631
22738 20191.6224175057256362644769850149584
22739 20192.5078786083775527064535118101917
22740 20192.7805921393347337039148502526044
22741 20193.6543553374249612519943801736719
22742 20194.3534275703253924123186883721439
22743 20195.8351112586071469251664631338056
22744 20196.0733848704587073214911364525294
22745 20197.4904635567066697010972812899591
22746 20197.8423584455948969880743799135476
22747 20198.5896287240960780774201965286569
22748 20199.1376502501730961103004558354234
22749 20200.4608747773370359448180862733114
22750 20201.1008431027794339763524638380907
22751 20201.5884428166707144396680424410671
22752 20202.3448527252074086175269049609419
22753 20203.0488445391605370414899317327967
22754 20204.1490060748821135021691443543229
22755 20204.3352001878585534162691443245484
22756 20205.5581652757902934496646496128402
22757 20206.5595647710107719351424513891089
22758 20207.6128339010809086498774281143308
22759 20208.3355344009953606070936259584480
22760 20208.6481177104904824183348024224971
22761 20209.2709941932277876763069908434822
22762 20210.0698034448172255141759930323539
22763 20211.0317077823081536197125331599703
22764 20211.6073906693374518645698578271694
22765 20212.6329924797126486853386805666471
22766 20213.2524150879544354170957502322831
22767 20214.0697944853615862004106357555830
22768 20215.0961668913139544432378190796244
22769 20215.8141902033594217769855824661680
22770 20216.4945306294753321553508107463383
22771 20217.5043612611752834156042850059292
22772 20217.9485348056165931332220095123097
22773 20218.9857166248576634561700727334038
22774 20219.7638526444151274598227901303818
22775 20220.4219588004868231453770685510213
22776 20220.7067455264138984969063705423094
22777 20221.7325017768658978180959038670394
22778 20222.1643481508043620409412248012029
22779 20224.0370776404512286169993393121648
22780 20224.4932305679537665535611136452898
22781 20225.0717291843948688514414460590434
22782 20225.9224563126602172212946595748918
22783 20226.7006188698116366585746072677724
22784 20227.5137205692316718825257756116718
22785 20227.9526321549414799663367837482578
22786 20228.6525113881779754925853160143479
22787 20229.8927384936909086733239392395178
22788 20230.4345288929218323868818639744527
22789 20231.0471683908364100524179313610907
22790 20232.0114508352852988076102866117700
22791 20232.8063711630966905364375411682920
22792 20233.4598510637369645452586644975640
22793 20234.7167493864607711030530062662387
22794 20235.4085941265179950814040485391199
22795 20236.0388828009065176236413893407786
22796 20237.0113963060898350300280046958429
22797 20237.3182933515172362641677532689426
22798 20237.9118545221007579911990994164986
22799 20238.8835403967409306679033583424719
22800 20239.8102315703583163935845491677256
22801 20240.2948217949024093162844069596554
22802 20241.2761086198840075173014756829961
22803 20242.7390166810817320410533676028235
22804 20243.0660976270075044521004895101776
22805 20243.8056991489991587299317732854346
22806 20244.4694187513842626670548107943204
22807 20244.9724353540781225664058076203100
22808 20246.2436645475479186744941919833047
22809 20246.8982845950503976058766682855055
22810 20247.8125894491611947528533035608210
22811 20248.0830578953039069222638287765424
22812 20248.8153558191439078731183869856554
22813 20249.8590169160452362741174289552207
22814 20250.5023199984496126282110739092179
22815 20251.7234650237722453885322083085845
22816 20252.5843373436431618798644716685801
22817 20253.2314611587094796585969266044221
22818 20253.9600759132479141580955234399707
22819 20254.6106397818911049175208924772596
22820 20255.4396800068249904441062909660952
22821 20256.0648731540186918891054556596108
22822 20256.4741934587679179692104173136846
22823 20257.4921496833002749432572738688185
22824 20258.6324192818039446453375061064242
22825 20259.3797886449684083205114672478824
22826 20260.0569076662227181576474553358733
22827 20260.7771548814505242153821795148981
22828 20261.7898954230239427112965267722464
22829 20262.4291305112583073584931772226295
22830 20263.2644430488943163994061193666767
22831 20264.2132185447235240006066930991924
22832 20264.4407670225209460132813601780824
22833 20265.5235988300772143423879586335854
22834 20266.3997765921833453213985164325133
22835 20266.8803562938029193835292510853160
22836 20267.1277048191531904976100039169687
22837 20268.5818153935302514489031182529653
22838 20269.6611141076079149400079537925465
22839 20270.5643258560901586834070708509881
22840 20271.0727427850656153773882408656977
22841 20271.9831536972163654756278479218061
22842 20272.3196605186705478243798930631446
22843 20272.9754494317640622602331779340426
22844 20274.0815264381826923401507747127934
22845 20274.7440176922195604942962668985039
22846 20275.6969490489330228392448803132863
22847 20276.1180944119287801763798878772503
22848 20276.9933603690605347541089641989620
22849 20277.9440082863367544562149020399269
22850 20279.1612449712423723054538342184605
22851 20279.3546432880234156695233644759793
22852 20280.0614586741596276755537179451148
22853 20281.5978135706943088128141496509395
22854 20282.0038054922212084471904853557244
22855 20282.5937529403102128492066326286159
22856 20283.1416974672983552677711353938555
22857 20284.1264289388424654491695384305565
22858 20284.4017096140805023084306331524867
22859 20285.6122165982247014670768923023431
22860 20286.4278125637606022467006197602697
22861 20287.5568491912067751083066099239341
22862 20288.2708313419811557907151704619424
22863 20288.9626408370972558661954740797976
22864 20289.6321354829253868007875049998868
22865 20290.5784916882932342816481889532724
22866 20290.8036308523481797429579157799109
22867 20292.0451552434435851742432253985215
22868 20292.5954789061580777924138955784263
22869 20293.4887545632989875140933823787026
22870 20294.2888848086945115628829081307930
22871 20294.9013695692352573772345058047457
22872 20295.4454462519325719175066222305866
22873 20296.5130619187288998491301436155235
22874 20297.8673156468604909576456855065041
22875 20298.5075762355060320209906463448039
22876 20298.9909987281289631042241601810208
22877 20299.5847109756717883878271679354763
22878 20300.6351752130682040441559203060296
22879 20301.1754247532339729172836794122462
22880 20301.8958465441023433127676984982546
22881 20302.4477378369602739628386089619933
22882 20303.4424667062141531025066605300707
22883 20304.2951434104246800319624084054774
22884 20305.5809471587418226276149814234396
22885 20306.0373818930798780826720385526701
22886 20306.6719104306534509926995034031808
22887 20307.5063232203344148235768041087959
22888 20308.3166534820410709146872817465484
22889 20308.9826977978617684848542775551924
22890 20310.0353039463436293218702768838576
22891 20310.8508209361126194025400027420937
22892 20311.1108964604835892854379724053666
22893 20311.7683718137373014259639676772795
22894 20312.7017821325965544064715722566366
22895 20313.6399921978770240534332292624519
22896 20314.4557809348009492424943765434085
22897 20315.5888724683071828980566126321620
22898 20316.2205577067293665903075969775412
22899 20317.0736494047985453993123202043762
22900 20317.9709811785168131769322021472362
22901 20318.0617757445934093947479574502101
22902 20318.8948075532005486863381529144299
22903 20319.5731786413713056849603434949350
22904 20320.9608827055262756968658378462087
22905 20321.4046929722079526477346993663304
22906 20322.0487445948924332556371222510810
22907 20322.9206501487690072202198407426306
22908 20324.1478480756484654336913141643542
22909 20324.5135236522014637338570725247712
22910 20325.3888600483163173199917532640090
22911 20326.5081387416376475371525908322068
22912 20326.8139988006288499142863443708345
22913 20327.8785140219704215402537366611994
22914 20328.5158442275341287057459602687813
22915 20329.0271309887578028455781857720022
22916 20330.0566651902544465848394332613001
22917 20330.3940346022284324262121823130464
22918 20331.0859520486081756339563523549084
22919 20332.8941395995246057622862672802721
22920 20333.3208259333943143391881122909343
22921 20334.2977624402858785733047629657986
22922 20334.6703288068854629284004261718817
22923 20335.2434744062279489379599345488685
22924 20336.3592397152997831625430923288145
22925 20337.0119181898569030787476140598953
22926 20337.9112418856970589313765625689667
22927 20338.1722076487517171766636104735744
22928 20339.5282627748801395441846424567432
22929 20339.9550008451206292671227192012861
22930 20340.8096654371975028754004363523990
22931 20341.6142774788345126547346504902255
22932 20342.5136116776806291936268215715284
22933 20343.4356867682302641884075783991193
22934 20344.3455944310174313739891935805567
22935 20344.9939297834074946491581646942125
22936 20345.7468899883870804529011364815454
22937 20346.0767440629396865965438487354602
22938 20346.9853309400076919888115553974392
22939 20347.7112274248400725382530481102329
22940 20348.3307091709336685228495695509843
22941 20349.5185295418873795122329613162529
22942 20350.5160757280990179013556167681180
22943 20350.7990655944979302123819885555964
22944 20352.3611647490535550847061685577317
22945 20352.7369672789297361937701663840176
22946 20353.1461073149486720248749649552487
22947 20353.9787449962302607639139093776860
22948 20354.8707719130880895279612049446833
22949 20355.9553841331953281856924693793877
22950 20356.5915049585555028899940967037187
22951 20356.9357806949086447599889597790557
22952 20357.9700071941424274472953325289646
22953 20358.1894798774633091493435504898323
22954 20359.6678522085263865108571707378887
22955 20360.6766168364580950977990109564549
22956 20361.2269696667246571542380662164765
22957 20362.3076024999386015263583075987180
22958 20362.6151128914988728040589903287091
22959 20363.6837614761334854673001240004559
22960 20363.9635590487384986738429083152890
22961 20364.9047885372678969369959650790634
22962 20365.5547806799246653916376248050329
22963 20366.4055482715538407707083823060537
22964 20367.2222994117695429876378144876530
22965 20368.3081331983532674979187978283885
22966 20369.0824673151384657176439008447573
22967 20369.7110807233384013654178393552990
22968 20370.2777444779046402378242813258603
22969 20371.3665729800487682581882304027892
22970 20372.2760764679942378770583011262061
22971 20373.0481687982759442574878171759197
22972 20373.3125224593215417462211873475372
22973 20374.2889991408002272786606500010003
22974 20374.9704135082608872090293746621875
22975 20375.7364792254050994110787782152696
22976 20376.4556171426263202174032206312237
22977 20377.0900040467035340928803202579117
22978 20378.7092856722324578630391431270018
22979 20379.3953396577748516613580261239583
22980 20379.9625780101530422559671990232422
22981 20380.4376406499250907041802747479389
22982 20381.4237379289843398990769687668332
22983 20382.0631547148864097061287738279041
22984 20382.4540284692450595558415132493271
22985 20383.9507371299263428929342592454097
22986 20384.3503529866520733462850068491007
22987 20385.0652646980383108645100171216754
22988 20385.7788792574505016740473461496560
22989 20386.7726029675035667731806896645183
22990 20387.6799907290749644137743768423460
22991 20388.5256231048692129234921764086738
22992 20389.1360083292895539111820225790938
22993 20390.0390153715008532253861936505925
22994 20390.7257896748232055144618762359001
22995 20391.7727296381315710529403576896315
22996 20392.1297659414599490090939866975818
22997 20392.7002337738446006823068586749659
22998 20393.1369195598604506997905666764986
22999 20394.5563033571998713364791349207192
23000 20395.3178645019255063507073725163931
23001 20396.4717462283847781872855535713486
23002 20396.9804959877105958544588337455831
23003 20397.7288946013337743666873422537958
23004 20398.5212641591242129897045988269265
23005 20399.4055616626991601181999255035105
23006 20399.6170885460220058802241163700108
23007 20400.9319619728202348896573196689150
23008 20401.4570872703006975258616245980198
23009 20402.2889799243798238524173150570662
23010 20402.9754181859738778666419833909311
23011 20403.6963720665174524191061111086749
23012 20404.4822103472733415802332098585575
23013 20405.3517446249991668350341714613362
23014 20406.4167142758478992571228466580641
23015 20407.4871971641680124415090349439065
23016 20408.0115589662817216879302746563951
23017 20408.5166904214482092918172127758414
23018 20409.0334297037053244993046167622674
23019 20409.9835847654048339459762070070576
23020 20410.8919450224716054650136952835941
23021 20411.3317601789755566535855560907066
23022 20412.2691270809130657706727696453011
23023 20413.0369994253977837990310938156141
23024 20414.3873583590426581252003077774831
23025 20414.8196422567492845103119292932169
23026 20415.7033149179168839418769050955065
23027 20416.2491859674771351444598516909330
23028 20416.8579538600156589086159597996374
23029 20418.2632923387600036083487672207355
23030 20418.6863965603943762512580902960558
23031 20419.3174075318393635270295937879189
23032 20420.1270715589387791655064792495122
23033 20420.9103101216028237072977759915599
23034 20421.2466327528895809938980424258551
23035 20422.2321743057041590767739050875529
23036 20423.8434032080203232715435077344204
23037 20424.1395588399342276846282422673269
23038 20424.9273112886332991635616676034402
23039 20425.9207065415071857198222002867623
23040 20426.5415449087846127851220254440907
23041 20427.0760706822739912623549787502206
23042 20427.8327779566875944501981816103295
23043 20428.4124131035456937922825778493236
23044 20429.3494389615168201693539373480654
23045 20430.5498213583562969806654163582172
23046 20431.0903494799662773221838442498046
23047 20431.4910552922815886767566553223695
23048 20432.7364685875713447005461007285816
23049 20433.4505140536440022145394437069979
23050 20434.5201637713876716215614052114653
23051 20434.8433545461038219044951474584449
23052 20435.9889413931974237236909656727975
23053 20436.5325447717981789957219594317087
23054 20437.2867098029255582281792536594801
23055 20437.8730580268202007137623470545408
23056 20438.7264293703980847226127910323865
23057 20439.2436113513168232037038241046655
23058 20440.0828243311716228058683933513502
23059 20441.4077874776336056960803697523754
23060 20442.3623094385104744355068280763499
23061 20442.9417076906421814737212557896096
23062 20443.6424964388084346813064963478363
23063 20444.1710217244725196723887618434197
23064 20444.7396352845469251057071076750888
23065 20446.0547137102124940246178364680747
23066 20446.5030878301238605595628046218108
23067 20447.6213653877718873067336322969178
23068 20447.7946630367054167145760927581102
23069 20448.5894839465607690487306497903140
23070 20449.9641698102961598910526857378500
23071 20450.4000695593400688488102982918737
23072 20451.1205088656209638104993095698463
23073 20452.3376167154476083821587144126363
23074 20453.2392125155547632454938247074577
23075 20453.5596816031839302072259893872109
23076 20454.6596173542136025187769658817650
23077 20454.9797630845252009826511548514225
23078 20455.5726333652899160428802942067502
23079 20456.5220487360673849947051715301629
23080 20457.2035627611100898641341848404966
23081 20458.3040006695048928038830146429040
23082 20459.0838514729802152735769636783580
23083 20460.1085439886210136508945013098954
23084 20460.6669301585993221461438509765166
23085 20461.3441980067099763848754628262866
23086 20462.2946338530677984760828254151569
23087 20463.1373531908005582110519798985538
23088 20463.2999600418992135613020692089913
23089 20464.5498956466040036478380834810922
23090 20465.5173240047679050957791457796784
23091 20465.8855343818378311814429826649576
23092 20466.5262506731186601233593784399891
23093 20467.1553082482951909371567701897826
23094 20468.2225808435366546024553407195589
23095 20469.6223513824533864002273756468752
23096 20470.3245686284880532333049713174369
23097 20470.6460623360218060427457397200362
23098 20471.5077736102567302615872695433848
23099 20472.2966099739057730039231081502661
23100 20473.0891248985584165227938000713765
23101 20473.4718574329118842142381675137631
23102 20474.3420641101882681124608769231451
23103 20475.2961324232794097737325341125018
23104 20476.0429708520966055176764759788496
23105 20476.8691489162180017827738214743566
23106 20477.8949399423464087865764169838633
23107 20478.6334891060492145158102714359388
23108 20479.1428513146692969265820691625473
23109 20479.8897360289064420555870293436384
23110 20481.0701532550981651627037441855163
23111 20481.9113390149516629064091775095216
23112 20482.2437370785465877621713501403945
23113 20483.0687218309679379603650482379846
23114 20483.4461657590981727714393197711844
23115 20484.6821356144769597542174974823410
23116 20485.0306828274119646428211130379513
23117 20486.2828378757850997801813496110808
23118 20487.0768614663183846344079761191765
23119 20488.1937940293773746497411641732359
23120 20488.8484916053209603728087118052199
23121 20489.4108460306546378576576635974358
23122 20490.0385301378724507615780554851674
23123 20490.5302282345111628468052982001094
23124 20491.6138777865836602123611748607562
23125 20492.6244994159295618786108454174763
23126 20492.9792547443459701092387815010822
23127 20493.9426199544055298828294852172165
23128 20494.8510360591229532734222524143005
23129 20495.0993199471602646610593478780558
23130 20496.6796789921898378772326595813789
23131 20497.0856854158826480207689637079320
23132 20498.0683984292983954069283804936852
23133 20498.8952955349531583961622144320984
23134 20499.4422108523203416632080292581265
23135 20500.1386393980422731970798119156683
23136 20501.0697519531866907629768545296306
23137 20501.6232189349966845169186329570607
23138 20502.1818675157954312924427195854092
23139 20502.7464676202489702911543525147639
23140 20504.4391554697093327078571915015995
23141 20505.1732379925744673999871506757041
23142 20505.8308914943643979658755833356969
23143 20506.2641853826172439755336697283349
23144 20507.4329021765872452675796049334739
23145 20507.8407030619716489707588594244003
23146 20508.7495888335011115865625354817827
23147 20509.5433014760558331385285852663894
23148 20510.3815865349724843649545647104647
23149 20510.7975994997253905048384808525951
23150 20512.0427841619508000088460064762483
23151 20512.2399240169272391103327039486930
23152 20513.1504238694487112013916805768823
23153 20514.3389770299406733188244792800592
23154 20515.0559433837604936665428771881307
23155 20516.0969946689755375858577950034778
23156 20516.8093980556397904452199795086549
23157 20517.3612954444000533638560747119801
23158 20517.9339524585118930824034533238093
23159 20518.7637907399523407540770182798086
23160 20519.1057660606331839960816762574683
23161 20520.5000168239716958501251423570660
23162 20521.1963758117330152774941383240702
23163 20521.6024129833683129192582591798974
23164 20522.8556580572494725461648908722634
23165 20523.7803336259076073601798355245030
23166 20524.6077557650029752188112667411112
23167 20524.7963147475916311848757910357467
23168 20525.7875119924762227792298739714329
23169 20526.6524661697808263599468529598659
23170 20527.6193990449682700669473313423784
23171 20528.3370731643699112320664792088597
23172 20528.7054152763771910136980555202343
23173 20529.4182431697429788217147795756992
23174 20530.1559748484747398464656743875236
23175 20531.0792960834939053378253891898010
23176 20532.1550614222370210155978868143591
23177 20533.3519720731059399291793518440960
23178 20533.8187031731912558459167174926112
23179 20534.2936173307609390949052774940661
23180 20535.1770149322629442738555674104352
23181 20535.9609641998417599651889556100117
23182 20536.7870680240627001989285032904201
23183 20537.0231055211874040761368382382505
23184 20538.1277457312228115246147727456957
23185 20539.1245037454566359707668871607919
23186 20539.6471621345729460925150945175470
23187 20540.7418351370144906519229251565494
23188 20541.3578338473378614080447263243398
23189 20541.8910647447884082213585381064809
23190 20543.2082120464458311888157062457679
23191 20544.0737057211934458197548372763990
23192 20544.4954492146634131247420196845028
23193 20545.1337785985725096199186343084578
23194 20546.0559025810582842499444827612317
23195 20546.7706406326735663254788087599901
23196 20547.2335384916659220346982920455337
23197 20548.1295526748375398980544172160457
23198 20548.7792506614165309547214392224699
23199 20550.2008873892692906365422215790628
23200 20550.9239549871796478682774105739707
23201 20551.6954015825895670032032462836067
23202 20552.4813586125407049750240098595423
23203 20552.8663016899441807258997985676784
23204 20553.5820121683701688530517181924060
23205 20554.4812323836376887886364774905569
23206 20555.3717986870114184586320206811636
23207 20556.3954863151146084784301817338473
23208 20556.6923330788373391021695553652309
23209 20557.2861704084731497770217443042978
23210 20558.1905353556108234312249481765081
23211 20559.5385238623667454275362798738646
23212 20559.9161601233749939662387428670086
23213 20561.1203339453525170135325791915481
23214 20561.4116648918684550781875561148766
23215 20562.9226614145080952225034577546685
23216 20563.1556050060724657313078962199161
23217 20563.5715404513568786600526932515036
23218 20564.4505868926844096824274729826868
23219 20565.1747781694546562759755419481073
23220 20565.8941821152445633826867819250620
23221 20567.0375581364002674371739522356894
23222 20567.9335944813253194060524530962111
23223 20568.5985620349135465739877280732579
23224 20569.4444799013088462493321526439971
23225 20570.3475103400312973841042874806971
23226 20570.6308306896908178380057533830086
23227 20571.6817912565400824701176818793169
23228 20572.6365271064693900028711792214686
23229 20573.1484043762704423903905929535400
23230 20573.7399641178735266485290130463751
23231 20574.8652875793342771007356581468559
23232 20575.2936699488299768815657343024493
23233 20576.1650556054142333461350578749336
23234 20576.5424629497058844459612905600296
23235 20578.4250768583657609631878050631610
23236 20578.8909027452746331182002733627698
23237 20579.5836625208841836016425185089749
23238 20580.3815057950289385376003482075654
23239 20580.7232789663728534643102614140306
23240 20581.5593650211757541876911202118828
23241 20582.5511162552636107196858465950674
23242 20583.1498973531113959706334404785938
23243 20583.7635259733018341090617793495918
23244 20584.8244208199246542074166398073818
23245 20585.5892326340951841551250022318121
23246 20586.5801595990979819527858800826681
23247 20587.1725640076910085238000230729174
23248 20588.0595155392551263246110436934523
23249 20588.6464757243658434074224285113089
23250 20589.6074757523670913076607597755985
23251 20590.5137365942495234265855432972128
23252 20591.1555350806324877932549989296120
23253 20591.7432400730236804310511889151865
23254 20592.4406410696717065538880081876994
23255 20592.8684127283967006852631052389891
23256 20593.8929249649126826939992398842560
23257 20595.0849149869031107211060421598046
23258 20595.8869999544691235189827558240140
23259 20596.6979099575008521563450857127731
23260 20597.3789032627148994571605907516011
23261 20598.2606311586832547973895468428675
23262 20598.8680081016825216518472582288320
23263 20599.4377860496713504668261310388549
23264 20599.9186267440766018397944145999602
23265 20601.3130568236753423435832979686478
23266 20601.9517557648067712905650199701726
23267 20602.7018876368165561381037339518150
23268 20603.0525714879859261982922588734522
23269 20604.2216870005858073087376227338016
23270 20605.1203370652308082797805507925379
23271 20605.7726183257206427312961356102562
23272 20607.1294464975317475862753781740015
23273 20607.2906295006005228258025273500203
23274 20608.3692998760233642591483187368570
23275 20608.6168168068103428792507629082375
23276 20609.8333142665927143760927621583393
23277 20610.2148802520422875186978525034342
23278 20610.8131575925258936395546700970234
23279 20611.9185839177468721563280655613739
23280 20612.4913971390401528398168715896500
23281 20614.0463189539812553969225050729868
23282 20614.8205696627817901957138995463214
23283 20615.0374751556418886841293734102009
23284 20615.6034327957712033667455610321045
23285 20616.6971423645534402083179786871317
23286 20617.4772256575263225004190361681401
23287 20618.3812304970544121751866247429694
23288 20618.9373808923679094765640053623879
23289 20619.5853134566869208053632065691378
23290 20620.3943678453485259743936650260236
23291 20621.1814779692920749579447981927762
23292 20621.8620008331591707522575869720048
23293 20622.9304779129726739809102347514532
23294 20623.7421170869235398506240796871904
23295 20624.9204923489568481339709970447132
23296 20625.3913660642925647350191038185379
23297 20625.8491465675353887104786922741510
23298 20626.9943732714825105216534987548771
23299 20627.2793982221229450628329875053638
23300 20627.8764409501363848963410806484769
23301 20628.8881799227858553780621962966344
23302 20629.9113738721558286644824525755782
23303 20630.6836044551130830618802992851388
23304 20631.3004183641859151331167361419377
23305 20632.2684969742343519505198540698637
23306 20633.1127382573420838422180494702799
23307 20634.0810717175194879864416266109305
23308 20634.2752067562960373072164678171351
23309 20635.2163301624044867710771569586997
23310 20636.3128215351499290015198291590210
23311 20636.8441069986863772255762335822342
23312 20637.5879833981443001149275080289219
23313 20638.3055729718923779108511599976264
23314 20638.6571785846263501352648689040279
23315 20639.5355766841877544295727834460492
23316 20641.1490278609018486152253961368134
23317 20641.7440988735590606808321942580641
23318 20642.3723441407407584833490979146092
23319 20643.3999299338848073510079629259598
23320 20643.6750327337496946917299756508445
23321 20644.5937225778152736481083547351622
23322 20645.1069069993198242035966726736177
23323 20646.1799780925849515969046829984568
23324 20646.9041785677557155253216687845230
23325 20647.3845288646220769874637977077586
23326 20648.4563679964813740315266535112648
23327 20649.3789143231688637168432828225399
23328 20649.9531311452457542693604153759635
23329 20650.9763653282703059823963258811206
23330 20651.3553573726013491134430415415355
23331 20652.7290690758197869823474960866847
23332 20653.4417769757770015301322682752981
23333 20653.9675579697525997095104269043062
23334 20654.6773703103618537175369262647844
23335 20654.9430353319940761293339973233984
23336 20656.2625698757230012304221614780340
23337 20656.8870856805837768638607674696520
23338 20657.2824050295421478295213648452657
23339 20658.8158845833957880415760850901282
23340 20659.5718348260387109395236448597597
23341 20660.3658718725612368715743031980440
23342 20661.1252282537786088736020936028363
23343 20661.5467007092253977719401084698629
23344 20662.3317170189934395831121996296691
23345 20663.0826307144694777632551535223369
23346 20664.0519406186690136833810398130246
23347 20664.7798225214074224178894996563025
23348 20665.7598606982916894868904594891643
23349 20665.8957871368384970211546880003542
23350 20666.8328082059226862284594289092566
23351 20667.7321193357435625533761073801076
23352 20668.9243202021740481415057919970289
23353 20669.7836139541307002886856038028323
23354 20670.2829308504612837396047015216047
23355 20670.9405434637272975613000881383766
23356 20671.9483654068133936828142418052074
23357 20672.6560547541984408786398064439291
23358 20673.1000271009512893396940237986729
23359 20673.6905912979124475075889069183702
23360 20674.4670286976733493192124358173151
23361 20675.7289663120376547710979757472002
23362 20676.5724283564287488558616131584772
23363 20677.2254182020648110617792719554874
23364 20678.2528375224885118293881530278714
23365 20678.6409442550876902899668890985209
23366 20679.4545430615576197033921901131025
23367 20680.4793930614952951168386084598477
23368 20681.0797806799323111569206061410675
23369 20681.7865415635228794130427842173441
23370 20682.7571167611531546444101452411782
23371 20683.2994411476264867732819343700298
23372 20683.6734301880164307131043031602340
23373 20684.9879089180564410270919341875556
23374 20685.4187804652976564777879382397997
23375 20686.5362766644446104929187838482314
23376 20687.7294081276532450010367055692562
23377 20688.4255096255715849964482418877246
23378 20688.9453217501937745511544058111739
23379 20689.4639972038368735321343163976757
23380 20690.1451946794298121532110372816771
23381 20690.9819984997607475265450875006605
23382 20691.8438773238623979746715643803103
23383 20692.7307686146769057913330955705223
23384 20693.4270835154783801725828509497907
23385 20693.8728578449998496395703330977379
23386 20695.3404826834979020623009701787815
23387 20695.9651963004053709968685288083846
23388 20696.5340929659413093909343251722376
23389 20697.2333815359007285836858287680066
23390 20698.5845463378837483350097435594333
23391 20698.7848717344397452564376408712199
23392 20699.8964022776419644244755505712237
23393 20700.3476840799125583426485412499296
23394 20701.1114263612283535703755361765576
23395 20701.7536865118750931912479224085515
23396 20702.2405823464680510830819430324194
23397 20703.5641430845022355136904249677293
23398 20704.8349061038130010503303699109525
23399 20705.3232472387011956398379695390785
23400 20705.8296328156366060443885623278941
23401 20706.7695950706082284192677854516526
23402 20707.5872862441040305559898850285296
23403 20708.0668165350670175210636114212404
23404 20708.9225912130787845320890870032241
23405 20709.5120106623090340149861221471891
23406 20710.5804680502863234023105804432746
23407 20711.3438527541579860945668531088117
23408 20712.0719854540831947765055986171467
23409 20712.5649355575709084246263367140183
23410 20713.5024585940885078233494506522429
23411 20714.8875889047552276220190401827651
23412 20715.1850533872746552944125870385379
23413 20716.2443822219833197386513134722605
23414 20716.9501582752221404746399359866100
23415 20717.3829818241467808745608222899786
23416 20718.2092555017748873542873964623741
23417 20718.8937747104614392972013711910109
23418 20719.6062735983055336619999197977757
23419 20720.3953272066230086697122810024097
23420 20721.2548618193588579281786382113113
23421 20722.4154969369961910414600917057280
23422 20723.2505421650218614424128423190234
23423 20723.8330023403080261788954490143977
23424 20724.7391523374994356584387583162461
23425 20725.0865215135882275375499238488011
23426 20725.6873447341783245293710366276570
23427 20727.3558499132194848911266908997879
23428 20727.7686788295290358391813679495488
23429 20727.9835588564834743653309300958828
23430 20728.9412971616769073048329591938214
23431 20729.7301460506987796551476071082114
23432 20730.4842288276600025805414188528408
23433 20731.6099212371963765340837294578110
23434 20732.3670908984527021261233806581428
23435 20733.2955864339061286668435089326503
23436 20734.0205821156594361091065725077832
23437 20734.8321861218242623116413696854245
23438 20735.3318521012597911874556939287020
23439 20735.8431643434595766251943635888408
23440 20736.8164023420327192389243678481275
23441 20737.2955040874169512635290799407426
23442 20738.6031956087927675635166821424526
23443 20739.0029042345046267291788791472286
23444 20740.3195716493462506578549180178393
23445 20740.7684933555171210639736431205656
23446 20741.4618921707982885617785229196413
23447 20742.5534562042922473036681476335406
23448 20743.1558355696158538390519576631268
23449 20744.0786262652633478225250448117730
23450 20744.6437768136110470071315982872861
23451 20745.3232392805881455857308247816179
23452 20746.3285206206102300876334904440861
23453 20746.8958769352126471412610176926344
23454 20747.5913647201216671953702071877125
23455 20747.8882915589692766860994620202055
23456 20749.3926259717055733215623365642214
23457 20750.7141435997282234357485824714284
23458 20751.0351801207511825809604501165586
23459 20751.8371198945432652541807601134891
23460 20752.1962196024080444894171706517457
23461 20753.2490910770420788646981371356203
23462 20753.9777683167394392939612216267663
23463 20754.4379593086222716323281376240377
23464 20755.5412651106984887086083240639100
23465 20756.2920706920965632350307991004955
23466 20756.9430428496552583398921578783909
23467 20757.5719564833227007043232255448615
23468 20758.9735598956927289129328747154246
23469 20759.3936725544327880924566248389887
23470 20760.0354935114171936005046787347727
23471 20761.1634416884373473324333322938189
23472 20761.9684171031699348032271628251984
23473 20762.6868842437940375988510263015660
23474 20763.3117426192931951142259542776719
23475 20763.9136852423731932348302980853596
23476 20764.3874593706944177406333705909689
23477 20765.2563638670976924065278177065280
23478 20766.4390165441030142960512415366373
23479 20767.1558970662299132097784987604559
23480 20767.9844781275740381503632671275645
23481 20769.1181497711420122553875657381494
23482 20769.6417476139758233040952360397919
23483 20770.2909979562493220445404922160992
23484 20770.8209428048565488052014998934012
23485 20771.7947221594020319458303300269506
23486 20772.4533759924919747775149563372785
23487 20773.5925404073981414192006126018842
23488 20773.9789658519617683504434787117266
23489 20774.8793342411790855419936473902631
23490 20775.2685646969711924590063292118324
23491 20776.3897838771277840709210078124549
23492 20777.1834962511254350937159057910913
23493 20778.4796674169246986216287525620512
23494 20779.0604365209790398015668049079480
23495 20779.6075838283342410045741859608118
23496 20780.3019981193815606836551182114164
23497 20781.0798060932264067565978341261947
23498 20781.7765350394163428070332719480678
23499 20782.6578807542094892260087481270525
