0 4.97120778188323492318439456326489642772777e-1
1 1.14859721575727787695987523181715028419878e-2
2 1.23452018070318196419500630456018012328825e-4
3 8.32355481385528254598443855027033951886377e-7
4 3.99222655134413761189079697212103326786856e-9
5 1.46160257601110272378903394686763444509991e-11
6 4.27454004553687896610838873950078930036871e-14
7 1.03096261346181206003353880077309922254210e-16
8 2.09976980814956198798600349196921992512915e-19
9 3.67814109550084221378206263485809242813764e-22
10 5.62285758732288202812601521895394599284992e-25
11 7.59176013040740899573643401091848485987487e-28
12 9.14334287902052364536990988961125175790830e-31
13 9.90610663324281932428242438338015246743859e-34
14 9.72469343305449478075318793853091580273956e-37
15 8.70459966671775115213086407313210835729100e-40
16 7.14348661117429781452658455567806228544295e-43
17 5.40097046861465687863229135929475320148001e-46
18 3.77845465422372355700704538594674900633111e-49
19 2.45540797309731734978193727547307946084859e-52
20 1.48737634558412430880569654254575598476407e-55
21 8.42528511799010961047745333601678917837340e-59
22 4.47580236295900986235438753954148083530265e-62
23 2.23577930063391797639478656449697399013844e-65
24 1.05272334981971879253707691993230893536595e-68
25 4.68273888631735582789686106264587277143867e-72
26 1.97190495510120693968671545981725614695039e-75
27 7.87602897895069336800703245826942830052947e-79
28 2.98910175366637291410233479583248105983127e-82
29 1.07971892491185432362234460493421652103443e-85
30 3.71787541158065913819296033966912763641251e-89
31 1.22215971011432419771760275464788418579240e-92
32 3.84066449715760066828445115320030244237618e-96
33 1.15529034315490117405658294609576072486195e-99
34 3.33051384867025030304939244931235792090349e-103
35 9.21226084050506471008055345844879308561277e-107
36 2.44753350537468705608212431199304963311985e-110
37 6.25239221237032858265519353426824998493985e-114
38 1.53724725506008673281313535146546196372456e-117
39 3.64103455010206487901052038472223430423693e-121
40 8.31521402598414625390709735065054135281556e-125
41 1.83254822377506864111378956106076873109759e-128
42 3.90049387469322512894708595096358840614892e-132
43 8.02415092179113044040334686058071294373291e-136
44 1.59665930459005335432076294051798659455161e-139
45 3.07513179699454688310562041260430062817718e-143
46 5.73647736252716003256075087581140694529751e-147
47 1.03713814520627968694945906718890187271781e-150
48 1.81846976238632539696984618371766632546795e-154
49 3.09393689867254528682082283271078791051472e-158
50 5.11093592293365371463016049928860207256616e-162
51 8.20184061090038208619221779199854213023283e-166
52 1.27930325939784160160064739471046060094960e-169
53 1.94047458702439103760145744489345599746834e-173
54 2.86370129314891954349046074604500796449685e-177
55 4.11375366748917035888327713253404628511051e-181
56 5.75490342127142472162073711510504264097144e-185
57 7.84365723602295547047838269303283230493794e-189
58 1.04199392496575829898128528306215411644067e-192
59 1.34976103102283823423409640705352317626444e-196
60 1.70556003253039959614740291902669428233259e-200
61 2.10311659988576455715513689588319187328433e-204
62 2.53167784715904022684876395344592256580949e-208
63 2.97618417511309746253053795541179798432521e-212
64 3.41798520206589192709290587347979333894003e-216
65 3.83608078018939793679106189568489410992281e-220
66 4.20878089475014363211191982560964873785557e-224
67 4.51560084624137697512862028668099154346846e-228
68 4.73915690428723228843798248547558776191552e-232
69 4.86681437753287428421823030472064811046148e-236
70 4.89186891771539725045114692268091590413747e-240
71 4.81410821213580222174895093384757915389565e-244
72 4.63969255999286826512321622877527672750996e-248
73 4.38039183304275646990800136019180096805421e-252
74 4.05230477102052124355380724899040848872966e-256
75 3.67424937594807418425197686249203266325004e-260
76 3.26604140638995133899439784280669445478736e-264
77 2.84687015974941981592484468411603315734612e-268
78 2.43394235629760028256425832677245350598341e-272
79 2.04150645546815369394836917702324858393214e-276
80 1.68030374929693433705340875375926051659921e-280
81 1.35743100920461860140340273883685658239426e-284
82 1.07655133488495252934065369611017390664687e-288
83 8.38360108062211707981505459315854272107052e-293
84 6.41202341176825201831343076914157808484082e-297
85 4.81743568344278716028121412802966593867352e-301
86 3.55613958006814772450229091808208140643967e-305
87 2.57969001314175986754044496672927607357173e-309
88 1.83934860342426447692319259111570522642209e-313
89 1.28928382532810038529089733093713220702622e-317
90 8.88585895062954885319106884837859032256237e-322
91 6.02273071080293352991398365167867311619640e-326
92 4.01518683666961963696058994440363401603303e-330
93 2.63335809096250724863728189394431844122389e-334
94 1.69933096165484117555930195113609607928898e-338
95 1.07914668141331174395393130609085618484239e-342
96 6.74507195663578563404485249816427466706103e-347
97 4.15015242103624121078452276358560248723184e-351
98 2.51408102313872513174466951000061853427163e-355
99 1.49967572398114247364413392833814646376085e-359
100 8.81012685890624012103830358068105952345250e-364
101 5.09795835129995250897725256397922617781909e-368
102 2.90603702243940621499471363093132403839516e-372
103 1.63213846424727642058344518992506590831798e-376
104 9.03281230744297039973345352369033111927196e-381
105 4.92671158317185941953122267492671705800244e-385
106 2.64860033828766619658998938631033738540875e-389
107 1.40364343028767832317635674527055234600704e-393
108 7.33386936764967946503326887562012258561129e-398
109 3.77832661843590329342819998843299921774614e-402
110 1.91959131851483308591701377174517891097623e-406
111 9.61862681113687590345939754832901702663658e-411
112 4.75404791903978924816660703850974654335076e-415
113 2.31798434967840886003940299090142422006606e-419
114 1.11507308504862108842653633400390465612404e-423
115 5.29286290482021098562722783052923820690046e-428
116 2.47924935572925902766652618339995743514998e-432
117 1.14614352380698945288304451667122555651136e-436
118 5.22989822602201006808516477598924238528303e-441
119 2.35574542966870364445700715828464421370069e-445
120 1.04758453093474805801348526277763638099985e-449
121 4.59959285329499251090847452917749141962118e-454
122 1.99417189321605275792329903631783846894078e-458
123 8.53810095242118999024370698614863657002499e-463
124 3.61041740139327695077546194610036570682010e-467
125 1.50796847297454984178291601623189165113378e-471
126 6.22166292941741296732169098075957702944305e-476
127 2.53594651734716426354497209293856642033364e-480
128 1.02125104430094678563466426585576081908791e-484
129 4.06370873109569675303668673121689212378959e-489
130 1.59789599058235071924710910456686734249139e-493
131 6.20937647665824813673279720543463856716441e-498
132 2.38483394815405517795969910559175774394391e-502
133 9.05347989492194648138255324497419387099204e-507
134 3.39747464573287854654226826061416695992438e-511
135 1.26042125433006130436583433395680190155045e-515
136 4.62305476186049303413321668687422981376265e-520
137 1.67660478760216781663549307314117730305102e-524
138 6.01249518388151689428226281974052325709155e-529
139 2.13223324787938590215661643772090213164982e-533
140 7.47831403576532041997413656896481557025077e-538
141 2.59414552342571341584553108242568978238534e-542
142 8.90100006754043312828872471231102664019060e-547
143 3.02112609463423530968073129163486183428626e-551
144 1.01441530865056180597522450291474228620852e-555
145 3.36984967298316723794395840538844046091115e-560
146 1.10760149997684319633271086807430487207073e-564
147 3.60217574180716498472921411944925873442820e-569
148 1.15926920128517528088395206887563844397200e-573
149 3.69207941365517937403194741065027151791397e-578
150 1.16373479769748192664894466721790976836312e-582
151 3.63046121736260649071890224296960966829821e-587
152 1.12104373089715661593672680673473987439731e-591
153 3.42660541816717166120133070665114371304955e-596
154 1.03684514240052648177615767751308143459617e-600
155 3.10598301464369272999673471075392533095682e-605
156 9.21184066834996985021029517789572851182876e-610
157 2.70509406696811149382050122713204006911186e-614
158 7.86562186156603651346663230719071748707037e-619
159 2.26477101715886971967331623329877866641885e-623
160 6.45775503190910578716921005555925900085779e-628
161 1.82360195766734654553573956405119534511941e-632
162 5.10028714854119290288651027255850977268778e-637
163 1.41286244881419052231784633971820234567480e-641
164 3.87677060787446630377810914832416910005069e-646
165 1.05372988123523280345365594166286461085471e-650
166 2.83727335045946194018475568405506462631737e-655
167 7.56848924807565123831357402925217508417795e-660
168 2.00021429539553380666118951762781500817185e-664
169 5.23752453202525362797599349414118074309364e-669
170 1.35887801232309004334622538742115786800794e-673
171 3.49351100682367303125771460415325804452367e-678
172 8.90006410869698400678537513445159371115803e-683
173 2.24696036027767242412214715478456200938785e-687
174 5.62199662909707938251085915374193312717995e-692
175 1.39411962609640333757274145439426402195036e-696
176 3.42645435655484706797745203951606470381083e-701
177 8.34730412400594434285725107521593859300050e-706
178 2.01569396585246415992896503235123912434660e-710
179 4.82503535160576466505807792374127508602646e-715
180 1.14497024021781161345608644260726704682575e-719
181 2.69355423893479787722836384292459731958919e-724
182 6.28224539257616793752620771459793862490034e-729
183 1.45271800505152335785202442797280057129830e-733
184 3.33076806600367411183590242167606146195163e-738
185 7.57222150737467374138180025646799501132204e-743
186 1.70701392988910982793921933540484588590695e-747
187 3.81596562322116464935729882060530886454660e-752
188 8.45948793881530364575104217945217604279628e-757
189 1.85983467031463507569624572152931867053192e-761
190 4.05521107923765248694117227523400763627209e-766
191 8.76959395250699239079759181079862089001622e-771
192 1.88100630537007451208983664420292399783686e-775
193 4.00187420869880589017991540482943755660455e-780
194 8.44532804344697804761185106348707979094443e-785
195 1.76793722399956626683094534382563308077804e-789
196 3.67139851436258872304090624399989383797329e-794
197 7.56358275228644601939831882437894740684174e-799
198 1.54586567290085001373717990460197899995239e-803
199 3.13458999827182375419989235680802961176325e-808
200 6.30624754575215116799016091143562329986625e-813
201 1.25880624316054930410645471702315638682819e-817
