1 0.02407866456007339
2 0.02398423842454369
3 0.02388981228901399
4 0.02379538615348429
5 0.02370096001795459
6 0.02360653388242489
7 0.02351210774689519
8 0.02341768161136549
9 0.02332325547583580
10 0.02322882934030610
11 0.02313440320477640
12 0.02303997706924669
13 0.02294555093371699
14 0.02285112479818730
15 0.02275669866265760
16 0.02266227252712790
17 0.02256784639159820
18 0.02247342025606850
19 0.02237899412053880
20 0.02228456798500910
21 0.02219014184947940
22 0.02209571571394970
23 0.02200128957842000
24 0.02190686344289030
25 0.02181243730736060
26 0.02171801117183090
27 0.02162358503630120
28 0.02152915890077150
29 0.02143473276524180
30 0.02134030662971210
31 0.02124588049418241
32 0.02115145435865270
33 0.02105702822312300
34 0.02096260208759330
35 0.02086817595206360
36 0.02077374981653390
37 0.02067932368100421
38 0.02058489754547451
39 0.02049047140994481
40 0.02039604527441511
41 0.02030161913888541
42 0.02020719300335571
43 0.02011276686782601
44 0.02001834073229631
45 0.01992391459676661
46 0.01982948846123691
47 0.01973506232570721
48 0.01964063619017751
49 0.01954621005464781
50 0.01945178391911811
51 0.01935735778358841
52 0.01926293164805871
53 0.01916850551252901
54 0.01907407937699931
55 0.01897965324146961
56 0.01888522710593991
57 0.01879080097041021
58 0.01869637483488051
59 0.01860194869935082
60 0.01850752256382112
61 0.01841309642829142
62 0.01831867029276172
63 0.01822424415723202
64 0.01812981802170232
65 0.01803539188617262
66 0.01794096575064292
67 0.01784653961511322
68 0.01775211347958352
69 0.01765768734405382
70 0.01756326120852412
71 0.01746883507299442
72 0.01737440893746472
73 0.01727998280193502
74 0.01718555666640532
75 0.01709113053087562
76 0.01699670439534592
77 0.01690227825981622
78 0.01680785212428652
79 0.01671342598875682
80 0.01661899985322712
81 0.01652457371769743
82 0.01643014758216773
83 0.01633572144663803
84 0.01624129531110833
85 0.01614686917557863
86 0.01605244304004893
87 0.01595801690451923
88 0.01586359076898953
89 0.01576916463345983
90 0.01567473849793013
91 0.01558031236240043
92 0.01548588622687073
93 0.01539146009134103
94 0.01529703395581133
95 0.01520260782028163
96 0.01510818168475193
97 0.01501375554922223
98 0.01491932941369253
99 0.01482490327816283
100 0.01473047714263313
101 0.01463605100710343
102 0.01454162487157373
103 0.01444719873604403
104 0.01435277260051433
105 0.01425834646498464
106 0.01416392032945494
107 0.01406949419392524
108 0.01397506805839554
109 0.01388064192286584
110 0.01378621578733614
111 0.01369178965180644
112 0.01359736351627674
113 0.01350293738074704
114 0.01340851124521734
115 0.01331408510968764
116 0.01321965897415794
117 0.01312523283862824
118 0.01303080670309854
119 0.01293638056756884
120 0.01284195443203914
121 0.01274752829650944
122 0.01265310216097974
123 0.01255867602545004
124 0.01246424988992034
125 0.01236982375439064
126 0.01227539761886094
127 0.01218097148333125
128 0.01208654534780155
129 0.01199211921227184
130 0.01189769307674215
131 0.01180326694121245
132 0.01170884080568275
133 0.01161441467015305
134 0.01151998853462335
135 0.01142556239909365
136 0.01133113626356395
137 0.01123671012803425
138 0.01114228399250455
139 0.01104785785697485
140 0.01095343172144515
141 0.01085900558591545
142 0.01076457945038575
143 0.01067015331485605
144 0.01057572717932635
145 0.01048130104379665
146 0.01038687490826695
147 0.01029244877273725
148 0.01019802263720755
149 0.01010359650167785
150 0.01000917036614815
151 0.00991474423061845
152 0.00982031809508876
153 0.00972589195955906
154 0.00963146582402936
155 0.00953703968849966
156 0.00944261355296996
157 0.00934818741744026
158 0.00925376128191056
159 0.00915933514638086
160 0.00906490901085116
161 0.00897048287532146
162 0.00887605673979176
163 0.00878163060426206
164 0.00868720446873236
165 0.00859277833320266
166 0.00849835219767296
167 0.00840392606214326
168 0.00830949992661356
169 0.00821507379108386
170 0.00812064765555416
171 0.00802622152002446
172 0.00793179538449476
173 0.00783736924896506
174 0.00774294311343536
175 0.00764851697790567
176 0.00755409084237597
177 0.00745966470684627
178 0.00736523857131657
179 0.00727081243578687
180 0.00717638630025717
181 0.00708196016472747
182 0.00698753402919777
183 0.00689310789366807
184 0.00679868175813837
185 0.00670425562260867
186 0.00660982948707897
187 0.00651540335154927
188 0.00642097721601957
189 0.00632655108048987
190 0.00623212494496017
191 0.00613769880943047
192 0.00604327267390077
193 0.00594884653837107
194 0.00585442040284137
195 0.00575999426731167
196 0.00566556813178197
197 0.00557114199625228
198 0.00547671586072257
199 0.00538228972519288
200 0.00528786358966318
201 0.00519343745413348
202 0.00509901131860378
203 0.00500458518307408
204 0.00491015904754438
205 0.00481573291201468
206 0.00472130677648498
207 0.00462688064095528
208 0.00453245450542558
209 0.00443802836989588
210 0.00434360223436618
211 0.00424917609883648
212 0.00415474996330678
213 0.00406032382777708
214 0.00396589769224738
215 0.00387147155671768
216 0.00377704542118798
217 0.00368261928565828
218 0.00358819315012858
219 0.00349376701459888
220 0.00339934087906918
221 0.00330491474353949
222 0.00321048860800979
223 0.00311606247248009
224 0.00302163633695039
225 0.00292721020142069
226 0.00283278406589099
227 0.00273835793036129
228 0.00264393179483159
229 0.00254950565930189
230 0.00245507952377219
231 0.00236065338824249
232 0.00226622725271279
233 0.00217180111718309
234 0.00207737498165339
235 0.00198294884612369
236 0.00188852271059399
237 0.00179409657506429
238 0.00169967043953459
239 0.00160524430400489
240 0.00151081816847519
241 0.00141639203294549
242 0.00132196589741579
243 0.00122753976188609
244 0.00113311362635639
245 0.00103868749082670
246 0.00094426135529700
247 0.00084983521976730
248 0.00075540908423760
249 0.00066098294870790
250 0.00056655681317820
251 0.00047213067764850
252 0.00037770454211880
253 0.00028327840658910
254 0.00018885227105940
255 0.00009442613552970
256 0.00000000000000000
