===== n_- grid: deterministic top-clustered =====
T,beta,f,N2,bound_rank/N,bound_s1/N,nneg1e9,nneg1e10,nneg1e12,eigmin
200,0.05,0.0000,0,0.716530,0.694241,0,0,0,3.291e-15
200,0.05,0.0050,1,0.713589,0.699121,0,0,0,-1.264e-14
200,0.05,0.0200,2,0.704829,0.689798,1,1,1,-1.733e-4
200,0.05,0.0800,10,0.617425,0.602158,8,9,9,-1.029e-2
200,0.10,0.0000,0,0.716530,0.694241,0,0,0,3.291e-15
200,0.10,0.0050,1,0.713446,0.699096,0,0,0,-5.338e-14
200,0.10,0.0200,2,0.704160,0.689215,1,1,1,-9.947e-3
200,0.10,0.0800,10,0.612452,0.597264,9,9,9,-4.142e-2
200,0.30,0.0000,0,0.716530,0.694241,0,0,0,3.291e-15
200,0.30,0.0050,1,0.711648,0.698640,0,0,0,-9.552e-13
200,0.30,0.0200,2,0.695977,0.681989,1,1,1,-1.893e-1
200,0.30,0.0800,10,0.550366,0.536063,9,9,9,-3.979e-1
200,0.50,0.0000,0,0.716530,0.694241,0,0,0,3.291e-15
200,0.50,0.0050,1,0.706139,0.696297,1,1,1,-1.534e-7
200,0.50,0.0200,2,0.672781,0.660949,1,1,2,-6.051e-1
200,0.50,0.0800,10,0.364401,0.352055,9,9,10,-1.251e0
300,0.05,0.0000,0,0.713534,0.702511,0,0,0,2.491e-17
300,0.05,0.0050,1,0.711361,0.703136,0,0,0,3.066e-18
300,0.05,0.0200,4,0.693359,0.684908,2,3,3,-8.561e-3
300,0.05,0.0800,16,0.610313,0.601866,13,13,14,-1.253e-2
300,0.10,0.0000,0,0.713534,0.702511,0,0,0,2.491e-17
300,0.10,0.0050,1,0.711249,0.703120,0,0,0,-1.868e-17
300,0.10,0.0200,4,0.692130,0.683765,3,3,3,-3.546e-2
300,0.10,0.0800,16,0.604383,0.596021,13,14,14,-5.098e-2
300,0.30,0.0000,0,0.713534,0.702511,0,0,0,2.491e-17
300,0.30,0.0050,1,0.709782,0.702759,0,0,0,-2.164e-13
300,0.30,0.0200,4,0.676250,0.668864,3,3,3,-3.617e-1
300,0.30,0.0800,16,0.527517,0.520131,14,14,14,-5.054e-1
300,0.50,0.0000,0,0.713534,0.702511,0,0,0,2.491e-17
300,0.50,0.0050,1,0.704851,0.700523,1,1,1,-2.628e-2
300,0.50,0.0200,4,0.624821,0.619814,3,3,3,-1.170e0
300,0.50,0.0800,16,0.276175,0.271158,14,15,15,-1.654e0
500,0.05,0.0000,0,0.711945,0.704598,0,0,0,1.377e-17
500,0.05,0.0050,2,0.706346,0.698994,1,1,1,-2.783e-3
500,0.05,0.0200,8,0.684602,0.677453,6,6,6,-1.416e-2
500,0.05,0.0800,30,0.598807,0.591577,26,26,26,-1.452e-2
500,0.10,0.0000,0,0.711945,0.704598,0,0,0,1.377e-17
500,0.10,0.0050,2,0.706068,0.698714,1,1,1,-2.408e-2
500,0.10,0.0200,8,0.682770,0.675627,6,6,6,-5.761e-2
500,0.10,0.0800,30,0.590921,0.583692,26,26,27,-5.913e-2
500,0.30,0.0000,0,0.711945,0.704598,0,0,0,1.377e-17
500,0.30,0.0050,2,0.702438,0.695039,1,1,1,-2.848e-1
500,0.30,0.0200,8,0.657601,0.650527,7,7,7,-5.790e-1
500,0.30,0.0800,30,0.484352,0.477127,27,27,27,-6.012e-1
500,0.50,0.0000,0,0.711945,0.704598,0,0,0,1.377e-17
500,0.50,0.0050,2,0.690389,0.682788,2,2,2,-9.373e-1
500,0.50,0.0200,8,0.563438,0.556505,7,7,7,-1.951e0
500,0.50,0.0800,30,0.101650,0.094373,27,27,28,-2.043e0

===== n_- grid: random-scattered (seed 7) =====
T,beta,f,N2,bound_rank/N,bound_s1/N,nneg1e9,nneg1e10,nneg1e12,eigmin
300,0.05,0.0000,0,0.713534,0.702511,0,0,0,2.491e-17
300,0.05,0.0050,1,0.683531,0.672509,0,0,0,-9.354e-13
300,0.05,0.0200,4,0.635094,0.624193,2,2,2,-1.919e-3
300,0.05,0.0800,16,0.373665,0.362647,12,13,14,-4.670e-3
300,0.10,0.0000,0,0.713534,0.702511,0,0,0,2.491e-17
300,0.10,0.0050,1,0.683057,0.672035,0,0,1,-9.573e-12
300,0.10,0.0200,4,0.633633,0.622733,2,2,2,-1.179e-2
300,0.10,0.0800,16,0.367028,0.356006,13,14,14,-1.954e-2
300,0.30,0.0000,0,0.713534,0.702511,0,0,0,2.491e-17
300,0.30,0.0050,1,0.677058,0.666024,1,1,1,-1.019e-7
300,0.30,0.0200,4,0.614657,0.603758,3,3,3,-2.046e-1
300,0.30,0.0800,16,0.282036,0.270968,16,16,16,-2.386e-1
300,0.50,0.0000,0,0.713534,0.702511,0,0,0,2.491e-17
300,0.50,0.0050,1,0.658184,0.647119,1,1,1,-2.961e-1
300,0.50,0.0200,4,0.551662,0.540766,4,4,4,-7.268e-1
300,0.50,0.0800,16,0.007974,-0.003217,16,16,16,-8.849e-1
500,0.05,0.0000,0,0.711945,0.704598,0,0,0,1.377e-17
500,0.05,0.0050,2,0.680283,0.672929,0,0,1,-1.346e-10
500,0.05,0.0200,8,0.606415,0.599114,6,6,6,-2.720e-5
500,0.05,0.0800,30,0.402959,0.395777,25,25,26,-6.059e-3
500,0.10,0.0000,0,0.711945,0.704598,0,0,0,1.377e-17
500,0.10,0.0050,2,0.679684,0.672330,1,1,1,-3.059e-4
500,0.10,0.0200,8,0.604289,0.596988,6,6,6,-9.068e-4
500,0.10,0.0800,30,0.395264,0.388098,26,26,26,-2.784e-2
500,0.30,0.0000,0,0.711945,0.704598,0,0,0,1.377e-17
500,0.30,0.0050,2,0.671660,0.664304,1,1,1,-4.973e-2
500,0.30,0.0200,8,0.575580,0.568284,8,8,8,-1.417e-1
500,0.30,0.0800,30,0.290710,0.283727,28,28,28,-3.947e-1
500,0.50,0.0000,0,0.711945,0.704598,0,0,0,1.377e-17
500,0.50,0.0050,2,0.642840,0.635479,2,2,2,-6.371e-1
500,0.50,0.0200,8,0.470254,0.462970,8,8,8,-7.357e-1
500,0.50,0.0800,30,-0.097243,-0.103675,30,30,30,-1.404e0
