===== PROBE 1: random-scattered (seed 7), T=300, fine f grid =====
beta,f,N2,pos_idx,tr/N,HS2/N,bound_rank/N,bound_s1/N,in_band,nneg_rel1e10
0.05,0.0010,0,none,0.994489,1.275443,0.713534,0.702511,true,0
0.05,0.0020,0,none,0.994489,1.275443,0.713534,0.702511,true,0
0.05,0.0030,1,(121,161),0.994489,1.305448,0.683531,0.672509,false,0
0.05,0.0040,1,(121,161),0.994489,1.305448,0.683531,0.672509,false,0
0.05,0.0050,1,(121,161),0.994489,1.305448,0.683531,0.672509,false,0
0.05,0.0100,2,(6,121),0.994538,1.330162,0.658914,0.647990,false,0
0.05,0.0200,4,(6,77),0.994550,1.354005,0.635094,0.624193,false,2
0.10,0.0010,0,none,0.994489,1.275443,0.713534,0.702511,true,0
0.10,0.0020,0,none,0.994489,1.275443,0.713534,0.702511,true,0
0.10,0.0030,1,(121,161),0.994489,1.305920,0.683057,0.672035,false,0
0.10,0.0040,1,(121,161),0.994489,1.305920,0.683057,0.672035,false,0
0.10,0.0050,1,(121,161),0.994489,1.305920,0.683057,0.672035,false,0
0.10,0.0100,2,(6,121),0.994538,1.331123,0.657954,0.647030,false,1
0.10,0.0200,4,(6,77),0.994550,1.355466,0.633633,0.622733,false,2
0.30,0.0010,0,none,0.994489,1.275443,0.713534,0.702511,true,0
0.30,0.0020,0,none,0.994489,1.275443,0.713534,0.702511,true,0
0.30,0.0030,1,(121,161),0.994483,1.311908,0.677058,0.666024,false,1
0.30,0.0040,1,(121,161),0.994483,1.311908,0.677058,0.666024,false,1
0.30,0.0050,1,(121,161),0.994483,1.311908,0.677058,0.666024,false,1
0.30,0.0100,2,(6,121),0.994540,1.343211,0.645870,0.634951,false,2
0.30,0.0200,4,(6,77),0.994550,1.374443,0.614657,0.603758,false,3
0.50,0.0010,0,none,0.994489,1.275443,0.713534,0.702511,true,0
0.50,0.0020,0,none,0.994489,1.275443,0.713534,0.702511,true,0
0.50,0.0030,1,(121,161),0.994468,1.330751,0.658184,0.647119,false,1
0.50,0.0040,1,(121,161),0.994468,1.330751,0.658184,0.647119,false,1
0.50,0.0050,1,(121,161),0.994468,1.330751,0.658184,0.647119,false,1
0.50,0.0100,2,(6,121),0.994546,1.380788,0.608305,0.597397,false,2
0.50,0.0200,4,(6,77),0.994552,1.437442,0.551662,0.540766,false,4

===== PROBE 2: top-clustered, T=300, bisect 1%-2% =====
beta,f,N2,tr/N,HS2/N,bound_rank/N,bound_s1/N,in_band
0.05,0.0150,3,0.995672,1.289827,0.701516,0.692859,false
0.05,0.0250,5,0.995686,1.303293,0.688079,0.679451,false
0.10,0.0150,3,0.995710,1.290641,0.700779,0.692199,false
0.10,0.0250,5,0.995726,1.304924,0.686527,0.677979,false
0.20,0.0150,3,0.995868,1.294113,0.697623,0.689358,false
0.20,0.0250,5,0.995889,1.312016,0.679762,0.671539,false
0.30,0.0150,3,0.996147,1.300726,0.691569,0.683863,false
0.30,0.0250,5,0.996178,1.326050,0.666306,0.658663,false

===== PROBE 3: random-scattered (seed 7), T=500, coarse =====
beta,f,N2,tr/N,HS2/N,bound_rank/N,bound_s1/N,in_band
0.05,0.0020,1,0.996329,1.287563,0.705095,0.697753,true
0.05,0.0050,2,0.996323,1.312363,0.680283,0.672929,false
0.05,0.0100,4,0.996339,1.345322,0.647356,0.640035,false
0.30,0.0020,1,0.996332,1.290008,0.702656,0.695320,false
0.30,0.0050,2,0.996322,1.320984,0.671660,0.664304,false
0.30,0.0100,4,0.996331,1.361726,0.630936,0.623598,false
