int psi^2 = 0.849227999318304
c (HS) = 1.327499296320588  2 - c = 0.672500703679412  (c_bound computed 0.672500703679412)

===== A. REAL world (all on-line): certificate + n_- =====
T,N,tr/N,HS2/N,bound_rank/N,bound_s1/N,rank1e6,nneg_rel1e9,nneg_rel1e10,nneg_abs1e12,eigmin
100,50,0.992343,1.265459,0.719228,0.703914,50,0,0,0,2.071e-6
200,123,0.988856,1.261182,0.716530,0.694241,121,0,0,0,3.291e-15
300,203,0.994489,1.275443,0.713534,0.702511,200,0,0,0,2.491e-17
400,289,0.995801,1.280378,0.711225,0.702828,284,0,0,0,-6.573e-17
500,380,0.996327,1.280708,0.711945,0.704598,374,0,0,0,1.377e-17
600,472,0.998163,1.287259,0.709068,0.705395,465,0,0,0,-2.259e-16
700,569,0.997518,1.283776,0.711259,0.706294,561,0,0,0,-4.610e-16
900,766,0.999009,1.290625,0.707393,0.705412,(eig skipped)
1100,972,0.999128,1.291160,0.707096,0.705352,(eig skipped)
1300,1183,0.999522,1.294078,0.704966,0.704010,(eig skipped)
NOISE-BAND bound_rank/N over T=100..1300: [0.704966, 0.719228]  (width 0.014262)
NOISE-BAND bound_s1/N  over T=100..1300: [0.694241, 0.706294]

===== B. SWEEP (deterministic top-clustered): certificate vs f, beta, T =====
T,beta,f,N2,tr/N,HS2/N,bound_rank/N,bound_s1/N,in_band,below_theory
200,0.05,0.0000,0,0.988856,1.261182,0.716530,0.694241,true,false
200,0.05,0.0050,1,0.992766,1.271943,0.713589,0.699121,true,false
200,0.05,0.0100,1,0.992766,1.271943,0.713589,0.699121,true,false
200,0.05,0.0200,2,0.992485,1.280140,0.704829,0.689798,false,false
200,0.05,0.0400,5,0.992332,1.309840,0.674825,0.659489,false,false
200,0.05,0.0800,10,0.992366,1.367308,0.617425,0.602158,false,true
200,0.10,0.0000,0,0.988856,1.261182,0.716530,0.694241,true,false
200,0.10,0.0050,1,0.992825,1.272204,0.713446,0.699096,true,false
200,0.10,0.0100,1,0.992825,1.272204,0.713446,0.699096,true,false
200,0.10,0.0200,2,0.992527,1.280895,0.704160,0.689215,false,false
200,0.10,0.0400,5,0.992373,1.312017,0.672729,0.657475,false,false
200,0.10,0.0800,10,0.992406,1.372361,0.612452,0.597264,false,true
200,0.20,0.0000,0,0.988856,1.261182,0.716530,0.694241,true,false
200,0.20,0.0050,1,0.993068,1.273303,0.712833,0.698968,true,false
200,0.20,0.0100,1,0.993068,1.273303,0.712833,0.698968,true,false
200,0.20,0.0200,2,0.992702,1.284083,0.701322,0.686727,false,false
200,0.20,0.0400,5,0.992538,1.321291,0.663785,0.648861,false,true
200,0.20,0.0800,10,0.992568,1.393967,0.591170,0.576307,false,true
200,0.30,0.0000,0,0.988856,1.261182,0.716530,0.694241,true,false
200,0.30,0.0050,1,0.993496,1.275343,0.711648,0.698640,true,false
200,0.30,0.0100,1,0.993496,1.275343,0.711648,0.698640,true,false
200,0.30,0.0200,2,0.993006,1.290035,0.695977,0.681989,false,false
200,0.30,0.0400,5,0.992823,1.338912,0.646734,0.632380,false,true
200,0.30,0.0800,10,0.992848,1.435330,0.550366,0.536063,false,true
200,0.50,0.0000,0,0.988856,1.261182,0.716530,0.694241,true,false
200,0.50,0.0050,1,0.995079,1.284019,0.706139,0.696297,true,false
200,0.50,0.0100,1,0.995079,1.284019,0.706139,0.696297,true,false
200,0.50,0.0200,2,0.994084,1.315387,0.672781,0.660949,false,false
200,0.50,0.0400,5,0.993822,1.417314,0.570329,0.557972,false,true
200,0.50,0.0800,10,0.993827,1.623254,0.364401,0.352055,false,true
200,1.00,0.0000,0,0.988856,1.261182,0.716530,0.694241,true,false
200,1.00,0.0050,1,1.008524,1.427011,0.590036,0.607083,false,true
200,1.00,0.0100,1,1.008524,1.427011,0.590036,0.607083,false,true
200,1.00,0.0200,2,1.001854,1.682043,0.321664,0.325371,false,true
200,1.00,0.0400,5,1.000525,2.770478,-0.769429,-0.768380,false,true
200,1.00,0.0800,10,1.000353,5.212623,-3.211916,-3.211210,false,true
300,0.05,0.0000,0,0.994489,1.275443,0.713534,0.702511,true,false
300,0.05,0.0050,1,0.995888,1.280414,0.711361,0.703136,true,false
300,0.05,0.0100,2,0.995836,1.284246,0.707426,0.699098,true,false
300,0.05,0.0200,4,0.995775,1.298191,0.693359,0.684908,false,false
300,0.05,0.0400,8,0.995783,1.330344,0.661221,0.652786,false,true
300,0.05,0.0800,16,0.995777,1.381241,0.610313,0.601866,false,true
300,0.10,0.0000,0,0.994489,1.275443,0.713534,0.702511,true,false
300,0.10,0.0050,1,0.995936,1.280623,0.711249,0.703120,true,false
300,0.10,0.0100,2,0.995880,1.284791,0.706969,0.698729,true,false
300,0.10,0.0200,4,0.995817,1.299505,0.692130,0.683765,false,false
300,0.10,0.0400,8,0.995826,1.333227,0.658424,0.650076,false,true
300,0.10,0.0800,16,0.995819,1.387256,0.604383,0.596021,false,true
300,0.20,0.0000,0,0.994489,1.275443,0.713534,0.702511,true,false
300,0.20,0.0050,1,0.996134,1.281509,0.710759,0.703028,true,false
300,0.20,0.0100,2,0.996061,1.287111,0.705011,0.697133,true,false
300,0.20,0.0200,4,0.995993,1.305195,0.686792,0.678779,false,false
300,0.20,0.0400,8,0.996004,1.345714,0.646293,0.638300,false,true
300,0.20,0.0800,16,0.995995,1.413397,0.578592,0.570582,false,true
300,0.30,0.0000,0,0.994489,1.275443,0.713534,0.702511,true,false
300,0.30,0.0050,1,0.996488,1.283194,0.709782,0.702759,true,false
300,0.30,0.0100,2,0.996384,1.291518,0.701250,0.694017,false,false
300,0.30,0.0200,4,0.996307,1.316363,0.676250,0.668864,false,false
300,0.30,0.0400,8,0.996321,1.370237,0.622405,0.615046,false,true
300,0.30,0.0800,16,0.996307,1.465097,0.527517,0.520131,false,true
300,0.50,0.0000,0,0.994489,1.275443,0.713534,0.702511,true,false
300,0.50,0.0050,1,0.997836,1.290822,0.704851,0.700523,false,false
300,0.50,0.0100,2,0.997611,1.311256,0.683966,0.679188,false,false
300,0.50,0.0200,4,0.997497,1.370172,0.624821,0.619814,false,true
300,0.50,0.0400,8,0.997527,1.488419,0.506635,0.501688,false,true
300,0.50,0.0800,16,0.997492,1.718809,0.276175,0.271158,false,true
300,1.00,0.0000,0,0.994489,1.275443,0.713534,0.702511,true,false
300,1.00,0.0050,1,1.010637,1.456767,0.564506,0.585779,false,true
300,1.00,0.0100,2,1.009350,1.704675,0.314024,0.332724,false,true
300,1.00,0.0200,4,1.008824,2.635445,-0.617796,-0.600148,false,true
300,1.00,0.0400,8,1.009115,4.211762,-2.193532,-2.175302,false,true
300,1.00,0.0800,16,1.008787,8.080068,-6.062494,-6.044920,false,true
500,0.05,0.0000,0,0.996327,1.280708,0.711945,0.704598,true,false
500,0.05,0.0050,2,0.996324,1.286302,0.706346,0.698994,true,false
500,0.05,0.0100,4,0.996364,1.293178,0.699550,0.692278,false,false
500,0.05,0.0200,8,0.996425,1.308249,0.684602,0.677453,false,false
500,0.05,0.0400,15,0.996408,1.335155,0.657661,0.650477,false,true
500,0.05,0.0800,30,0.996385,1.393963,0.598807,0.591577,false,true
500,0.10,0.0000,0,0.996327,1.280708,0.711945,0.704598,true,false
500,0.10,0.0050,2,0.996323,1.286577,0.706068,0.698714,true,false
500,0.10,0.0100,4,0.996364,1.294020,0.698709,0.691438,false,false
500,0.10,0.0200,8,0.996429,1.310087,0.682770,0.675627,false,false
500,0.10,0.0400,15,0.996410,1.338838,0.653982,0.646802,false,true
500,0.10,0.0800,30,0.996386,1.401850,0.590921,0.583692,false,true
500,0.20,0.0000,0,0.996327,1.280708,0.711945,0.704598,true,false
500,0.20,0.0050,2,0.996316,1.287777,0.704855,0.697488,false,false
500,0.20,0.0100,4,0.996366,1.297806,0.694926,0.687658,false,false
500,0.20,0.0200,8,0.996441,1.318281,0.674601,0.667484,false,false
500,0.20,0.0400,15,0.996419,1.355143,0.637695,0.630532,false,true
500,0.20,0.0800,30,0.996387,1.436776,0.555999,0.548773,false,true
500,0.30,0.0000,0,0.996327,1.280708,0.711945,0.704598,true,false
500,0.30,0.0050,2,0.996301,1.290163,0.702438,0.695039,false,false
500,0.30,0.0100,4,0.996366,1.305811,0.686920,0.679652,false,false
500,0.30,0.0200,8,0.996463,1.335324,0.657601,0.650527,false,true
500,0.30,0.0400,15,0.996433,1.388588,0.604277,0.597142,false,true
500,0.30,0.0800,30,0.996387,1.508423,0.484352,0.477127,false,true
500,0.50,0.0000,0,0.996327,1.280708,0.711945,0.704598,true,false
500,0.50,0.0050,2,0.996200,1.302011,0.690389,0.682788,false,false
500,0.50,0.0100,4,0.996338,1.351916,0.640761,0.633438,false,true
500,0.50,0.0200,8,0.996534,1.429630,0.563438,0.556505,false,true
500,0.50,0.0400,15,0.996469,1.567489,0.425448,0.418385,false,true
500,0.50,0.0800,30,0.996362,1.891073,0.101650,0.094373,false,true
500,1.00,0.0000,0,0.996327,1.280708,0.711945,0.704598,true,false
500,1.00,0.0050,2,0.993507,1.616001,0.371013,0.358026,false,true
500,1.00,0.0100,4,0.994976,3.367634,-1.377682,-1.387729,false,true
500,1.00,0.0200,8,0.996819,5.092491,-3.098854,-3.105217,false,true
500,1.00,0.0400,15,0.996164,7.747256,-5.754927,-5.762599,false,true
500,1.00,0.0800,30,0.995042,14.745579,-12.755495,-12.765411,false,true

===== C. SWEEP (random-scattered seed=7, T=300): certificate + n_- =====
beta,f,N2,tr/N,HS2/N,bound_rank/N,bound_s1/N,in_band,nneg_rel1e10
0.05,0.0000,0,0.994489,1.275443,0.713534,0.702511,true,0
0.05,0.0050,1,0.994489,1.305448,0.683531,0.672509,false,0
0.05,0.0100,2,0.994538,1.330162,0.658914,0.647990,false,0
0.05,0.0200,4,0.994550,1.354005,0.635094,0.624193,false,2
0.05,0.0400,8,0.994519,1.458110,0.530928,0.519965,false,5
0.05,0.0800,16,0.994491,1.615317,0.373665,0.362647,false,13
0.10,0.0000,0,0.994489,1.275443,0.713534,0.702511,true,0
0.10,0.0050,1,0.994489,1.305920,0.683057,0.672035,false,0
0.10,0.0100,2,0.994538,1.331123,0.657954,0.647030,false,1
0.10,0.0200,4,0.994550,1.355466,0.633633,0.622733,false,2
0.10,0.0400,8,0.994518,1.461317,0.527718,0.516754,false,6
0.10,0.0800,16,0.994489,1.621950,0.367028,0.356006,false,14
0.20,0.0000,0,0.994489,1.275443,0.713534,0.702511,true,0
0.20,0.0050,1,0.994487,1.307954,0.681019,0.669993,false,0
0.20,0.0100,2,0.994539,1.335244,0.653834,0.642912,false,1
0.20,0.0200,4,0.994550,1.361822,0.627278,0.616377,false,2
0.20,0.0400,8,0.994513,1.475201,0.513825,0.502851,false,7
0.20,0.0800,16,0.994481,1.650632,0.338330,0.327292,false,16
0.30,0.0000,0,0.994489,1.275443,0.713534,0.702511,true,0
0.30,0.0050,1,0.994483,1.311908,0.677058,0.666024,false,1
0.30,0.0100,2,0.994540,1.343211,0.645870,0.634951,false,2
0.30,0.0200,4,0.994550,1.374443,0.614657,0.603758,false,3
0.30,0.0400,8,0.994504,1.502494,0.486515,0.475524,false,7
0.30,0.0800,16,0.994466,1.706896,0.282036,0.270968,false,16
0.50,0.0000,0,0.994489,1.275443,0.713534,0.702511,true,0
0.50,0.0050,1,0.994468,1.330751,0.658184,0.647119,false,1
0.50,0.0100,2,0.994546,1.380788,0.608305,0.597397,false,2
0.50,0.0200,4,0.994552,1.437442,0.551662,0.540766,false,4
0.50,0.0400,8,0.994468,1.635951,0.352984,0.341920,false,8
0.50,0.0800,16,0.994404,1.980834,0.007974,-0.003217,false,16
1.00,0.0000,0,0.994489,1.275443,0.713534,0.702511,true,0
1.00,0.0050,1,0.994261,1.799218,0.189304,0.177826,false,1
1.00,0.0100,2,0.994623,2.306713,-0.317467,-0.328221,false,2
1.00,0.0200,4,0.994570,3.185932,-1.196791,-1.207651,false,4
1.00,0.0400,8,0.993986,5.194874,-3.206902,-3.218930,false,8
1.00,0.0800,16,0.993685,9.225638,-7.238267,-7.250896,false,16

===== D. Single-pair beta floor: n_- of full W with exactly one pair at the top =====
T=200 N=123  imb=beta*N/T=0.6150*beta
beta,imb,lambdamin_W,nneg_rel1e9,nneg_rel1e10,nneg_abs1e12,eigmin_paired
0.005,0.0031,-1.117385e-16,0,0,0,-1.117e-16
0.010,0.0062,-4.081504e-16,0,0,0,-4.082e-16
0.020,0.0123,-1.905338e-15,0,0,0,-1.905e-15
0.050,0.0308,-1.264288e-14,0,0,0,-1.264e-14
0.100,0.0615,-5.337864e-14,0,0,0,-5.338e-14
0.200,0.1230,-2.643838e-13,0,0,0,-2.644e-13
0.300,0.1845,-9.552194e-13,0,0,0,-9.552e-13
0.500,0.3075,-1.534317e-7,1,1,1,-1.534e-7
1.000,0.6150,-7.550831e-1,1,1,1,-7.551e-1
T=300 N=203  imb=beta*N/T=0.6767*beta
beta,imb,lambdamin_W,nneg_rel1e9,nneg_rel1e10,nneg_abs1e12,eigmin_paired
0.005,0.0034,-6.081219e-17,0,0,0,-6.081e-17
0.010,0.0068,-6.103206e-17,0,0,0,-6.103e-17
0.020,0.0135,-2.249243e-17,0,0,0,-2.249e-17
0.050,0.0338,3.066424e-18,0,0,0,3.066e-18
0.100,0.0677,-1.868235e-17,0,0,0,-1.868e-17
0.200,0.1353,-4.235271e-17,0,0,0,-4.235e-17
0.300,0.2030,-2.164193e-13,0,0,0,-2.164e-13
0.500,0.3383,-2.627749e-2,1,1,1,-2.628e-2
1.000,0.6767,-1.210367e0,1,1,1,-1.210e0

===== THRESHOLDS =====
band_min = 0.704966  (lower edge of real-data noise band, bound_rank/N)
theory 0.6725007 = 0.6725007037
T=200: real bound_rank/N = 0.716530 (within band: true); real bound_s1/N = 0.694241
T=200 beta=0.05: f_min_band=0.020 (cert 0.704829)   f_min_theory(0.6725)=0.080 (cert 0.617425)
T=200 beta=0.10: f_min_band=0.020 (cert 0.704160)   f_min_theory(0.6725)=0.080 (cert 0.612452)
T=200 beta=0.20: f_min_band=0.020 (cert 0.701322)   f_min_theory(0.6725)=0.040 (cert 0.663785)
T=200 beta=0.30: f_min_band=0.020 (cert 0.695977)   f_min_theory(0.6725)=0.040 (cert 0.646734)
T=200 beta=0.50: f_min_band=0.020 (cert 0.672781)   f_min_theory(0.6725)=0.040 (cert 0.570329)
T=200 beta=1.00: f_min_band=0.005 (cert 0.590036)   f_min_theory(0.6725)=0.005 (cert 0.590036)
T=300: real bound_rank/N = 0.713534 (within band: true); real bound_s1/N = 0.702511
T=300 beta=0.05: f_min_band=0.020 (cert 0.693359)   f_min_theory(0.6725)=0.040 (cert 0.661221)
T=300 beta=0.10: f_min_band=0.020 (cert 0.692130)   f_min_theory(0.6725)=0.040 (cert 0.658424)
T=300 beta=0.20: f_min_band=0.020 (cert 0.686792)   f_min_theory(0.6725)=0.040 (cert 0.646293)
T=300 beta=0.30: f_min_band=0.010 (cert 0.701250)   f_min_theory(0.6725)=0.040 (cert 0.622405)
T=300 beta=0.50: f_min_band=0.005 (cert 0.704851)   f_min_theory(0.6725)=0.020 (cert 0.624821)
T=300 beta=1.00: f_min_band=0.005 (cert 0.564506)   f_min_theory(0.6725)=0.005 (cert 0.564506)
T=500: real bound_rank/N = 0.711945 (within band: true); real bound_s1/N = 0.704598
T=500 beta=0.05: f_min_band=0.010 (cert 0.699550)   f_min_theory(0.6725)=0.040 (cert 0.657661)
T=500 beta=0.10: f_min_band=0.010 (cert 0.698709)   f_min_theory(0.6725)=0.040 (cert 0.653982)
T=500 beta=0.20: f_min_band=0.005 (cert 0.704855)   f_min_theory(0.6725)=0.040 (cert 0.637695)
T=500 beta=0.30: f_min_band=0.005 (cert 0.702438)   f_min_theory(0.6725)=0.020 (cert 0.657601)
T=500 beta=0.50: f_min_band=0.005 (cert 0.690389)   f_min_theory(0.6725)=0.010 (cert 0.640761)
T=500 beta=1.00: f_min_band=0.005 (cert 0.371013)   f_min_theory(0.6725)=0.005 (cert 0.371013)
T=300: smallest beta with n_- (rel 1e-10) >= 1 from a single pair: beta = 0.500
