0 4.97120778188314127e-01
1 1.14859721575727193e-02
2 1.23452018070317998e-04
3 8.32355481385527088e-07
4 3.99222655134413677e-09
5 1.46160257601109601e-11
6 4.27454004553684516e-14
7 1.03096261346180063e-16
8 2.09976980814952883e-19
9 3.67814109550077030e-22
10 5.62285758732274452e-25
11 7.59176013040728238e-28
12 9.14334287902042496e-31
13 9.90610663324274498e-34
14 9.72469343305444044e-37
15 8.70459966671771138e-40
16 7.14348661117427168e-43
17 5.40097046861464042e-46
18 3.77845465422371436e-49
19 2.45540797309731183e-52
20 1.48737634558412281e-55
21 8.42528511799010224e-59
22 4.47580236295900847e-62
23 2.23577930063391627e-65
24 1.05272334981971891e-68
25 4.68273888631736012e-72
26 1.97190495510120693e-75
27 7.87602897895069625e-79
28 2.98910175366637516e-82
29 1.07971892491185576e-85
30 3.71787541158066366e-89
31 1.22215971011432579e-92
32 3.84066449715760583e-96
33 1.15529034315490320e-99
34 3.33051384867025835e-103
35 9.21226084050508924e-107
36 2.44753350537469261e-110
37 6.25239221237034306e-114
38 1.53724725506009034e-117
39 3.64103455010207512e-121
40 8.31521402598416956e-125
41 1.83254822377507432e-128
42 3.90049387469323871e-132
