0.80000000000000004 1.3999999999999999 0.80000000000000004 1.3999999999999999 0.80000000000000004 1.3999999999999999
0.80000000000000004 1.4923076923076923 0.80000000000000004 1.4923076923076923 0.80000000000000004 1.4923076923076923
0.80000000000000004 1.5846153846153845 0.80000000000000004 1.5846153846153845 0.80000000000000004 1.5846153846153845
0.80000000000000004 1.676923076923077 0.80000000000000004 1.676923076923077 0.80000000000000004 1.676923076923077
0.80000000000000004 1.7692307692307692 0.80000000000000004 1.7692307692307692 0.80000000000000004 1.7692307692307692
0.80000000000000004 1.8615384615384616 0.80000000000000004 1.8615384615384616 0.80000000000000004 1.8615384615384616
0.80000000000000004 1.953846153846154 0.80000000000000004 1.953846153846154 0.80000000000000004 1.953846153846154
0.80000000000000004 2.046153846153846 0.80000000000000004 2.046153846153846 0.80000000000000004 2.046153846153846
0.80000000000000004 2.1384615384615384 0.80000000000000004 2.1384615384615384 0.80000000000000004 2.1384615384615384
0.80000000000000004 2.2307692307692308 0.80000000000000004 2.2307692307692308 0.80000000000000004 2.2307692307692308
0.80000000000000004 2.3230769230769233 0.80000000000000004 2.3230769230769233 0.80000000000000004 2.3230769230769233
0.80000000000000004 2.4153846153846157 0.80000000000000004 2.4153846153846157 0.80000000000000004 2.4153846153846157
0.80000000000000004 2.5076923076923077 0.80000000000000004 2.5076923076923077 0.80000000000000004 2.5076923076923077
0.80000000000000004 2.6000000000000001 0.80000000000000004 2.6000000000000001 0.80000000000000004 2.6000000000000001
0.86153846153846159 1.3999999999999999 0.86153846153846159 1.3999999999999999 0.86153846153846159 1.3999999999999999
0.86153846153846159 1.4923076923076923 0.86153846153846159 1.4923076923076923 0.86153846153846159 1.4923076923076923
0.86153846153846159 1.5846153846153845 0.86153846153846159 1.5846153846153845 0.86153846153846159 1.5846153846153845
0.86153846153846159 1.676923076923077 0.86153846153846159 1.676923076923077 0.86153846153846159 1.676923076923077
0.86153846153846159 1.7692307692307692 0.86153846153846159 1.7692307692307692 0.86153846153846159 1.7692307692307692
0.86153846153846159 1.8615384615384616 0.86153846153846159 1.8615384615384616 0.86153846153846159 1.8615384615384616
0.86153846153846159 1.953846153846154 0.86153846153846159 1.953846153846154 0.86153846153846159 1.953846153846154
0.86153846153846159 2.046153846153846 0.86153846153846159 2.046153846153846 0.86153846153846159 2.046153846153846
0.86153846153846159 2.1384615384615384 0.86153846153846159 2.1384615384615384 0.86153846153846159 2.1384615384615384
0.86153846153846159 2.2307692307692308 0.86153846153846159 2.2307692307692308 0.86153846153846159 2.2307692307692308
0.86153846153846159 2.3230769230769233 0.86153846153846159 2.3230769230769233 0.86153846153846159 2.3230769230769233
0.86153846153846159 2.4153846153846157 0.86153846153846159 2.4153846153846157 0.86153846153846159 2.4153846153846157
0.86153846153846159 2.5076923076923077 0.86153846153846159 2.5076923076923077 0.86153846153846159 2.5076923076923077
0.86153846153846159 2.6000000000000001 0.86153846153846159 2.6000000000000001 0.86153846153846159 2.6000000000000001
0.92307692307692313 1.3999999999999999 0.92307692307692313 1.3999999999999999 0.92307692307692313 1.3999999999999999
0.92307692307692313 1.4923076923076923 0.92307692307692313 1.4923076923076923 0.92307692307692313 1.4923076923076923
0.92307692307692313 1.5846153846153845 0.92307692307692313 1.5846153846153845 0.92307692307692313 1.5846153846153845
0.92307692307692313 1.676923076923077 0.92307692307692313 1.676923076923077 0.92307692307692313 1.676923076923077
0.92307692307692313 1.7692307692307692 0.92307692307692313 1.7692307692307692 0.92307692307692313 1.7692307692307692
0.92307692307692313 1.8615384615384616 0.92307692307692313 1.8615384615384616 0.92307692307692313 1.8615384615384616
0.92307692307692313 1.953846153846154 0.92307692307692313 1.953846153846154 0.92307692307692313 1.953846153846154
0.92307692307692313 2.046153846153846 0.92307692307692313 2.046153846153846 0.92307692307692313 2.046153846153846
0.92307692307692313 2.1384615384615384 0.92307692307692313 2.1384615384615384 0.92307692307692313 2.1384615384615384
0.92307692307692313 2.2307692307692308 0.92307692307692313 2.2307692307692308 0.92307692307692313 2.2307692307692308
0.92307692307692313 2.3230769230769233 0.92307692307692313 2.3230769230769233 0.92307692307692313 2.3230769230769233
0.92307692307692313 2.4153846153846157 0.92307692307692313 2.4153846153846157 0.92307692307692313 2.4153846153846157
0.92307692307692313 2.5076923076923077 0.92307692307692313 2.5076923076923077 0.92307692307692313 2.5076923076923077
0.92307692307692313 2.6000000000000001 0.92307692307692313 2.6000000000000001 0.92307692307692313 2.6000000000000001
0.98461538461538467 1.3999999999999999 0.98461538461538467 1.3999999999999999 0.98461538461538467 1.3999999999999999
0.98461538461538467 1.4923076923076923 0.98461538461538467 1.4923076923076923 0.98461538461538467 1.4923076923076923
0.98461538461538467 1.5846153846153845 0.98461538461538467 1.5846153846153845 0.98461538461538467 1.5846153846153845
0.98461538461538467 1.676923076923077 0.98461538461538467 1.676923076923077 0.98461538461538467 1.676923076923077
0.98461538461538467 1.7692307692307692 0.98461538461538467 1.7692307692307692 0.98461538461538467 1.7692307692307692
0.98461538461538467 1.8615384615384616 0.98461538461538467 1.8615384615384616 0.98461538461538467 1.8615384615384616
0.98461538461538467 1.953846153846154 0.98461538461538467 1.953846153846154 0.98461538461538467 1.953846153846154
0.98461538461538467 2.046153846153846 0.98461538461538467 2.046153846153846 0.98461538461538467 2.046153846153846
0.98461538461538467 2.1384615384615384 0.98461538461538467 2.1384615384615384 0.98461538461538467 2.1384615384615384
0.98461538461538467 2.2307692307692308 0.98461538461538467 2.2307692307692308 0.98461538461538467 2.2307692307692308
0.98461538461538467 2.3230769230769233 0.98461538461538467 2.3230769230769233 0.98461538461538467 2.3230769230769233
0.98461538461538467 2.4153846153846157 0.98461538461538467 2.4153846153846157 0.98461538461538467 2.4153846153846157
0.98461538461538467 2.5076923076923077 0.98461538461538467 2.5076923076923077 0.98461538461538467 2.5076923076923077
0.98461538461538467 2.6000000000000001 0.98461538461538467 2.6000000000000001 0.98461538461538467 2.6000000000000001
1.0461538461538462 1.3999999999999999 1.0461538461538462 1.3999999999999999 1.0461538461538462 1.3999999999999999
1.0461538461538462 1.4923076923076923 1.0461538461538462 1.4923076923076923 1.0461538461538462 1.4923076923076923
1.0461538461538462 1.5846153846153845 1.0461538461538462 1.5846153846153845 1.0461538461538462 1.5846153846153845
1.0461538461538462 1.676923076923077 1.0461538461538462 1.676923076923077 1.0461538461538462 1.676923076923077
1.0461538461538462 1.7692307692307692 1.0461538461538462 1.7692307692307692 1.0461538461538462 1.7692307692307692
1.0461538461538462 1.8615384615384616 1.0461538461538462 1.8615384615384616 1.0461538461538462 1.8615384615384616
1.0461538461538462 1.953846153846154 1.0461538461538462 1.953846153846154 1.0461538461538462 1.953846153846154
1.0461538461538462 2.046153846153846 1.0461538461538462 2.046153846153846 1.0461538461538462 2.046153846153846
1.0461538461538462 2.1384615384615384 1.0461538461538462 2.1384615384615384 1.0461538461538462 2.1384615384615384
1.0461538461538462 2.2307692307692308 1.0461538461538462 2.2307692307692308 1.0461538461538462 2.2307692307692308
1.0461538461538462 2.3230769230769233 1.0461538461538462 2.3230769230769233 1.0461538461538462 2.3230769230769233
1.0461538461538462 2.4153846153846157 1.0461538461538462 2.4153846153846157 1.0461538461538462 2.4153846153846157
1.0461538461538462 2.5076923076923077 1.0461538461538462 2.5076923076923077 1.0461538461538462 2.5076923076923077
1.0461538461538462 2.6000000000000001 1.0461538461538462 2.6000000000000001 1.0461538461538462 2.6000000000000001
1.1076923076923078 1.3999999999999999 1.1076923076923078 1.3999999999999999 1.1076923076923078 1.3999999999999999
1.1076923076923078 1.4923076923076923 1.1076923076923078 1.4923076923076923 1.1076923076923078 1.4923076923076923
1.1076923076923078 1.5846153846153845 1.1076923076923078 1.5846153846153845 1.1076923076923078 1.5846153846153845
1.1076923076923078 1.676923076923077 1.1076923076923078 1.676923076923077 1.1076923076923078 1.676923076923077
1.1076923076923078 1.7692307692307692 1.1076923076923078 1.7692307692307692 1.1076923076923078 1.7692307692307692
1.1076923076923078 1.8615384615384616 1.1076923076923078 1.8615384615384616 1.1076923076923078 1.8615384615384616
1.1076923076923078 1.953846153846154 1.1076923076923078 1.953846153846154 1.1076923076923078 1.953846153846154
1.1076923076923078 2.046153846153846 1.1076923076923078 2.046153846153846 1.1076923076923078 2.046153846153846
1.1076923076923078 2.1384615384615384 1.1076923076923078 2.1384615384615384 1.1076923076923078 2.1384615384615384
1.1076923076923078 2.2307692307692308 1.1076923076923078 2.2307692307692308 1.1076923076923078 2.2307692307692308
1.1076923076923078 2.3230769230769233 1.1076923076923078 2.3230769230769233 1.1076923076923078 2.3230769230769233
1.1076923076923078 2.4153846153846157 1.1076923076923078 2.4153846153846157 1.1076923076923078 2.4153846153846157
1.1076923076923078 2.5076923076923077 1.1076923076923078 2.5076923076923077 1.1076923076923078 2.5076923076923077
1.1076923076923078 2.6000000000000001 1.1076923076923078 2.6000000000000001 1.1076923076923078 2.6000000000000001
1.1692307692307693 1.3999999999999999 1.1692307692307693 1.3999999999999999 1.1692307692307693 1.3999999999999999
1.1692307692307693 1.4923076923076923 1.1692307692307693 1.4923076923076923 1.1692307692307693 1.4923076923076923
1.1692307692307693 1.5846153846153845 1.1692307692307693 1.5846153846153845 1.1692307692307693 1.5846153846153845
1.1692307692307693 1.676923076923077 1.1692307692307693 1.676923076923077 1.1692307692307693 1.676923076923077
1.1692307692307693 1.7692307692307692 1.1692307692307693 1.7692307692307692 1.1692307692307693 1.7692307692307692
1.1692307692307693 1.8615384615384616 1.1692307692307693 1.8615384615384616 1.1692307692307693 1.8615384615384616
1.1692307692307693 1.953846153846154 1.1692307692307693 1.953846153846154 1.1692307692307693 1.953846153846154
1.1692307692307693 2.046153846153846 1.1692307692307693 2.046153846153846 1.1692307692307693 2.046153846153846
1.1692307692307693 2.1384615384615384 1.1692307692307693 2.1384615384615384 1.1692307692307693 2.1384615384615384
1.1692307692307693 2.2307692307692308 1.1692307692307693 2.2307692307692308 1.1692307692307693 2.2307692307692308
1.1692307692307693 2.3230769230769233 1.1692307692307693 2.3230769230769233 1.1692307692307693 2.3230769230769233
1.1692307692307693 2.4153846153846157 1.1692307692307693 2.4153846153846157 1.1692307692307693 2.4153846153846157
1.1692307692307693 2.5076923076923077 1.1692307692307693 2.5076923076923077 1.1692307692307693 2.5076923076923077
1.1692307692307693 2.6000000000000001 1.1692307692307693 2.6000000000000001 1.1692307692307693 2.6000000000000001
1.2307692307692308 1.3999999999999999 1.2307692307692308 1.3999999999999999 1.2307692307692308 1.3999999999999999
1.2307692307692308 1.4923076923076923 1.2307692307692308 1.4923076923076923 1.2307692307692308 1.4923076923076923
1.2307692307692308 1.5846153846153845 1.2307692307692308 1.5846153846153845 1.2307692307692308 1.5846153846153845
1.2307692307692308 1.676923076923077 1.2307692307692308 1.676923076923077 1.2307692307692308 1.676923076923077
1.2307692307692308 1.7692307692307692 1.2307692307692308 1.7692307692307692 1.2307692307692308 1.7692307692307692
1.2307692307692308 1.8615384615384616 1.2307692307692308 1.8615384615384616 1.2307692307692308 1.8615384615384616
1.2307692307692308 1.953846153846154 1.2307692307692308 1.953846153846154 1.2307692307692308 1.953846153846154
1.2307692307692308 2.046153846153846 1.2307692307692308 2.046153846153846 1.2307692307692308 2.046153846153846
1.2307692307692308 2.1384615384615384 1.2307692307692308 2.1384615384615384 1.2307692307692308 2.1384615384615384
1.2307692307692308 2.2307692307692308 1.2307692307692308 2.2307692307692308 1.2307692307692308 2.2307692307692308
1.2307692307692308 2.3230769230769233 1.2307692307692308 2.3230769230769233 1.2307692307692308 2.3230769230769233
1.2307692307692308 2.4153846153846157 1.2307692307692308 2.4153846153846157 1.2307692307692308 2.4153846153846157
1.2307692307692308 2.5076923076923077 1.2307692307692308 2.5076923076923077 1.2307692307692308 2.5076923076923077
1.2307692307692308 2.6000000000000001 1.2307692307692308 2.6000000000000001 1.2307692307692308 2.6000000000000001
1.2923076923076924 1.3999999999999999 1.2923076923076924 1.3999999999999999 1.2923076923076924 1.3999999999999999
1.2923076923076924 1.4923076923076923 1.2923076923076924 1.4923076923076923 1.2923076923076924 1.4923076923076923
1.2923076923076924 1.5846153846153845 1.2923076923076924 1.5846153846153845 1.2923076923076924 1.5846153846153845
1.2923076923076924 1.676923076923077 1.2923076923076924 1.676923076923077 1.2923076923076924 1.676923076923077
1.2923076923076924 1.7692307692307692 1.2923076923076924 1.7692307692307692 1.2923076923076924 1.7692307692307692
1.2923076923076924 1.8615384615384616 1.2923076923076924 1.8615384615384616 1.2923076923076924 1.8615384615384616
1.2923076923076924 1.953846153846154 1.2923076923076924 1.953846153846154 1.2923076923076924 1.953846153846154
1.2923076923076924 2.046153846153846 1.2923076923076924 2.046153846153846 1.2923076923076924 2.046153846153846
1.2923076923076924 2.1384615384615384 1.2923076923076924 2.1384615384615384 1.2923076923076924 2.1384615384615384
1.2923076923076924 2.2307692307692308 1.2923076923076924 2.2307692307692308 1.2923076923076924 2.2307692307692308
1.2923076923076924 2.3230769230769233 1.2923076923076924 2.3230769230769233 1.2923076923076924 2.3230769230769233
1.2923076923076924 2.4153846153846157 1.2923076923076924 2.4153846153846157 1.2923076923076924 2.4153846153846157
1.2923076923076924 2.5076923076923077 1.2923076923076924 2.5076923076923077 1.2923076923076924 2.5076923076923077
1.2923076923076924 2.6000000000000001 1.2923076923076924 2.6000000000000001 1.2923076923076924 2.6000000000000001
1.3538461538461539 1.3999999999999999 1.3538461538461539 1.3999999999999999 1.3538461538461539 1.3999999999999999
1.3538461538461539 1.4923076923076923 1.3538461538461539 1.4923076923076923 1.3538461538461539 1.4923076923076923
1.3538461538461539 1.5846153846153845 1.3538461538461539 1.5846153846153845 1.3538461538461539 1.5846153846153845
1.3538461538461539 1.676923076923077 1.3538461538461539 1.676923076923077 1.3538461538461539 1.676923076923077
1.3538461538461539 1.7692307692307692 1.3538461538461539 1.7692307692307692 1.3538461538461539 1.7692307692307692
1.3538461538461539 1.8615384615384616 1.3538461538461539 1.8615384615384616 1.3538461538461539 1.8615384615384616
1.3538461538461539 1.953846153846154 1.3538461538461539 1.953846153846154 1.3538461538461539 1.953846153846154
1.3538461538461539 2.046153846153846 1.3538461538461539 2.046153846153846 1.3538461538461539 2.046153846153846
1.3538461538461539 2.1384615384615384 1.3538461538461539 2.1384615384615384 1.3538461538461539 2.1384615384615384
1.3538461538461539 2.2307692307692308 1.3538461538461539 2.2307692307692308 1.3538461538461539 2.2307692307692308
1.3538461538461539 2.3230769230769233 1.3538461538461539 2.3230769230769233 1.3538461538461539 2.3230769230769233
1.3538461538461539 2.4153846153846157 1.3538461538461539 2.4153846153846157 1.3538461538461539 2.4153846153846157
1.3538461538461539 2.5076923076923077 1.3538461538461539 2.5076923076923077 1.3538461538461539 2.5076923076923077
1.3538461538461539 2.6000000000000001 1.3538461538461539 2.6000000000000001 1.3538461538461539 2.6000000000000001
1.4153846153846155 1.3999999999999999 1.4153846153846155 1.3999999999999999 1.4153846153846155 1.3999999999999999
1.4153846153846155 1.4923076923076923 1.4153846153846155 1.4923076923076923 1.4153846153846155 1.4923076923076923
1.4153846153846155 1.5846153846153845 1.4153846153846155 1.5846153846153845 1.4153846153846155 1.5846153846153845
1.4153846153846155 1.676923076923077 1.4153846153846155 1.676923076923077 1.4153846153846155 1.676923076923077
1.4153846153846155 1.7692307692307692 1.4153846153846155 1.7692307692307692 1.4153846153846155 1.7692307692307692
1.4153846153846155 1.8615384615384616 1.4153846153846155 1.8615384615384616 1.4153846153846155 1.8615384615384616
1.4153846153846155 1.953846153846154 1.4153846153846155 1.953846153846154 1.4153846153846155 1.953846153846154
1.4153846153846155 2.046153846153846 1.4153846153846155 2.046153846153846 1.4153846153846155 2.046153846153846
1.4153846153846155 2.1384615384615384 1.4153846153846155 2.1384615384615384 1.4153846153846155 2.1384615384615384
1.4153846153846155 2.2307692307692308 1.4153846153846155 2.2307692307692308 1.4153846153846155 2.2307692307692308
1.4153846153846155 2.3230769230769233 1.4153846153846155 2.3230769230769233 1.4153846153846155 2.3230769230769233
1.4153846153846155 2.4153846153846157 1.4153846153846155 2.4153846153846157 1.4153846153846155 2.4153846153846157
1.4153846153846155 2.5076923076923077 1.4153846153846155 2.5076923076923077 1.4153846153846155 2.5076923076923077
1.4153846153846155 2.6000000000000001 1.4153846153846155 2.6000000000000001 1.4153846153846155 2.6000000000000001
1.476923076923077 1.3999999999999999 1.476923076923077 1.3999999999999999 1.476923076923077 1.3999999999999999
1.476923076923077 1.4923076923076923 1.476923076923077 1.4923076923076923 1.476923076923077 1.4923076923076923
1.476923076923077 1.5846153846153845 1.476923076923077 1.5846153846153845 1.476923076923077 1.5846153846153845
1.476923076923077 1.676923076923077 1.476923076923077 1.676923076923077 1.476923076923077 1.676923076923077
1.476923076923077 1.7692307692307692 1.476923076923077 1.7692307692307692 1.476923076923077 1.7692307692307692
1.476923076923077 1.8615384615384616 1.476923076923077 1.8615384615384616 1.476923076923077 1.8615384615384616
1.476923076923077 1.953846153846154 1.476923076923077 1.953846153846154 1.476923076923077 1.953846153846154
1.476923076923077 2.046153846153846 1.476923076923077 2.046153846153846 1.476923076923077 2.046153846153846
1.476923076923077 2.1384615384615384 1.476923076923077 2.1384615384615384 1.476923076923077 2.1384615384615384
1.476923076923077 2.2307692307692308 1.476923076923077 2.2307692307692308 1.476923076923077 2.2307692307692308
1.476923076923077 2.3230769230769233 1.476923076923077 2.3230769230769233 1.476923076923077 2.3230769230769233
1.476923076923077 2.4153846153846157 1.476923076923077 2.4153846153846157 1.476923076923077 2.4153846153846157
1.476923076923077 2.5076923076923077 1.476923076923077 2.5076923076923077 1.476923076923077 2.5076923076923077
1.476923076923077 2.6000000000000001 1.476923076923077 2.6000000000000001 1.476923076923077 2.6000000000000001
1.5384615384615385 1.3999999999999999 1.5384615384615385 1.3999999999999999 1.5384615384615385 1.3999999999999999
1.5384615384615385 1.4923076923076923 1.5384615384615385 1.4923076923076923 1.5384615384615385 1.4923076923076923
1.5384615384615385 1.5846153846153845 1.5384615384615385 1.5846153846153845 1.5384615384615385 1.5846153846153845
1.5384615384615385 1.676923076923077 1.5384615384615385 1.676923076923077 1.5384615384615385 1.676923076923077
1.5384615384615385 1.7692307692307692 1.5384615384615385 1.7692307692307692 1.5384615384615385 1.7692307692307692
1.5384615384615385 1.8615384615384616 1.5384615384615385 1.8615384615384616 1.5384615384615385 1.8615384615384616
1.5384615384615385 1.953846153846154 1.5384615384615385 1.953846153846154 1.5384615384615385 1.953846153846154
1.5384615384615385 2.046153846153846 1.5384615384615385 2.046153846153846 1.5384615384615385 2.046153846153846
1.5384615384615385 2.1384615384615384 1.5384615384615385 2.1384615384615384 1.5384615384615385 2.1384615384615384
1.5384615384615385 2.2307692307692308 1.5384615384615385 2.2307692307692308 1.5384615384615385 2.2307692307692308
1.5384615384615385 2.3230769230769233 1.5384615384615385 2.3230769230769233 1.5384615384615385 2.3230769230769233
1.5384615384615385 2.4153846153846157 1.5384615384615385 2.4153846153846157 1.5384615384615385 2.4153846153846157
1.5384615384615385 2.5076923076923077 1.5384615384615385 2.5076923076923077 1.5384615384615385 2.5076923076923077
1.5384615384615385 2.6000000000000001 1.5384615384615385 2.6000000000000001 1.5384615384615385 2.6000000000000001
1.6000000000000001 1.3999999999999999 1.6000000000000001 1.3999999999999999 1.6000000000000001 1.3999999999999999
1.6000000000000001 1.4923076923076923 1.6000000000000001 1.4923076923076923 1.6000000000000001 1.4923076923076923
1.6000000000000001 1.5846153846153845 1.6000000000000001 1.5846153846153845 1.6000000000000001 1.5846153846153845
1.6000000000000001 1.676923076923077 1.6000000000000001 1.676923076923077 1.6000000000000001 1.676923076923077
1.6000000000000001 1.7692307692307692 1.6000000000000001 1.7692307692307692 1.6000000000000001 1.7692307692307692
1.6000000000000001 1.8615384615384616 1.6000000000000001 1.8615384615384616 1.6000000000000001 1.8615384615384616
1.6000000000000001 1.953846153846154 1.6000000000000001 1.953846153846154 1.6000000000000001 1.953846153846154
1.6000000000000001 2.046153846153846 1.6000000000000001 2.046153846153846 1.6000000000000001 2.046153846153846
1.6000000000000001 2.1384615384615384 1.6000000000000001 2.1384615384615384 1.6000000000000001 2.1384615384615384
1.6000000000000001 2.2307692307692308 1.6000000000000001 2.2307692307692308 1.6000000000000001 2.2307692307692308
1.6000000000000001 2.3230769230769233 1.6000000000000001 2.3230769230769233 1.6000000000000001 2.3230769230769233
1.6000000000000001 2.4153846153846157 1.6000000000000001 2.4153846153846157 1.6000000000000001 2.4153846153846157
1.6000000000000001 2.5076923076923077 1.6000000000000001 2.5076923076923077 1.6000000000000001 2.5076923076923077
1.6000000000000001 2.6000000000000001 1.6000000000000001 2.6000000000000001 1.6000000000000001 2.6000000000000001
0.84999999999999998 1.3999999999999999 0.84999999999999998 0.84999999999999998 1.3999999999999999 0.84999999999999998
0.84999999999999998 1.3999999999999999 1.0833333333333333 0.84999999999999998 1.3999999999999999 1.0833333333333333
0.84999999999999998 1.3999999999999999 1.3166666666666667 0.84999999999999998 1.3999999999999999 1.3166666666666667
0.84999999999999998 1.3999999999999999 1.55 0.84999999999999998 1.3999999999999999 1.55
0.84999999999999998 1.7666666666666666 0.84999999999999998 0.84999999999999998 1.7666666666666666 0.84999999999999998
0.84999999999999998 1.7666666666666666 1.0833333333333333 0.84999999999999998 1.7666666666666666 1.0833333333333333
0.84999999999999998 1.7666666666666666 1.3166666666666667 0.84999999999999998 1.7666666666666666 1.3166666666666667
0.84999999999999998 1.7666666666666666 1.55 0.84999999999999998 1.7666666666666666 1.55
0.84999999999999998 2.1333333333333333 0.84999999999999998 0.84999999999999998 2.1333333333333333 0.84999999999999998
0.84999999999999998 2.1333333333333333 1.0833333333333333 0.84999999999999998 2.1333333333333333 1.0833333333333333
0.84999999999999998 2.1333333333333333 1.3166666666666667 0.84999999999999998 2.1333333333333333 1.3166666666666667
0.84999999999999998 2.1333333333333333 1.55 0.84999999999999998 2.1333333333333333 1.55
0.84999999999999998 2.5 0.84999999999999998 0.84999999999999998 2.5 0.84999999999999998
0.84999999999999998 2.5 1.0833333333333333 0.84999999999999998 2.5 1.0833333333333333
0.84999999999999998 2.5 1.3166666666666667 0.84999999999999998 2.5 1.3166666666666667
0.84999999999999998 2.5 1.55 0.84999999999999998 2.5 1.55
1.0833333333333333 1.3999999999999999 0.84999999999999998 1.0833333333333333 1.3999999999999999 0.84999999999999998
1.0833333333333333 1.3999999999999999 1.0833333333333333 1.0833333333333333 1.3999999999999999 1.0833333333333333
1.0833333333333333 1.3999999999999999 1.3166666666666667 1.0833333333333333 1.3999999999999999 1.3166666666666667
1.0833333333333333 1.3999999999999999 1.55 1.0833333333333333 1.3999999999999999 1.55
1.0833333333333333 1.7666666666666666 0.84999999999999998 1.0833333333333333 1.7666666666666666 0.84999999999999998
1.0833333333333333 1.7666666666666666 1.0833333333333333 1.0833333333333333 1.7666666666666666 1.0833333333333333
1.0833333333333333 1.7666666666666666 1.3166666666666667 1.0833333333333333 1.7666666666666666 1.3166666666666667
1.0833333333333333 1.7666666666666666 1.55 1.0833333333333333 1.7666666666666666 1.55
1.0833333333333333 2.1333333333333333 0.84999999999999998 1.0833333333333333 2.1333333333333333 0.84999999999999998
1.0833333333333333 2.1333333333333333 1.0833333333333333 1.0833333333333333 2.1333333333333333 1.0833333333333333
1.0833333333333333 2.1333333333333333 1.3166666666666667 1.0833333333333333 2.1333333333333333 1.3166666666666667
1.0833333333333333 2.1333333333333333 1.55 1.0833333333333333 2.1333333333333333 1.55
1.0833333333333333 2.5 0.84999999999999998 1.0833333333333333 2.5 0.84999999999999998
1.0833333333333333 2.5 1.0833333333333333 1.0833333333333333 2.5 1.0833333333333333
1.0833333333333333 2.5 1.3166666666666667 1.0833333333333333 2.5 1.3166666666666667
1.0833333333333333 2.5 1.55 1.0833333333333333 2.5 1.55
1.3166666666666667 1.3999999999999999 0.84999999999999998 1.3166666666666667 1.3999999999999999 0.84999999999999998
1.3166666666666667 1.3999999999999999 1.0833333333333333 1.3166666666666667 1.3999999999999999 1.0833333333333333
1.3166666666666667 1.3999999999999999 1.3166666666666667 1.3166666666666667 1.3999999999999999 1.3166666666666667
1.3166666666666667 1.3999999999999999 1.55 1.3166666666666667 1.3999999999999999 1.55
1.3166666666666667 1.7666666666666666 0.84999999999999998 1.3166666666666667 1.7666666666666666 0.84999999999999998
1.3166666666666667 1.7666666666666666 1.0833333333333333 1.3166666666666667 1.7666666666666666 1.0833333333333333
1.3166666666666667 1.7666666666666666 1.3166666666666667 1.3166666666666667 1.7666666666666666 1.3166666666666667
1.3166666666666667 1.7666666666666666 1.55 1.3166666666666667 1.7666666666666666 1.55
1.3166666666666667 2.1333333333333333 0.84999999999999998 1.3166666666666667 2.1333333333333333 0.84999999999999998
1.3166666666666667 2.1333333333333333 1.0833333333333333 1.3166666666666667 2.1333333333333333 1.0833333333333333
1.3166666666666667 2.1333333333333333 1.3166666666666667 1.3166666666666667 2.1333333333333333 1.3166666666666667
1.3166666666666667 2.1333333333333333 1.55 1.3166666666666667 2.1333333333333333 1.55
1.3166666666666667 2.5 0.84999999999999998 1.3166666666666667 2.5 0.84999999999999998
1.3166666666666667 2.5 1.0833333333333333 1.3166666666666667 2.5 1.0833333333333333
1.3166666666666667 2.5 1.3166666666666667 1.3166666666666667 2.5 1.3166666666666667
1.3166666666666667 2.5 1.55 1.3166666666666667 2.5 1.55
1.55 1.3999999999999999 0.84999999999999998 1.55 1.3999999999999999 0.84999999999999998
1.55 1.3999999999999999 1.0833333333333333 1.55 1.3999999999999999 1.0833333333333333
1.55 1.3999999999999999 1.3166666666666667 1.55 1.3999999999999999 1.3166666666666667
1.55 1.3999999999999999 1.55 1.55 1.3999999999999999 1.55
1.55 1.7666666666666666 0.84999999999999998 1.55 1.7666666666666666 0.84999999999999998
1.55 1.7666666666666666 1.0833333333333333 1.55 1.7666666666666666 1.0833333333333333
1.55 1.7666666666666666 1.3166666666666667 1.55 1.7666666666666666 1.3166666666666667
1.55 1.7666666666666666 1.55 1.55 1.7666666666666666 1.55
1.55 2.1333333333333333 0.84999999999999998 1.55 2.1333333333333333 0.84999999999999998
1.55 2.1333333333333333 1.0833333333333333 1.55 2.1333333333333333 1.0833333333333333
1.55 2.1333333333333333 1.3166666666666667 1.55 2.1333333333333333 1.3166666666666667
1.55 2.1333333333333333 1.55 1.55 2.1333333333333333 1.55
1.55 2.5 0.84999999999999998 1.55 2.5 0.84999999999999998
1.55 2.5 1.0833333333333333 1.55 2.5 1.0833333333333333
1.55 2.5 1.3166666666666667 1.55 2.5 1.3166666666666667
1.55 2.5 1.55 1.55 2.5 1.55
8 1.98 1.05 1.98 1.05 1.98
14 1.98 1.05 1.98 1.05 1.98
21 1.98 1.05 1.98 1.05 1.98
1.05 8 1.05 1.98 1.05 1.98
1.05 14 1.05 1.98 1.05 1.98
1.05 21 1.05 1.98 1.05 1.98
1.05 1.98 8 1.98 1.05 1.98
1.05 1.98 14 1.98 1.05 1.98
1.05 1.98 21 1.98 1.05 1.98
1.05 1.98 1.05 8 1.05 1.98
1.05 1.98 1.05 14 1.05 1.98
1.05 1.98 1.05 21 1.05 1.98
1.05 1.98 1.05 1.98 8 1.98
1.05 1.98 1.05 1.98 14 1.98
1.05 1.98 1.05 1.98 21 1.98
1.05 1.98 1.05 1.98 1.05 8
1.05 1.98 1.05 1.98 1.05 14
1.05 1.98 1.05 1.98 1.05 21
1.0683400561679242 1.2918958492743822 2.4934136433318352 2.1906366768774364 1.4777738765047725 1.3320348196659613
1.9957718839679746 0.96683546400928333 2.1818901100365533 2.8545071631748429 1.1206142865739275 2.8722028795832957
2.168093632750931 0.73974483898528021 1.604599165419532 2.7161997983187942 2.2436337497050554 1.3161821601752803
2.3348204083251662 1.0503373888637155 0.70398642385552024 0.89973900268761886 1.3502504623867633 1.6629828842551273
1.1660525707269274 2.5394410085620174 0.98323597322373624 0.82367269044300073 0.72916187886233974 1.9964200341622829
2.6368547609350035 2.0040531042342828 2.8299709028399587 2.3119534027300501 2.6513782934832308 2.8233445039382907
1.8654650227058827 2.8441823969193925 1.7374698501970607 1.1844329562249687 1.6294467686869016 2.1625973084988255
1.3272273261676366 2.7586350170205978 1.1426854381913358 1.3495708440257996 1.1471334966073183 1.3886161998607149
0.51255583429282947 2.0715113602491968 1.2059567685627957 0.67021922371986431 2.0420724431409516 0.94081580070300852
1.260970968048974 1.6022170271902951 0.87550585265675207 1.0448221577135874 1.6858327883338613 1.6909221377029797
1.1380808845487507 1.2439131703701203 1.1976677995344165 1.1514480312282438 1.7069039819982894 1.0299475908787765
1.7390764916826016 1.1156533145768439 2.5962066311673619 0.95032647523758773 2.6553907287730913 0.94574861211296857
2.3763283298431102 2.0278010095764127 1.0228875873215184 2.3996810528099881 1.1231514238372813 0.71392932996639491
2.0451418057952271 1.8424208275808389 2.0863167780381895 0.93593527172847057 1.1204112246411311 2.2120574615984978
0.70217911562726876 2.6876840018903154 1.5717359538499796 2.0459854884934447 1.2827637604627995 0.94740713823216893
0.52428031948863152 1.0251073961211326 2.6750016969291304 2.9320745059938966 1.6044808579777561 1.4468737370231333
1.1898677031703753 2.9152602730861044 0.64550651316460994 1.5218347471546372 0.92157211132121508 1.1003601460042196
2.4500196408355297 1.0094189903890309 1.8801273869040542 1.4174853551291686 1.7682043034808921 1.3335944917407145
1.206804185269696 1.2045757532630175 0.71345323030321939 1.7045341394517131 2.7083572362863855 2.8680694150250532
0.56845930481779705 2.7943806112563916 0.80381132371352404 2.369619399464522 2.7413018551242372 0.91982449984289072
1.3286580481670285 1.4453915640395063 1.3671223941854775 1.7906392527884067 0.52248506842832598 1.5566955112059586
2.6941443237790419 0.71851288213118325 1.7102120436450923 1.7030693183513255 2.4564287257996629 2.911398937845977
2.267741104088858 1.1843418022887406 2.1752832511746454 1.3688370068705962 2.4203195901372734 2.1894285406312153
2.9438300700681488 2.6667744739865529 0.61527003661486512 1.2258092827190801 2.6559777442227004 2.0021195851019131
1.3606448962127273 0.63900644197236356 2.407181674955245 0.50379696934763696 0.73210884809784005 2.9837603995141002
2.4400326930717213 2.6706771573156192 1.6928956289668209 0.92212160105581242 1.8349433028629141 1.5645796920663813
0.90757399151295559 0.91469392800178639 1.1453754208145543 2.8577289246644213 2.9670173546190535 2.2591660371512892
2.3078935334273809 2.3312445181054198 1.7934887962863881 0.94356577063841884 2.6941155173189233 2.7009758893739728
2.2738363819739549 2.833572017892716 2.9499954009985592 1.7586894553302841 2.3939237673962359 2.0415463085976278
0.7872226705263109 1.2899712003090764 0.66933474382474389 2.7171779452780669 0.55517599718729782 1.8432167585110133
0.94403026622682606 0.86748727341164167 0.91461120016212438 2.6923849472722519 1.7361753139476455 1.3522512383353487
2.9980245647043482 1.8649372393789969 1.2583278140134442 1.4266292520991324 2.2396671951332059 0.80061642159684454
2.395552970421913 2.7094190171222934 1.6878278619425942 1.5932617624155805 0.85778693317216081 1.5568556460244662
2.4110292359479111 1.5349582285897585 2.0498274216001278 0.60944870300529908 1.0493134343928163 1.009571785781233
2.9529337573770085 0.61137470474776845 1.0382962414990606 0.57849808488033905 2.0988381292283109 2.1329260544959023
1.3638037537581944 0.59088631183275964 1.5875261107109147 0.92832158441657497 1.5668105887878894 1.432025631549692
1.0527158411817856 2.6041023624714756 2.2315376238890785 1.6766129828069234 1.4992132827555507 0.77259971648258974
2.0075963793565492 1.7603798725764892 2.7634526648151212 2.9222747968951928 2.5239882276525658 2.6667406556604658
1.7394743158310604 1.4344555150784675 1.6974754844068813 1.8281064380755805 2.544241986268716 0.87751590314601491
2.0013972374579003 2.7649744574127464 1.0561600459308391 1.2196581354929958 2.6055365004384994 2.1296697342332647
2.9136623559830266 2.1052093383784602 2.8733322313931904 2.5671209630976808 2.1866699623340899 0.9749693715021247
1.0338329665279415 2.6575742797852171 1.3348098306320488 2.216089456316805 1.5884392971624108 1.6483718990580551
0.52643760007564444 2.5558061121078874 1.2786236605327161 1.3428336270037198 0.67900475311066555 2.0615676912514576
2.4465303760968191 1.7776031557106111 1.6942747077051581 2.4302678140766112 0.74180751672864154 1.8522958447250566
2.3722091430247287 1.4157692713513752 2.6903261908113163 1.6420379439598349 0.78974098590236941 2.9422257847264524
1.6397518322263309 2.3819728214885689 0.69563301451420578 2.5221011093861123 0.88000080969459149 0.81239071260414009
1.1910907561674506 1.5617684788483839 1.7132141957198359 1.5707313189238628 0.58634881668516869 1.9925781509788949
2.3548981863159799 2.9468846994711275 1.8853998703144366 2.8296711796210969 2.8799152720219801 1.0309883701569129
0.66594979682682109 0.92415474304755207 2.3610835546976143 1.1524227552123234 0.78059575202504039 2.8584688870089781
2.2089734805486785 2.8954493223034108 1.323774436888689 0.98064571727658678 0.84197192115987707 2.8584442408758957
0.91041297864952497 2.5058803760444786 1.0292077244916114 2.6572983481251438 0.64168644322815638 1.4535435250370576
1.5048274875985683 2.9406052911715905 2.744318328685321 1.4611295818240706 1.5617070831962336 2.2878635342022999
2.100285942553402 2.7353812700486628 2.2179844335444319 1.7882796783169779 2.7517106250357739 1.3274807444593009
1.4186162162120213 1.3785812051378117 1.7237797506535584 0.58682356655203394 1.6322668885418952 1.2915439223645864
1.1079626016520692 1.118567352942518 2.4938603527350276 1.4639776629105703 2.951859642303035 1.5318796287444623
2.2442684124658845 1.263431699196377 2.5662397505001664 1.0326748263036678 1.1879676595014304 1.2312958737517046
0.82339031630832937 2.376488804328782 1.5787893751370328 0.8148630212328174 1.8405341815608836 1.7208055540142242
1.7631265625635106 2.281249029209226 0.66632909869679746 1.7298550581248113 0.62901117129057971 2.9402298307226205
2.1497481044411577 0.92296318003405142 2.798908573738375 0.93747241578172613 1.3864721161180849 0.61871996911587801
1.4281611486132946 2.3285224034706182 0.80467543081208637 2.4424614234518227 1.5677054853282464 2.5058197816761383
0.93481848150424218 2.7558668530362773 2.3181557711524876 0.62055301059994084 1.6981211144824151 0.66382766442206931
2.3061493887019182 1.4081540834555875 2.4353845108400085 2.7063357489570059 0.94091224360832515 2.5259385545745214
1.4644065858778936 1.4556999376399835 2.1358099695049786 2.9353170454233668 2.2062196732738397 1.0526619075494208
0.50109271705953484 0.77848442932381179 1.2367220888796577 0.67232603444118089 0.6657685132997786 2.8658555812436677
0.87917718012289436 1.3348099035523764 2.9145677956534501 1.8342432940240156 2.2317095741607114 1.2189917139330788
2.1651503105337691 0.90764051063038487 1.3652232271589744 2.7665290808889296 2.3238802798352913 1.6555581413950942
1.6447241751242887 2.3557239391160114 1.4946301990192699 1.5812517168756197 1.9192761450181193 1.8993724919950692
1.6510946168254719 2.0112394953761754 0.87466385447320949 2.3472665906671009 0.9063857378174085 2.5214851151154916
1.9317620708915344 2.8395499069534824 1.543390389355658 2.1459255955211645 0.6836501334044649 1.2585757205793506
0.90552847745380927 2.171220312974202 0.80273686028497504 1.7462224190138125 1.1316804018863698 0.91958958398011759
2.5333677071077432 1.1095561068441191 0.69968078732991723 1.4810544991147792 1.0267939497871235 2.2850469603802308
2.0467462983165055 2.8723519604049841 2.6283557075383484 1.2652602654004992 2.6524542341391562 1.1324734478760239
2.6336273094802549 0.86250335301081038 2.8215653244988852 1.9111176744017164 1.6436507824153428 1.5073654342394414
1.443680456439687 0.89307911056028511 2.0780124701532436 1.3896382880089249 2.701087977919038 0.80916683150581714
1.6699533915196689 1.9633873357914635 2.3224320890772145 2.1380484514705009 1.5663305113781663 2.3288479164776916
2.2749865353211769 1.4539431535956135 1.5700364841913692 1.3862630957898534 2.4438311134806101 0.85745045052413693
2.5387961564582731 1.9703124260011735 1.427865889520318 2.856029354597116 2.8945293214800563 2.9215129121394914
0.75225440528151732 1.7264037288418819 2.8021051191233317 0.52216603176766507 1.2499039911169703 1.6487646235039843
1.1951117563362965 1.9287940974338864 1.8405217642175211 2.6102653954576795 1.0988179718999322 2.3901966512635884
1.733774856719283 2.9131783412240573 2.6457228685803624 0.55140485447564958 1.4989026760246977 1.1376242710364266
1.7201143747462317 2.9905272134730954 1.9480961385353437 0.67255322335410805 2.3684361037049229 1.002105424818202
1.6568855484618563 2.0898536345218162 2.7819885919842777 1.3532038810192084 2.1626080131363743 0.58830541866434505
0.6560641711626054 1.5635374642008941 1.9745425613775298 1.208436119185945 2.3566525435354286 1.3022099794627828
1.1755245848241995 2.23979289182201 2.2715308999078223 2.9404649307875816 0.831861975466064 0.74089397671046431
2.5793376581104961 1.1906359333921885 2.765522537463116 1.9290053591766627 2.0042990340960678 0.51176453331520499
1.9159537520176051 2.6762475051594161 2.9845447170831001 1.4515005133089314 0.91992074894462994 2.7595279618114836
1.53594685498553 1.6306987671426516 1.6729154292997728 1.8685886478570239 0.65159649468622383 0.53805686943836184
2.4177224959984693 2.0815805657833835 1.4853930367203683 2.1363332954610108 2.2819864256879563 1.2278220286819235
1.4799384966024949 1.1185195376809554 0.84529988628502406 1.9795077953485261 2.3441333857152094 2.0196321358271616
1.1385114667038296 2.103535098932714 1.5276446358956366 1.6163556083143924 0.53260564698039037 2.4475899616203671
2.7435162615412403 1.2290086385367216 1.4046438996633746 1.7287259917906006 1.4944765309528572 1.4235310471962421
2.3649154970497301 2.1339104276823058 1.3021325287962509 2.0864286451934193 2.2088083832010259 1.6001816103207753
1.1518928897072918 2.6572627534192814 0.51435703236618402 2.2982560909264262 2.5224202445169546 1.0273681943104855
1.9250026004711853 2.9552245912697495 1.2539650806303606 2.0379517512027707 1.5342858816348905 1.6025521060337795
2.3817791380929192 1.8628772922377916 1.1936297756158938 2.3535453380028892 1.8981316866202627 1.2698181136586755
1.9926676888417685 2.3555912717633185 0.66003245072774197 0.91359549859077527 1.3816172658024681 1.123120429497765
1.9159467286594318 0.62268155228165878 2.7940402889118636 2.3385583988218688 1.5489468300872595 0.87977215128804387
0.65684557036989144 2.3480030931478861 1.9162622185705871 1.5376424060400136 1.2847982099280901 0.6354252601704089
2.3960390016583437 1.0270356970358823 1.169270012088049 1.0821987771704549 1.9159351523011885 1.2259234180230021
0.77184594764004499 2.6818614697540242 0.93326888062586388 1.0399757208180165 2.3510928586049955 1.647943854935386
2.8368410189206625 2.736834242838698 1.902072527503204 0.90972459014319429 1.2695181937732001 2.1592972054880359
1.2430634964399527 1.7821097414156746 0.80569405483811984 1.9027902425177361 2.854494233038178 2.0561258011760293
1.2176668652668661 0.78935610568892378 1.9952325593713114 1.8789489366261636 2.3881650740105602 0.50465092173873249
0.88003623600565473 2.0375119394682097 1.9362716688944204 2.2562824152411989 2.7348482618254315 2.4200747541247436
2.0266208969676835 2.9853362221499102 1.3418938041086264 1.1021699592369054 1.1714555908676212 2.0706657583617463
0.79877668746417174 1.5197562029536131 1.3608045855172255 0.79811835688886101 2.5725973324379927 2.5847060019162353
1.1284889890016738 0.72284975111282745 2.0680682359366727 1.0099979854976453 1.9587717847634785 1.4767181299176935
2.6517223262670147 1.279382890990306 1.7994581872188053 0.70519668159788207 1.4111231974350993 2.7572103427202901
0.86341732439926533 2.3821577618366421 1.6259093201269361 1.9108255036144015 2.7362891228925021 2.7531322434117667
1.5896090108164747 2.9844920836985525 1.2111102797618316 1.0571315581476797 2.0405383551657419 1.9760299964741717
1.8017148948401496 1.267662307464865 1.5834225601097214 1.8661165434712041 0.56646719449220551 0.66240972402757037
0.59650578819106137 2.5973839276798136 2.0497624896089341 1.2832160008862892 1.9361846084085961 2.6931833019774643
0.74901731433049468 0.99075932911352149 1.3245599118189408 1.6454555466258729 1.3951102750328774 2.6211171126596846
1.863784863255417 0.69107220016895998 1.1575338216026627 1.7679913494963266 2.3974208244402693 2.071823921781371
2.9903887852377249 1.3062441520507788 2.0497846188610125 2.8980759817799511 1.6189751073930929 0.90266881092773932
1.0744453760791166 1.5070399130997496 0.81180413098499082 1.6878793052981185 2.9250457498704785 2.6955476461466317
1.9905659409304095 2.8424535533330184 2.0714338109502286 0.70172491609023036 2.1362565096634705 1.970934682178449
2.1139215275499703 1.1485415962835142 2.3318533340534731 1.834213481530018 2.9175527163073705 0.82111209967185528
1.8137178652003474 2.6321566964486545 0.91792740892599789 2.4298509579208112 2.8364094838218401 2.3448693205723528
2.1331720479263545 1.0408667021518445 2.8208579620353271 0.70584867290297404 1.4143451688618218 0.63935434368698207
1.6680026484097048 2.3421244503121637 1.7547123060930359 1.0849468299067491 2.0772824588692993 2.3460944342862216
1.1341089349863116 1.3206367458512025 1.0158655200003595 1.633352308788502 0.64718051173794344 1.5418914062805531
0.7112462815086058 1.1514016108083645 2.9776931398471338 0.67334723587426271 1.2377340696417234 1.4510922283032721
2.5764662652449735 0.78380657787423158 2.8195215211783573 2.3044123852432725 2.7465128987094425 2.5490920104644115
1.9692512521655245 0.63256564210650468 2.7587737895572606 1.9583175448475614 0.92366284906497242 2.8823259223567117
0.9097132162060404 0.98880357738578661 2.0134629296903341 2.3444275478594507 0.83007422452037338 1.4851785256948218
1.6217267343034272 1.6442503813094616 1.6975973609001869 1.6297215248112047 0.5437462247546252 2.8369092576261945
1.9436382237165062 2.2651918299385545 2.1570030871673649 2.8919634478518299 1.8842310999177745 1.3815961741386609
2.382094036335956 0.95498098492522732 1.9857873922306941 2.3468165400521848 1.9233249975966684 2.6027686389813551
0.8584948986884009 2.5362474781971791 2.8564777205823795 2.6243100865981694 1.4514890349179075 0.8825884221169229
1.9910276977197405 1.1497029989845085 2.2532950623326515 1.2890892157886806 2.2982432006524438 1.4758999655285532
1.6889758075048051 2.7768740547069415 1.4952426686488234 0.63170360568324413 2.9048339370800074 0.91267978145006268
1.2294512796511068 2.4127151087321188 0.50128109402969367 2.3949967565371884 1.7300625863266115 2.1736025319763002
1.3406490945967546 1.2580307771356449 2.8881181759683607 2.7360114376394198 2.0973040537739847 1.371782657267637
0.74992556219767459 0.665686014182021 1.1842764990772894 2.3372387709993139 1.1459351870667573 1.1454032030429588
1.818902845655747 2.4230010612043307 2.9538346256895469 2.9007914650884503 1.9248298950510754 2.1147489414123659
1.3339699432478946 0.87259646467194618 2.0728192357174393 0.88404649062416829 2.7252451760236704 0.86892720380865274
2.1699040716837628 0.63492087332977576 2.2180923540436508 0.99375167602584979 2.1379496318926265 2.5994027228450025
0.56450634095206098 1.3666644908495789 0.82649434305187097 1.1742554317316416 1.3740959324244786 2.9275892976419149
1.4110326327959184 2.2262248753484553 1.1768066368980015 1.118536917332698 1.4818436075849621 2.0376368807357323
1.9739393681032442 1.4999691766783405 0.95550052519834217 2.5820333400664026 1.8956528030102791 1.9842072083048277
2.3219819898200065 1.0288769741685819 2.8776036100177862 2.4783381378978762 2.4888066511211173 2.3697778635459628
1.0123805283819851 2.1296756934289567 1.1087459906966401 1.8229358735619732 2.7278595839996509 1.8345425853505417
0.66554422273654779 2.3615200055300871 2.9368410114697623 2.4525384437111617 2.1614608097920902 0.68944299870369108
1.2131420385739839 0.62443338627211675 1.5214368111169791 2.0913808919590187 2.5514038095983764 1.4496084667795746
1.4308560346983439 0.99070138820543452 0.62767362759960821 2.2263343134006646 1.5923627271023895 1.9418278445091761
2.2521301911173648 1.5001746277839012 2.6246243957797577 1.7016981470838637 1.8479940540955733 2.5392636558428814
1.2485911818161992 2.329542471129479 1.1783793574921719 2.4032569886534416 2.032346917114495 2.8906846806829547
1.6845874378015226 2.3182022647953842 0.66084869769705556 2.2893445380717137 1.8530443540123349 1.077082109090941
2.5038281410631908 0.99271600972140694 1.7608444992121477 2.1114803538193465 0.72195759609319798 1.9172360940125932
0.78561157107322788 2.7799319851194517 1.0604890757194143 1.9351863130034053 2.8458096696088839 1.6139836342611873
0.52779654611750249 1.4539899609448363 1.9840632190451979 1.8530881017884289 2.9068836217798442 0.73608860569786594
0.78666739727812285 1.4509768014822908 1.5904122227389477 2.5407911259179885 0.93548574661503081 0.55725214105833487
2.2518106331154799 1.6159488105519009 0.60217395270671981 2.8248732377828127 0.61349016577948312 1.6933505822558428
1.4024119162097208 2.8860747220321255 1.5549462325050292 1.0265113701229853 2.6511954596404186 1.8047660203158644
0.89862757970930862 0.84013991431379731 2.0009657415606448 0.65174134933349825 1.3655340468176651 2.2047107424110979
2.2893763609166826 2.1450931063279701 0.85096353035739491 0.54805054560623856 2.1206547223365453 1.4487787937965435
1.8788218737002942 0.8187473687549619 0.85288928030896982 0.91223453404308052 2.2807879303919192 1.0147018012301687
1.0296292184067055 2.5423310563812738 1.4332879929015894 2.5245895177762048 1.7542074709484619 1.9410688580479003
1.3932165180789233 1.6750717898110785 1.5088576137576992 1.8610506694343594 2.7304863726991049 2.0494835814887993
1.9521560161678626 2.0739700607198808 0.54187078364601837 1.0763216291458644 1.5363247576235719 2.9411593368948976
2.3539286887729434 2.7790502267460759 1.8924293786517918 2.6732937132268884 1.6631276805906219 2.766325651921905
2.9801371646600039 2.1623995442888546 1.7027716075139754 2.2776489430348832 2.8778113225278501 1.6592057441930501
2.2254567429075349 0.61850235978063761 1.9548370450803603 1.2598861765305365 2.4154181226984046 1.2300152925642363
2.0040326586466062 1.7456791310222257 2.993474736011311 2.67863574144517 0.71967921556947578 2.7830472641947299
2.4158699118071727 0.77852862825923141 2.3687520754472127 2.8000353974371159 1.2504726551770282 1.8890369650553107
0.88181074703732887 1.4216956438897708 1.7321917625890675 1.5808083810128504 0.97251142659469225 2.9551355747766817
0.54638290498044007 0.94102744382430559 1.247603440076875 1.1214938118243567 0.65062851978936587 1.5069579552572487
1.0992783987262422 1.3321642998819732 0.76876762834485646 2.6618272572737034 2.4651045830200715 0.5369300949554221
0.57936477776498418 2.1655007142785885 1.1761976958174942 1.3886916859071612 1.7128378686474697 2.862763740830693
0.80078249996744244 1.3980838089039693 2.4062015238820842 1.9724511264878939 1.4146105713033172 1.7767794279591209
0.58868029003707445 1.3718213703552147 2.2348500214188975 0.54313906531677092 1.7185248138579949 0.93454042906543422
0.97204841342876414 1.2537479979947628 1.037893987216205 0.78206658970663878 1.2108394249596035 2.4113559865352565
1.9583263219651226 2.4328590478597167 2.5945825011642265 2.2894528446670792 1.0110649888919183 1.4556666050491904
1.2456056252042667 2.3767738945338932 2.0427000461426061 2.0755055379542595 2.672323335479466 1.0942243110870014
1.1768299434224598 2.138987184363029 2.6231411748195712 0.52776592962776303 2.7803621337409656 1.1688443429120929
1.3107077854505338 2.1040746558396739 2.7896918785486466 0.66491245118692488 1.6705948603802654 2.5273819822878782
1.7404920681440688 2.0034638831205127 2.2873542556897331 2.0699635593924501 0.53580709007767302 2.7228694587265871
1.1123676325179699 1.5701715150096536 2.6104762225080598 1.375501542016571 1.5928875910141687 2.0162593574697496
1.375873681350348 1.1954492963518013 1.8034191506341386 0.94710036949738574 1.4887314770364672 1.0323022299770241
0.80883767662238271 2.9265828259355349 2.5589591758024612 2.8963541056946887 1.5433757299147641 1.1512561753930743
2.7499068887109619 1.1383920185676171 1.5728298047352425 2.0525721523302565 1.0301518819786397 1.7141388133729984
2.4774988462092598 1.999556960056561 1.3336134980030376 0.85774953315972891 1.6185234203473771 1.6642973017087401
1.1933125155791251 1.4727002709491628 1.449157551074078 0.77458065922252284 2.7620190991749878 2.4910041190978989
2.0136774580949508 1.1399177577758701 1.887963312242779 1.4158557001320773 1.0295132542155556 1.2006995398724616
1.9445464350014923 1.2488647426563175 2.0980786679038741 2.6485316103595711 2.347901835851693 2.7123247465079294
2.7068155497923008 2.3815989985810417 1.7157676341418819 1.045448304743045 0.63670355041894733 1.4606783231415019
0.79329786288429638 0.79196314055508044 1.2444354601094216 1.3537622116632968 2.941607053914749 0.85191431244657934
2.055382936966323 0.57653903983884636 2.6097944374831661 0.77315970455408956 1.471926582275751 1.7292452291730682
2.4792590264749093 1.6968617024985542 1.1890643746153771 2.4924926201065256 1.0013038219201711 2.9135054459245202
2.1202189260826279 0.56158250565819423 2.8963987373514706 2.6579024344199342 1.0067318943219288 2.9520437906087436
1.5507804084491388 2.9444583661976758 1.7890602333809755 1.5159858635353636 1.4267439045596717 2.3576559676905688
2.4240786456337942 2.547054013664523 2.4271311772278228 0.86768649883428783 0.62961719852721076 1.2531007398325462
1.3266288533286283 1.4696084122659867 1.9234172522470823 1.1842389278568071 2.9392926169291234 1.4440591819177984
1.0403208707645595 1.4990638635663385 1.6200086546007424 1.8723773709074281 0.969330598499208 1.6173100051321925
2.8502305294890919 0.8289320069333137 2.501561689125841 1.1085485301929305 1.3220343212323655 2.7257022793510521
1.6549075421866868 2.8175570808212465 0.53427486517199907 1.8814855435383444 0.6861800670517797 1.7629068185938717
2.392363931374712 0.85710931268544466 1.0524902012846513 2.6014137125063543 2.3787555050505897 1.927037205748104
1.9723079512175354 0.99060226909642346 1.7900245425826813 2.7464782402686945 1.5815847810262305 0.67753578613444532
2.85176904818531 2.4529411892863018 0.68558402377081529 1.5467734504044779 0.88091744376769676 2.7100335453048419
2.1362143788439862 2.8242959034144635 1.6744005670701321 2.9754237885821686 0.69029790111169542 1.0821678543312745
2.5203149151426572 1.9769741927586588 2.8018100787004094 1.433671969796618 0.50575273135342558 1.6706898210687278
0.84545385701837183 0.89392287994153452 1.0361661607112693 1.0058249309873795 1.554199514440415 1.9104888311778574
2.566460267222324 0.57098186515522076 0.65475856171442226 1.3611082725965911 1.5522641985625949 0.7457941806402455
2.4217801317062539 1.1363059233596253 2.969322815819627 2.1320644880029649 0.66907850895021359 2.7677980144905083
1.6289839326769724 2.5084058533944753 2.3058868065294265 1.2211321303619378 1.7344123911873783 0.62452093952643595
0.59935619427640963 1.3435532313642113 2.7938329115605613 2.3377746554156582 2.4115825491246419 1.5547304473289341
2.8931253874374976 1.9158971588069291 2.0123831160741918 2.7362235173731828 1.0859720021191457 1.054484054460338
1.8693426375107178 1.860556649696725 2.0841417848533044 0.75352377544893612 1.2026643328536417 1.144043749864599
1.7213719132267835 1.9715784720252185 1.5781190828946943 2.7183826710842602 1.5287408847986752 1.840906576586574
0.80444639112304772 1.7521327702739034 2.8796716334366601 2.7313103538354078 0.5313093602059491 2.9581384958472658
1.893874032870235 2.5421171099772759 1.0792409222453598 0.66376091979812579 2.7234751544589306 1.7224165075578617
1.1554925869271115 1.1549173342138979 1.4543977631615532 1.0519724607746141 1.1193041073904859 2.0124115273131391
2.8084065269043998 2.1138992559842551 1.8377525792322655 0.90253056056500591 0.51574752907356669 2.6373029365881893
2.6445855269310772 2.6808804042224779 0.9374606945490187 0.56563379541851022 1.6941734793090508 1.6311881244346487
1.7807048233159826 2.2925754174431874 2.6595318993841977 1.7320360223588211 2.4396116998286885 0.51403877528630892
1.0306097415258244 1.1166239036668024 1.4740074616953307 2.6537667239485403 0.93542548059435415 2.5879226305246852
0.89691987221979952 0.89236086549521731 1.4043607155617386 1.691170047993926 2.6479962633292007 1.9758023193001586
1.2242476151844499 0.88092354985688803 1.928551486490153 2.4240261916707952 1.6048743855276979 1.0652500102486557
1.2561100525459008 1.6266430703074357 2.6829208858110842 2.774126221404452 0.76364871168638637 0.67923667861548864
1.2136482225843779 0.50424345790902803 1.8106093459932502 2.892880346274127 2.4137041486372448 1.2795208222933638
0.54828823557738671 2.1195589586859631 2.3430750548170005 2.6639427973400132 2.6513802941127871 2.3351116616766512
1.8793551467699496 1.4539704451327338 1.3223125808690965 2.4735012152108524 2.0002449833298042 2.7937794281210944
2.4130160891922752 1.0890379860517636 0.79757544389619506 0.52213152648772221 0.69259495065512111 1.4079287477859401
2.8117712029564492 1.3119272505899788 0.57612980307198758 2.6180517404144297 1.630237751330438 1.8316308025692969
2.0977243495117071 0.74899577030851305 1.7993418312413361 1.2215144626346051 1.1118835092963892 0.56746846058133604
1.7091431473139331 0.61360738033136364 0.71778534651472392 1.9918039992842069 2.0699764467484263 2.6557614751708187
2.7903831044202931 1.7340337404856105 2.5582804311219416 0.94793183729818753 1.8505099554373583 2.8161047155621435
0.66142993593840438 2.4729257005453906 0.90185606802042839 0.60731944543171035 1.8408031498931492 2.6820181762053732
1.3328477225525046 1.0701106948821868 1.281381981573753 1.0679495710247817 1.7957842169801073 0.76541535272117722
0.94561363697594114 2.4462571306085441 1.0520288770261685 2.1801864124306443 1.6196809083998684 0.7763041853419288
1.4087044164849982 1.0438137257524294 2.4279991816211548 2.7426024875018098 2.2197942065810783 1.7416226266478327
2.9322488879005628 0.98329106194030769 0.70214517487588624 1.0321903122560598 1.7172415527990683 2.3593814546286795
0.7402278451427925 2.8552484271317216 1.7466402266296961 2.5163542139194228 2.2471690627332244 0.72597299735057108
2.5651984265438132 1.34585113594427 1.8663580438121667 2.0575015072969407 1.3644609475015459 1.1346441338257438
1.5254466781030069 2.3296942076058409 2.1320947998837716 1.7244631476294678 2.5372516827094569 0.98218602160116286
2.7241582751521918 1.4905197392648386 0.55377696688283273 1.8373017195054677 1.6821593592595536 1.1812343209321559
1.8371237094770285 2.2495889536741722 2.8389402134312447 0.58890165018598983 1.9528758983652514 2.9082802721192564
1.367125537035822 2.7821501035837208 1.3409067677474382 2.3439815214781374 1.5250467094785862 2.0890645108149064
2.1747366966627424 0.8603464775996279 0.95747577448108034 1.7876798678419248 0.89806037830583207 2.5728979601127002
2.1102781096154297 0.70056672965374944 2.6638793119583264 2.4998969752744915 2.6493291610077492 0.51514145119461852
0.74095915430906056 0.87961115916329446 0.71679228164167674 2.1188298611704579 2.9040350232943717 2.3204398822982641
0.65522016304805741 2.7433090957877395 1.356312474211367 1.6608945934373451 2.2949503406608782 1.9720650342587938
2.6762361262537482 0.99147992284250486 1.0667489226545701 0.84003511527856911 1.1330367697500592 1.7923450991922991
0.78165889770732477 2.6976353769983121 2.526680624008895 2.4137397528451556 2.8916914218432166 1.9027133668850431
2.2320041779714441 1.2044382912718223 2.7931231962023664 2.6188832522787502 2.1052582129899182 0.98251393394835396
1.9531294437021203 1.4052960313748104 1.0020290100579747 1.6959663415905308 2.0669811687194901 2.6892855461824934
1.4591764507614784 0.99272505898374486 1.2633457611917005 1.9324833051727075 2.0706274747498736 1.3358262481772869
2.6017666399926176 1.5579963241439367 1.8979288119761595 2.5074732116065968 2.7106945238114135 1.6810272210049113
0.57930862183755627 2.3886142087941256 0.90378268567355269 1.9533510867836605 2.7367308518936402 2.0218695285946593
2.6587042462996466 1.5608132064260793 0.77696024824142795 1.568666582125716 2.5787862690366019 1.1415798877510239
2.8948057063370412 0.86846468649841624 2.2430197152317324 2.4963476921275731 1.0992012321173723 2.3591340529413571
2.7899770087518698 1.3255716420120429 1.1538141054210667 1.2777704602424915 1.7661036963604109 2.7157638214123683
1.3343865036513707 2.8925655082743367 2.4379513463025466 1.9235829154791708 2.2058650893003207 2.9112944751818173
0.82029742163948161 1.7226257669345542 1.3084771555866133 2.8230249091137836 1.7823251396870072 1.3486696666816165
0.76099282371148058 2.7029600880319071 0.815314303028425 1.8123049532174562 2.5554559879251926 2.1731426556512128
2.5804711730851921 1.9631140451118165 2.3578146119382613 1.9511596580363748 1.6754202215818967 2.4646569393612263
1.3048314669687948 0.94430536791504904 0.7913492032222148 0.73261853445725422 2.2567895837778735 1.170619708366484
2.7791989291167227 0.88247481556560414 1.7630481049401792 2.5039388302895893 2.2776317944416644 0.55686575518157377
2.3942850908089532 2.8835435013475696 1.0787457845182806 2.5791804628334276 1.9243186096597462 1.0786607118844933
2.9455010702658107 2.7902057996679512 2.4943626977794979 0.50556103789987361 2.1651038796480253 1.6143268946844338
1.1644172453012918 2.6304134833202388 0.92321664379960322 0.80872978930656125 2.0057308845275417 2.0834308746723398
2.4502174937084398 1.2281445398192454 2.1523439822025492 2.3329752494601355 2.9122731015586458 2.9825391244309944
2.3873110201646579 1.2243974128249886 1.6016792146863461 1.1529026171074224 1.4481449898793184 0.89118925582001007
2.2530630848707718 0.89140635535615365 2.4488683547436647 1.5339461830660344 1.6148460700272167 2.8981729191971097
2.2546187644025419 0.61831720554898673 2.5749391485958606 1.9801701175641031 2.4883464507794262 1.794393326895162
1.8828836534964541 2.4275946287341377 2.0086816041805085 0.84391657248310281 2.4612527652991365 1.3143506297778682
1.0149407829683652 1.9096302703467383 1.253460335789857 2.5282588607078047 2.4510139098477213 2.9046492681356799
0.73214733441513202 2.3001076761827361 1.3104942823759576 2.7230260252969156 0.5959096912582289 1.4150341102281356
1.511291224548307 2.2726711593221429 0.92152828369420381 2.385470915702399 0.71855477612412555 1.8567654813226881
2.6695083342589521 1.9940779982015857 2.1374768423896922 2.3432055872145297 1.2687611285982969 1.5395933703139209
1.9439913793376884 1.4178016269743814 1.2827408976097332 2.9553040548738476 0.50470986420460529 1.1938721992399755
0.88554515524921928 1.5459032279878882 2.6959552778438787 2.0763408107839458 2.8394039337967421 0.72880206761745014
2.9632217770537737 2.588613093160578 2.7142128636808351 1.6299667557358726 0.7551508193502916 2.3104672721616035
0.74978879445780755 2.9778565079142783 0.86869857532763151 1.6983341793346771 1.636059139404217 0.84786864286519614
0.8736793352034018 1.5987025594797204 1.3235175815856306 1.8469524969760169 1.937235312288685 2.3286531703327453
2.0418277610398032 1.6592869081275894 1.8984181091415084 2.188737303305798 1.1463221178022824 2.3346102584880501
2.1896694091774007 2.1288824005503226 1.1673668713180134 1.2656718861232719 2.1700126722007331 0.63745839896470047
1.3263987498274681 1.4575138374506478 0.81641823166049521 2.0794440791742543 2.9646973684547149 2.8081714805518478
0.66856858002129016 1.8341935837494201 1.3512020842797716 2.9532858285206021 2.1159615469608908 2.507806047753387
0.57316728410273732 1.9093581181694219 1.0838193869197126 1.4744493236344782 1.7072324824142271 2.166946027632187
1.4775083195442402 2.5688624396906437 1.4027479076624556 1.1176404915778158 1.7207279087497902 2.7083171885128028
2.9291461738160618 0.79174300195236369 0.9093304296020106 0.68918914472366799 0.86955950149428041 2.7208670357527924
2.288240722708323 2.4656117989509134 2.4089993623520782 1.3171133845439436 1.5028636768031542 1.3683162348860041
1.8044151754309516 0.70284012411792696 1.8084582321052665 1.6048971348039203 1.935970784850271 2.8032087101443239
2.8453030737179485 1.5239530682732332 0.73723825490769657 2.931656065841044 0.90852703244912725 2.7786592033781701
0.79556925444176119 1.6204209556184697 1.2298154452895478 1.1594415751377671 1.7856470378674654 1.810900178609598
2.4563452319370285 1.8312377726423905 2.9062813810374464 2.1805019634663934 1.8662854200166201 2.5975977549313001
2.8752066357861685 0.99477548788781689 2.8223642822178765 2.7408839455334864 1.9885021054929815 1.8393687654481232
1.6616834534535159 2.3215442620714306 1.9887609369874673 1.9190548248721528 2.7463141215849527 2.7377341590335389
2.9912810329292583 1.5479017128961061 2.2776036592254831 0.71630405415143272 2.9825123252274501 1.7644584849179972
1.3920976976585382 2.2399908743824755 1.5680956445191865 1.9092313769850848 1.8030248161297591 2.3507727091622428
1.6189186414548824 0.62886403902771626 2.8014825309913349 2.678245719502943 1.4789281537297436 2.1557530932923821
2.1905345235797697 2.1251892966892161 2.3522999912025782 0.8134650063512614 1.1888182057318215 2.0475377940185924
2.5931388625452301 2.2580316240322356 0.94824245714411326 1.1008016072087257 2.1510791872921291 2.5853277528951693
1.898624845340616 1.5962567735412441 0.91387952433936726 0.75292953251553452 1.2710212093727744 2.2808870427959547
0.92288776586530163 1.5758005401193866 2.9088994407720494 2.5444003537571951 2.7384302294719656 1.971119968305707
2.4344471603216036 1.7622789639342651 1.4921177289500438 2.418600299299233 1.8915801498748328 1.3151574959837447
2.0752904594906267 2.9069094237356241 0.68737797849777249 1.4539117799093071 2.0099041284111507 2.7807684248245828
1.4998341962287549 0.98439916687098772 0.93301971180121934 1.6695524377727229 1.358543747939928 0.62639178499205261
