7.552338071619
8.349247989597
10.430082631982
11.999930451873
12.761883492668
14.283906240547
14.681605260500
15.694754127329
17.316054902411
18.267342681512
19.795478700956
20.473951195100
21.744111534111
23.211698062077
23.632061204472
24.733918692123
25.764352075326
26.578059814247
27.603958298904
29.707044651622
30.281230715938
31.011882321642
31.857564501097
32.879049299233
34.238314618145
34.664174861695
36.067501667205
36.690674954298
38.243607014710
38.968263726736
40.142495891673
41.151933032809
42.011234255011
42.679636010916
43.491225181684
44.172565386560
45.936186287612
46.951290155673
47.517140827504
49.015539982258
49.441718696939
50.155159489795
51.457367371870
52.280140745142
53.208128298452
54.047209745284
54.578375375866
56.178279857425
57.256526433865
58.202276351620
59.007046089987
