7.240457749029
8.726586020345
9.423981567983
10.876219132260
12.283532946068
13.063951955819
13.858371336844
16.006895204312
17.250142945055
17.759129318384
19.095181338614
19.942951228970
20.651594337286
22.098521386836
23.196890487189
24.722281294519
25.459191877811
26.173000176341
27.791223541479
28.574016128395
29.675359960153
29.942485344534
31.298319726464
32.370658041482
33.625594877727
35.186618025223
35.760408269506
36.275570117136
37.438660740178
38.136854135802
39.579759822378
40.346411727705
41.116592634633
42.506986725630
43.300128925392
44.603538005702
45.344420923046
46.210105496965
47.215151517974
48.034562604446
48.683193100381
49.304713327062
51.408406370323
52.068905824492
52.887452645084
53.697065901350
54.655658793197
55.565051459374
56.297340431911
57.621304718141
57.927232311884
