7.123108073419
7.677144974764
9.363122742745
10.455986288631
11.852307627066
12.722838808493
14.375109094906
15.781965331536
16.754072398894
17.208661054884
18.745881369456
19.423064921877
20.391515265438
22.428896441172
23.412545369928
23.927962099358
25.116022687290
26.093086605835
27.546661404011
27.931538026127
29.134683795664
29.828830418209
31.433201210725
32.529007853182
33.605582064244
34.452611294955
35.491231639613
35.998248699840
36.626031899747
38.602749531259
38.912118010801
40.265221196148
41.395356533128
42.173774204543
43.171358807074
44.070663298264
45.092155728457
46.165192357088
46.447289786429
47.530786340684
48.500118967811
50.166244148434
51.254070808240
51.697656135085
52.258965085828
53.532742691054
54.252342843096
55.305229784642
56.027610545406
57.048092985014
58.346528205361
58.993121578710
