23.907291707280
24.696370750026
26.318636925005
26.789660594932
27.468844398628
28.796503002648
29.320002532732
30.290133817867
31.681919100651
32.326228504640
33.335650038011
33.845515797088
34.939771876581
35.714231316556
37.022064625634
37.557901703397
38.902509960325
39.276294447496
40.149248596111
40.963072414608
42.179651857356
43.103751087609
43.722046923141
44.883781203906
45.400734561666
46.277480861287
46.985334455950
48.357063830507
49.087057665401
49.816932255557
50.682903254423
51.469473001637
52.196440644648
53.154421288791
54.056733798577
55.236950324725
55.875891559452
56.274689432423
57.351723405371
58.351374574633
58.798728157182
60.102821462429
60.949373886611
61.587675244486
62.358126656222
63.158433639407
