26.222078819652
27.090162699484
27.758362835145
28.837394530114
29.286742867051
29.858287076324
31.023030311169
31.768139337268
32.549009388368
33.133125300990
33.382251876491
34.410863477694
35.142442400998
35.824454657798
36.124072331768
37.383383603875
38.506492230015
39.128298473859
39.630749684759
40.307417265502
40.970231519106
41.561208599356
42.185803307993
43.153348436755
44.040134637518
44.440853841823
44.944984489461
45.714745329479
46.630521056291
47.365155931234
48.399282243720
48.865485406546
49.424782264251
50.265454941416
51.267484690249
51.554184228203
51.899750169160
52.629645265393
53.263499797877
54.371841231878
54.951047464643
55.986399828792
56.440580692927
57.377360623876
57.575938852184
58.714518358035
59.101251434769
59.652840946265
60.811862277550
61.112052148373
61.798603125799
62.487241102322
63.097882280252
63.696896337784
64.645224437006
64.941680175532
66.503888480909
66.991850746729
67.427962376428
68.186848909255
68.459280572215
69.230527494114
69.868483993782
70.664866993109
71.361400278658
71.779879534626
72.575908202907
73.426019597026
74.210228379619
74.925131428949
75.407297691220
75.983335013214
76.623852662932
77.810308355665
78.101700081272
78.648761050625
79.469429750753
80.045805865319
80.392779306498
81.102121644725
81.632980362444
82.957805865856
83.583824378528
84.164160315349
84.879489407945
85.342271988016
86.358138510307
86.562382450593
87.233639471933
87.692487994838
88.645902245446
89.068844545187
90.254120681888
90.586462571365
91.170177725517
91.429583348917
92.962592186453
93.127890974201
94.037451453440
94.614742295798
95.517371030978
95.931613713436
96.300847424556
97.212300003379
97.693014689207
98.201626518412
98.949422807424
99.389492432697
100.302420828368
101.207008613178
102.001710527741
102.506997863230
103.307786577221
103.490302781596
104.023740596652
104.787185947771
105.781204787403
106.336252618390
106.864522292276
107.344241550037
107.852892123889
108.709094630593
109.352863996450
109.969768812643
110.732198749003
111.397656809842
112.288932142321
112.912783684746
113.434607848911
113.891681206768
114.672101346226
114.961208644736
115.639129581884
116.181183700116
117.087748585171
117.665171458854
118.395550651318
