7.878685216913
9.165256769086
9.698072159284
12.371329043136
12.917172723828
14.184167354965
14.980776772929
16.244521920540
16.906751407188
18.434195376231
19.845500816939
20.782915082324
21.892592910276
22.708326862476
24.304670631930
25.192986031607
25.425173897799
26.797577244782
27.741075394943
29.309780982717
30.344832575931
31.731670056554
32.043638946290
32.852579301490
33.836383787331
35.311196805585
36.002155830974
36.811025343770
38.218229009900
39.039543545349
40.330301468868
41.162447244884
42.061594275336
42.887995345248
43.888352442575
44.485114198984
45.229321150296
47.059094015751
48.247590929483
48.744909720409
49.297912473342
50.751115914990
51.408840535304
52.246569381399
53.329556136807
54.187569241826
54.869404926187
56.091925031637
57.000247980037
58.551541429410
58.923754047961
