7.328327770459
8.634396209918
9.413014212093
11.314551952800
12.171589904774
12.965958642294
14.140638882772
15.096417179020
17.372493253148
17.760046756133
19.349222025789
19.942954656184
20.795740663893
21.965786100146
23.388688587583
24.214149822850
24.967731066191
26.638729733051
27.680525604361
28.619716850786
29.475297002449
30.818487679571
30.975462567735
32.159254800748
33.186742178758
34.943609960920
35.737617917697
36.860671556797
37.054981393594
38.438289823439
39.608319513337
40.371426443799
41.128893704773
41.969730350306
43.570833965586
43.895230834488
45.645222129099
46.623790308036
47.075517319180
47.970217837655
48.760511661110
49.547575462374
50.962859701166
51.600128873098
52.987285000299
53.832968551048
54.616561248596
55.605827846015
56.556708392392
57.234875642573
58.601153596242
