7.194317597404
8.475032823327
10.116155793429
11.100341175709
12.924522439614
13.905818428246
14.625733857237
16.276161798056
17.234804517394
18.063232120118
19.010804341504
19.923484640032
22.084410518569
22.884746256158
23.626437965565
24.823478548971
25.595437284442
26.563224375742
27.580416434049
28.908103614841
30.006511055336
30.547963431741
32.239678470083
33.025634376792
34.146874260764
34.875441148694
35.587958811816
36.819836473809
37.268692872228
38.846315173272
40.278039310905
40.910758594501
42.004538248421
42.530861625467
43.270856422393
45.085695023710
45.434917254319
46.176168548343
47.164134798387
48.521522952943
49.536553999467
50.407065853959
51.559572798229
52.449191539566
52.806402931294
53.957720986913
54.378545903324
55.860457158023
56.823196305369
58.106817027439
58.694736960275
