8.472661824236
10.473842665673
10.993213734236
12.370524824087
13.502494716516
14.062403814705
15.262873509552
17.259874158246
18.232115760950
18.939182592509
20.353183864554
21.205351059366
22.365561203203
23.466036994892
24.002912656998
25.278414137228
26.393768611485
28.054753174507
28.895888142871
29.755587756837
30.698121691756
30.994333393959
32.658028546248
33.750198411917
34.194673876318
35.978674362641
36.795314786827
37.505340831122
38.626542710282
39.897814949072
40.540912302087
41.298513574778
42.196305239783
42.879921945753
44.589723734272
45.877341581718
46.389026352810
47.199840256112
48.249803155693
49.026860355158
49.913926730591
50.773162799720
52.101972141461
52.774212602133
53.547868226596
54.883953991644
55.899271001568
57.054376607566
57.410032000277
58.206481798917
