25.707151320688
26.042090766837
26.723343724955
27.304470400545
28.428659458260
29.262922202735
30.008230927955
30.813703263678
31.642918578510
32.261122303514
33.028212397909
33.464299678892
34.436971237522
34.908966429377
36.203298146305
36.649245708830
36.889800795086
37.510208338309
38.538983227915
39.520114567379
40.606026730685
40.969015841321
41.801099674540
42.267151669769
43.128228710133
43.605407316060
44.246892914420
44.938163155240
45.769290355704
46.348763869839
47.231495451892
48.044703451120
48.813028912673
49.414526757744
50.142665210743
50.412322598212
51.953757578622
52.239906330475
52.875440641414
53.557249852495
53.810874179742
54.853301739154
55.473609547595
56.101616846029
56.676521321316
58.026264829286
58.693955452873
59.133567454546
60.010751096042
60.463147614863
60.982945628838
61.415997019688
62.610334359280
63.039006986998
63.861709381192
64.369406606629
65.303180419690
65.554335010062
66.409069804920
67.403855476070
68.122998404168
68.739873563629
69.222774741102
69.993705480827
70.885953171127
71.174875860168
71.883624866795
72.516095285620
72.851430922911
73.543375804014
74.707839301496
75.659784818873
76.146534351765
76.586975599955
77.366685163099
78.043398973427
78.815410464465
79.015078824888
79.955936597205
80.762002307792
81.196800656824
81.875649597793
82.528643915885
83.012946992798
83.937286293246
84.350817971300
85.389703286954
85.980478860492
87.076525128156
87.369437829874
88.015799976721
88.525360422336
88.896370378266
89.743377642747
90.346317045850
91.045666051130
91.904224533592
92.340069842085
92.830511329204
94.260720349726
94.614876339815
95.176948530357
95.503934133098
96.428900342810
97.084774127617
97.778490729057
98.532708379084
99.117884441209
99.333009989384
100.360469581520
100.657197915482
101.056478047776
102.305226808757
102.950950530553
103.896034870851
104.457664855686
104.832695156722
105.537958567298
106.005800779543
106.982096490172
107.345935868678
107.863113726962
108.199820707070
109.559720187876
109.928047863292
110.663019788428
111.057396107279
112.069958089601
112.325302304584
113.284117935601
114.000531468825
114.688764151708
115.207795620061
115.714289001229
116.469742618826
116.895000039074
117.623161720443
118.172372856680
