24.284855963909
24.718876068322
25.827846005289
26.457388307735
27.933859190734
28.546167269295
29.850051418890
30.343540807922
31.405406051050
32.074005995926
32.989220771114
34.550224861056
34.922333911496
35.788681529131
36.909997275538
37.579314942232
38.198587322131
39.575856762630
40.514803363622
41.247082151549
41.964042213371
42.958839631625
43.538072977313
44.700445430677
45.541753842951
46.524137767294
47.546826337223
47.956180875450
48.598829427257
50.109993102540
50.349074667890
51.749572214201
52.441933726174
53.244941293010
54.134446451739
54.586795608660
55.623674542498
56.693321955650
57.628421138832
58.213243032598
59.103243230190
59.946922669770
60.641962390363
61.284413530374
62.590121587900
