24.617165588803
25.536893078670
26.274107406196
27.146581538882
28.080616634412
28.911774270891
29.937329536196
31.199915813284
31.813995677576
32.797822862792
33.338222714883
34.409765594834
35.496158329603
36.264773929600
37.442808150101
38.072256309237
39.050872380967
39.404118087854
40.767495356310
41.686611129190
42.517351079480
43.541369400483
44.073599162483
45.048730313586
45.784765748161
46.596523122109
48.021811148355
48.744435280353
49.033069066472
50.334840328929
51.101254197365
51.551016383270
52.806924870439
53.871631049913
54.502646934244
55.350544326914
55.936881010177
57.005633590930
57.547393947068
58.927700813021
59.337378851036
60.565268645490
61.289524422106
61.676340131176
62.591039916874
