26.178959646403
26.840095467076
27.111056904412
28.850612839746
29.352213797865
30.463366424782
30.762475588880
31.629229276200
32.011750168155
32.722106460022
33.673266698819
34.430302460772
35.211112136220
35.745593666290
36.272332297297
37.108532166893
38.254936076626
38.916189443233
39.366663417703
40.309039092531
41.165274213858
41.878271529262
42.307706913901
42.859451221819
43.549399975136
43.941825938576
45.321345794473
45.587601714432
46.747421288149
47.591101735538
47.941896428682
48.831512164264
49.433303522750
50.043333456401
50.721503336025
51.507185696129
52.227669149022
52.846506309215
53.357717224504
54.289191531070
54.759667265682
55.266467491568
56.249082982054
57.595019104995
57.987084184792
58.660542572422
58.841929822225
59.707965433539
60.541874895360
61.010212852572
61.525705098233
62.475111318124
63.085489879809
63.528455195160
64.920719770994
65.348144127743
65.844744721756
66.560883799897
67.437078327979
67.760886401361
68.809417018023
69.396506315793
70.029116058845
70.666273048589
71.083375046324
71.650622308082
72.294189205168
73.285313911385
74.034771701817
74.962215935101
75.396629449172
76.162761319947
76.847167849167
77.511226615064
77.859189175286
78.468791380337
78.947724962772
80.056927723788
80.817144275104
81.273996914430
81.741904158382
82.493439648730
83.258536451835
84.169865841110
84.689462126407
85.293453643073
86.170861434515
86.806949308311
87.313535717994
87.700052561947
88.604519159405
89.211512157537
89.572185957914
90.241484677190
90.900777968323
92.034408949783
92.887981737848
93.285195082418
94.130656412497
94.452051611549
94.797713070645
95.685277974210
96.730273447400
97.025133354577
97.765989890007
98.055776241267
99.023639182597
99.615481619108
100.147925634233
100.823337936757
101.646211094740
102.264337127813
103.261279100521
103.691378959236
104.448627704398
104.995381634125
105.485165952505
105.785278691899
106.857148553865
107.159973886185
107.700309757535
108.805871764487
109.470705499413
109.958710321903
110.600456712549
111.483679761876
112.174990484833
112.551688016759
113.226066173914
113.767627139119
114.410387387113
115.340955980160
115.813638315843
116.592530434802
116.829856058855
117.201824431316
118.185424573183
