24.242066766595
25.505991526909
25.989351456027
27.047948564070
27.727588433862
28.722646786388
29.995551183580
30.735719478409
31.665216788613
32.619021653506
33.421817311360
33.836347300912
35.539662477958
36.115237119738
37.035518893226
38.041252304140
38.622894903227
39.552063490895
40.357414469436
41.536906227392
42.543544496428
43.191822990277
43.839324587473
44.872576291748
45.689831890431
46.439084995027
47.691750972355
48.512263117031
49.178485021291
49.987568204024
50.617696584732
51.862122222863
52.437210100872
53.674362141895
54.320042148061
55.168793044993
55.944939049626
56.502615588851
57.570552337173
58.625185129583
59.498721068330
60.026148022796
61.064374606228
61.766676304067
62.492958896228
63.134419105291
