26.359626019767
27.591231102170
28.005240396818
28.855436768956
29.396204045832
30.024546726916
30.526515786337
31.509626817949
32.354775500744
33.083390973784
33.663406172569
34.299765657999
35.162288969160
36.137047547830
36.554338130599
37.910815444628
38.405874073102
38.536379254933
39.824176174679
40.133301039440
41.105947154440
41.451158377240
42.107795367820
42.655624600861
44.107000772792
45.015680231919
45.302891410219
45.983801250661
46.828194123089
47.192673431249
48.179527983068
48.760116433514
49.587216837570
50.014779123441
50.828657430662
51.608428828799
51.999919355261
52.704068920384
53.730588046279
54.521022493187
55.101227118148
56.051405650520
56.790645526863
57.163535783827
57.632206764067
58.382488257429
58.753962521783
59.971329487879
60.288696366914
61.318001046767
61.851537139417
62.478846623731
63.614090428700
64.234156121071
64.617911448508
65.146983553688
65.896697051798
66.927565354798
67.606287535956
67.937864187402
68.440973121595
69.483912083721
69.697090430750
70.238859718223
71.455691128243
72.412237467582
72.948792355727
73.670078167113
74.163851365442
74.672551003642
75.386675564409
76.171275977428
76.606376816049
77.175980971402
78.062109370737
78.569282622632
79.436766289029
80.260544043893
80.759842180807
81.182673336189
82.107230322138
82.856236306722
83.811197883482
84.051472632108
84.850681043051
85.205066217374
86.073091657235
86.540503624889
87.182155462752
87.737692489722
88.414770684175
89.349894019539
90.160215007167
90.991796770313
91.550489758968
91.905681883220
92.573533773912
93.392702524564
93.704317430890
94.211517053420
95.610383027485
95.938494841482
96.398846526497
96.899775738294
97.462878434845
98.500629232903
99.229781588935
99.831154154073
100.595349533038
101.124875750337
101.875766079821
102.590545358562
102.979123940363
103.767374854255
104.148829866070
104.450427182882
105.330062862753
106.345091329899
106.740248212631
107.573113983185
108.509789169009
108.860008596077
109.521438073928
110.008735334469
110.779439369334
111.442497614320
112.104351400523
112.754277606939
113.114777017672
113.963285501817
114.482368924672
115.118045956545
115.768547917739
116.156597388581
116.971252785515
118.268349339387
