26.706900272090
27.038756493337
28.261196850772
28.671516774481
29.378070921361
30.111629611168
30.715433411358
32.047345388283
32.520202186374
33.084269392229
34.236121324476
35.225585240116
35.333408984849
35.972108123221
36.816787508169
37.104339847851
38.138423621204
38.896261015910
39.877537343030
40.325266086311
41.381414511440
42.092082660875
42.713333141197
43.240184486070
43.866393848177
44.921139972686
45.353507786907
46.127471146589
46.951676339713
47.307554102911
48.046893411030
48.741416191762
49.251170704253
50.925150537493
51.305696540416
51.856675397422
52.590947571581
52.922036364918
53.906902506240
54.464812569712
55.028278034466
55.764640196221
56.349202076183
57.158068486365
58.079324337930
58.884901091946
59.224839884124
60.137220274957
60.530084198720
61.660434356924
62.152800652746
62.768583183082
63.662120118464
64.111437475028
64.641574995348
64.999919881675
66.111298395966
66.601252912808
67.367876807331
68.615713752114
68.956362034639
69.599760640155
70.530271927585
71.056403651353
71.400265976750
71.903224244116
72.646886726111
73.735757690204
74.389840973125
74.832089587662
75.311396474261
75.928133837581
77.162378525396
77.489589926961
78.329081377502
79.188488172346
79.535064617740
80.545566943945
80.791739227890
81.733375693395
82.112620324442
82.604593901248
83.397193199654
83.906188890521
84.595918396773
85.734543383109
86.518458763482
87.013424080546
87.736883761476
87.896144546226
88.849368323598
89.358477477338
90.484744013680
90.719413600335
91.271024587183
91.933843938477
92.890968771045
93.168049568056
94.060433721585
94.332385161819
95.390963704059
96.079215121398
97.115218280693
97.459782242980
98.322933633305
98.475794938808
99.064428914881
99.982173420471
100.278598046429
101.146741481719
101.511082007065
102.687039953566
103.132670383248
103.632346710243
104.556489612160
105.331825306954
105.863424789032
106.485699671186
106.811088583630
107.599263485309
108.581535002246
109.125372546296
109.460995393342
110.309032126457
110.776487507483
111.067730008969
111.690483603897
113.106389784993
113.573645947280
114.247860043385
114.912063229864
115.506322399065
116.159950352201
116.602542401030
117.365522138677
117.614257553619
