7.099745534546
8.477204064041
9.946397227945
11.629147747981
12.580117519033
13.114687216024
14.597939119068
15.393432456499
16.579265010097
18.623613765225
19.312332062761
20.215717893641
21.037620307367
22.850620260367
23.167331341265
24.383498300573
25.259859891968
26.259900797230
28.082845070968
28.711321753604
30.040744419100
30.761675270967
31.573885162482
32.284510064744
33.381903926023
34.999969494280
35.540941979927
36.674337581394
38.009016732041
38.596828301635
39.605703269345
40.778872558165
41.484465338617
42.422305845573
43.062446732692
44.013969177849
45.830324306559
46.719448016822
47.422522122560
48.491092812298
48.643922221679
50.208555731796
50.900886191285
51.997493379170
52.512464846399
54.139223790580
54.873769224736
55.430484835882
57.086490150684
57.708437970569
58.618616049086
