23.745171395524
24.903561538967
26.046921696287
26.819568328700
27.766251517977
28.676640078454
29.360149056610
30.233454956339
31.689692007589
32.497440730587
32.964795616281
34.313882382269
34.830519520182
35.616345520440
36.878367441865
37.844008553042
38.642582946051
39.524135346722
40.039374053726
41.140132476334
42.073669232030
42.849996554157
44.163105185262
44.650796792373
45.612673872866
46.002451784521
47.363520407210
47.992185000796
49.142231574373
49.953731148122
50.680581397550
51.467090513062
52.416998411494
52.770309230417
54.585826476139
54.746993611442
55.783743144383
56.692855883552
57.277344300882
58.310467828082
58.728644337881
60.117668277123
61.212392807866
61.295715785874
62.477662220364
63.114832766592
