7.284661329254
8.900450676717
9.479929887390
10.841174933953
12.557188493102
13.580174366760
15.187859255726
15.939139052251
16.711923778823
17.489082846011
19.118132666717
20.169529435609
21.672190464499
22.433328500964
23.656133755064
24.348345403183
25.742465950472
26.617196810795
27.381194593133
28.621182947072
29.044988057027
31.399333045941
32.016251350686
32.751081856123
33.575879610097
34.888066584355
35.273321589650
36.647518797111
37.374201779764
39.080102538036
39.480853419123
40.603575352428
41.732688188296
42.696921984102
43.773747524347
44.286238315947
45.171373981287
45.899437213862
47.158056671808
48.543086958238
49.349328302195
50.567297666027
51.109908601763
51.912638907791
52.536136799375
53.977627143666
55.038698940191
55.381572184169
56.283409963964
57.798690363279
58.566667735917
