7.729012492370
8.765547850694
11.167131222391
11.895354613181
12.963114599402
14.231339609031
15.145220108514
16.390178371789
17.338172716034
18.802613048290
19.102387872866
21.403307120315
22.123160207271
23.171727501151
23.905973966770
24.859198298450
25.823616412603
26.980956517444
28.181681588259
29.543400032133
30.408592394544
31.230542817644
32.049696391777
33.635945799808
34.292660470167
35.093968122823
35.596270678789
37.110540351098
38.491947569336
39.357896710433
40.553603832015
41.137608030181
41.998834528977
42.760823939581
43.747019839492
45.127471579423
45.691798546869
46.964451446936
47.868180213336
48.699136782159
50.145247518582
50.946627288119
51.122504140628
52.614351015607
53.366255965071
53.811030704830
54.991587912778
56.761849006300
57.525754866603
58.112288799125
58.832734424630
