25.704746526026
26.394873420927
27.696811837510
27.808691476028
28.691186090434
29.054573460369
30.289851766647
30.523089149588
31.346219827319
32.038382267574
33.531104250312
34.059813344099
34.909682726096
35.198146099299
35.944910505656
36.463416880179
37.457653836620
38.476544036039
38.875204553146
39.193350183426
40.244990047763
41.100664056807
41.424818896501
42.619242465358
43.206099477607
44.041017175197
44.986667401021
45.308967520153
46.078858329571
46.810645056892
47.171230732896
47.868824071990
48.414218481588
49.515625125095
50.311656426390
50.972550290498
51.956310398573
52.056434046304
53.314394169484
53.705464149141
54.408135148052
55.025608909217
55.648431532972
56.602426709575
57.350237281817
57.753893219669
58.069599427915
58.991131582317
59.643855983990
60.883012518808
61.497934488289
62.311855231116
62.749620573045
63.269465176135
63.950971448380
64.647675850065
65.355293067378
65.607142450561
66.815746290120
67.360899840850
67.735306206556
68.754358713754
69.758652677478
70.270771108985
70.640988755376
71.123413605815
72.504004744398
72.871723645423
73.625733906361
74.107683791148
74.768172680478
75.066840882030
75.945185309834
76.645662200432
77.275406573546
78.049181321175
79.142244853290
79.616688464744
80.351324417757
81.023718777317
81.301340123092
81.941116848926
82.834324828465
83.191884043430
83.966874524386
84.933207905156
85.424537377207
85.871701221556
86.541578469516
87.310021830183
87.992466580103
89.090659435835
89.447351466643
90.251183121338
90.545595428349
91.433632051016
92.135804326414
92.454528763778
93.324141592460
93.653500624032
94.155232295621
94.975922106472
96.350506834809
96.727599563926
97.193333062648
97.953339693122
98.693526019318
99.077461622781
99.675691276139
100.458924815074
101.181449805904
101.899887860045
102.265744096783
102.826504383166
103.659692467015
104.060837574550
105.017173380253
105.387166827820
106.474984310477
107.073381334344
107.675296929677
108.683774543026
108.944989261071
109.462314275237
109.904314431524
110.336275919729
111.553265610188
111.852743543109
112.686162109604
113.199257478195
113.883095996097
114.784926310289
115.388120094090
116.088804187337
116.533302555212
117.106216131538
117.775179842575
