9.336453893104
10.372602016266
11.439269411734
12.394220209780
13.448046237596
14.798805055906
15.697205023080
17.138217348663
18.244517456808
19.246051619591
20.830622109070
21.822426566540
22.333608703642
23.145236912095
24.775104328820
25.073816997699
27.112168201059
28.065563933734
29.120378804647
29.624477981019
30.636267542673
31.999973349967
32.845641643869
33.718233168240
34.515032848528
35.618095596635
37.449198912173
37.876679974435
38.804426126198
40.199130760762
40.405237862628
41.576375062915
42.047157798606
43.695069316060
44.908707818719
45.459686520833
46.704615089147
47.329924113632
48.624746694468
49.225546575923
50.432709386990
50.988494222006
51.834385994636
52.815308108888
53.892741098356
55.332550292365
56.284563380827
57.002787429382
57.451691680696
58.334753469582
