7.757554050319
8.713885288036
10.134243980900
12.062155685461
12.561433936333
13.921193507884
15.375076707405
16.214051298673
17.424016778893
17.834854530155
19.160320661261
20.843646587748
22.071990620670
22.916607970685
24.044300223983
24.720306057292
25.424924891658
27.185249098485
28.084419815424
28.454632233267
30.273439737094
31.058861826196
32.506647344258
32.993662820325
34.229947142220
34.986883132950
35.705512995768
36.608916658425
37.871154502488
39.605154336206
40.092847755871
41.081961022721
41.541729575763
43.027941261251
43.977262408584
44.510767083804
45.571310821321
46.530729927714
47.543624670807
48.511933259046
50.032430932963
50.724146982467
51.427760839917
52.345131683901
52.788418601349
54.128878481139
54.765556508809
56.303423713239
56.892064334143
58.035222309062
