1910.985791778719
1911.606767861438
1911.954834068159
1912.830144504865
1913.173547952771
1914.117400161924
1914.944354127867
1915.608526897350
1916.158670853953
1916.838167325301
1917.568692457151
1917.996449151529
1918.787373188826
1919.443731960273
1919.858205450274
1921.189242946591
1921.506033251877
1922.414074997534
1922.610911533284
1923.301832004309
1924.447680115491
1924.739651176758
1925.049468508895
1926.343234631536
1926.957315167715
1927.561085391733
1928.196426794256
1929.063512106768
1929.162912626187
1930.110353663327
1930.665577184653
1931.632243988144
1932.110360331442
1932.974009333755
1933.495662106767
1934.327010841182
1934.902137656181
1935.360048464206
1935.813011320824
1936.906589828746
1937.695896620750
1938.024103889858
1938.995191815045
1939.716416144208
1939.956184949016
1940.919143725568
1941.471423202648
1941.910468257692
1942.718893817891
1943.695266879498
1944.333857191235
1944.904897152375
1945.432408361197
1946.158771252465
1946.877328242854
1947.325972631274
1948.140603358014
1948.701260964813
1949.578665489972
1950.498579021879
1950.921936895580
1951.341449830452
1952.089105365718
1952.806974669185
1953.449961831647
1954.057221494102
1954.840382692358
1955.606589705994
1956.342457309322
1956.919116297625
1957.386813672151
1958.231815237594
1958.587139556533
1959.404982594373
1960.122181609112
1961.139828172941
1961.518755343223
1961.986538588186
1963.089760324187
1963.614207610766
1963.882019261943
1964.687555004395
1965.287177855709
1966.497144734729
1966.843201667456
1967.438560039172
1968.297514984401
1968.833627113300
1969.461255993718
1969.975200005894
1970.812811717668
1971.371363366136
1972.100052903274
1973.199420009006
1973.631019583518
1973.929440862544
1974.854791006831
1975.325582487991
1976.205110607173
1976.661459500013
1977.411749704549
1978.202828652461
1979.032066900007
1979.593988211116
1980.109437666782
1980.671357336088
1981.379654034697
1982.081097037789
1982.690921020607
1983.602733240919
1984.185665954853
1984.841437097811
1985.571160627311
1986.147783330667
1986.842311698716
1987.126295812228
1988.040777059248
1988.810101522892
1989.582404254445
1990.273404924339
1990.824118838464
1991.301656650343
1992.238767121723
1992.856628074948
1993.225587291563
1993.763736860511
1995.083292859090
1995.565919029505
1996.077078199173
1996.783945254674
1997.658575295929
1997.816632448501
1998.708300476532
1999.427396706418
1999.902271064673
2000.851083518158
2001.587277873310
2002.115986254486
2003.003956094135
2003.325229867078
2003.735720523424
2004.792338409780
2005.398090923024
2006.035183868813
2006.696172453818
2007.594027780623
2008.314484375002
2008.611479266172
2009.329777774924
2009.919402647824
2010.768190256003
2011.104473537931
2012.378448132735
2012.698002551046
2013.456887377160
2014.010563244732
2014.781872015355
2015.460416240477
2015.836601453044
2016.451670146968
2017.382455861300
2018.284182064611
2018.744263934727
2019.460406008268
2019.900305044442
2020.722987249092
2021.347141032863
2021.962748825571
2022.405813195478
2023.407507627976
2024.156809241862
2024.848709303865
2025.454073285785
2025.777546044743
2026.726992128527
2027.243293781475
2027.800892509784
2028.682069400026
2029.424915223208
2029.892567236478
2031.946286094285
2032.636571011862
2032.986042488671
2033.927910830543
2034.862784411856
2035.210476544415
2035.935175153759
2036.838728332327
2037.343134469714
2038.001398967739
2038.241506425376
2039.325899002556
2039.808522205939
2040.538976801563
2041.675780281098
2041.953182175540
2042.410239381285
2043.306461224590
2043.904209504576
2044.694201272282
2044.894136286805
2045.765368077251
2046.805651189237
2047.387483080541
2048.035606607580
2048.386517358686
2049.200432109801
2049.905339076180
2050.452212545944
2051.065178789109
2051.814273390442
2052.748345005357
2053.308401037355
2053.830363590375
2054.707454168452
2055.192700065205
2055.428251730697
2056.583746461533
2057.168015426056
2057.782137782620
2058.675624172289
2059.157889614080
2060.104948438033
2060.279885121853
2061.355906180592
2061.470509555152
2062.222248190895
2063.456051247439
2063.745410185074
2064.570389333761
2065.085007536570
2065.932544974183
2066.501257647133
2066.895480814702
2067.810295489217
2068.132697749259
2069.284466417458
2069.810264050586
2070.588353215697
2071.247452879087
2071.539438884828
2072.371574019169
2073.049211376887
2073.822837390769
2074.081759370888
2075.084996436256
2076.010049419501
2076.535369939926
2077.035640075902
2077.534932400476
2078.358611242894
2078.991476094373
2079.635794165165
2080.189692544322
2081.307955334227
2081.713529070144
2082.313676114124
2083.201402566619
2083.611228793995
2084.230053776192
2084.707227016025
2085.657475012726
2086.491404751759
2087.159594052542
2087.398278472034
2088.672867244542
2088.830686420395
2089.656804829846
2090.062134222778
2090.829940121048
2091.521310538707
2092.463684835935
2093.124066279732
2093.561706034955
2094.196766284288
2095.027058989504
2095.541894679221
2096.021081284016
2096.921980710502
2097.391909069410
2098.393472026453
2099.122668860929
2099.547358155948
2100.346218202474
2100.521892301447
2101.742348544629
2101.944872662653
2102.743077210629
2103.721969107864
2104.010819336368
2105.096394523339
2105.734227070790
2106.059678797902
2106.505433977923
2107.630566814961
2107.914489846273
2108.826690963893
2109.449884198788
2110.408540748100
2110.756817476514
2111.410011943289
2112.208280477588
2112.742598666091
2113.305949517852
2113.735189562405
2115.057113154096
2115.516555281164
2116.047297761083
2116.805680902243
2117.327961743109
2118.186159436930
2118.769020594064
2118.987496403347
2119.942559435331
2120.859841702838
2121.560306483349
2121.971507911420
2122.794346501453
2123.364118306252
2123.826222255227
2124.589839642666
2125.327881101972
2125.910944394899
2126.552634484412
2127.609584545529
2128.103844814729
2128.577574553216
2129.226890749454
2129.832982108799
2130.469278577605
2131.342223264804
2131.839487813075
2132.631006183831
2133.470263390515
2133.874648480481
2134.673333508224
2135.267999599645
2135.638553643438
2136.350873163691
2137.361042972088
2137.776525007446
2138.800443398449
2139.128996926500
2139.954636945938
2140.420957032240
2141.255625068538
2141.710566997438
2142.312608135228
2142.970512400197
2144.226919095194
2144.477244192139
2145.164891624715
2145.715354130430
2146.433604474638
2147.148475924335
2147.737574873158
2148.146533242623
2149.052364866770
2150.119447331410
2150.352991040398
2151.153770504903
2151.703152423182
2152.369512349437
2152.963956916804
2153.467398760633
2154.482519412834
2155.089822934872
2155.574894291739
2156.490920359280
2157.318037734465
2157.691092947505
2157.926668780733
2158.907420320264
2159.699377338629
2160.138322317156
2161.155184550927
2161.694312053073
2162.218985238154
2163.212753226294
2163.462295778927
2164.187582757779
2164.760682122702
2165.454813215482
2166.227687423932
2167.092831545683
2167.804183740107
2168.066126708618
2168.790003433849
2169.636014294690
2170.203146673651
2170.616762640484
2171.335626008176
2172.282707151026
2172.947491738857
2173.804465582797
2173.965345771149
2174.788707335372
2175.363075665981
2176.050582038492
2176.964006108365
2177.048457275378
2178.206682468880
2179.013945272662
2179.404184439882
2180.127304258111
2180.715244852245
2181.282392358464
2181.938384452318
2182.512815889161
2183.692263241929
2183.923767161389
2184.683551674703
2185.440983666509
2186.210662735568
2186.544003207864
2187.237258205767
2187.657341670672
2188.678751159890
2189.459989286767
2189.999062978875
2190.555039948076
2191.601072933850
2191.753762213571
2192.477646066314
2193.303429327889
2193.687866009089
2194.426092910996
2195.366806605591
2196.047804343298
2196.642296339584
2197.347996638166
2197.480173894529
2198.589100970270
2199.246621164797
2199.589056766089
2200.309558566737
2201.380982507710
2202.038287994363
2202.383693062012
2203.128850263616
2203.857905227352
2204.145371213204
2205.098036345815
2205.616986963289
2206.628246384301
2206.887113117678
2207.981466585831
2208.480498958222
2208.920101202871
2209.739309478540
2210.289204254050
2210.657035428095
2211.816202660817
2212.390367950093
2213.101616605021
2213.634803791886
2214.286710576992
2215.114938256260
2215.682026738060
2215.892965499991
2216.844835982800
2217.548261611477
2218.471020029414
2219.088320023342
2219.450953364972
2220.190770376412
2221.007097221617
2221.466910015800
2221.921642374247
2222.857801538742
2223.516812216210
2224.134047170318
2225.098686376436
2225.696606839569
2225.978329658336
2226.526218271511
2227.503751675613
2228.153862481759
2228.557648669562
2229.392597490451
2230.252869554832
2230.952033868959
2231.331375470534
2232.108807041040
2232.560499834336
2233.198985002959
2234.100396547673
2234.442776422949
2235.734936271566
2235.907260389477
2236.607695482442
2237.400943069344
2238.121531757959
2238.418009719693
2239.184810556907
2239.634684964785
2240.844707027291
2241.328111531134
2242.022226906153
2242.429514455920
2243.366029662178
2243.885341846999
2244.337330905374
2245.286391778060
2245.482896076647
2246.639203834256
2247.307253238429
2248.032125280783
2248.353264271552
2249.139380897949
2249.681461667963
2250.447971059496
2250.948185264205
2251.679318764299
2252.512049360269
2253.095889513222
2253.954439772376
2254.402775615519
2255.028723378862
2255.539695047309
2256.100585325138
2257.251045710145
2257.508072766422
2258.288199984909
2259.127505112882
2259.795322693332
2260.291168924034
2260.883144882409
2261.483301439686
2262.187063017634
2262.697221341300
2263.831983739467
2264.175369310028
2265.084794791592
2265.505265707870
2266.135717028715
2266.836338386202
2267.711663615917
2267.847811059995
2268.487168416154
2269.874373793783
2270.274381568159
2270.708820647222
2271.372744240088
2272.211324520747
2272.742234932964
2273.209320320005
2274.001385016874
2274.632880188430
2275.490653044246
2276.106233621771
2276.950011604322
2277.276022134496
2277.923622323395
2278.512899365774
2279.259335168919
2279.927535249411
2280.563443849785
2281.539281205847
2281.753366999047
2282.885471414420
2283.367977362329
2283.654041501192
2284.412944299026
2285.141323648827
2285.771070388756
2286.715169453500
2287.150237096466
2288.004283418411
2288.391104392648
2289.336958764823
2289.710608572279
2290.349042410269
2290.825880207045
2291.887260237724
2292.403897216343
2293.235297943873
2293.977136751157
2294.238042028114
2294.900312335581
2295.851751927042
2296.236944224441
2296.862214640122
2297.479957814265
2298.512134899928
2299.250771810074
2299.683171748459
2300.116576501449
2300.862777712646
2301.733068497209
2302.080296483109
2302.667158008982
2303.776657470814
2304.137277898798
2305.066989236547
2305.545621870291
2306.223696541762
2306.951170458605
2307.118015983547
2308.025547384851
2308.828461246601
2309.684319703227
2309.940999868787
2310.901643139899
2311.446341706342
2312.277764655176
2312.632431478704
2313.032003840965
2314.028173488914
2314.648689730643
2315.456850884135
2316.117809587031
2316.746947860262
2317.239870354048
2317.988354392275
2318.568666537111
2319.269738952456
2319.682104154022
2320.460538788487
2321.664924502431
2321.856626320443
2322.532816739898
2323.266601640265
2323.801871056534
2324.310586613364
2325.217645349653
2325.864816991174
2326.127433772204
2327.457495374347
2327.866170212080
2328.517489685340
2329.033927368890
2329.597030499106
2330.449545124335
2330.806526201797
2331.744270798970
2332.386122030555
2333.031635280327
2333.947197790602
2334.203704359631
2335.047093006913
2335.575652423165
2336.197613983223
2336.641606482791
2337.616463251194
2338.609945749839
2338.929574129452
2339.282128242115
2340.551025144120
2340.787030131126
2341.473808206601
2341.930291178801
2342.644495626387
2343.644061506390
2344.167896581003
2344.844860431283
2345.706604704797
2345.941380319590
2346.591333740243
2347.520051101609
2347.882479568157
2348.593030244805
2349.305263114847
2350.130103406618
2350.943447213373
2351.342023913469
2351.928606499187
2352.433863009261
2353.240848160343
2354.046249118176
2354.317408774205
2355.288250854802
2356.069493742365
2356.573470805061
2357.325646968069
2357.917188859558
2358.295730328155
2359.067214341268
2359.676927894285
2360.500803540845
2361.213056407298
2361.925783641650
2362.339045301863
2363.218454044480
2363.763971308727
2364.285273245254
2364.920344572776
2365.494030534499
2366.336124282530
2367.329251256928
2367.670567780573
2368.350549303506
2368.764498096488
2369.858013751299
2370.197305319230
2370.697331584428
2371.339179845660
2372.416638518576
2372.982659003238
2373.541394244528
2374.399703357465
2374.746784875015
2375.357700371850
2376.087427026343
2376.697712104532
2377.448462512205
2378.072980668246
2378.757218230013
2379.740919523929
2380.024198155023
2380.841219453029
2381.045091197042
2381.890172203284
2382.696453823315
2383.314850489637
2383.944247569860
2384.691628935665
2385.512305110056
2386.071851790185
2386.256442030254
2387.469426925087
2387.756889095537
2388.116727349004
2389.396463995050
2389.996333866675
2390.572253614322
2391.070110145387
2391.888142080057
2392.472812822473
2393.094517397049
2393.556883340490
2394.300891788122
2394.989707482013
2396.063742694403
2396.570655340731
2396.784361481027
2397.753696215147
2398.242036730425
2399.052589087914
2399.369337781940
2400.310780895241
2400.809067181483
2401.843670615190
2402.362333535852
2402.878651277587
2403.579114360540
2404.087951961529
2404.699226961869
2405.435096694869
2406.144318316108
2406.890799476831
2407.480133887439
2408.157802648758
2408.933189555433
2409.456058164064
2410.047187576256
2410.259684481758
2411.483591675232
2412.025603054607
2412.688706709589
2413.407192790012
2414.100304786142
2414.621327964420
2415.308810352468
2415.786125705683
2416.544165533132
2417.080793246362
2417.762623916310
2418.931017044290
2419.262979969295
2419.759072147444
2420.480677932409
2421.029979773391
2422.079620172795
2422.195046866821
2422.782536336238
2423.873647013197
2424.595267168155
2425.108298330146
2425.892704821040
2426.150198423647
2426.976239032846
2427.611354052617
2428.230021264333
2428.797914855162
2429.848475427360
2430.219148225278
2430.945232266015
2431.912718543308
2432.106670667541
2432.680796806309
2433.338930972720
2434.179889856780
2434.787496451822
2435.555622755881
2436.267248457265
2436.738018243830
2437.488027884813
2438.198724903783
2438.658117264694
2439.151431368755
2439.807938412785
2440.914173591395
2441.401302410848
2441.989696868918
2442.737964069164
2443.290078023239
2443.976240088797
2444.391987536955
2445.352251669497
2445.605137977411
2446.499818477766
2447.398415337023
2448.042623550755
2448.517527520612
2449.056799506254
2449.700587712581
2450.403436220207
2451.094370610529
2451.671703370637
2452.234175708074
2453.246453353901
2454.105689742531
2454.223179524529
2454.793455254345
2455.765183660833
2456.220270623814
2456.692042531808
2457.615684972748
2458.436937182264
2458.966158682841
2459.446111889355
2460.461741866058
2460.921073399274
2461.289539201295
2462.102905645469
2462.515171001283
2463.593570834894
2464.441621720523
2464.534503539569
2465.507646557491
2466.134877613840
2466.697430284327
2467.286859471229
2468.020338377451
2468.304569671875
2469.444330094184
2470.039242594281
2470.777992982680
2471.384862341156
2471.728874478627
2472.635569791231
2473.085431942124
2473.820361549537
2474.427663703270
2475.030450444943
2476.080198686833
2476.493637189243
2477.295521466282
2477.750740450419
2478.180801053579
2479.061004000332
2479.572115161925
2480.434866674578
2480.946848240245
2481.659403358646
2482.622252763417
2482.987482570344
2483.538426988312
2484.251880063339
2484.681474480228
2485.603915752931
2486.032681042781
2486.991212637350
2487.738511519192
2488.220422929320
2488.571324929203
2489.735807303399
2490.154622571209
2490.476619691492
2491.118159005808
2492.185188795755
2492.863180462475
2493.427724855634
2494.200363740988
2494.382765116728
2495.589591188404
2495.766522450191
2496.516761591120
2497.026199770200
2497.971164333331
2498.666246490837
2499.296904517427
2499.938871721540
2500.671121531967
2500.957171915815
2501.550948445805
2502.658335838342
2502.958270815720
2503.585754031446
2504.561552849470
2505.186244881432
2505.831408449382
2506.302252436013
2506.959151599813
2507.441650499578
2508.257438769678
2508.831089188132
2509.873857607739
2510.107359514714
2510.949400143820
2511.803876501042
2512.059365612553
2512.888429527909
2513.220912206991
2514.182882168685
2514.514614535644
2515.716916947554
2516.218338225255
2516.682415570813
2517.374958211424
2518.095583595787
2518.610868715189
2519.285267893284
2519.893760563962
2520.336479775267
2521.597966631383
2522.092781954379
2522.567552452506
2523.159487645485
2523.804711885490
2524.587504351342
2525.175675111015
2525.444239317011
2526.666330809585
2527.030914320118
2528.014473071499
2528.372702013711
2529.217876007824
2529.633582353504
2530.198397840270
2530.784650432148
2531.763172064321
2532.413356335361
2532.795542042798
2533.692781483740
2534.588065977186
2534.819302089652
2535.412003662701
2536.101702176373
2536.702940111638
2537.417120064077
2538.260600120939
2538.861331057285
2539.570689159239
2540.010707263080
2540.848478437613
2541.304158719695
2541.956387457891
2542.631905095624
2543.019958168319
2544.247936570973
2544.687938780540
2545.476743786259
2545.817610713324
2546.432465495909
2547.361763548997
2547.769660999598
2548.332614899730
2549.035377963991
2549.955743044981
2550.525931123264
2551.359377906836
2551.703325698385
2552.354008858574
2552.823850785385
2553.826738418946
2554.225895553979
2554.784353546272
2555.929493124725
2556.300378117373
2556.955185801209
2557.648669911510
2558.389820356108
2558.712527674042
2559.202000556346
2560.161815222680
2561.036009561148
2561.430455113190
2562.139973368235
2562.859596497563
2563.471881657891
2564.118014086081
2564.649737203820
2565.030454581877
2565.948235517821
2566.860060616828
2567.270656494935
2568.059625343158
2568.748521006210
2569.150072121164
2569.782094607537
2570.611948524726
2571.028989265307
2571.759298609554
2572.331562700560
2573.436799176000
2574.034776405487
2574.377003212419
2574.800746176014
2575.903798400293
2576.203651390191
2576.919146260591
2577.574083495902
2578.308611535501
2579.120666722600
2579.737247245625
2580.260957303197
2580.988113168882
2581.332267894011
2582.111751886690
2582.709221145791
2583.511239315496
2584.247322009156
2584.800499406219
2585.487804214971
2586.159681863457
2586.816753579574
2587.208032269240
2587.938271081168
2588.398970786484
2589.399794079400
2590.127062275485
2590.862688354175
2590.973503275633
2592.032981186955
2592.596474872907
2593.156698688222
2593.605309854332
2594.434404563989
2594.996696513156
2596.159952577376
2596.500940887117
2596.908496337999
2597.952439025080
2598.296432089611
2598.737887544242
2599.800669947645
2600.114707708728
2600.989597073234
2601.507595845799
2602.647963219944
2602.969026374348
2603.505038699497
2603.912940565037
2604.830966448963
2605.551100084883
2605.914471564645
2606.775893882949
2607.626590681441
2608.068417781197
2608.864308360508
2609.319610495012
2610.020585776069
2610.487176887862
2611.146379518591
2611.875449447271
2612.754992912670
2613.497390685834
2613.708523166652
2614.634969362820
2615.122944100249
2616.041053030414
2616.389248626814
2616.630606410617
2617.857771865124
2618.655816024346
2618.990366464266
2619.864460637225
2620.382875396680
2620.879354139078
2621.601413491472
2622.382588974938
2622.716669410703
2623.383911187387
2624.530371700279
2624.908570561546
2625.592752057103
2626.271202974512
2626.705971437912
2627.329183927727
2628.058915583104
2628.640290183004
2629.535509250442
2629.903591755438
2630.847357030607
2631.488487600031
2632.072721519681
2632.545909759765
2633.104730193388
2633.724146965958
2634.738893579181
2635.065153913507
2635.967074163311
2636.599204016814
2637.173918663922
2637.996428138770
2638.237427896416
2639.047707719633
2639.662135698023
2640.147028205723
2641.070761150195
2641.968983935742
2642.435412421582
2642.807919335708
2643.553210212753
2644.360505180877
2644.940228369454
2645.339479945520
2645.883398550101
2647.111532252296
2647.549643212677
2648.257858475057
2648.756381065772
2649.341091724727
2650.209774421493
2650.461329105846
2651.215330889187
2652.171546675223
2652.441581607350
2653.437442608209
2654.080126920626
2654.813692601479
2655.021859231157
2655.769987897019
2656.480476893329
2656.944627157950
2657.958794047027
2658.469500411506
2659.074180365423
2659.840666929757
2660.681531856399
2660.885649080150
2661.539111577907
2662.291466644193
2662.728792979807
2663.676602747988
2664.398024932500
2665.038458897204
2665.496583621870
2666.205650628884
2667.036224178657
2667.306084802126
2667.973336270380
2668.695684518999
2669.367134575987
2670.114160874920
2671.134580236250
2671.308515110009
2671.876253333166
2672.511343753305
2673.459962903964
2673.810285647781
2674.465868455116
2675.002509127419
2676.232555949910
2676.662599544592
2677.040283170722
2677.888754999448
2678.465504375856
2678.873882662360
2679.688117800833
2680.349614140187
2680.965163773060
2681.958630839028
2682.216235147467
2683.032530469386
2683.762127796099
2684.299559825762
2684.644057351513
2685.248382233905
2686.396514939132
2686.821457633586
2687.543707846446
2688.087396902286
2689.024259203259
2689.310735927259
2690.131258225178
2690.435552700511
2691.437767575183
2691.637576014290
2692.915172230197
2693.299758301162
2694.072955467366
2694.553335832635
2695.116563777139
2695.860508383375
2696.539806507792
2696.950254184158
2697.627102572729
2698.512743377898
2699.348030011567
2699.692114601869
2700.558606678237
2700.908737327738
2701.380599317229
2702.492591409082
2702.784239530768
2703.416930646259
2704.361538474696
2704.899488400796
2705.803052163875
2706.146154818332
2706.703675348594
2707.389283221627
2708.035875679707
2708.535198315818
2709.450486552022
2710.155713091501
2710.703302521429
2711.379731402444
2711.961318471964
2712.686495159354
2713.300496074553
2713.611642567443
2714.290307393780
2715.301013769126
2716.234695152397
2716.313221256842
2716.984875356703
2717.951584889757
2718.553655609780
2718.751470362266
2719.552132732370
2720.297368309312
2720.935153890512
2721.644272416491
2722.627847642852
2722.905990657765
2723.456342304311
2724.048889698215
2724.985880276761
2725.256020186277
2726.081368639911
2726.746324965398
2727.372043527173
2728.445439411635
2728.713917162229
2729.295137957743
2729.844867422436
2730.529763717194
2731.352218049396
2731.673419150749
2732.677547552885
2733.256988748949
2733.963813838559
2734.465467385731
2735.406811032765
2735.577904252032
2736.298838350183
2736.872563698035
2737.658680126428
2738.585202819597
2738.936764277722
2739.815535746877
2740.272111471658
2740.828595291332
2741.718976164539
2742.129535111157
2742.646048613328
2743.254332106569
2744.446706095619
2745.006712941963
2745.280769535323
2746.165627065745
2746.624141589306
2747.451885193684
2747.844628075279
2748.541018541081
2749.132438292626
2750.161196877801
2750.515965073313
2751.468014947416
2751.865664285270
2752.441306444197
2753.157751634212
2753.446759193892
2754.583898719236
2755.080293294822
2755.527943786912
2756.559889866218
2757.133781945385
2757.712169759505
2758.369432719371
2758.648946420581
2759.441009706436
2760.283998690301
2760.737714993465
2761.579232623164
2762.329636719599
2762.865687688876
2763.309490137678
2764.148500784514
2764.801143346876
2765.175004953151
2765.681057101317
2766.747136161045
2767.521550404073
2767.957782136202
2768.639083800648
2769.094359729647
2770.027507797176
2770.344443909703
2771.088462169960
2771.655954658468
2772.267049367384
2773.350364728837
2773.920891918323
2774.271205434773
2774.984147322941
2775.700679050846
2776.059520766352
2777.067804501551
2777.267757195255
2778.312792194929
2778.844909391435
2779.638299105497
2780.261151702568
2780.852968481480
2781.311942952177
2781.873118488888
2782.749756783287
2783.093596743551
2784.290065605043
2784.708151433445
2785.035566971029
2786.213198859013
2786.695305498624
2787.121812859580
2787.517917000229
2788.467669256017
2789.097288391889
2789.739622524308
2790.604819996324
2791.172294134269
2791.677476048660
2792.307795685269
2792.955583837945
2793.650990251968
2794.167645467669
2794.624337426799
2795.643436889316
2796.456338654458
2796.927515768952
2797.547814653502
2797.854188313813
2798.870813110130
2799.354677226050
2799.988545504916
2800.407732742318
2801.496116730493
2802.059571993593
2802.763682685189
2803.258085373637
2803.895464320911
2804.504728705096
2804.977391183784
2805.724105527678
2806.512775057101
2807.224490003182
2807.605797655006
2808.684814546549
2809.043355803806
2809.607597028506
2810.467232922386
2810.595224846388
2811.436416236706
2812.349766559949
2812.916333083816
2813.797869208158
2813.941865249528
2815.005115099133
2815.359345368366
2816.216829636057
2816.500190593865
2817.101519938516
2818.103754089305
2818.751089138556
2819.415964710207
2819.952770902194
2820.784644316580
2820.985596149963
2821.787813326810
2822.544053721763
2823.084222353859
2823.520780481294
2824.593885899997
2825.235232330720
2825.855160893112
2826.358680502261
2826.836481580596
2827.501895603520
2828.333318170118
2828.875925074368
2829.355976404689
2830.284950424930
2831.080397940339
2831.611273783779
2831.929811924556
2832.869326526872
2833.484911990851
2833.655954507313
2834.552802112089
2835.584382211488
2835.959678303645
2836.689701988465
2837.130929499814
2838.232256360451
2838.498326113076
2838.901038470362
2839.787417713153
2840.193115208568
2841.275389434664
2841.827703865921
2842.468374371865
2843.063557534591
2843.554762963793
2844.433707269673
2844.937462406119
2845.262442285552
2846.237500523034
2846.792285488574
2847.575702486978
2848.544284407518
2848.723063772822
2849.293625546870
2849.996272596037
2850.780890364044
2851.153979134398
2851.956919824966
2852.572503978908
2853.396622998255
2853.959924901433
2854.813049475211
2855.189967375057
2855.646924611188
2856.285117324845
2857.139536456068
2857.762613098423
2858.267639778766
2859.218919902677
2859.753551111465
2860.353910621810
2861.064247847396
2861.457052158713
2862.205629808599
2862.746249692196
2863.303459916060
2864.346313289386
2865.068999514144
2865.425915324398
2865.879128496823
2867.016446819571
2867.240507823395
2867.966016280438
2868.436696191369
2869.066123886144
2870.165445707778
2870.842911736915
2871.017766148074
2871.984814417801
2872.414806536768
2873.135344406895
2873.625548940594
2874.306782457762
2875.034206148985
2875.614246427104
2876.513857515411
2877.030706916301
2877.810973183293
2878.249673290320
2878.560494588817
2879.466158511756
2880.299284576508
2880.600356313863
2881.457149395947
2882.235959126100
2882.775674272665
2883.565991412520
2883.886855071513
2884.600665018468
2885.242671223022
2885.590290596998
2886.765009027001
2887.298162888182
2887.726512762072
2888.741190324072
2889.169240550003
2889.589362081140
2890.536181401955
2890.969945643968
2891.383575969287
2892.257745821064
2893.164450755394
2893.901539274594
2894.075887820555
2894.952246874721
2895.437732337075
2896.139424054015
2896.906792698364
2897.190105629757
2897.881315181809
2898.935385179106
2899.535902458800
2900.171466836315
2900.443615498968
2901.285910924452
2901.971771239480
2902.403324475049
2902.980259144822
2904.024844778951
2904.454503383522
2905.107495304386
2905.891006493275
2906.649461311043
2906.984547942066
2907.383325141098
2908.166327159645
2909.008956971381
2909.594065546654
2910.239546289406
2910.980320752880
2911.549949518816
2912.261895678971
2912.827835591086
2913.292231913253
2913.861781821665
2914.702207836689
2915.250803022089
2916.149349710890
2916.857222072428
2917.224869669152
2917.798892850926
2918.604952162577
2919.191539693740
2919.774264437486
2920.164099202693
2921.090975312202
2921.899192636116
2922.655568290434
2922.937837553199
2923.694579951333
2924.126237843034
2925.018584152870
2925.458326224722
2926.066344721319
2926.865866090493
2927.475157292273
2928.391963690627
2928.868386526497
2929.405120478281
2929.870772685246
2930.723903354655
2931.166484276888
2931.841624163614
2932.661437125750
2933.422284370894
2933.833265945720
2934.552493778780
2935.302564016423
2935.861386008202
2936.318281456834
2936.704526138705
2937.746930954170
2938.460438140341
2939.117925493591
2939.567201687557
2940.368103751566
2940.937188080161
2941.678636083576
2941.922065739488
2942.775911547868
2943.262222610081
2944.182733322671
2944.855058392109
2945.491294854146
2946.124998078925
2946.661537975631
2947.055135686887
2947.983800904678
2948.542430684034
2949.277463794281
2949.408493535950
2951.026260542551
2951.185340384109
2951.599865435532
2952.477667022383
2952.949119755836
2953.640529666041
2954.114430713828
2955.063134790901
2955.460157445443
2956.344809347284
2956.996304936818
2957.570113639152
2958.193903485992
2958.799952965218
2959.164639937626
2960.048510817282
2960.490771882900
2961.598857200026
2962.056620465185
2962.508651311491
2963.353870539525
2964.071817686477
2964.350692169578
2965.235175615579
2965.517398276055
2966.267399672158
2967.372223206774
2967.716829789400
2968.620557785272
2968.781091154704
2969.660434986444
2970.375238237902
2970.784536939509
2971.398002357396
2972.010583215268
2973.049652373612
2973.422407239098
2974.233948449359
2974.922720588483
2975.418542062836
2975.665101352150
2976.635431061108
2977.475013386817
2977.609187468105
2978.668503070449
2979.112348936037
2980.226633415121
2980.569466274619
2980.935717591368
2981.653599181617
2982.310683432339
2983.045783080003
2983.467934862743
2984.431245577129
2985.073411505512
2985.600683831270
2986.250668612767
2986.903985305412
2987.538909775993
2988.000438356677
2988.513204600566
2989.337391163759
2990.258166193195
2990.820643371724
2991.346833307960
2991.840759845651
2992.675251238182
2993.412807506543
2993.691632828005
2994.171191918594
2995.267488876205
2995.694891705155
2996.678741066925
2997.153015338356
2997.696633891356
2998.239544085054
2998.927814597369
2999.586401590141
3000.209868569272
3000.651871153557
3001.638339468712
3002.267681127651
3002.886933836308
3003.549489513392
3004.022355328644
3004.733349111917
3004.990295700337
3006.039976258913
3006.620793188428
3007.281952905677
3007.817046707339
3008.803360421201
3009.277283466811
3009.675920417455
3010.448246536054
3010.926495857601
3011.496333454248
3012.509521653197
3012.943544610553
3013.774616845951
3014.321185092740
3014.927494755509
3015.614280730033
3015.971450535699
3016.958419755631
3017.340007785720
3017.666910150645
3019.117838158806
3019.517811743303
3019.984326809761
3020.491871956758
3021.334978957223
3021.942725939894
3022.543061698774
3022.881859892423
3023.774930683594
3024.561705599185
3025.197381692597
3025.936723824692
3026.290881178287
3027.005949060585
3027.661466318037
3027.966683789356
3029.051866370169
3029.395409092124
3030.265199602334
3030.816859921899
3031.703466681735
3032.084524724689
3032.883299080745
3033.162428325047
3033.774790770096
3034.650867617154
3035.269308001878
3035.997091484304
3036.600981770985
3037.315695731819
3037.768889140198
3038.663043764873
3039.000072196401
3039.512186444601
3040.268013760743
3040.935845460126
3041.885333328910
3042.308121377378
3043.057543052246
3043.457603508345
3044.283801831314
3044.708410301926
3045.426503782327
3046.067267311375
3046.498133210257
3047.470057134164
3048.248747394970
3048.812283316220
3049.369500470712
3049.540727650729
3050.698569227987
3051.170397611261
3051.694534530938
3052.240532091404
3053.354768915845
3053.839848924917
3054.318396114026
3055.226214483366
3055.710416362062
3055.953350099840
3056.983647115683
3057.311576123172
3058.230993457688
3059.004387038611
3059.492459950265
3059.997722713228
3060.978777665472
3061.541961485495
3061.753423513082
3062.442692909266
3063.128381889791
3064.047064583162
3064.696267892915
3065.081062084450
3066.057388164470
3066.485153407209
3066.965662734445
3067.740990567988
3068.450658972111
3068.688453946379
3069.513268657558
3070.539235277823
3070.975572275467
3071.840120909211
3071.908833809974
3072.899571009272
3073.341370407298
3074.041387856428
3074.662688580383
3075.294166359695
3075.910894824627
3076.990221878972
3077.330595353657
3077.961943800737
3078.349538314623
3079.210637100539
3079.662442873469
3080.371800880110
3081.117677173497
3081.711715603646
3082.403121226764
3083.273102505303
3083.601315469316
3084.149767672822
3084.966348988875
3085.397207580992
3085.906131194645
3086.860259784880
3087.690454567694
3088.070911041660
3088.730632712199
3089.278157773257
3090.242202087571
3090.563534222288
3091.043401772540
3091.609665193175
3092.608428517142
3093.377735593462
3093.826656868226
3094.419040883070
3095.148932138804
3095.795500735127
3096.120628537948
3096.910412575501
3097.650642117342
3098.022511792333
3098.927459654096
3099.756752118458
3100.243628186665
3100.900044573290
3101.225461729142
3101.915596507446
3102.781226583899
3103.178537815354
3103.937335718384
3104.536166248753
3105.431579918950
3106.000662071908
3106.554803955479
3107.069500299232
3107.716110490967
3108.206247608354
3109.095571491459
3109.495750147761
3110.631646086944
3110.893007207715
3111.576811471306
3112.309062482454
3112.947097763565
3113.455145896745
3113.877728357016
3114.596970487799
3115.493640790329
3115.991343047192
3117.003074291521
3117.379817451618
3117.654174850806
3118.645086286334
3119.331853774858
3119.765337513910
3120.132843785215
3121.021469553267
3122.173508089322
3122.262885803610
3123.088596229038
3123.698757091624
3124.272165069903
3124.745087464848
3125.714960839948
3125.847249091619
3126.933361214656
3127.355103989400
3128.290496670385
3128.750682820342
3129.607448638324
3129.887724851289
3130.480493948018
3131.027555104036
3131.985863290216
3132.644329048469
3132.953298294819
3133.976921101080
3134.527030534723
3135.247437594877
3135.629780918845
3136.152079661686
3136.992095804557
3137.498486939199
3138.024462653279
3139.308456551665
3139.528821340160
3140.010771521427
3140.901923500813
3141.402583745405
3142.054831761264
3142.635576864978
3143.101924971473
3143.783863231604
3144.890835480560
3145.344278302318
3145.855816313060
3146.490170559691
3147.083232507012
3147.756808084207
3148.354206360343
3148.888737283348
3149.555722044322
3150.318534076793
3151.224710776358
3151.594308939547
3152.197371485462
3152.945539734932
3153.188138601548
3154.201677240603
3154.476562391326
3155.440048546044
3156.043472276016
3156.645935959667
3157.395857317580
3158.116587012110
3158.412130134681
3159.172711059149
3159.671953377857
3160.144466032179
3161.329598604050
3161.795704855163
3162.216937417642
3163.073175034370
3163.856231314316
3164.157719416257
3164.817493117258
3165.346994485999
3166.133380982033
3166.614344033404
3167.546222782886
3168.179644076286
3168.956908543994
3169.203068087930
3169.728756210358
3170.824341342812
3171.159431802860
3171.593940185241
3172.380288140826
3173.162661226536
3174.008692704851
3174.636869780421
3174.832040396951
3175.624012633692
3176.219766078519
3176.950389322411
3177.471754833169
3177.970416685852
3179.018612934298
3179.575565582550
3180.034376609779
3180.928084893993
3181.399674479952
3181.972171254644
3182.246101193424
3183.291560229471
3183.961051247386
3184.442217712794
3185.355662203414
3185.792295951645
3186.497394237871
3187.102794370182
3187.720144718527
3188.270036354470
3188.565004784872
3189.743817661449
3190.237977236962
3191.183342237266
3191.330160389299
3192.146948315832
3192.950890978414
3193.226919428056
3194.026181418729
3194.456760859636
3195.224928828332
3195.961305374737
3196.740204969960
3197.448012618852
3197.679642287753
3198.625233794791
3198.793536043618
3199.773946538999
3200.332236009761
3200.879744195299
3201.537194242880
3202.408600443774
3203.176117258025
3203.677882612652
3203.899758716766
3204.700003833114
3205.513295342741
3205.895884099172
3206.566176451416
3207.451171395850
3208.032404415144
3208.722718728642
3209.184012650088
3209.956115961285
3210.542681094415
3211.011602230054
3211.421980590440
3212.406387614153
3213.238302443594
3213.808820187827
3214.116962202094
3215.022417270374
3215.754751016282
3216.078339525938
3216.667332816104
3217.427565582600
3217.850213476937
3218.840106647755
3219.636390338322
3219.959178889082
3220.622539340880
3221.255593314770
3221.989143856054
3222.242459295584
3223.283819349454
3223.558261974167
3224.348427725882
3225.235487738332
3225.864144949545
3226.498276185821
3226.706450131029
3227.647887024520
3228.018233625144
3228.815099463820
3229.447450817883
3230.080354241128
3230.846906734371
3231.381801588496
3232.296732646859
3232.708528379091
3233.055181730530
3233.714523262945
3234.618038755337
3235.033903485795
3235.776386300990
3236.651679419007
3237.142015349465
3237.719789709831
3238.261325039301
3239.170200001250
3239.468867877910
3240.088460917023
3240.561782120181
3241.762766530693
3242.271991083328
3242.758889140669
3243.472463806740
3243.926852494089
3244.692091967678
3245.420137540480
3245.766720568587
3246.183538176028
3247.411182485908
3248.016276834691
3248.323315886841
3249.367601382753
3249.719767293735
3250.141728183468
3250.972697013497
3251.475988170518
3252.299552870105
3252.823497188351
3253.433068840747
3254.467301695097
3254.845259006864
3255.392221563339
3256.109848491024
3256.325446291989
3257.414756098601
3257.741689914198
3258.647339502148
3259.255742404376
3259.887351856290
3260.553537983448
3261.204832160030
3261.691257398315
3262.285266831450
3262.827586195041
3263.443209326757
3264.536295220872
3264.754752023763
3265.841787706363
3266.103820481203
3266.646180221341
3267.618445730455
3267.943066846994
3268.536894796587
3269.224703840659
3269.772518309448
3270.861295683355
3271.393381857733
3271.869056680404
3272.332963345943
3273.086853452243
3273.892170735943
3274.106559259893
3275.060374909928
3275.344113459082
3276.521268001940
3276.991128199368
3277.661686835037
3278.038234300302
3278.910185577601
3279.363317472714
3279.771578598195
3280.620429970459
3281.520590029812
3281.963207962761
3282.411030348678
3283.550900163025
3283.911740959957
3284.480690623415
3284.858667988668
3285.626130079437
3286.342221224612
3286.942979505276
3287.841187564068
3288.278804317988
3288.884514359818
3289.734019272428
3290.067788802029
3290.749812524647
3291.310924146725
3291.960238117868
3292.526537956042
3293.486747273451
3294.171353255027
3294.725284236537
3294.993064463871
3295.829466126434
3296.574822463031
3297.010705166409
3297.606838679944
3298.167549201769
3299.211520381705
3299.713521362675
3300.412052714948
3300.896032427234
3301.601883165040
3301.855981744253
3302.812840462519
3303.511711777459
3303.760898046974
3304.759929954899
3305.459300155630
3306.093750683713
3306.533398596598
3307.239535527191
3307.921326442852
3308.180626768762
3308.910333254469
3309.905451537960
3310.322232861645
3311.183276174459
3311.555423503209
3312.272334016231
3313.097434248584
3313.561747746278
3313.808913237461
3314.612521746104
3315.389672620369
3316.300779541993
3316.654876186284
3317.294966302698
3318.168683889531
3318.420312110514
3319.212743461725
3319.680302483022
3320.499041856546
3320.842872242260
3321.769839073474
3322.475715191515
3323.279551281745
3323.569958302366
3324.228720400231
3324.583778575817
3325.725742366935
3326.122497143998
3326.412910307360
3327.440419691836
3328.217088478313
3328.778957740864
3329.327094367660
3329.951528538732
3330.453751687699
3331.082410345060
3331.688610935730
3332.397783046502
3333.179343292946
3333.734672147934
3334.381527996294
3335.062484007023
3335.779099071641
3336.021558809440
3336.871856349084
3337.280604331799
3337.922639844212
3339.009701396497
3339.562943370109
3339.847162323211
3340.765360912701
3341.277093951306
3341.925097330724
3342.526272535531
3342.946010665451
3343.648850890653
3344.417753334543
3345.412427309904
3345.654124535652
3346.412213288569
3346.760006402070
3347.761754082028
3348.178323691102
3348.495737399075
3349.517219054325
3350.194897642470
3350.523880051043
3351.706298525653
3352.083774289239
3352.762718673660
3352.904782550456
3353.803574987451
3354.533572082896
3355.064231831555
3355.751509794402
3356.345107974210
3357.279313387327
3357.778412423281
3358.234853006562
3358.959210160044
3359.413981380304
3360.048782305792
3360.746354188449
3361.384970446599
3362.312638255223
3362.757479302378
3363.333190242172
3363.914410377889
3364.703015442744
3365.335463198275
3365.598608416497
3366.174316435010
3367.212212981892
3367.993536116257
3368.408964998494
3368.960822856847
3369.706216544506
3370.262334743331
3370.823171799273
3371.482717849551
3372.019694688699
3372.645304134884
3373.525560587224
3374.318537866029
3374.659045265999
3375.321938278395
3375.947019139116
3376.394439686903
3377.124452786855
3377.889003163525
3378.233714500110
3379.191545325033
3379.855387882663
3380.292617702825
3381.319071177655
3381.517667149413
3382.004898497200
3382.699894846062
3383.451027839500
3384.221000243808
3384.702416112240
3385.410084881116
3386.192723633448
3386.674113365219
3387.258919094626
3387.897258578791
3388.401020946958
3388.913727808987
3389.917662030083
3390.308125701304
3391.378146038548
3391.709391401667
3392.205601530280
3392.951976432509
3393.490950622053
3394.388216995297
3394.656285297111
3395.037508307575
3396.319897052285
3396.972886289072
3397.399211346180
3397.809473735367
3398.681725673052
3399.204849357587
3399.837142590496
3400.260738752001
3401.108690161821
3401.788411461051
3402.371795756588
3403.224153446252
3403.772859606418
3404.169594288348
3404.879351702427
3405.323158006753
3406.099607009561
3406.733839969896
3407.475372340647
3408.216750533051
3408.468571240214
3409.762390245333
3409.852005614377
3410.393463383760
3411.048068149669
3411.751705400753
3412.323121820097
3413.122116414195
3413.924166988844
3414.416639727280
3414.785194322823
3415.885854867181
3416.100796564162
3416.773867369090
3417.310772372035
3417.997779546373
3418.713111268744
3419.617405044212
3420.002949371018
3420.807164515244
3421.200392332325
3421.668638177200
3422.634174846927
3423.076798059093
3423.652904860302
3424.176739203736
3425.276453862930
3425.788480961143
3426.464001978475
3426.810130001041
3427.373139320955
3428.296732580463
3428.672898883082
3429.221653644846
3430.155590517805
3430.692736107300
3431.438458948809
3432.046883913993
3432.546957538842
3433.341737844910
3433.751476012430
3434.168457845162
3434.937826749245
3436.036352725432
3436.259209721203
3437.014247501219
3437.589343329625
3438.426511557610
3438.926206647448
3439.297305614865
3440.130627766614
3440.388656900250
3441.617029976413
3441.922376132518
3442.738431268955
3443.539548608486
3443.776937014341
3444.354024519122
3445.299535490076
3445.694521515020
3446.237057478089
3446.862265345765
3447.771436886112
3448.563863976739
3448.910487771629
3449.602208849604
3450.166022743198
3450.651104804978
3451.341341651915
3452.171179918394
3452.530250440645
3453.190338374904
3454.222247834059
3454.720564709383
3455.149904747384
3455.909334549753
3456.376683108184
3456.877884641540
3457.701738535978
3458.285978393029
3459.021812486929
3459.679359013790
3460.353726174697
3460.850688790784
3461.547519849830
3462.148279351312
3462.572880708581
3463.340869680680
3463.661981295719
3465.006408917647
3465.319707074492
3465.915560883030
3466.333168263684
3467.355469126894
3467.862561535110
3468.256169070268
3468.695413487432
3469.749856862088
3470.183952825329
3471.106236645905
3471.622290909454
3472.275302308389
3472.758325814508
3473.299799374706
3474.028544693498
3474.629928619234
3475.207319556320
3475.890751944794
3476.583277108896
3477.367149282026
3478.070028801981
3478.515928561490
3478.703814379395
3479.733454158280
3480.239932520439
3480.963437176629
3481.425633919844
3482.452796838529
3482.804362857287
3483.590542533344
3484.218572045398
3484.630442659470
3485.303706072994
3485.834094201161
3486.424042332276
3487.335879146252
3488.042134087868
3488.470351433424
3489.198023332858
3489.716985464272
3490.617426118744
3490.746200480133
3491.641771088205
3492.016764206779
3492.778718069149
3493.751812931135
3494.358793467275
3494.790204880563
3495.202053816040
3496.188506352497
3496.563743601851
3497.291159012839
3497.689518059783
3498.386343984337
3499.394579684129
3499.880687399050
3500.429847944083
3501.190617477817
3501.690759063093
3502.098952806051
3502.808139366949
3503.619080614436
3504.038879777155
3504.995559561118
3505.282924621458
3506.354944284352
3506.730553106237
3507.384679844013
3507.869569502119
3508.259300892607
3509.204812255050
3509.962564073689
3510.326457620336
3511.130362371122
3511.975534508472
3512.374347989204
3512.826258322115
3513.648056868201
3514.222915659583
3514.715780533178
3515.139680730445
3516.457047242420
3516.844986217899
3517.271111734240
3518.118228136285
3518.534293630406
3519.228184608121
3519.908464143241
3520.451985914686
3520.767562698101
3521.856802285730
3522.539476874885
3523.132125935224
3523.804546741513
3524.020671641378
3524.899484259690
3525.598643753171
3525.869187087977
3526.769412474374
3527.343869863163
3528.061853576675
3528.809624278567
3529.437399114549
3529.884384618788
3530.483744292833
3530.989736733489
3531.808575202676
3532.166865511108
3533.231026626108
3533.686663365895
3534.288253890903
3534.991023667709
3535.636260644937
3536.373214194460
3536.666704434003
3536.987970754786
3538.191830246711
3538.623121756357
3539.376516637135
3540.071880012510
3540.571992001203
3541.257672611257
3541.785261526394
3542.445846858704
3542.886770289190
3543.732328549778
3544.076593055280
3545.027957720268
3545.996141101352
3546.180803314628
3546.753052980547
3547.291821190160
3548.238916632993
3548.642929502849
3549.168619571731
3549.857893947845
3550.559235253614
3551.622775115057
3551.815683064267
3552.463834360606
3553.048213525658
3553.780128543245
3554.118137027137
3555.000218898896
3555.414416400832
3556.512895029025
3556.771481949568
3557.477128928110
3558.329882823937
3558.864506739956
3559.189411883144
3559.765807687782
3560.577262563100
3561.151606499671
3561.999950888286
3562.619768134872
3563.070943930811
3563.900908014198
3564.287976569790
3565.183367264024
3565.475805104480
3566.040317994834
3566.681746176831
3567.813899127403
3568.118114269311
3568.828011411795
3569.445528809591
3570.054923301789
3570.565708252973
3571.150861808277
3571.981196006569
3572.312657039680
3572.996537293152
3574.042074172612
3574.476427656433
3575.125185266122
3575.647939300136
3576.279001253022
3576.594082453407
3577.708527745582
3578.042583101167
3578.653108387402
3579.361376239032
3580.394854431297
3580.781155141158
3581.137427866188
3581.843105987746
3582.720121813818
3582.856295698074
3583.643202895419
3584.434309938908
3585.296061405199
3585.661714599791
3586.202546369936
3587.109824560578
3587.578537062359
3588.135593911775
3588.668515461047
3589.101192240223
3590.198629756635
3590.765303031088
3591.434920706655
3591.921467304874
3592.511477590603
3593.356752697390
3593.704247364705
3594.308497298298
3594.980820913135
3595.495359426875
3596.504388254373
3596.974980630300
3597.739093065676
3598.303690930175
3598.629784121369
3599.354068534447
3600.086688169816
3600.694089325082
3601.054102890560
3602.075476821374
3602.566444803450
3603.369791179965
3603.988901155196
3604.430578863477
3604.858643087800
3605.663058133922
3606.189337606588
3606.976969246483
3607.568406702597
3608.261834380499
3608.828647853635
3609.719579684408
3610.174821558446
3610.412220283958
3611.372573294741
3611.776204226282
3612.486931795530
3613.168158495891
3614.113014200528
3614.579870954274
3614.953354533739
3615.650302396519
3616.549676133254
3616.934464157091
3617.348207593845
3617.969185812821
3618.906206651925
3619.630069822623
3620.336041356710
3620.588787227556
3621.304555602473
3621.957067946110
3622.704164687896
3623.055208762834
3623.565387947060
3624.623281515876
3625.053904178555
3625.796822333376
3626.560122984042
3626.993542534295
3627.543154577660
3628.077597229728
3628.646454698722
3629.597338170494
3630.161267765397
3630.417615809989
3631.683026318463
3632.018285887879
3632.598353938099
3633.255033301344
3633.827361215956
3634.221127618670
3635.003111325842
3635.714508141349
3636.587574854266
3636.823980917706
3637.803817534548
3638.165251774780
3639.051751318733
3639.252599714963
3640.072153654934
3640.648263446938
3641.053606265620
3642.221094131672
3642.739062970914
3643.244461533561
3643.853367889893
3644.454410941655
3645.099021885766
3645.650668241174
3646.358978527895
3646.752565738225
3647.467099379894
3648.656725515926
3648.953202544981
3649.318311383725
3650.192960391263
3650.561901811776
3651.393817410014
3651.894603385958
3652.404799895932
3653.217340401175
3654.166188303359
3654.322102047967
3655.196157902154
3655.956537246778
3656.210997249359
3656.870404159999
3657.304495807368
3658.313668285485
3658.895161356890
3659.502299857665
3660.047133689996
3660.896406215394
3661.445843583920
3662.053731137325
3662.324129422752
3663.153108693541
3663.694548299548
3664.498471475061
3665.170194669707
3665.909411258722
3666.316669995218
3667.059170844918
3667.458911070137
3668.293003276311
3668.831552470521
3669.198885950271
3670.007178878981
3670.766790471741
3671.634393556368
3672.135223683802
3672.415216578575
3673.120469858161
3673.916606970511
3674.465139277132
3674.850676001086
3675.688209389610
3676.295412043724
3677.201859466791
3677.556055232424
3678.505088979655
3678.882610291043
3679.023928660038
3680.179396244509
3680.708874767795
3681.059477055700
3682.095052274379
3682.693412582420
3683.231585539902
3683.846828829765
3684.622259981375
3685.037905190158
3685.640199523786
3685.990039399176
3686.946065611846
3687.747017566111
3688.240641918639
3688.911716879918
3689.357276356139
3690.276230582898
3690.692604958851
3691.211658580528
3691.816219862006
3692.344520973356
3693.322824144441
3693.992616512571
3694.392937049181
3695.264480889266
3695.676940842748
3696.284445997037
3696.731761735789
3697.681791486427
3698.172840342930
3698.504181577051
3699.515820012321
3700.345978504143
3700.938219570900
3701.129229557608
3701.760689028109
3702.670765544028
3703.057950997477
3703.668449843970
3704.446579725927
3705.029911094681
3705.779948435998
3706.510774203089
3706.949948757835
3707.449274311360
3708.325945829018
3708.521709788321
3709.230247559062
3710.101267237802
3710.855120744530
3711.211424312193
3712.073120670464
3712.510052005983
3713.262440748457
3713.776613530414
3714.400105735825
3714.701600020520
3715.598508568441
3716.436541292639
3717.066709561121
3717.582858838442
3718.115514442445
3718.795391802250
3719.424240922204
3720.063521141194
3720.428745695630
3721.135954275645
3721.875956424811
3722.829267144628
3723.174983871733
3723.744191418853
3724.559730631297
3724.879446297147
3725.519399588133
3726.167869812875
3726.920449858576
3727.534739473564
3727.953316370341
3729.076819963485
3729.502412457688
3730.017638563639
3730.674387498861
3730.887200492386
3731.942388269369
3732.548238126019
3732.882194394487
3733.903401360985
3734.579003041878
3734.879024114172
3735.794300199632
3736.225631737218
3736.819604917568
3737.290507190780
3738.087490571676
3738.543773204201
3739.618056811770
3740.175279054266
3740.572354802312
3741.075266275007
3742.003938418754
3742.620648617519
3742.924740869285
3743.431527602722
3744.263799926818
3745.343039743208
3745.462758723030
3746.340812591835
3747.057780093395
3747.246113941470
3747.995003642356
3748.861522196799
3749.135483521879
3749.809292217790
3750.593585821739
3751.328116787585
3752.056064468130
3752.401481572921
3753.146205081475
3753.716204855250
3754.003298790116
3755.029126162220
3755.408830964887
3756.299935008085
3756.809225484539
3757.429416601964
3758.346915620396
3758.736393060448
3759.150771894005
3759.894891479032
3760.331467039352
3761.118213472433
3761.885769292543
3762.560801186901
3762.948891057897
3763.875429829009
3764.358527914923
3764.765391717386
3765.638906360947
3765.930821611619
3766.847860812807
3767.072482497365
3768.316055834457
3768.833573979880
3769.418801803821
3769.619629567710
3770.592203705290
3771.155428658136
3771.750154922334
3772.315257847147
3772.664502028715
3773.972229889189
3774.285494843472
3775.082050076704
3775.348021424333
3776.237667889021
3776.711349578035
3777.155551521318
3777.961998420538
3778.601584293551
3779.262309955933
3779.857649963088
3780.660689501115
3781.239477131583
3781.763895672952
3782.228010818059
3782.908283177141
3783.365557366561
3784.279257382462
3784.976946407817
3785.421892672161
3786.121868597455
3786.893024708754
3787.423012681757
3787.819535719766
3788.579040851445
3789.072391864382
3789.590105557706
3790.602640964464
3791.197753401616
3791.771911984064
3792.370631841385
3792.858675854579
3793.677924149221
3794.149157457290
3794.627086870587
3795.328118104067
3796.026133479492
3796.687727097483
3797.529640653323
3798.197360049938
3798.415336274121
3798.943416955226
3799.788104362101
3800.597973577352
3800.836892095165
3801.375660251465
3802.575174548208
3802.860942351258
3803.732195089897
3804.219437542611
3804.600916779854
3805.505194005989
3805.770413354127
3806.532654608245
3807.299543322190
3807.832134727904
3808.803961186343
3809.046533283309
3809.670436428642
3810.690673734232
3811.077040827866
3811.218124567474
3811.966097171042
3813.048604923002
3813.465045334524
3814.232908875874
3814.707437001093
3815.403555013043
3816.096621937775
3816.561466529401
3817.047700116780
3817.819619252196
3818.279073394018
3819.037087787782
3819.931412924145
3820.452165359173
3821.069118536660
3821.381125614457
3822.229478338651
3822.795177002487
3823.309535649704
3824.100740459889
3824.425487949455
3825.450237765417
3826.094663201485
3826.706375856456
3827.112750587639
3827.817134689053
3828.169576734570
3829.084259757486
3829.568895326383
3830.199219340174
3830.972227316408
3831.546315628724
3832.410997781583
3832.721895799060
3833.448224422331
3833.865560353923
3834.528451942533
3835.179430476339
3835.727000469015
3836.783303393237
3837.143121197757
3837.697869690652
3838.500055196946
3838.939738580384
3839.643579008587
3840.284763905717
3840.566898684932
3841.195578719822
3842.515993545008
3842.843832667442
3843.163623908847
3843.989972510156
3844.724052878368
3845.207090532584
3845.650327591568
3846.337779722094
3847.053072895649
3847.593414269003
3848.412993523306
3849.139791798021
3849.688423308931
3850.131806279021
3850.651363247747
3851.398449649980
3851.942729475752
3852.672201647345
3853.245939499256
3853.803587075447
3854.808790767705
3855.230491804533
3855.887667025042
3856.296676084337
3856.783071371381
3857.785938435388
3858.009358737982
3858.855826634817
3859.600415344092
3860.326297211703
3860.636587019291
3861.459879363513
3862.070207011765
3862.609864385434
3863.050432328919
3863.590543528368
3864.577621916927
3865.131400083768
3865.819850524208
3866.540811266521
3866.857218210921
3867.507669648232
3868.281241893030
3868.937154978721
3869.160473590377
3869.805812136650
3870.874013674978
3871.471878903521
3872.050054129208
3872.490788440716
3873.244695344403
3873.645293519192
3874.507233908142
3874.882438608386
3875.508188989485
3876.265625437020
3877.185783397333
3877.380442189744
3878.419489015434
3878.737242588894
3879.468518101520
3879.657209727479
3880.600433186532
3881.180781986580
3882.018832196638
3882.408572481780
3883.088796065227
3884.012376471267
3884.491049234416
3884.821230802007
3885.497255338155
3886.086148924534
3886.755631625278
3887.512790456164
3888.018562296244
3888.986851331042
3889.441139702099
3889.725466085843
3890.661923710985
3891.263839269311
3891.667317645596
3892.295778867636
3892.805593649587
3893.919800846689
3894.476918067645
3894.904884086111
3895.582851753798
3896.025504169428
3896.880529013293
3897.361182285542
3897.804131260672
3898.649470059659
3899.090186203806
3900.127552294918
3900.812544677313
3900.938155774398
3901.763958728822
3902.342581397322
3902.930709543283
3903.379173283294
3904.347603766339
3904.746875368829
3905.482112015456
3906.224175893872
3906.870751116962
3907.341106181945
3907.887666858924
3908.572677199889
3908.969884520779
3909.651749938269
3910.597009580745
3911.187504916341
3911.648953087783
3912.210040702209
3913.226218212600
3913.654943292486
3913.862670590583
3914.595157416947
3915.413152900996
3915.915013984371
3916.689410945498
3917.575567435364
3917.819430741884
3918.503243526148
3919.209123373277
3919.523577677674
3920.542396053667
3920.847320418604
3921.318325930638
3922.271853513199
3923.133666362748
3923.552281324393
3924.123562083067
3924.692775374850
3925.074320478073
3926.220826439875
3926.419257721989
3926.905531649544
3927.853679435726
3928.576408072604
3929.284080467934
3929.513782258106
3930.480184792599
3930.948444962220
3931.257335118080
3932.000707648235
3932.815067674655
3933.375778300029
3934.183459511341
3934.534383538667
3935.440879179470
3935.884396326183
3936.657450992073
3936.883579331323
3937.642770436431
3938.137222809692
3939.036151821954
3939.881432036042
3940.100973133311
3940.966467986917
3941.455770489291
3942.009936671375
3942.918245119089
3943.169166145595
3943.567764325306
3944.680615249149
3945.129519866787
3946.059608792204
3946.411371595229
3947.215887034510
3947.498616691435
3948.205810101914
3948.859423611594
3949.591967650790
3949.883587260801
3950.786465735740
3951.422244934569
3952.263859075420
3952.705406385815
3953.290809262548
3953.581336960416
3954.440704380936
3955.089828447150
3955.739469261211
3956.126346425495
3957.153884164354
3957.675767893623
3958.365342358898
3958.673589464865
3959.580994458804
3959.919936157288
3960.718928926505
3960.866487188298
3962.114073754540
3962.821859730662
3963.043975555913
3963.685665769829
3964.664110553814
3964.989954186406
3965.560098724271
3966.204335395198
3966.602441006815
3967.495830448279
3968.244272401251
3969.076762248656
3969.182743053784
3970.001359939183
3970.606892196723
3971.366081402271
3971.532644979540
3972.427507662336
3973.039702719866
3973.586807607267
3974.473822436371
3975.215873557439
3975.650773471507
3975.929645514483
3976.813693985813
3977.317461772601
3978.037893387504
3978.460558909750
3979.463293421079
3979.770155554579
3980.640421118151
3981.390663825045
3981.706065463026
3982.343063502599
3982.795391338605
3983.491198849742
3984.234914018481
3984.928082714502
3985.365568003319
3986.363607150020
3986.703823277216
3987.339006373199
3987.930982922894
3988.606854218647
3989.098009411246
3989.504732935112
3990.457129374833
3991.150847694998
3992.034346633238
3992.174402550600
3992.739209706818
3993.635062937460
3994.247616746108
3994.579397221883
3995.360301105326
3995.643370333845
3996.954317470534
3997.339692462259
3997.834626858358
3998.559096433137
3999.071269279033
3999.778931384046
4000.095725880590
4000.942847758805
4001.526527523978
4002.139963639763
4002.938094781334
4003.459349455921
4004.288742791285
4004.760198518786
4005.146269491908
4005.626364229837
4006.562803835395
4007.254871561062
4007.544935994449
4008.506123644112
4009.173826282408
4009.598352173426
4010.329534742592
4010.974074912799
4011.327877850770
4011.881008893014
4012.656744900147
4013.341945487814
4014.108176216042
4014.679778496941
4015.159373305967
4016.014128107585
4016.271291836784
4017.077956370661
4017.698063451720
4018.085244762588
4018.669548329548
4020.989803692391
4021.348549175116
4021.884848042546
4022.643051776065
4023.219392757980
4023.862448881142
4024.243765301708
4025.052918085624
4025.975850267363
4026.485456706928
4027.046029103773
4027.393789358241
4028.246923709609
4028.830645921481
4029.215215536606
4029.889033662456
4031.032253781621
4031.191245893948
4031.768102649722
4032.933385028964
4033.097675002537
4033.803305266961
4034.158169257937
4034.834413657589
4035.589834563478
4036.296278630673
4036.968299286523
4037.485198047407
4038.117576845877
4038.879181796118
4039.387842183353
4039.811022868764
4040.409419158666
4041.250965391511
4041.550239077387
4042.602495647955
4043.188764357489
4043.799949946621
4044.300521391927
4044.705843407686
4045.614773956331
4046.296802641828
4046.417316832171
4047.280911746463
4047.938390572508
4048.923457579530
4049.348388516384
4049.837853527014
4050.403581919388
4051.194631274531
4051.443175370156
4052.412386703935
4052.798180766813
4053.519926522793
4054.227755544529
4054.992254945979
4055.530816251127
4056.039745321525
4056.628585000861
4057.129266391020
4057.870093476695
4058.316000282403
4059.175793251815
4060.018425260240
4060.223852942869
4061.130908957894
4061.548439192012
4062.477849302132
4062.675309140442
4063.430808879705
4063.646622189507
4064.900673377094
4065.430899399823
4065.881964652745
4066.793324766859
4067.019148232506
4067.851640207883
4068.536158229376
4068.777905096060
4069.543011735805
4070.124004265119
4071.007464355651
4071.540466187183
4072.231257329123
4073.005534535853
4073.273652916434
4073.653007156124
4074.674075848126
4075.203034624128
4075.859462084627
4076.073221542195
4077.309237375551
4077.907346871933
4078.326595807506
4078.845282766852
4079.520763981202
4080.175666650825
4080.485878957474
4081.484445928402
4081.891229399404
4082.702936836478
4083.361941392013
4083.892952691089
4084.579089408424
4085.091876256329
4085.758495803673
4086.063536363084
4086.830839054765
4087.510212003796
4088.522040851743
4088.736719052843
