1910.570922843493
1911.356534024203
1912.296125352217
1912.699459717513
1913.402256099487
1914.384292683896
1914.973258190301
1916.015205625048
1916.461273996916
1917.485186125154
1917.629442315210
1918.430458627450
1919.359540949880
1920.067082754136
1920.872671282665
1921.556264210862
1922.353169233308
1923.171990782952
1923.500012128874
1924.208846624425
1925.007213379513
1925.872660330144
1926.706447015282
1927.353545950721
1928.133139741324
1928.562419946059
1929.749896335529
1929.888868032185
1930.595299410268
1931.693540168599
1932.425148988434
1933.210800252501
1933.868225372845
1934.412084671763
1935.014372767299
1936.141911487073
1936.455727900386
1937.089091170676
1938.445078011672
1938.885893477280
1939.605398837635
1940.136461926943
1940.941846682528
1941.574283453563
1942.315061644526
1943.093966316878
1943.990499488028
1944.669159242102
1945.281878332459
1946.188400903870
1946.623929732115
1947.163527156377
1948.039929093281
1949.068893233292
1949.858480371828
1950.034424141273
1951.316734400334
1951.821080748211
1952.337173541942
1952.979095477510
1953.884117691231
1954.591626568577
1955.579541061597
1956.243590422138
1956.691107735716
1957.523670612863
1958.195233504014
1958.910828041505
1959.508105398611
1960.276297386486
1961.460551140059
1961.864657703940
1962.633153945526
1963.156373855099
1963.838913969109
1964.879681751089
1965.094298419348
1966.261254441162
1966.809955177069
1967.887919871263
1968.398158642487
1968.819869595836
1969.693326145084
1970.358107893286
1970.993584924401
1972.152766469028
1972.519967443784
1973.490053240946
1974.067791814344
1974.807901517762
1975.409545699171
1976.111206888846
1976.594316827302
1977.960501162518
1978.484099125978
1979.015189276213
1979.731559236534
1980.852865897024
1981.004458536439
1981.719210914053
1982.519674929533
1983.654378763059
1983.996028791882
1985.144359779473
1985.533780810724
1986.049253135476
1986.970519821644
1987.610639655094
1988.377160880461
1988.994261226566
1990.044521498505
1990.803345074003
1991.235577470833
1992.032746139565
1992.407546267852
1993.477414920964
1994.134215893056
1994.728509397683
1995.862946695797
1996.386513245676
1996.943347526130
1997.855831485013
1998.556195602135
1998.649311151788
1999.968100992557
2000.697111419942
2001.449381865066
2002.048215814031
2002.820263049505
2003.485230728661
2004.145479117039
2004.819519087682
2005.333183778345
2006.567044357106
2007.310863926518
2007.742174352138
2008.442388398655
2009.217418323593
2010.001113177419
2010.425881379132
2011.211799570204
2012.189406548118
2012.960317022942
2013.616984083159
2014.257314585476
2014.959537595128
2015.426047726148
2016.349669085913
2017.051046414265
2017.931167619189
2018.443051691772
2019.516524624771
2020.092158787419
2020.626443827653
2021.061846822574
2022.149710233254
2022.765848651233
2023.590092248815
2024.379085543526
2025.090140764577
2025.726281284352
2026.368359541494
2027.078283170330
2027.786782582759
2028.244969751387
2029.571776258203
2030.240854414801
2030.574142618352
2031.373555662406
2032.291787782215
2032.785195253659
2033.351954251905
2034.209246831429
2035.012254080254
2036.133369175114
2036.424110843514
2037.001230503701
2038.016531166608
2038.350767573909
2039.316497449852
2039.828895023518
2040.903833035759
2041.415423096485
2042.464739293709
2042.870209253374
2043.502948567210
2044.135931152697
2044.986762144354
2045.625597595154
2046.725137704090
2047.101467562970
2047.915788276338
2048.843232318193
2049.273354238306
2049.897363141559
2050.427308962950
2051.640704632649
2052.201395268766
2052.939106926920
2053.780415705412
2054.361433254795
2054.892106497220
2055.769212042065
2056.517365567473
2056.777899729174
2058.154302359929
2058.774987217245
2059.398738667381
2060.101655634416
2060.499393353364
2061.615282964468
2062.186972618508
2062.546140058283
2063.741903590824
2064.664744481795
2065.003946433714
2065.776834145378
2066.443294008657
2067.164971530103
2067.639356281011
2068.718411048747
2069.383033943196
2070.073331748979
2070.879117939122
2071.695959946347
2072.049504374381
2072.846291291844
2073.314397572236
2074.483548920264
2075.084746531126
2075.851987451072
2076.613246848980
2077.097903309753
2078.111298773422
2078.507437395394
2079.022513333833
2080.025827642167
2080.926092333274
2081.611568516397
2082.304477888938
2082.794652334390
2083.794965294644
2084.068889866000
2085.117314599500
2085.533784456956
2086.526243854747
2087.372982965283
2088.197259070535
2088.522130028849
2089.126470292434
2090.126595300958
2090.562618610018
2091.647687159596
2091.908885137777
2093.255635939892
2093.662764374690
2094.403552175169
2094.881508437564
2095.740209957197
2096.374967209841
2096.962856512829
2098.229819144547
2098.770499832862
2099.047885032085
2100.317776927999
2100.893182116948
2101.142795506033
2102.002642066125
2102.807412283523
2103.849429917163
2104.398311111542
2105.039142435693
2105.739510086089
2106.561030261803
2107.078276571606
2107.689841086297
2108.507206499489
2109.380647273540
2110.185183295196
2110.916657744129
2111.445671277872
2112.004562206668
2112.807163805346
2113.661483790061
2114.089330872574
2114.991360459335
2115.990985248390
2116.485661435205
2117.243437649646
2117.851256933620
2118.351828348344
2119.164337030418
2120.140614791365
2120.616760406454
2121.497685189819
2122.351649404055
2122.919870348911
2123.442051999296
2124.299008297367
2124.770368482987
2125.573107194420
2126.579282996161
2127.336902867044
2127.795893399991
2128.560573216769
2129.247392241470
2130.168548653466
2130.408727266800
2131.099922083841
2132.355867494362
2133.177537197851
2133.318806249875
2134.352307963251
2134.890644680479
2135.728153675898
2136.170574858020
2137.011034090569
2137.826285167672
2138.741580340398
2139.209493448918
2140.232308156116
2140.615074635676
2140.969420213565
2142.184721372301
2142.724692308690
2143.464730703507
2144.263239679429
2145.137712688092
2145.831247404497
2146.133352225438
2147.074788273604
2147.555173658940
2148.394516223973
2149.352492393306
2150.020120860236
2150.576757503982
2151.534172191291
2151.962912526597
2152.737583931314
2153.330382960621
2153.963992505628
2154.976891633521
2155.812680829311
2156.546767709098
2156.785691527599
2157.741601451358
2158.630597142303
2158.867931060859
2159.754867066760
2160.525571281142
2161.482269683493
2162.292613802432
2162.673346079868
2163.192117465084
2164.226064895252
2164.923198887377
2165.123168145482
2166.548712825342
2166.912642759588
2167.763883145259
2168.599542582873
2169.093968088388
2169.810086238143
2170.132669793882
2171.337326055483
2172.055691228861
2172.579403873837
2173.552442758562
2174.102029248131
2175.037399851673
2175.272285903461
2175.997461033975
2176.896574438528
2177.607287979989
2178.573873338241
2179.095287283038
2179.870392537790
2180.361181724872
2181.212125934324
2181.881725926044
2182.425037825567
2183.130482095781
2184.557758599024
2184.677673581461
2185.427245601146
2186.115340775122
2186.887040990376
2187.445760702069
2188.285435721095
2188.820444356418
2189.866098298528
2190.626137463224
2191.156083825542
2191.924780673586
2192.352543888938
2193.157350833539
2193.929838696887
2194.644941761521
2195.461139855410
2196.320125350082
2196.713963974807
2197.722731722464
2198.131736792424
2198.864429791978
2199.280123997956
2200.624770281246
2201.111499695051
2201.810643522260
2202.478779089082
2203.469754992194
2203.693002979167
2204.642458244845
2205.012067925637
2206.007962461425
2207.120722061712
2207.293952612401
2208.390496722394
2208.864846911513
2209.374541313019
2210.303046928185
2210.985150681936
2211.541493875462
2212.363711095373
2213.571570950483
2214.030705893800
2214.200649969481
2215.276279677034
2215.865908403877
2216.709536977264
2217.123632497532
2218.366264550429
2218.747817526360
2219.642348244344
2220.358151315027
2220.853947618363
2221.402216684714
2222.339478592920
2222.871145677231
2224.130961336611
2224.396853816061
2225.154857492208
2226.015187879675
2226.690428612374
2227.184640804216
2227.704174040993
2228.742776735084
2229.496835870484
2230.418601962224
2230.823894668338
2231.471300260712
2232.352315204384
2232.942077786093
2233.563309872272
2234.130325444725
2235.346361203131
2235.841570243720
2236.665213597777
2237.291598919508
2237.828754441532
2238.512884736178
2239.292421089355
2240.045476394864
2240.734583654370
2241.467148698522
2242.561225389764
2242.945363644163
2243.408425053679
2244.147454245503
2245.038581108922
2245.580325948178
2246.506103459182
2247.184546221874
2248.007904290155
2248.651394938987
2249.112265224393
2250.189323030238
2250.356064675972
2251.140325582066
2252.320868502688
2252.922868970034
2253.629740634758
2254.049366438687
2255.063068789967
2255.654207937837
2256.237811866317
2256.686209558729
2257.952907703259
2258.558581235450
2259.340079035498
2259.798195673595
2260.745704863869
2261.045054893796
2261.953014650242
2262.768622439451
2263.145712091692
2264.333373122618
2265.043828605905
2265.521084797989
2266.230595179281
2267.002359163574
2267.323393690933
2268.377571391310
2269.221661037278
2269.611408628071
2270.719915849736
2271.264368080903
2271.978009181499
2272.533601576471
2273.074462864183
2273.939575324819
2274.779943437221
2275.532050593515
2276.255485360867
2276.834006615522
2277.696698718591
2278.202929798556
2278.774095162327
2279.828657712291
2279.976465720461
2281.398116080422
2281.969676976475
2282.629700616363
2282.893286936824
2284.053249493796
2284.771077019506
2284.970152672940
2285.849497212133
2287.160364346038
2287.348640342316
2288.296335209870
2288.948901673508
2289.371865990056
2290.272818835734
2290.829716099338
2291.643662104055
2292.537803060506
2293.063892682325
2293.986343321995
2294.634931281567
2295.343667076733
2295.471447355559
2296.611423680171
2297.333299741717
2298.094235815828
2298.883030723593
2299.425937108113
2300.410930714494
2300.762125949280
2301.475658702775
2302.167481431653
2302.781712791697
2303.956987637437
2304.419996054715
2305.372488918834
2305.565892678546
2306.680798601192
2307.119636719644
2307.784235881426
2308.543015848763
2309.271967182989
2310.316601195740
2310.884063094640
2311.567083272134
2311.900203347538
2312.842071660712
2313.724902163668
2313.996141233429
2314.900849940776
2315.928122355933
2316.584570443779
2317.040468478397
2317.839501731029
2318.469598897828
2319.016528836004
2319.830657792474
2320.732078795888
2321.442837039497
2322.025028244795
2322.870207421973
2323.518796922548
2324.179281923644
2324.621658825535
2325.291122748193
2326.595740781502
2327.067449031515
2327.498126355714
2328.703432866118
2329.101471301890
2329.564768146352
2330.622854387496
2330.944431696804
2331.809038991245
2332.804607762102
2333.619855657220
2333.938563082909
2334.677956296942
2335.415451239841
2336.112762345757
2336.739115117842
2337.447532410887
2338.266937849919
2339.279835413918
2339.712643191703
2340.414535052134
2340.860896074725
2341.775039440199
2342.394908623028
2343.105530341583
2344.010651166032
2344.611286587783
2345.529322407173
2346.026635244336
2346.644398689553
2347.360836243352
2347.863166540177
2348.894210588853
2349.526663431434
2350.503016258627
2350.955181520854
2351.473517943085
2352.704541316428
2352.961078898429
2353.344427940280
2354.373153127853
2355.356812662782
2356.140187647196
2356.412726089844
2357.363662467083
2357.974266627923
2358.766859196709
2359.071838355997
2360.084561786150
2360.785306154993
2361.569031314995
2362.540067249644
2362.871834482267
2363.561981207136
2364.098373634900
2365.080777086649
2365.679994378346
2366.285108670854
2367.273302704529
2367.977847651117
2368.707232312939
2369.251214329609
2369.669817133841
2370.670886493865
2371.236404191646
2372.000528847166
2373.051414995381
2373.435563333236
2374.163079880233
2375.030830697109
2375.575018023768
2376.057970950300
2376.781102309449
2377.739640311373
2378.619723712555
2379.137397669261
2379.790487424992
2380.586688257100
2381.074143232899
2382.062000265084
2382.347372085437
2383.066133083558
2384.473698212934
2384.733107359595
2385.373722913786
2386.221351805342
2386.717155390577
2387.566338277637
2387.993469030747
2389.020588114392
2389.539100200476
2390.605141848927
2391.115774275579
2391.817415023016
2392.406275565269
2393.015241995394
2393.643245638873
2394.753731845920
2395.277933329166
2395.835749496789
2397.052625052574
2397.376978242213
2398.062814211348
2398.512984491891
2399.546218854113
2399.974571336151
2400.965817510845
2401.873288804834
2402.240372939184
2403.029551256925
2403.664931831945
2404.463436874975
2405.087158038947
2405.393175942178
2406.662916635174
2407.446642062338
2408.003135393756
2408.553404500187
2409.280464127300
2410.056077158283
2410.688034797189
2411.199269292461
2412.080135894711
2413.111703838659
2413.527641419859
2414.486973301449
2414.779226334649
2415.566583437089
2416.205126891995
2417.077432543870
2417.610191732971
2418.672615815831
2419.088658653985
2420.122955893697
2420.510024757525
2421.252466824807
2421.720518045661
2422.539195743124
2423.398414775221
2424.372903715608
2424.594209314913
2425.553110014585
2426.349050381704
2426.826217937580
2427.467431617938
2427.964237269119
2429.268892670200
2429.460390348722
2430.680757360436
2431.217412306694
2431.636029211177
2432.396836455460
2433.418730360605
2433.626393648959
2434.398452897181
2435.342827362409
2436.255473863597
2436.919877198304
2437.253416364183
2437.972625762005
2438.830757976486
2439.514294162514
2439.953843603641
2440.938538101473
2441.801478717792
2442.454159815287
2442.933601451834
2443.847183231954
2444.399907534519
2444.706540320959
2445.879087242369
2446.644567867590
2447.187619969586
2447.966341568684
2448.819150038012
2449.365573339021
2449.840836177685
2450.735718970453
2451.093395401317
2452.292613118503
2452.957051565743
2453.680554978505
2454.053992474290
2455.175706127983
2455.583047779389
2456.057572707783
2457.146587363588
2457.419442047781
2458.732070637497
2459.299540362465
2459.768520761369
2460.626898426821
2461.113545356425
2461.827188403331
2462.711847470303
2463.137915257989
2464.061873051106
2464.928967653505
2465.691995088079
2466.130724753685
2466.604104337842
2467.491684270575
2468.268464733252
2468.797016797154
2469.661967470176
2470.549979476588
2471.138785805984
2471.715861475783
2472.482845130088
2473.197245049037
2473.511319746519
2474.417784947580
2475.579628658148
2476.003957937275
2476.537146125581
2477.442049923613
2478.251198152444
2478.563014082491
2479.335129061917
2479.885884323375
2481.088533163558
2481.616625142289
2482.312684880194
2483.161981901836
2483.394286869108
2484.503218485781
2484.843579398436
2485.650131864163
2486.397363650561
2487.256201138057
2488.030160109014
2488.764275059892
2489.123966095451
2489.722653117027
2490.760368874061
2491.204961452824
2491.947466092277
2492.905853813109
2493.502917496778
2494.244470893401
2495.096406953818
2495.347688585247
2495.979515063140
2496.945051097088
2497.695681231113
2498.283816074586
2499.268206973869
2499.847691500770
2500.321992999840
2501.400339225748
2501.563505575763
2502.513253932218
2502.926167295588
2504.415545577201
2504.558146561007
2505.443946610902
2505.936404594456
2506.782467108903
2507.495918881710
2508.045341625063
2508.487229249126
2509.741293302981
2510.375839483146
2511.136400839511
2511.450774541415
2512.503384698411
2512.902667954722
2513.517704299069
2514.446945761102
2515.214817562026
2515.695703011131
2516.807334456648
2517.469338601259
2517.764527524572
2518.436968203097
2519.280163139255
2519.932935585275
2520.778067972637
2521.458375695392
2522.164761185767
2523.087868418323
2523.426631489142
2524.162578088130
2524.876108488739
2525.335967223748
2526.351135887709
2527.238148289242
2527.705914668109
2528.542655370476
2528.992233904778
2529.985200515635
2530.317436933787
2531.098428831222
2531.711863422787
2532.731461903700
2533.647819610953
2533.972971321755
2534.557124712130
2535.503559142977
2535.935526322316
2536.830956812922
2537.287894981772
2538.118400478068
2539.299720851692
2539.592640545236
2540.215085385010
2541.036366367054
2541.579647994283
2542.234281175236
2542.967763062630
2543.931592746697
2544.524135887175
2545.124727824435
2546.107603156234
2546.677112723970
2547.136287426557
2547.572796823266
2548.835926694262
2549.268962239571
2550.184645667880
2550.817159782289
2551.518071977512
2552.200145776019
2552.865429205177
2553.351286395356
2554.113115571076
2554.895256530707
2555.794616155981
2556.494250503032
2557.219612853647
2557.522722979949
2558.362170070339
2559.301253440145
2559.719343186484
2560.135084198997
2561.579917858104
2561.975103093947
2562.646984768593
2563.572377664339
2563.693856321867
2564.668914758508
2565.377944080514
2566.001741637680
2566.797525278173
2567.625458528648
2568.392373225639
2568.911746586855
2569.593670777627
2570.125437184733
2570.945499729638
2571.463705103512
2572.700692274010
2573.006632920893
2573.824160822779
2574.551100395682
2575.259071569890
2575.907347374939
2576.260513041413
2577.093052050298
2578.076505266455
2578.909632589808
2579.311817455863
2580.011706017737
2580.984780339419
2581.305935719941
2581.994037218179
2582.746794690544
2583.475645471090
2584.307368020694
2585.129321449090
2585.839512101207
2586.210254801141
2586.808744535219
2587.836999186417
2588.281556391739
2589.063618399717
2589.672001212854
2590.870344502458
2591.471977744403
2591.602733998270
2592.635465121713
2593.210566529033
2593.842768967497
2594.605342492994
2595.533037225096
2596.131450035998
2596.773454540914
2597.838283615466
2597.933454210238
2598.836663635057
2599.415880440399
2600.023751178654
2601.207899762582
2601.796319833835
2602.249320842580
2603.151199727523
2603.759029202321
2604.509240017874
2604.913940844144
2605.648125747569
2606.521750146358
2607.452085906697
2608.040350097540
2608.653021355844
2609.189077416336
2610.041332557218
2610.803604115904
2611.038419429429
2612.105140818113
2612.909224553199
2613.540414026241
2614.375425076437
2615.012077784534
2615.366529419920
2616.039674751624
2617.095602423098
2617.624322439696
2618.208125099181
2619.276403404403
2619.916946406023
2620.461504856460
2621.091776300210
2621.802757808570
2622.245235905478
2623.459904623604
2623.691896162668
2625.016450219920
2625.231591017591
2626.017519008470
2626.701488289431
2627.522115917213
2628.011561524119
2628.363107681456
2629.736758774626
2630.316741768474
2631.117190800667
2631.311882254011
2632.417243923221
2633.038450780555
2633.430051032439
2634.254976658177
2634.991479898255
2635.868267923836
2636.756857307117
2637.045938633000
2637.966731326088
2638.336885515724
2639.124990730185
2640.074367787828
2640.312239502025
2641.516459218653
2642.000893060172
2642.889270426353
2643.564849753745
2643.924381244201
2644.633194978690
2645.383935700715
2646.166773274255
2647.025165260005
2647.536161131005
2648.348744862029
2649.163760202263
2649.653382910134
2650.140615663458
2650.985613126104
2651.576603538458
2652.510713514777
2653.421544341918
2653.734897852476
2654.641526770602
2655.178756295766
2655.815244510828
2656.704382690346
2657.083525746559
2657.770365198692
2659.119244860374
2659.542096258631
2659.970066597701
2660.642129702394
2661.609513636963
2662.182166518386
2662.517612557951
2663.566068578786
2664.386317524019
2664.962941395829
2665.871714298605
2666.387476381376
2666.811527058251
2667.794626061816
2668.096755545753
2669.268483208258
2669.777624978008
2670.550850855302
2671.262182985123
2672.122732153698
2672.556176527382
2673.066813398931
2673.777168859471
2674.692970429826
2675.427280333845
2676.096800295281
2676.984133464410
2677.330194161517
2678.176069717811
2678.866762612746
2679.443311968709
2679.889273632734
2681.015769181438
2681.887637603098
2682.217991178480
2683.256667008964
2683.519800258659
2684.278460937478
2685.133260814571
2685.706454808734
2686.223953550972
2687.275450816047
2688.282023614420
2688.414945909308
2689.345379299376
2689.679958280652
2690.677468877968
2691.243831545305
2691.884080616895
2692.748584868515
2693.627107686025
2694.143774632868
2694.797885709464
2695.590866721685
2696.054598924443
2696.611911673700
2697.521006983385
2698.495346851259
2698.979992305061
2699.615675677141
2700.417671016186
2701.255256130913
2701.637236408713
2702.097713445505
2702.999392353066
2704.037652767010
2704.474412736279
2705.309346589740
2706.111029877420
2706.363592015790
2707.325024113510
2707.886981493762
2708.574913926609
2709.182212887360
2710.184577224896
2711.008491243519
2711.682258370311
2711.773989045378
2712.945308545959
2713.354137890884
2714.120537382240
2714.959467045399
2715.421632822816
2716.590590037330
2717.067738797759
2717.746557432520
2718.263440053493
2718.915573511868
2719.763845798784
2720.249698888065
2721.345972929863
2721.843721089871
2722.539700384740
2723.491486149144
2723.802098742644
2724.535933102212
2725.169681700454
2725.843901173950
2726.647349530582
2727.819021121502
2728.119759543433
2728.441545264191
2729.779716715439
2730.088296330535
2730.702266306934
2731.263720626433
2732.221469401880
2733.250185579697
2733.535921631570
2734.420889370795
2735.037543942854
2735.609313606318
2736.230673145929
2737.167476449338
2737.543868207670
2738.512593411757
2739.259694580547
2740.095521377514
2740.546748835856
2741.223364480068
2741.581307646954
2742.782429352781
2743.169336351541
2743.931420317573
2744.806476925672
2745.580249095288
2746.141610533678
2746.689754993866
2747.438643959850
2748.079001411882
2748.550103813755
2749.778543629069
2750.284595297860
2750.933204290491
2751.748373140889
2752.227345594029
2753.150058895551
2753.534505582938
2754.114313601372
2755.036225117394
2756.073026849657
2756.442712445379
2757.410637186170
2757.583876422002
2758.570132903837
2759.256466912637
2759.841896276329
2760.291171862645
2761.520506508474
2762.159338678845
2762.698771223188
2763.491747613147
2763.999806897699
2764.614305565230
2765.429015125051
2766.006376929260
2767.009566820538
2767.406487922952
2768.499697310282
2768.920350245080
2769.700798126035
2770.223290780558
2770.611166341658
2771.796592964464
2772.407000195476
2773.014592988109
2773.870201513615
2774.601595197618
2775.211036929916
2775.645513788473
2776.453942635609
2777.224618484456
2777.586182477735
2778.971214087224
2779.344097536848
2780.039666271091
2780.474704056252
2781.633216679889
2781.893606220094
2782.571127777405
2783.274074521778
2784.177205493186
2785.097204419050
2785.633267022612
2786.100770461245
2786.789653818087
2787.705695645105
2788.119582884809
2788.744004955113
2789.870135315919
2790.220895571402
2791.302463033056
2791.810006628908
2792.422477816587
2792.921552995245
2793.714373049537
2794.423611931838
2795.162716156658
2796.019744158839
2796.578219176878
2797.335019726700
2798.042252311296
2798.725176738069
2799.077453517708
2799.759558804133
2800.818848927857
2801.551268511921
2802.081500687677
2802.825426390320
2803.655259599055
2804.052423877898
2804.815127909009
2805.391298627271
2806.141648805397
2806.888721067988
2807.878568979843
2808.512004351263
2808.871075921315
2809.641944102329
2810.303715557561
2811.124452341550
2811.680394719590
2812.169318788677
2813.440801929507
2814.043337246459
2814.495940484520
2815.110431140997
2816.018147070089
2816.322056147073
2817.342885648307
2817.780341228025
2818.849282462763
2819.483172432294
2819.960438392012
2820.982784428232
2821.467039966176
2821.803341509318
2822.611626393155
2823.580588615369
2824.304598238328
2824.860461656947
2825.661755661507
2826.362407143544
2826.907269945132
2827.612352399006
2828.272376006109
2828.655242711687
2829.975215638397
2830.479842778191
2831.142402930598
2831.778324875296
2832.578402206578
2832.980388168590
2833.869125649391
2834.392255863839
2835.073411149718
2836.128428381023
2836.707634450299
2837.523485615504
2837.838997387706
2838.593846995944
2839.249809660784
2840.132117633771
2840.552447219744
2841.529283656322
2842.094544415234
2843.279238915145
2843.552760371802
2843.784612692521
2844.944348063254
2845.524998948468
2846.029516116572
2847.060734560992
2847.921298848690
2848.218766989035
2849.025620264330
2849.890846977895
2850.420085248536
2850.765755025839
2851.591444149974
2852.618179455704
2853.297012578128
2854.030009453349
2854.320059205552
2855.427158550262
2855.869805119783
2856.569219470840
2856.969307748886
2858.040024177941
2858.719450842317
2859.547392395380
2860.152197937578
2860.772677404228
2861.227003740273
2862.219409509357
2862.584661538218
2863.606110090529
2863.942613618844
2865.185340189359
2865.625423406168
2866.385428508691
2866.821669904297
2867.483232390479
2868.298688567015
2868.851669886373
2869.904161152870
2870.260563606398
2871.218054074309
2871.956932563900
2872.412710960573
2873.099406297300
2873.620381583696
2874.431082684007
2875.221424809891
2875.962425978312
2876.884400626442
2877.144149732125
2877.977743572109
2878.665116619847
2879.389945772894
2879.847574775699
2880.402374002101
2881.834794253905
2882.101722205668
2882.817743471053
2883.476455166404
2884.082519406145
2884.966213500627
2885.396439737273
2885.989502190328
2886.945650634885
2887.944162142383
2888.187557087036
2889.121445310887
2889.668026670403
2890.418826591396
2890.610867368839
2891.921080117716
2892.432143333948
2892.903115357910
2894.133586992061
2894.550463514401
2895.206395101644
2895.798478330988
2896.351025374519
2897.180247652625
2897.882472150674
2898.749299560717
2899.379200579580
2900.011353160447
2900.821012387047
2901.333589215976
2902.016432859635
2902.549080827426
2903.317543592121
2904.144619731530
2905.193440288481
2905.444139577625
2906.131280587264
2906.851180983216
2907.784352618119
2907.942339477636
2908.857265507086
2909.494018334590
2910.500635116577
2911.258659641243
2911.678578459804
2912.368356856684
2912.852573527926
2914.002064218127
2914.187021825192
2914.926612987263
2916.027025715100
2916.618666542174
2917.173084629148
2918.139762456744
2918.424807919694
2919.114900471875
2919.774588632219
2920.601440382877
2921.495219098403
2922.060374672953
2922.562350332851
2923.767160528125
2924.137924176017
2924.398390593749
2925.401879965213
2925.932711285504
2927.000391088450
2927.503015717744
2928.351689971330
2928.912086049784
2929.562820135840
2930.234632644723
2930.881674771088
2931.527874457105
2932.129873959011
2933.126096720501
2934.020454743752
2934.413175451820
2934.950907890618
2935.636108720865
2936.671421573868
2936.897323869800
2937.612724619082
2938.574735836581
2939.338935283858
2940.026828392698
2940.618367509904
2941.213115847724
2941.813329195211
2942.488365264685
2943.346930372723
2943.933197761977
2944.747207808282
2945.522380863692
2946.245449207829
2946.573693667778
2947.650833082427
2947.898904742170
2948.465665866431
2949.680879706052
2950.340077010931
2950.796261388004
2951.679754338590
2952.243166531424
2953.020272161462
2953.558991987595
2954.048948714028
2954.843146894937
2955.878922653785
2956.634055561803
2956.864932908241
2957.887493254620
2958.492396045167
2958.877211230626
2959.749197485422
2960.534360194193
2960.942717181712
2961.965958775750
2962.879430046958
2963.313022008040
2963.764283322483
2964.408229434104
2965.487468613496
2965.753204957957
2966.576548517123
2967.376090159858
2968.269841540067
2968.795676510615
2969.385861424556
2970.217589659003
2970.496173421248
2971.401919467442
2972.042792839328
2972.991989141522
2973.652937716115
2974.189419335668
2974.925252146120
2975.757999700748
2976.251455562750
2976.629782126263
2977.523132909563
2978.421913006726
2979.216312818707
2979.733405373238
2980.428120171145
2981.007482270959
2981.864361882916
2982.394030261107
2982.851312338702
2983.789827200162
2984.587105991222
2985.484902438678
2985.890517680917
2986.464850515869
2987.314507561683
2987.795965083025
2988.538841952819
2989.210565710133
2990.132045287272
2990.576881310955
2991.660793628157
2992.157454553691
2992.747900242216
2993.067061190547
2994.099114500378
2994.859522418576
2995.323782043779
2996.269003599189
2997.042703175137
2997.507563394687
2998.387899590293
2998.777189188344
2999.417062962736
3000.260183536187
3000.771094955183
3001.922844405631
3002.530395293200
3002.866202386879
3003.768715973208
3004.370809131083
3005.208016323932
3005.581063685661
3006.058216339346
3007.590233572978
3007.796017180290
3008.520084065753
3009.203511740483
3009.991927405034
3010.384694813912
3011.141998126471
3012.016130244241
3012.350391543400
3013.498347846799
3014.197239217513
3014.683446855795
3015.372264647612
3015.970355747456
3016.555153337109
3017.389752806845
3018.045704862613
3018.981586276157
3019.296568326427
3020.620757634823
3020.737808476077
3021.378980084238
3022.274790569523
3022.565921113363
3023.555969622816
3024.562029351679
3024.794997704550
3025.764892545081
3026.393011826251
3027.075214062556
3027.535382244756
3028.370456136991
3028.788312155639
3029.809514844748
3030.505895850120
3031.397182856601
3031.877942941639
3032.194397491674
3033.287316870435
3033.831766178710
3034.525988055206
3034.824790548704
3036.183442992503
3036.747370306943
3037.382581850149
3037.853566616799
3038.628126282244
3039.392157444451
3039.766806445480
3040.653110673382
3041.435935220573
3042.153712505106
3042.804636334816
3043.628477385224
3044.169402396406
3044.639658894225
3045.258400430025
3046.187278791925
3046.891376782794
3047.651369461365
3048.209450838128
3049.035805058187
3049.720308342721
3050.302349800991
3050.690176963754
3051.540559961074
3052.334906201879
3053.031711746196
3054.028524509387
3054.395124276900
3054.894327146260
3055.992551446137
3056.311750347280
3056.997178842079
3057.603996285241
3058.586113976217
3059.286524017209
3060.037106103178
3060.682190165737
3061.069701974219
3061.746716690389
3062.880224289623
3062.987612342308
3063.822445592276
3064.726263186510
3065.658267115556
3066.035995772182
3066.661043487833
3067.331367958441
3068.008928064178
3068.599784104885
3069.420889743252
3070.181500796803
3070.903766408626
3071.599306969913
3072.168558709666
3072.930032279028
3073.686973958566
3073.789370720810
3074.735406045850
3075.933042493721
3076.346582701093
3076.806184013230
3077.781342920678
3078.484636840679
3078.988806745392
3079.368585358461
3080.524808715017
3080.757229294317
3081.999357204478
3082.555946673745
3083.143905632389
3083.862475108949
3084.301008149967
3085.246343530807
3085.696085401922
3086.490002848640
3087.053984863116
3088.270093799634
3088.654607251080
3089.260486058984
3089.910455776950
3090.521145645580
3091.203708784095
3092.102315528025
3092.464300501585
3093.549278764569
3094.109824638604
3094.862415213073
3095.507706989660
3095.943997049873
3096.662658851002
3097.341005771808
3098.116187358405
3099.028513782711
3099.523634634342
3100.267007480024
3100.941683701230
3101.554480928183
3102.221476368615
3102.891968957621
3103.214814842673
3104.600548281217
3105.115701233239
3105.711266624783
3106.212813050422
3107.194069808281
3107.664210525626
3108.388373350313
3108.704967850458
3109.925901696354
3110.465997318544
3111.206155166560
3112.071392171033
3112.527174033246
3112.839499329251
3113.961230321001
3114.399191235664
3115.170135138125
3115.925846188717
3116.622058203045
3117.543069222876
3118.058502559723
3118.554476072428
3119.034029784015
3120.071296083645
3120.610101078296
3121.285820556417
3122.214992952423
3122.923259577115
3123.317092250962
3124.188845421596
3124.813169936418
3125.368920027318
3125.787996953580
3126.972264429647
3127.658412574654
3128.210514519586
3129.060807062063
3129.391765214496
3130.367123259247
3130.883721482762
3131.416327021536
3132.128906762085
3132.999608972270
3134.091549794551
3134.313347034835
3134.856949140767
3135.801070007234
3136.340112306849
3136.916077488593
3137.730737037986
3138.269533631686
3139.344744342252
3139.845435018272
3140.656853908513
3141.108162401043
3141.750129476104
3142.495529596151
3142.923579825028
3144.196186201239
3144.419263411873
3145.247282054531
3146.111137311123
3146.867341441972
3147.147338581657
3147.804647309021
3148.486435745381
3149.433343229145
3149.952798354653
3150.917443092863
3151.370649183896
3152.318449751847
3152.562572694538
3153.418170695782
3154.241894824732
3154.459781925312
3155.327317193699
3156.663624867435
3156.810804374538
3157.482998179272
3158.179756323941
3158.912814362759
3159.577816218489
3160.114196295216
3160.762144785032
3161.646645954603
3162.613586133029
3163.043340606890
3163.587928664310
3164.459704928056
3164.798362130103
3165.717388794317
3166.209431955315
3167.225150135762
3167.657790191613
3168.641433200787
3169.205401118496
3169.858172938076
3170.402642991957
3170.922903140804
3171.808866537423
3172.479676869172
3173.332738810059
3174.108433386241
3174.370133553148
3175.418328547236
3176.128935689525
3176.401688818109
3176.943482507556
3178.065741241578
3178.681280692345
3179.442683162757
3180.126909531183
3180.793847232685
3181.278351004244
3181.995708993101
3182.891777300523
3183.120513210129
3183.978428632452
3185.035899806097
3185.545023466033
3186.419641184668
3186.678368473492
3187.288824608450
3188.297642780417
3188.964779193947
3189.179003217176
3190.282507932004
3191.249098978672
3191.596419348657
3192.256284580350
3193.082976967939
3193.440365311917
3194.235950548321
3194.834640101107
3195.844422994108
3196.562877920696
3196.827094426148
3198.026147825322
3198.467386084259
3198.920663949504
3199.720167539165
3200.173674262508
3201.200518594802
3201.984426073266
3202.558800329940
3203.138105891388
3204.010384612254
3204.440234932498
3205.280002861827
3205.680373659931
3206.373995688725
3207.426243593597
3208.017326875430
3208.876574273651
3209.195734894399
3209.910211155355
3210.761868675445
3211.111264613538
3212.032577052433
3212.592584929281
3213.380837719008
3214.385687484648
3214.829689611645
3215.364294343241
3216.013852123107
3216.661758057287
3217.401786163607
3218.247574858764
3218.655045800259
3219.638673834975
3220.434629025193
3220.984376514215
3221.262210017135
3222.422067714552
3222.689734224270
3223.319114947014
3224.450117554063
3225.126488071648
3225.674544779746
3226.168136561616
3227.222803920135
3227.737850875353
3228.088337682646
3228.832252210070
3229.650400231104
3230.713296505111
3231.059267838449
3231.845462574023
3232.327636267632
3233.316548845197
3233.584014461902
3234.391534008509
3234.994544740436
3235.903157068503
3236.561733704313
3237.452718103555
3237.903798202826
3238.563861887692
3238.948752170032
3239.947353487240
3240.740259722718
3240.896220865606
3242.184140058342
3242.683607249301
3243.394137175642
3244.143790556263
3244.593564750765
3245.110043996353
3245.916346494351
3246.829175749820
3247.335486452417
3248.124526802882
3248.991173071588
3249.345717433977
3250.196630667546
3250.700573399926
3251.350850818101
3251.932825964765
3252.901598346026
3253.646994369413
3254.478572963786
3254.687346245106
3255.477243447584
3256.442583914253
3256.721837109977
3257.517413600945
3257.950157658310
3259.244848701846
3259.813886036855
3260.245854616089
3261.008953555642
3261.596860184858
3262.411183140147
3262.827704081098
3263.540307523030
3264.578412470583
3264.967585159791
3265.901626762508
3266.600065869363
3267.089024569358
3267.660000751721
3268.163530426933
3269.318807002811
3269.686499251398
3270.518156708928
3271.229847276853
3272.078874381726
3272.518454015052
3273.266544983184
3273.606898335217
3274.637997566593
3274.954390647946
3276.155011076282
3276.796275923382
3277.121395831572
3278.209631979264
3278.531534175756
3279.281014918136
3279.983967656755
3280.464225419363
3281.219786258215
3282.463547222129
3282.725344408344
3283.375908400050
3284.031509907447
3284.796848326705
3285.319844711024
3286.091604047842
3286.604001964847
3287.469012193048
3288.376347663627
3289.015581750542
3289.565712193298
3289.889013572326
3291.005761776838
3291.444365542999
3291.942838966201
3293.103007456112
3293.581489448966
3294.309252969595
3295.017744845933
3295.786244407978
3296.267617640458
3296.634625175980
3297.525785369269
3298.449197939318
3299.149111204024
3299.563389381171
3300.584335544450
3301.027070614620
3301.796074080709
3302.306085062660
3302.849215351757
3303.638312148186
3304.705964017024
3304.968211385000
3306.195922623070
3306.394225403310
3306.956145191245
3307.857566629922
3308.593829683231
3308.971525640642
3309.641943252773
3310.754873260938
3311.451709804530
3311.989289178234
3312.389300551128
3313.374662467868
3313.718608992580
3314.634881008455
3315.155152407076
3315.918532184136
3316.874781621455
3317.357369530044
3318.131233601687
3318.703509467743
3319.175090461910
3319.888380221575
3320.713869129667
3321.328075234824
3322.231736116863
3322.829963053784
3323.403411714456
3324.212746898578
3324.849880541954
3325.344776598030
3325.806964584430
3326.828481776604
3327.693915826756
3328.250790927582
3328.872401583977
3329.479390303183
3330.396067504733
3330.790841680708
3331.366570687680
3332.103152476013
3332.911700953934
3333.866415402132
3334.236540617277
3335.129458664283
3335.616320779204
3336.124400572300
3336.915905965137
3337.703989630499
3338.270014016817
3338.826144584783
3340.078295896994
3340.498776802584
3341.071720925982
3341.476551112406
3342.433280251730
3343.095915575847
3343.479298694748
3344.645538318061
3345.080004838477
3345.889152707271
3346.640394311578
3347.114957859027
3347.774727302860
3348.408886951224
3348.959856583521
3349.845087669302
3350.792005796117
3351.397830132012
3351.619784338515
3352.792058101694
3353.319024004370
3353.737932688387
3354.444374686011
3355.139235419374
3356.034448681643
3356.857346783551
3357.400323087181
3357.940563726747
3358.615498252925
3359.378662091617
3359.974900639345
3360.509047554240
3361.251855330996
3362.292724671640
3362.803857548294
3363.447676413563
3364.228586915961
3364.674044297908
3365.145833217934
3366.250725148190
3366.633036296834
3367.547762408383
3368.064359877140
3369.200024283364
3369.464856620451
3370.195593041630
3370.670143181507
3371.364562590646
3372.255610406678
3372.812541909985
3373.654488521556
3374.361227877042
3375.014672017225
3375.538676620335
3376.260789014354
3377.013139107652
3377.349081326486
3378.093589279817
3379.272173590155
3379.867531057739
3380.183865501124
3381.117376558333
3381.525248831803
3382.632274718436
3382.926054092228
3383.230280220991
3384.652385840178
3385.081883241825
3385.856446180138
3386.548747699869
3387.085273404750
3387.602418477844
3388.444977143934
3389.038446030942
3389.749626547607
3390.437666697992
3391.372356453216
3391.927393466336
3392.582084357219
3393.146071869069
3393.757301928685
3394.308655177292
3395.284870332785
3395.927647085326
3396.567141410247
3397.339837776043
3398.039937910831
3398.763460554512
3399.028637384752
3400.030954365636
3400.237342695032
3401.454020865744
3402.002965473512
3402.847812978258
3403.292213521248
3404.042106489797
3404.823612259665
3405.132577853201
3405.971043112675
3406.700997773359
3407.146699442641
3408.520545441003
3408.940841203730
3409.202652501043
3409.946563595466
3410.987735416884
3411.347555790295
3411.892045920642
3412.706410512194
3413.647431239300
3414.258035371436
3415.028208491825
3415.367297415866
3416.269796133548
3416.657970190771
3417.416957278677
3418.172321913182
3418.949220817587
3419.697656049781
3420.134940265634
3421.192199144325
3421.789825226431
3421.883235902658
3422.809030747394
3423.488977938890
3424.449771590611
3424.969654940431
3425.716501845546
3426.386824949335
3427.128686797138
3427.525060047931
3428.424155310963
3428.770939379427
3429.532274443786
3430.528757622757
3431.250965535796
3431.778355750712
3432.336432072464
3433.131302464131
3433.688317550843
3434.328355234865
3435.116060567049
3435.513072454340
3436.742085637678
3437.158409433277
3438.180534352722
3438.240132306340
3438.993051453163
3439.804456756816
3440.606426358542
3440.934782427261
3441.841038803213
3442.793105016865
3443.293008920967
3443.857234345081
3444.668586181831
3445.088830394736
3445.753579425645
3446.462540414806
3447.389372201139
3447.972806563195
3448.852112729857
3449.095239006298
3450.136919872165
3450.703016305654
3451.320833063388
3451.469541266669
3452.765516533460
3453.612364819571
3453.932483770895
3454.701835193405
3455.582386263484
3455.987674076566
3456.512191494260
3457.564144864035
3457.754323665611
3458.662042560200
3459.658663749558
3460.229051575516
3460.849689309161
3461.361284482747
3461.981324343643
3462.866563862794
3463.328723749065
3464.052802568102
3464.813710135316
3465.631603076506
3466.398211323266
3466.955099158492
3467.254412191121
3468.152408208836
3468.858903634381
3469.328845495762
3470.341005235083
3470.995834492453
3471.509180664193
3472.495031113046
3472.918168198138
3473.509425689998
3474.092629555570
3474.880328728897
3475.474741371409
3476.525737092876
3477.088641382337
3477.650042605695
3478.215168399746
3479.127683491361
3479.754381602687
3480.067217691672
3480.736308282786
3481.891574558116
3482.494021497756
3483.168815918025
3483.637381382476
3484.398952520994
3485.126044458182
3485.602795816867
3486.196472111780
3487.256497490934
3487.586003110897
3488.638405965445
3489.336695509088
3489.752977283301
3490.375933763135
3490.964400258809
3491.736168308585
3492.569464002665
3493.054282939270
3493.798468213130
3494.850359420499
3495.210070263217
3495.767891041949
3496.568275712882
3496.924831295537
3497.932370961258
3498.368359751156
3499.445288075942
3500.024747367850
3500.518501480667
3501.256916868139
3502.154610336110
3502.376728209575
3503.172294857812
3503.650164228245
3504.990030110149
3505.207717262379
3506.141201210929
3506.681581934122
3507.146617843646
3508.188283770432
3508.442148288636
3509.434658402926
3509.591014006304
3511.014207156803
3511.591922227090
3511.856690237785
3512.877851474830
3513.309182537363
3513.857872603559
3514.766047516595
3515.296851073332
3516.007631660961
3517.001683674157
3517.391886304792
3518.297027481485
3518.744340308057
3519.447733546977
3519.810017764747
3520.707289562877
3521.728082273088
3522.051114630670
3522.760032583163
3523.783020984643
3524.199628930912
3524.812096400849
3525.271498315134
3526.190854352271
3526.702089436668
3527.551742314132
3528.447910660416
3529.047583901234
3529.381994532849
3530.249123147058
3530.943148251008
3531.583632466859
3531.961412156727
3532.809336661846
3533.814163545037
3534.480397776275
3535.019384238934
3535.439456015817
3536.288546101307
3537.047638470292
3537.464374875573
3538.127970213363
3539.085168498906
3539.740188982411
3540.464385935138
3541.103117157570
3541.748938321883
3542.084560463014
3542.973196977652
3543.643203560757
3544.303615364182
3545.328910719687
3545.530691273990
3546.676135674097
3547.026447998201
3547.811471156864
3548.184584444065
3548.966851853280
3549.604859070213
3550.754501165332
3551.082853208210
3551.766421162808
3552.479899126921
3553.353319622199
3553.707409503477
3554.168673054843
3555.165736458583
3555.674629006643
3556.676089849745
3557.299108707300
3557.898180497073
3558.622608738458
3558.881744139077
3559.983910236198
3560.518428394353
3560.897662933997
3561.915608766780
3562.658533924073
3563.679224821203
3563.744904621793
3564.367327098071
3565.234975787307
3565.886209668797
3566.511014542771
3567.093873280166
3568.120382296896
3568.693503726169
3569.405773506307
3569.839805279879
3570.912484584146
3571.087622646792
3571.557288769995
3572.779150579726
3573.492834250177
3573.866277368506
3574.756230176016
3575.526657404957
3575.896160845959
3576.720307712107
3577.276500102887
3577.672311068406
3578.803357446150
3579.549565650010
3580.112341906581
3580.695572965637
3581.465402834759
3582.012483759047
3582.692919389573
3583.299127709879
3583.920760343827
3584.744616174577
3585.631439611627
3586.413628502972
3586.538575521101
3587.517760503787
3587.966799883687
3588.694738630015
3589.441443636232
3590.092505896963
3590.721704362425
3591.741714478518
3592.238762617999
3592.921213676929
3593.364404887741
3593.898221977018
3595.059982408457
3595.253913878513
3596.141835558690
3597.144792626915
3597.516869197241
3598.177701187527
3599.007085718176
3599.460970353176
3600.145913073379
3600.588379762498
3601.575260446286
3602.570214237495
3602.949676218298
3603.409535399876
3604.341820773593
3605.095071729642
3605.432145930135
3606.068461311842
3606.763866557452
3607.799605363834
3608.347831849044
3609.106148306354
3609.647973859715
3610.196164705078
3611.066682930375
3611.399438041698
3612.334007245269
3612.863957065410
3613.695135685517
3614.451212316914
3615.282668327117
3615.759117574284
3615.985643488523
3617.028061977724
3617.647154494132
3618.222155577791
3619.079562374707
3619.859970854784
3620.319821586040
3621.279451860140
3621.833693476745
3622.128941992973
3622.933495565385
3623.627860235959
3624.468080725607
3625.117702780045
3625.868490974257
3626.543806807943
3627.022369291554
3627.773004011351
3628.502008725937
3628.922887189895
3629.517264183871
3630.572708118089
3631.412312335545
3631.838630686027
3632.368289047959
3633.165202642677
3633.787421758724
3634.467054086613
3635.098626648131
3635.485385709855
3636.836950415901
3637.415927671012
3637.604326886409
3638.749510783427
3639.050896728770
3639.788671266186
3640.293601795333
3641.267291969983
3641.963007217400
3642.373222540116
3643.451139798663
3644.134112260876
3644.406771458790
3645.158045040653
3645.686384427775
3646.512441390658
3647.312331894103
3647.901029735452
3648.685887203941
3649.306870411371
3650.111646003747
3650.455354473225
3651.214746154195
3651.900256478976
3652.289920527335
3653.534875392933
3653.960794451127
3654.850403737451
3655.197977038996
3655.929808435553
3656.656849980817
3657.477509635538
3657.562746969088
3658.566810008737
3659.433867832643
3660.263208353916
3660.649070376599
3661.488373370341
3661.710124958987
3662.743432659585
3663.321238057356
3663.816235778789
3664.673865897854
3665.433906450313
3666.390600528217
3666.600333019316
3667.350036032302
3668.007744222271
3668.680493462518
3669.106767566072
3670.137073645105
3670.855153250118
3671.423286446325
3672.017922532542
3673.006649676608
3673.441296309268
3673.992892170375
3674.332167847024
3675.654765015085
3675.922509622734
3676.977304863588
3677.503266446099
3678.028432998577
3678.970133526850
3679.388682368350
3679.939307654026
3680.688235064248
3681.396132806645
3682.121327654191
3683.043483293991
3683.728830496325
3683.990780683550
3684.607915434733
3685.647900423732
3686.090589091544
3686.622015530124
3687.355050724303
3688.424838236429
3689.031400954159
3689.420790833547
3690.291135171068
3690.751244350984
3691.304019432738
3692.247068823273
3692.750107276096
3693.519241380691
3694.368698233986
3694.907202141084
3695.721076211467
3696.125670285704
3696.783274720216
3697.500460850973
3697.937634137661
3699.083427286471
3699.737972673244
3700.104689252877
3701.048028817355
3701.586370083281
3702.298094655448
3702.796601341097
3703.427272929402
3704.017910154605
3705.294225021333
3705.663788703765
3706.161376237199
3707.041511563350
3707.639161667181
3708.201732865214
3708.812507663091
3709.522817497962
3710.252014913129
3710.965091171024
3711.922809095316
3712.316743803629
3713.173799580181
3713.260059141398
3714.237937301629
3715.057627926753
3715.569492509353
3716.114283647445
3717.238576731550
3717.834332818468
3718.328395860563
3718.959708979420
3719.547322465843
3720.354821243322
3720.730745731394
3721.791794923634
3722.391656066479
3723.127950792476
3723.692084874860
3724.408735435102
3725.119247278927
3725.571137185842
3726.156471180161
3726.843475139225
3728.024275016287
3728.378302882650
3729.120418255151
3729.642322013427
3730.486846194231
3731.072429007953
3731.556550248401
3732.239152429720
3732.969449576918
3733.872778040340
3734.589086367900
3735.195489046397
3735.623929402673
3736.327652567735
3737.133773490184
3737.698366243091
3738.122787150275
3739.319291550971
3739.700201423006
3740.491453712692
3741.409256660874
3741.824530299041
3742.050187201787
3743.015420979040
3743.852183800091
3744.308634709241
3745.216643445212
3745.742761432370
3746.766420354479
3747.073521218958
3747.747213800894
3748.459195095196
3748.809846506084
3749.908998102826
3750.327010063181
3751.367992710801
3751.889781883928
3752.532009267471
3752.977116305658
3754.001481056257
3754.457915939207
3754.857649679388
3755.609402802782
3756.863473813417
3757.240111239233
3757.856268650079
3758.359063050741
3759.380108419546
3759.688011007366
3760.401477558140
3761.014476078130
3761.886114947195
3762.508345516623
3763.552611454273
3763.799364319504
3764.461870557853
3765.199940004245
3765.687222193661
3766.405867468028
3767.358329528261
3767.686384816657
3768.648973985658
3769.415811849991
3769.843521504177
3770.693339735908
3771.001492622914
3771.654153501269
3772.551266782843
3773.201056488847
3774.159768101330
3774.384392544460
3775.380647367414
3775.989580752913
3776.480629340318
3777.168517403826
3777.703290061594
3778.452555330615
3779.371417343878
3780.049228858282
3780.667053996591
3781.188980236185
3782.102895216096
3782.250700455142
3783.414766850876
3783.862241476963
3784.164503020525
3785.589876430487
3786.109223342321
3786.664485842821
3787.051028019912
3788.004552437722
3788.518558973757
3789.267214631374
3789.652500494705
3790.777551149123
3791.284152488140
3792.059147906473
3792.730708927743
3793.269215095707
3793.949205445615
3794.299524439314
3795.292169224726
3795.889050782623
3796.935076313644
3797.111470103880
3797.981480316962
3798.999197572587
3799.181569400162
3799.720400734082
3800.481750690511
3801.245825249081
3802.073237278574
3802.643181289811
3803.548410073523
3803.971698783117
3804.464802149800
3805.541164018785
3805.885128772100
3806.315101034433
3807.262131102135
3808.151153150498
3808.735530565110
3809.459123869438
3810.078683605583
3810.403602354178
3811.380029866252
3811.886565845709
3812.689548982581
3813.054850236964
3814.238361056567
3814.762399671154
3815.509915186437
3815.944977632187
3816.484385732891
3817.295665724079
3818.010376743979
3818.478929043122
3819.465592386907
3820.063252865215
3820.803473988345
3821.389043813955
3822.008150293662
3822.652274269840
3823.251136609939
3823.688258753482
3824.896272051357
3825.484345832432
3826.080696818477
3826.521482295254
3827.670003972777
3827.997369054188
3828.496451189666
3829.173473967649
3829.907121282025
3830.959522356807
3831.318649073470
3832.165617232286
3832.808690098999
3833.225620242378
3834.026531837379
3834.584594195084
3835.460018893125
3835.732703664822
3836.795839451266
3837.671567232425
3838.128867297818
3838.608801633076
3839.318372621990
3839.953814563579
3840.654357964150
3841.317351033953
3842.047917528663
3842.673291523184
3843.778672194189
3844.008665827394
3844.617235756859
3845.385326334170
3845.985348334140
3846.424559286701
3847.548631644857
3848.094524833670
3848.719437224780
3849.556335511080
3850.034270443624
3850.812660433111
3851.258891225727
3851.951480446753
3852.535571914397
3853.374277356668
3854.498288748452
3854.721475563757
3855.215057771210
3856.086704086154
3856.935474223060
3857.285211972744
3857.749621098574
3858.656958125567
3859.591127485315
3860.127873488832
3860.866387115864
3861.392838358303
3862.144151489509
3862.487696406831
3863.405050857055
3864.004678664689
3864.643719978059
3865.505826751728
3866.127842315652
3866.941377916665
3867.561889634019
3867.862055792018
3868.456474908453
3869.496364332170
3870.152312230633
3870.478976158750
3871.705517078850
3872.131171225000
3872.697770342515
3873.633607597959
3873.835306936893
3874.705424100912
3875.173478602434
3876.056599109592
3877.050813570876
3877.432212819973
3877.993485844152
3878.895875990138
3879.315995209005
3880.215721845356
3880.475099407373
3881.197805511091
3882.172937204795
3882.987182758779
3883.441850925346
3884.230228876297
3884.515440528399
3885.449754068960
3886.169446526219
3886.470726967445
3887.308400180730
3888.186865758504
3888.907234729762
3889.523121341553
3890.101445118330
3890.720303307058
3891.259977601836
3892.028370030013
3892.615186103691
3893.530500506155
3894.101650751395
3894.748076007706
3895.619594303150
3896.196302600176
3896.612484900013
3897.243943902302
3897.873515671058
3898.866657140572
3899.569563732980
3899.915934311786
3900.976087076851
3901.494215817736
3902.046308282378
3902.568369020315
3903.558724109866
3903.790059758642
3904.587080235052
3905.820361086708
3906.140651590993
3906.698210071434
3907.320442668779
3908.188223874891
3908.655763872447
3909.351029083502
3909.873668072729
3910.690207402283
3911.818916925284
3912.082552184523
3912.737800904523
3913.300509408049
3914.122510540687
3914.675448684961
3915.167019246922
3916.220362683853
3916.644687228418
3917.585476330286
3918.096789000706
3919.068336299304
3919.195517057101
3919.817461874155
3920.786520155754
3921.201689561276
3922.219823871806
3922.798373193523
3923.402544530973
3924.218092006328
3924.678014843058
3925.596195204868
3925.873983301531
3926.333059016360
3927.586081933597
3928.138522809526
3928.729690287634
3929.608914261249
3929.949506679241
3930.821378273904
3931.278895257984
3932.017861449709
3932.532276782441
3933.353798195262
3934.194512435371
3934.911546362643
3935.479003633713
3936.112735999722
3936.386997004759
3937.550957107830
3937.970291048427
3938.543894729672
3939.297345541929
3940.325778529244
3940.875947455715
3941.392594041070
3941.913936450572
3942.756352017176
3943.217534258119
3943.947554597249
3944.673218568129
3945.508402529406
3946.244945718604
3946.528909045707
3947.591640726363
3948.118751536815
3948.573356987682
3948.975826316330
3950.191880219592
3950.649998642394
3951.597212936440
3951.987342918334
3952.718452506350
3953.475473534893
3953.987782409776
3954.622940420080
3955.132245407343
3955.945920892713
3956.840087875973
3957.679510459207
3957.862115095215
3958.755462550508
3959.372706547301
3959.851122771793
3960.726426466373
3961.207601948795
3961.895522529740
3962.809262181768
3963.624928606710
3963.999574498851
3964.676511644402
3965.296544381584
3965.794685901686
3966.731951061556
3967.215399402760
3968.158763736229
3968.486498452993
3969.807173526136
3969.994704265219
3970.499517109995
3971.189251237721
3972.118340447520
3972.388473708065
3973.239200150229
3974.400349924896
3974.607736479515
3975.189958240830
3976.212537857544
3976.608052060145
3977.240344526173
3977.928288445673
3978.273996739589
3979.635711982117
3980.071442074542
3980.658573400740
3981.283949772190
3981.985824151588
3982.743134469136
3983.184957392259
3983.716257254855
3984.608298832944
3985.439230910468
3985.993434615896
3986.878272319527
3987.273369489554
3987.879114628178
3988.456246197778
3989.288318588610
3989.967712316628
3990.445464323462
3991.356798420185
3992.166420427416
3992.730982031466
3993.214141271453
3993.976706826731
3994.357384649350
3995.186786794449
3995.982114682795
3996.590739125741
3997.389795766953
3997.931391845173
3998.809662684161
3999.197061223640
3999.889429997643
4000.417022197855
4001.089873909519
4001.976114485087
4002.676220157738
4003.383929132652
4004.095596399341
4004.349255248109
4005.287049966743
4006.092767723841
4006.303976694887
4006.969079992256
4007.987246278244
4008.843389676639
4009.294516209371
4009.906567215575
4010.445001239899
4011.239965047589
4011.931374607974
4012.376869988465
4013.004631668981
4014.189338463311
4014.549225892883
4015.210167983787
4016.184813333899
4016.398964639807
4017.039020198326
4017.672096204265
4018.587685655084
4019.390604657549
4019.614704287105
4020.698299347640
4021.437721499303
4021.795753411785
4022.489621979811
4022.991481290531
4023.776752497197
4024.389911639069
4025.462984709730
4025.732957111012
4026.731582874007
4027.061010335891
4027.961723483853
4028.429604192923
4029.012680730466
4029.771779497540
4030.281767639917
4031.420156757931
4032.030042192033
4032.507944034258
4032.931051512321
4034.049925483097
4034.346190268510
4034.946488065521
4035.823695123128
4036.308298345546
4037.301163673382
4038.071795208327
4038.567215407946
4038.857532525840
4039.853725114488
4040.303205884143
4041.215903629699
4041.483117270930
4042.629344386537
4043.181470682772
4043.827335804226
4044.563771155810
4045.068688177430
4045.820602661559
4046.069641059963
4047.014418485095
4047.940256768419
4048.470847889142
4049.075354250774
4049.763974566823
4050.662195277990
4051.092287871449
4051.446803763687
4052.272383483774
4053.019644384768
4053.800295881415
4054.668468553689
4054.930721688977
4055.884290635739
4056.431191334654
4056.792323432513
4057.870788251218
4058.245713610972
4058.754503293563
4059.922785719059
4060.525113387921
4061.209177119498
4061.656984736653
4062.119378505889
4063.151698776801
4063.643385911261
4064.134009830540
4064.965110178990
4065.913434820095
4066.372363579630
4067.116798853321
4067.722842578604
4068.315037484849
4068.674716578674
4069.790515425469
4070.135471930922
4071.111309936217
4071.683134932794
4072.466829097689
4072.967785368663
4073.672604950701
4074.418745096824
4074.684618578315
4075.359968843960
4076.581836384072
4076.929266098694
4077.747978628653
4078.281055417949
4078.966517611439
4079.642138404796
4080.316312044511
4080.734008597572
4081.329805158458
4082.521875839583
4083.017503846611
4083.615430430273
4084.373110175739
4084.863906274250
4085.585287336223
4086.047760118854
4086.897494558058
4087.623386591618
4088.020447831695
4089.141242134919
