24.297324928027
24.597956021966
25.878792753605
26.776630422849
27.392424424155
29.035482198259
29.436315325095
30.801497553214
31.157513485770
32.045158036714
33.239654475492
34.101692718100
35.113857171154
36.007853304694
36.842527897856
37.521375745611
38.243090057740
39.652110112380
40.323741872242
41.336810113561
42.040812582295
42.987891508327
43.641213644907
44.422904232398
45.742332386892
46.535755633293
47.354777339277
48.007606001309
48.927915792105
49.747654807960
50.536483378247
51.564210036930
52.758760042345
53.280143260111
53.742317979252
55.000228446854
55.565531722043
56.516457781532
57.575392235654
58.468053684416
58.999742987389
60.120793205935
60.448040138411
61.366064202960
62.622826795006
63.365725168135
