8.155814145732
8.400084866134
10.056550461059
11.276291741677
12.184686686473
13.572001026426
14.486505068636
15.688160059940
17.634331610340
18.442570112651
19.172047912861
20.112040202238
21.252791073439
22.127041910415
23.465846034433
24.827732482242
25.809400809082
26.884905032628
27.469740144124
28.860528784759
30.205118430612
30.422673487170
31.401756043180
32.339326442841
34.151685616572
35.129439560691
35.769331176355
37.198913563484
37.794920015631
38.080631806374
39.694148341691
40.534956777406
41.659617885684
42.559236737606
43.621489260880
44.567900411534
45.766283072391
46.626170091740
47.338979711940
48.131717211777
49.056289297882
50.077687696098
50.606042049017
52.772231172798
53.221899699929
54.075799841120
54.701017729736
55.607934256707
56.860434443211
57.588587685515
58.389279004838
