25.595669419350
26.499547197687
26.986227043654
28.106514172103
28.658339946681
29.887172961110
30.355270454755
31.044638810678
31.363422258043
32.915175226733
33.418393275510
34.004492346369
34.426787070558
35.184904415146
35.922546121336
36.739849681634
37.203782311800
38.559489486880
39.187018149004
39.922667017218
40.793273127212
41.224537755377
41.680093622392
42.384063697869
43.436930133052
43.625144631318
44.897697513474
45.312755704478
46.147414623142
46.574310435200
47.396323587640
48.472942049271
49.000290301965
50.017004733021
50.422272244161
50.816385822268
51.952599924654
52.593727151941
52.797975122832
53.633827347198
54.157255000639
54.827055726017
56.222016736229
56.846821481706
57.455428961257
57.923843725529
58.787504849102
59.220260946374
60.017067988920
60.690886132175
61.325131727782
62.320710387135
62.553690880534
63.270997263603
63.760422283500
64.910839144219
65.423060165523
65.951804163178
67.196369368043
67.670473073215
68.429351506662
69.077271893741
69.419097064348
70.137753337794
70.473025633174
71.286976851212
72.452000601511
72.756644045539
73.276481068845
74.268138681532
75.217605977020
75.694349618071
76.254649156158
76.877653258961
77.496941231740
78.395370707848
78.859648945629
79.707619597938
80.320605580912
80.674969896951
81.344136303440
82.016964435243
82.451359261379
83.637230096123
84.606004938064
85.234166750272
85.586211455082
86.086846536402
86.866965516136
87.562726019710
88.145791253890
88.722290564783
89.142955570503
89.990389433092
90.827149903968
91.442426319437
92.126608011241
92.743663766835
93.236087651120
94.290503112699
94.628945603707
95.638458189693
96.079708295538
97.011577081459
97.135630311371
97.675728441235
98.795468335912
99.016032809246
99.469915822617
100.382318997799
101.299297243642
101.945501123812
102.666812174206
103.506595393234
103.928477651310
104.550622656212
105.054426843722
105.268180651906
106.340739610973
107.319682222792
107.683908605886
108.130937422356
108.869092764561
109.359048875770
109.993585587624
110.998325327896
111.798769961137
112.128077352747
112.830552221724
113.667859005180
114.423734684014
114.852655347868
115.040587519422
115.989162702920
116.582704438028
116.893477420410
117.646083881183
