25.744748668100
26.364884493953
27.242022495069
28.106558646840
28.907881113215
29.292707379709
29.964907604182
30.688154863863
31.347690214400
32.171059227338
32.936497107479
34.117532471844
34.645666626795
35.738852147521
36.196250867053
36.534862703447
37.363639658960
37.730291873755
39.187082838549
39.655661321846
40.096054640081
40.894613324909
41.559673844631
42.486152734824
43.209166950104
43.999869971079
44.918772228348
45.149537457089
46.344154211417
46.915660219355
47.138187959977
47.975855042331
48.863991438807
49.102371712068
49.744862598618
51.144918837656
51.886244323667
52.617574899231
52.935399280871
53.561656656675
54.612723910600
55.076615373591
55.684209536466
56.542581526598
57.031155378318
57.803144972004
58.449106190189
59.167642647770
59.790996316102
60.112411421298
61.476309910168
62.289234067986
62.819964552622
63.516223793188
64.109871820914
64.580095224705
65.287477634324
65.795970165883
66.527804447123
67.230577189472
68.136868842071
68.692064585450
69.141207205788
70.496298698396
70.900046978511
71.534390307270
71.912960108535
72.795143700717
73.392643635248
74.412966736114
74.998712182347
75.282189311087
76.015136649132
76.399530037200
77.097726993837
78.088623253466
78.933073388934
79.528419326564
80.408715628286
81.015734946672
81.591839790546
81.937018465396
82.873939036650
83.288709366369
83.904039038449
84.562535542480
85.384395697967
86.147721453776
86.642537302862
87.244208026785
88.227453392917
88.588726987790
89.259128890584
90.230569732710
91.185532200645
91.402281775112
91.720168227284
92.555572699305
93.357209665990
93.885506751331
94.385730708288
94.962899327554
95.525256115319
96.595436782124
97.702572129651
97.978377445004
98.656930024440
99.207928099047
99.709150735843
100.387641074914
100.968807457435
101.821652440844
102.431061737859
102.979267859106
103.808664829863
103.969483734697
104.825220227715
105.397044135818
106.494529564140
106.998547068148
107.590975108015
108.348774631390
109.038309195440
109.603143639240
110.426277104302
110.698353353729
111.080265306741
111.580880115657
112.725605100316
113.160200898546
113.966193733044
114.783896841426
115.276164713225
115.917953258420
116.661478989052
117.465290144331
117.886832090092
118.035423048407
