25.751409259612
26.663295254511
27.853834089027
28.324205543349
28.765602325630
29.338778872500
30.842371303388
31.201975940417
32.114480180417
32.788299080196
33.698490599187
34.528947765425
34.720253434565
35.767104569375
36.162275279628
36.831833563753
37.369658814565
38.570717130439
39.339861362579
40.242847458298
40.973873302237
41.512553415928
41.836290672561
42.912045485929
43.758831102778
44.255824273970
44.681803396740
45.872392133848
46.120109076715
47.081315953135
47.661970499600
48.086025235798
49.175555575634
50.254960242195
50.949730711752
51.469627356383
51.956736545185
52.646100745910
53.188201157378
54.020078278434
54.595048889857
55.135053485880
56.280862124581
56.620390736945
57.516657517237
58.466889172700
58.906103497257
59.730093635369
60.404138829432
60.576328242909
61.782048740739
62.631047397903
62.974601828290
63.658657735080
64.120636175590
64.589155704236
65.494529462266
66.279441102533
67.389799023962
68.055328308398
68.322127065265
69.250643499379
70.154931752114
70.375084279892
70.954442466416
71.416813697093
72.482808867028
73.068827700446
73.764512109072
74.320965732465
75.236358699495
75.703363718171
76.383380246305
77.240276858746
77.828162851126
78.835388035789
79.186919107418
79.958031273683
80.438183927953
80.879833447139
81.781453226286
82.316973877010
82.997041527692
83.388623155750
84.164582751460
85.687435763188
86.024077950708
86.513553662857
87.000105182933
87.813181123433
88.281284708959
88.836426936116
89.955111909774
90.389166182279
90.794027349149
91.730915160544
92.130464537113
92.770022913250
93.461477621455
94.418322217907
94.948786888594
95.707006971441
96.622609102144
96.860604912687
97.652113146592
98.391104538225
98.761746422816
99.385326380661
99.675034173679
100.456321026457
101.582679725113
102.159242762953
102.651361069665
103.455338583978
104.074006583538
104.928158920859
105.371358930678
105.923207162365
106.505088068302
107.515964275417
107.634006568060
108.749388273197
109.119563699622
109.930243567673
110.056626573065
110.691222357166
111.675861295187
112.465414427359
113.182372235148
114.123551235290
114.657648004342
114.831402207399
115.557349267081
116.048913370128
116.869032167275
117.499260556945
117.904851716836
