26.196836462375
26.988492623750
27.311666642122
28.111925921714
28.806316208881
30.020943819485
30.432582542215
31.239838540061
32.348055365747
33.040234216870
33.621485240749
34.259331038064
34.740732272750
35.714869526457
35.911599202491
36.900967646828
37.843824265413
38.647699204050
39.466017166920
40.027845249137
40.802489430914
41.558271736356
42.167818797194
42.853448735078
43.506441471214
44.281260319968
45.074355994566
45.664499179861
46.267003463690
46.834686032640
47.239388336615
48.880753951818
49.600726746610
50.068782919052
50.573568796227
51.544615676937
51.963743976662
52.516086834985
53.242263081443
54.035646147780
54.603406501169
55.257429726100
56.379313143325
56.597525338530
57.727747748809
58.474353528530
58.714324308906
59.608658730348
60.252074056088
61.340527325990
61.848152602337
62.372522959163
62.672538854571
63.328803437545
64.364088498705
64.857357073357
65.444853419757
66.653593333477
67.275015998104
67.869991690545
68.874916822784
69.320628832007
69.414597525154
70.329815130522
70.970376921306
71.810611036154
72.563212043600
73.080086307216
73.665357197420
74.479577901485
74.842493931920
76.038160578983
76.340663778019
77.500917994062
78.134599343513
78.454717215999
79.074043065236
79.955187414728
80.480208476987
81.158229109930
81.440637222828
82.294721689247
82.622861651804
84.106670070216
84.595037556173
85.397940225503
85.879514305264
86.363058001668
86.959651127281
87.983771785727
88.352321758647
89.048486159490
89.659677500150
90.400337684968
91.116070419122
91.417119081800
92.035494554793
92.974455530983
93.563972109786
94.386332439506
95.077142455104
96.037044877950
96.545040428200
96.766399633308
97.698986197117
98.004798385104
98.734304648000
99.048570438492
100.275513541993
100.911209341458
101.262111543891
101.890769345114
102.864670209720
103.763295542279
104.157247831829
104.596714623740
105.224578069048
105.984147968764
106.884350619904
107.271312833780
108.017881606461
108.508818276249
108.944251239505
109.693204129630
110.049602148114
110.985606226633
111.984502781866
112.632749730417
113.499802897287
113.682475974292
114.318634286787
114.938543200878
115.618673343889
116.359628069267
116.586832805347
117.417278344686
118.200816266345
