1910.626568612448
1911.580036039919
1912.076454889560
1912.954197416985
1913.421896683609
1913.999436915839
1915.244688115477
1916.086600546455
1916.562926687819
1917.214383099397
1918.117106489157
1919.272926883190
1919.898910749687
1920.864421813622
1921.146263903529
1922.469341042844
1923.030463511896
1923.542703762704
1924.196421383138
1924.902334646145
1925.581294985992
1926.947756430515
1927.715755514516
1928.666640866158
1929.092837096270
1929.879903803101
1930.676497868920
1931.203557858405
1932.467285439390
1932.778851994683
1933.640031264390
1934.291125723532
1935.266005878016
1935.944627989124
1936.523150632324
1937.840889558207
1938.689996093012
1939.532345294022
1940.016137038987
1940.455371775742
1941.167296084415
1942.359215514603
1942.669058507325
1943.534591185027
1944.563663220730
1945.296817540806
1946.469584073398
1946.964982306851
1947.528321081074
1948.492870048011
1949.070698617869
1950.153821712390
1950.791515294830
1951.520924894564
1952.043079311484
1952.831440034318
1953.214701870165
1954.940404796157
1955.612249436879
1956.259213616758
1957.013554073555
1957.832737065083
1958.526658942066
1959.098329061657
1959.730986313448
1960.422358844395
1961.738819252713
1962.324380430226
1962.817514360279
1963.936021925089
1964.692287059875
1965.363528704403
1966.344471391088
1967.242803422278
1967.658875366843
1968.657049402437
1968.916865516983
1969.966387757553
1970.481830982465
1971.338341568416
1972.132533798106
1973.441634034956
1974.364472560502
1974.887222049931
1975.223235867597
1976.065676321575
1976.772248167337
1977.895622892852
1978.545534123550
1979.180948549013
1979.771610091267
1980.639473609247
1981.639127035439
1982.353462936502
1983.146905270619
1984.208291400171
1985.021553266981
1985.278109487864
1986.468009740784
1986.919815794967
1987.286495509773
1988.242115127804
1989.073329911399
1990.166654160445
1991.190046939646
1991.554056856220
1992.353441036134
1993.414113599758
1993.947506791672
1994.559684247142
1995.435577570260
1996.202368549908
1997.188963052824
1997.563474046173
1998.402525397133
1998.753885524937
2000.095872036769
2001.273297668449
2001.966993565210
2002.379651976982
2003.304790249443
2003.897523359206
2004.520373685674
2005.215955263865
2006.181788429969
2007.045965711793
2007.351909178326
2008.799602081910
2009.304097336406
2010.406663311364
2010.833733085284
2011.272510405422
2012.798352834597
2013.403845888005
2013.877822453714
2014.640254311106
2015.015128722687
2016.139834279556
2016.697746170043
2017.718492939990
2018.869088063013
2019.457423288820
2020.559363664929
2020.726734104019
2021.649913174605
2022.149956700415
2023.017786487557
2023.889420289387
2024.621166303373
2025.614711235857
2025.971996075866
2026.839762227294
2027.718949692211
2028.865228578967
2029.408353836769
2030.430539027856
2030.695526715949
2031.571370707733
2032.485799758114
2033.118417868817
2033.531221320447
2034.133395317887
2035.531871253147
2036.654416414643
2037.086194342799
2037.882016648536
2038.632854798202
2039.045041445892
2040.283571555285
2040.650801205465
2041.675432562577
2042.505136282999
2042.773964474296
2043.679040918519
2044.543247306530
2045.461465706851
2046.253426824799
2047.171836664133
2048.097840434145
2048.801910252767
2049.241731387559
2049.734183410679
2050.602184687816
2051.273231208322
2052.464630256525
2053.089911476118
2053.584155826573
2054.975148414191
2055.697538552954
2056.055731780490
2056.971740245326
2057.717601890395
2058.530663722119
2059.439829612301
2060.047912828183
2060.516221984577
2061.451727441604
2061.873020337211
2062.828934445142
2064.423884749934
2064.884141911402
2065.514746172799
2066.121355196588
2066.890297871357
2067.740716584347
2068.416953672414
2068.898286978235
2069.843142392747
2070.753348170911
2071.494548010162
2072.430295414903
2072.949136806430
2073.690942365531
2075.038040954881
2075.314234419012
2076.397971347738
2076.856181633510
2077.660460299550
2078.113784305372
2079.066054000312
2079.590505941968
2080.555413566471
2081.690146415847
2082.479680501996
2083.215082170726
2084.101772454444
2084.505718744911
2085.100554056984
2085.752521951427
2087.245255558258
2087.553954346862
2088.231087557630
2089.012344085350
2089.458462074846
2090.904401055922
2091.496018462813
2092.351423566990
2093.132092946649
2093.943400805159
2094.656169590413
2095.302432011873
2095.661192568940
2096.767998191720
2097.080245086782
2098.241210744258
2099.216990341743
2100.274507574455
2100.557463719200
2101.450993975220
2102.141163891064
2102.890810896490
2103.949515779395
2104.598230956725
2104.803870619527
2106.003752345221
2106.902478082009
2107.073284279315
2107.943269516388
2109.035234940649
2110.310609333043
2110.919994845064
2111.490433479057
2111.939177016208
2112.844980669983
2113.554247120482
2114.090284525656
2115.267914894217
2115.614127970664
2116.897546858632
2117.157936152031
2118.437656469249
2119.295474701486
2119.563979098324
2120.525878309229
2121.362085372411
2122.331450518052
2122.796264810304
2123.619201846789
2124.137003207438
2124.406685026944
2125.764982757827
2126.846558433405
2127.512764435499
2128.469405884589
2128.961902602332
2129.866492358733
2130.530973077179
2130.925254069892
2131.771516772132
2132.760785935634
2133.601931063567
2134.074090585004
2134.899091432512
2135.764413298828
2136.516262929114
2137.350581396528
2138.468474656070
2139.189147551618
2139.559079826096
2140.246149148914
2141.163188273774
2141.625899384368
2142.737780959129
2142.935760026086
2143.953681750027
2145.356871821332
2146.119292961170
2146.581776577354
2147.129626312303
2147.879765132837
2148.848090557693
2149.531238594491
2150.485164366773
2150.986859432563
2151.562554735292
2152.421403294899
2153.196740269494
2153.935708514627
2155.316998385460
2155.715074350711
2156.535169244515
2157.433136671756
2158.041679377269
2158.572796735102
2159.267198343548
2159.736150427068
2160.937980674415
2161.882442779380
2162.488465508498
2163.189043925978
2164.191290515293
2164.905657300884
2165.813463072041
2166.107390696110
2167.134485532065
2167.981610599577
2168.687156821137
2169.230335238446
2169.838504348166
2170.763751137308
2171.130023813932
2172.996928377385
2173.219840233401
2174.303158290197
2174.867698992336
2175.432813379420
2175.884653655404
2177.098934729952
2177.633465464022
2178.418603900623
2179.194635331086
2179.750884731323
2181.088172372800
2181.500736772047
2182.447982730584
2182.842800972267
2184.181165535580
2184.949015730524
2185.459099008712
2185.966256991934
2186.716537835493
2187.464099523922
2188.212182731285
2188.813189323540
2190.178374608508
2190.812198674009
2191.802144049166
2192.276665009022
2193.134483751418
2193.636318516526
2194.399803980216
2195.149263251271
2195.990416883888
2197.132694819661
2197.374035892380
2197.913058637495
2198.785724618150
2199.989484411311
2200.913004338080
2201.584627774335
2202.180236950941
2202.931044603050
2203.684989362003
2204.526543651099
2204.929694059881
2205.388293201032
2206.606506500626
2207.382682222793
2208.392439544349
2209.254411789652
2209.711496553390
2210.650830147328
2210.989182336224
2212.133588009468
2212.947058732253
2213.634354021893
2214.107077763056
2214.866194465247
2215.562337235800
2216.446549069613
2217.261315465423
2218.000775258770
2219.462118977724
2219.859515808305
2220.373202013763
2221.296090354061
2221.615616248472
2222.299923810925
2223.460532500878
2224.152679314985
2224.786000608442
2225.526404409237
2226.616438252233
2227.232660571812
2228.076573736082
2228.805551337719
2229.536273670838
2230.419214724470
2231.036529055577
2231.820893990532
2232.546322240974
2233.048240166388
2233.540208013315
2234.491664706661
2236.016061792574
2236.659690002614
2237.329368651387
2237.559785587416
2238.955176917125
2239.307387070389
2239.914036629377
2240.794682336391
2241.590071017944
2242.310689264495
2243.253989033991
2243.729573008726
2244.480143535621
2245.591579576691
2246.209899156956
2247.356779818622
2247.798633292489
2248.732206317903
2249.257676866515
2249.568575877450
2250.679764970364
2251.235311728663
2252.145718791751
2252.922564214114
2253.888531429930
2254.878246928120
2255.700496691423
2255.987143060118
2256.622411970408
2257.382076870349
2258.601388089640
2259.369187813194
2259.600415625009
2260.448433445134
2261.129108801706
2261.849631974351
2262.970787103286
2263.797388450192
2264.751417832967
2265.257927859472
2266.269027055091
2266.489824942967
2267.418534154735
2268.104767823926
2268.682231860058
2269.331594441455
2270.772688559799
2271.112521542864
2272.175717301890
2272.751058991452
2273.439142577141
2274.361486653485
2275.432104896960
2275.660103425141
2276.444423855448
2277.377648969876
2277.973060226889
2278.691004102562
2279.303779720876
2279.823023036869
2281.439615598121
2282.110382751360
2282.896239924760
2283.596811198728
2283.951718684307
2284.795460725236
2285.534045253257
2286.166771183369
2287.265087366705
2288.042533891854
2288.243880677931
2289.211617972909
2290.545090435393
2290.948993318078
2291.579749603768
2292.622813701273
2293.292044156499
2294.382193769753
2294.791889480562
2295.175366793171
2295.938936633682
2296.622453425739
2297.681535825919
2298.443756916333
2299.573728030789
2300.138606836511
2300.988451458498
2301.669987367957
2302.108078357975
2303.155832831691
2303.561243655276
2304.658212670878
2305.283302410881
2305.991480669028
2306.662561909120
2307.598833799573
2307.884563550258
2309.408213134164
2310.275651635850
2310.872614270690
2311.337925748367
2312.001630133368
2312.940631488966
2313.520252923014
2314.176288454811
2314.947303737480
2315.575842978325
2316.957641638631
2317.649668233970
2318.237543773342
2318.940527617909
2319.782314419271
2320.255786020673
2321.452059333824
2322.040279399321
2322.766798857068
2323.253913376370
2324.117838070452
2324.520836687386
2325.641582342091
2326.646440180426
2327.553477287507
2328.015990412007
2329.195596822287
2329.603470791307
2330.244218304153
2330.791169324451
2331.349649199930
2332.672082848962
2333.296452822128
2333.951361115207
2334.702480543276
2335.484627877025
2336.597441472598
2337.244264915078
2337.626966250334
2338.919572643954
2339.484955887469
2339.935240348058
2340.894221528381
2341.528919972260
2342.047876528475
2342.709100561374
2343.705943033106
2345.064984166997
2345.830245537159
2346.167458821229
2346.934445161142
2347.426502433336
2348.438550294616
2349.177000509115
2349.984595926787
2350.379720592625
2351.326734200002
2352.214656118999
2352.738391093309
2353.748691626498
2354.319784480411
2355.392679361185
2356.361132058225
2356.926887563063
2357.330363273021
2358.244373431771
2358.828799571165
2359.411979563896
2360.140093080124
2361.305127922011
2361.958795092648
2362.863255122215
2363.717498122127
2364.409200315164
2365.076463344462
2365.868908590597
2366.136589206446
2367.384269023261
2368.169476927792
2368.908032872341
2369.413031899472
2369.674162506024
2370.857070344061
2371.877203965673
2373.020649107856
2373.347363798959
2374.255340426552
2374.881067824102
2375.635003612546
2376.235521921355
2376.809338023690
2377.619594802805
2378.467668084382
2379.273848779687
2380.063239513081
2381.217089496527
2381.656643778194
2382.097576444683
2383.148669872288
2384.210498704453
2384.626487233138
2385.571803305801
2385.956826239788
2386.481900298874
2387.744690300513
2388.141994443351
2388.681889810078
2390.021345976408
2391.259315646030
2391.458860451370
2392.317066342839
2392.942687782217
2393.415411233446
2394.247857678313
2395.146387365699
2395.865915261705
2396.696821151439
2397.309882056197
2397.894356375371
2399.051898060888
2399.641286596793
2400.828276132121
2401.162234151635
2401.926386943831
2402.965520614670
2403.525870980606
2404.212603840060
2404.569834407017
2405.456562732417
2405.945153025375
2407.576420488861
2408.226915031284
2408.619445943900
2409.841292094406
2410.089912640935
2411.192447836873
2411.468953970400
2412.471495247562
2413.269475983022
2413.935783754442
2414.651193505354
2415.383083639204
2415.957896019739
2416.944033163162
2417.776353698127
2418.763331751445
2419.803259708199
2420.005210940560
2420.812767450675
2421.243712328913
2422.008551840071
2423.188753034252
2423.352984442878
2424.471238798684
2425.054889551584
2426.298361793627
2427.090448836084
2427.606500760565
2428.133566338521
2428.856375927002
2430.169037627235
2430.509640035733
2431.348635730415
2431.916198481672
2432.661852216862
2433.176845501161
2433.956914057933
2435.211547092621
2436.058600790522
2436.879438966605
2437.366106822482
2438.035386415587
2438.993373210405
2439.554301803895
2439.961637974945
2440.708147788714
2441.989962135775
2442.457785973751
2443.518173657303
2443.727460874886
2444.848123609967
2445.715048610034
2446.451981176661
2447.246737494998
2448.009009496412
2448.366728916495
2449.533963886559
2449.984191671710
2450.419768514928
2451.313994186681
2452.092475987156
2453.162045242472
2454.372303778388
2454.717782849587
2455.467482170024
2456.013087521665
2456.759452972483
2457.310933010946
2458.568415907490
2459.208818162734
2459.651311646339
2460.214498579402
2461.281632402004
2462.123008262749
2462.932718614872
2463.511871301137
2464.576198164809
2465.455509718385
2465.981294329396
2466.599053573486
2467.149216473759
2467.876632984005
2468.483798987068
2469.626006216856
2470.108931971503
2471.404798485296
2472.065187157340
2472.486947667554
2473.617914644277
2474.053587167962
2474.807378197388
2475.678271555732
2476.215520173933
2477.249876994586
2477.757862383594
2478.506618930352
2479.140433146348
2479.525155732155
2481.319390062558
2481.958378666055
2482.489408531842
2483.174630952735
2483.832004060830
2484.649787784057
2485.171487646250
2486.088287990342
2486.444686006359
2487.608641020610
2488.275438912696
2489.173225431900
2489.949857053570
2490.833696890840
2491.198052193734
2492.080043178569
2492.993653891295
2494.057986532190
2494.246283168146
2494.933319964817
2495.592210734545
2496.294019675003
2497.190798893575
2498.010157625602
2499.134166546496
2499.633010972100
2500.800881774041
2501.362251459230
2501.733878341776
2502.212264657350
2503.378982668080
2503.858364021828
2505.221285932855
2505.310143316905
2506.188974294269
2506.846274558709
2508.086133527708
2508.436635878440
2509.567922608099
2510.401010913030
2510.847896028713
2511.634309749796
2512.304695907445
2513.044838761677
2513.771828821205
2514.190998163238
2514.831120641882
2516.329906879760
2517.157582705449
2517.794406130642
2518.443685149024
2518.805815500657
2519.955274292150
2520.594653397819
2521.399991474558
2521.852198636490
2522.925483644194
2523.420225416933
2524.095137910276
2524.900214402388
2525.714403775891
2526.620716146085
2527.826385524352
2528.089591828566
2528.997835673315
2529.754130552376
2530.068705874241
2530.782152066186
2531.484908796339
2532.529392105566
2533.484302265008
2533.689678890692
2534.852491120043
2535.829795489512
2536.484569618940
2536.971580611961
2537.734863541634
2538.415302556165
2539.672307349202
2540.102936993387
2540.581448518061
2541.386817409537
2541.821141626113
2542.791165617592
2543.780350563244
2544.983207539944
2545.428492651035
2546.223473862725
2546.671060868613
2547.602142003956
2548.215100666254
2548.690253832734
2549.874686801683
2550.172576066345
2551.112124727641
2552.307766179521
2552.556709586237
2553.506359492416
2554.099306353186
2555.177205615189
2556.109393357388
2556.535984133849
2557.376150929774
2557.627440775913
2558.715322140046
2559.376719429886
2559.884004452523
2560.590912913608
2561.841037493026
2562.816172724847
2563.527781370881
2563.902704284563
2564.849080526989
2565.485265249370
2565.743130872902
2567.039984435261
2567.867942684857
2568.271262095661
2569.218107717593
2569.532020535461
2570.396821378570
2571.776990795704
2572.296202667201
2572.865824143304
2573.924998233288
2574.594687591733
2575.246012217252
2575.880174796313
2576.525986304992
2576.812086850259
2578.006131113121
2578.896571860144
2579.790090771289
2580.409509442648
2581.361486750137
2581.963308373008
2582.538223565116
2583.386196098770
2584.186534961926
2585.002830616818
2585.478258497118
2586.198671424829
2587.256302949861
2587.431124908265
2588.345449179812
2589.197692069357
2590.460393553702
2591.328101744710
2591.781406882054
2592.264292882965
2592.822931491633
2593.779113891496
2594.530165477541
2595.096957685540
2595.976273778646
2596.655825025781
2597.453961860061
2598.668949425098
2598.972375262201
2599.833532404866
2600.431354500381
2601.530788156999
2602.103269124998
2602.817158634360
2603.727554654103
2604.072911187195
2604.556772496881
2605.459992918378
2606.271699648035
2607.658940430664
2608.155795598131
2608.733259436071
2609.812082322570
2610.212482082168
2611.104473812037
2611.523125174454
2612.081640882921
2613.251952714535
2614.216711750860
2614.562032933673
2615.064547305222
2616.229865696280
2616.825590186061
2617.893516819242
2618.698617086827
2619.260249409547
2620.051279378388
2620.719872170276
2621.337831149678
2621.871603933980
2622.789885183682
2623.433377330572
2624.015585814908
2625.327183146453
2626.334988997836
2626.727239891393
2627.562864704093
2627.860797119357
2628.663905477824
2629.877424916873
2630.387314660573
2631.107423008049
2631.677194015178
2632.240717602338
2633.354614340338
2633.900381541021
2634.659427307752
2635.942208109796
2636.455219885058
2637.270140976158
2638.102628070030
2638.379019180463
2639.115256492120
2639.867739411800
2640.458591036467
2641.401220817643
2642.367489175725
2643.018446410121
2643.774042065135
2644.467082216982
2645.673225120626
2645.839740760611
2646.767031207813
2647.472587231757
2648.247785592624
2649.065494492609
2649.737636360465
2650.296904799950
2650.689600075968
2651.535892868389
2653.144316872708
2653.587482559323
2654.499862458669
2654.918050367897
2655.763892164370
2656.323951757755
2657.040950047769
2657.712118586223
2658.729340300064
2659.098537390369
2660.272693902049
2660.503145391211
2661.969092216168
2662.219564699979
2663.183782191246
2663.664774654670
2665.084403117874
2665.653548892887
2665.928476532574
2666.659372703036
2667.351168411808
2668.123483720099
2668.750448094450
2669.830061281053
2670.333742294260
2671.757956127739
2672.223299870446
2672.920695037805
2673.466245284934
2674.162139827919
2674.848820391217
2675.712836865344
2676.666347112941
2677.086572712429
2677.916994017978
2678.562373008640
2679.035638950234
2680.397573071305
2681.046115041469
2682.201770370003
2682.468716081330
2683.024938069254
2684.073449098922
2684.729102575552
2685.369831188277
2685.624501670347
2686.537668470715
2687.698665312882
2688.480320254129
2689.435759256055
2689.897799695980
2690.438017281163
2691.630896744268
2691.977143367580
2692.847883280863
2693.750346053045
2694.285352984415
2694.914813891895
2695.669067136709
2696.275120925844
2697.094478422689
2697.984552977172
2698.985648976989
2699.884142884150
2700.524040358853
2701.097819649326
2701.784931112652
2702.161483018147
2702.895385631287
2704.112729933492
2704.732138284641
2705.237019862136
2705.989697432664
2707.059603241030
2707.964912780618
2708.419941444643
2709.095380179171
2709.998756291438
2710.800184513043
2711.624271359700
2712.215771767539
2712.547588210366
2713.449797621687
2714.231744661066
2714.521338309803
2716.146995454810
2716.997777600883
2717.466158767350
2718.047985612441
2719.012522767350
2719.392807023575
2720.454914137895
2720.809963172835
2721.667926638372
2722.380932641889
2723.455776663183
2723.881178221715
2724.552903303970
2725.357162391096
2726.305873614799
2727.371286302840
2727.944394134027
2728.465403686325
2729.349706983650
2729.794475192204
2730.493336223581
2731.432215732631
2731.730075623346
2732.697262233749
2733.838295150063
2734.428552283934
2735.420977228429
2736.193846254368
2736.688945901245
2736.941072353269
2738.105584326835
2738.949785586854
2739.743705909945
2740.414760345696
2740.778218903495
2741.343720867040
2742.445990072710
2743.362548942285
2744.179335434596
2744.897418361222
2745.765119340079
2746.520927163488
2747.065891367407
2747.523615473041
2748.456956696074
2748.762251300774
2749.880230366753
2750.650057658164
2751.491575107647
2752.179749072548
2753.102204916638
2753.733895736241
2754.227166115518
2755.491147412510
2755.928437965920
2756.719340768964
2757.155728842168
2758.217778824732
2758.732385856123
2759.411446991075
2759.939599717945
2760.755646972824
2762.378430567640
2762.865746393471
2763.557495169262
2763.856136390958
2764.801917100942
2765.370486927369
2766.370649745146
2766.643186548901
2767.901480151459
2768.318470466914
2768.968555843580
2770.049577605502
2770.638175340273
2771.595864068900
2772.212998373164
2772.930252318282
2773.974322653065
2774.495373659190
2775.294653197136
2775.789566329942
2776.247375054366
2776.895290029248
2778.093478292052
2778.798775915181
2779.772301125448
2780.464989315608
2781.215160999854
2781.991486910761
2782.702129418406
2783.021225401580
2783.743330151162
2785.069149023757
2785.448990753489
2786.083216806011
2786.962707399304
2787.388412400961
2788.289906811670
2789.251291221642
2790.328763681502
2790.840759788880
2791.694734360971
2792.226685231090
2792.595527511574
2793.736562966411
2794.211873930869
2794.853519147076
2795.663667609617
2796.328520332681
2797.796529451703
2798.253149374944
2798.814186271175
2799.492054351113
2800.265870643581
2801.026741876872
2802.173924985039
2802.536823972040
2802.941311434634
2804.002070829175
2804.522384809582
2805.255656514594
2805.855812088867
2807.256719461545
2807.782418961514
2808.776669868452
2809.275533912200
2810.081623372105
2810.608997711174
2811.173919658059
2811.815033842446
2812.698956461058
2813.820872031552
2814.297435834200
2814.860995716963
2815.659614222614
2816.888348427361
2817.347634123842
2818.105330528800
2818.763424291177
2819.646053857428
2820.374072504170
2821.054541179684
2821.576695729954
2822.313077774892
2822.656790165943
2823.738429632225
2824.942527114447
2825.654476596069
2826.478315994982
2827.043575849035
2827.487100250055
2828.318833922497
2829.040368706649
2829.960372128232
2830.470716650206
2831.192618066059
2832.027316879561
2832.570713869921
2833.674936506842
2834.316718943286
2834.690613909290
2836.245728077357
2836.735524224738
2837.448358475818
2837.902980940560
2838.601482640687
2839.217761706776
2840.033025037916
2840.784593789746
2841.372766739800
2842.522030979670
2843.245976690925
2844.218944705524
2844.705820460929
2845.302901204972
2846.106855854148
2846.787667319110
2847.447758566052
2848.523322210605
2849.227312616688
2849.490586558545
2850.260709207366
2850.835763296658
2851.979239027016
2853.180215309550
2853.688879913707
2854.295718548922
2854.877984902804
2856.104239216018
2856.470726765916
2856.660499367875
2857.798572665642
2858.282171587784
2859.461797873782
2860.117789292041
2860.830846403544
2861.766933938343
2862.319504554124
2863.044092759923
2863.885986662235
2864.652378645504
2865.583984996123
2865.874011742760
2866.731054632395
2867.120404820696
2868.167359773105
2868.834430407614
2869.266333933045
2870.686011614188
2871.503059966075
2872.287470286050
2872.811624794278
2873.237062774216
2873.918372778481
2874.640486061538
2875.761718459329
2876.353747249778
2876.843512591017
2877.645409219227
2878.516011995071
2879.199502598563
2880.292566066807
2880.645632828907
2881.654255629601
2882.435663169991
2883.086099602542
2883.750937540701
2884.408974763078
2885.012060495445
2885.774272662956
2885.979151211768
2887.474506672523
2888.476618059333
2888.987811727338
2889.640344775988
2890.356657680585
2891.281720018172
2891.765144451204
2892.418720667669
2893.231582610567
2893.940924341680
2894.907602157916
2895.338130992077
2896.160802742449
2896.450901579148
2897.813241645656
2898.665957542544
2899.342969331357
2900.466527670142
2900.582624962230
2901.150750292411
2902.245548257345
2902.542506073436
2903.342294451754
2904.266756785342
2905.052911458507
2905.492494666011
2906.946470398235
2907.458779828375
2908.070319254657
2908.752491310274
2909.141583056551
2910.604527887020
2911.015360525746
2911.880773591605
2912.133856337627
2912.923094499411
2913.610759054470
2914.446075291727
2915.367988124509
2916.273516453965
2917.160956897639
2917.882161650199
2918.266077421975
2919.110389768999
2919.705300673570
2920.461066465742
2920.809120301531
2922.073996506156
2922.705781547197
2923.357834096967
2924.327361566618
2924.743752602189
2925.659901182804
2926.642104018980
2927.388413367653
2927.940862325921
2928.537939156675
2929.395312790228
2930.083866960864
2930.849944379611
2931.123307657668
2931.876814134179
2932.856189467179
2934.432855791088
2934.583615769342
2935.265303132748
2936.139694923847
2936.619858886174
2937.316829447818
2938.076781367420
2938.965730943139
2939.672406068478
2940.466280439089
2940.618468950600
2941.753788679852
2942.667784561789
2943.283050326166
2944.175933771478
2944.856256527520
2945.876438307010
2946.459958147692
2947.167648221598
2947.443645859179
2947.977024118332
2949.167197829584
2949.700445510510
2950.659013349878
2951.441148232860
2952.241767023966
2953.138691498017
2953.729293097400
2954.382423603417
2954.840186046302
2955.956114875344
2956.548236940242
2957.307792585948
2957.972842631444
2958.670930538550
2959.242112687328
2959.822702455464
2960.860438969025
2962.413213789719
2962.585397595450
2963.085781250718
2964.204594753804
2964.339816843216
2965.327594773953
2966.176976811186
2966.578534876376
2967.176815219035
2968.286552635643
2969.209075990001
2969.734073715880
2970.625989698778
2971.299141650283
2971.807206685869
2972.910270770325
2973.742668330038
2974.059745227173
2975.189327556644
2975.301413125756
2976.228031797804
2976.820545154234
2977.522128782453
2978.672894504278
2979.440351239979
2980.261116431407
2981.060944865537
2981.847255716639
2982.061261187469
2982.991819190584
2983.226961940865
2984.514008548756
2985.307431781156
2985.923238095746
2986.507519147844
2986.936101715084
2988.370832465584
2988.932241958521
2989.575211366043
2990.554059848194
2991.177413493481
2991.925672170682
2992.547744249712
2993.199279156983
2993.857260352777
2994.355538599860
2995.138766613124
2996.092530580106
2997.167037364029
2998.104520599810
2998.525165082193
2998.926553914335
2999.791727369387
3000.806490859107
3001.206514624385
3002.140858723592
3002.762497434563
3003.237533924362
3004.352347969339
3004.845663603420
3005.458525849356
3006.309705768813
3007.421142752008
3008.418305420358
3008.834516692808
3009.394203110055
3010.063350119960
3010.878495940873
3011.316544655187
3012.023227183878
3013.101869993176
3013.636233316513
3014.462617528386
3015.396290108336
3016.125073774069
3016.842790937485
3017.610281234143
3018.074078441065
3018.740576577815
3020.056472001777
3020.446646909009
3021.120190894373
3021.478619276081
3022.442856686992
3022.745243609280
3024.318445619914
3024.966335920889
3025.751120004924
3026.332739545330
3027.205607768928
3027.721274296578
3028.483259859770
3028.846912041977
3029.723868116232
3030.791050105221
3031.102601858086
3032.145181429615
3032.812434315595
3033.643839912868
3034.193137199286
3035.141673020757
3035.874109023964
3036.955525061599
3037.348188123190
3037.746675948411
3038.507499000058
3039.467313501828
3039.943202411876
3040.749248843677
3041.130534110943
3042.776574927696
3043.273626715099
3044.396140770733
3044.435696092674
3045.126993404192
3045.908962170080
3046.721737310487
3047.596250101968
3048.159845146371
3048.913402423278
3049.616817584129
3050.099591850382
3050.998009502679
3052.042829777795
3052.721128029529
3053.551323882358
3054.182651962416
3054.963928658313
3055.727347082871
3056.207466911276
3056.869066943103
3057.301881215404
3058.092991015538
3059.449907280892
3059.928317441478
3060.759443707727
3061.392358951493
3062.396325028373
3062.948697226579
3063.420077939015
3064.507708569787
3064.925403754182
3065.784045732812
3066.749974075596
3067.110895983607
3067.489517042081
3068.724675312306
3069.060398621840
3070.417416442973
3071.364251031607
3071.826631999467
3072.543803736710
3073.053387255866
3073.576393998440
3074.512286435334
3075.173061153243
3076.028452595842
3076.541917120524
3077.299708816541
3078.271702810782
3079.372661400625
3079.727448072875
3080.105007793799
3081.207758124957
3082.157490283232
3082.792136578807
3083.340035481926
3084.013789780235
3084.736905018948
3085.032148274201
3086.284775527030
3086.558847597272
3087.995095212296
3088.900334593167
3089.158168115556
3090.006595997624
3090.891611813872
3091.344153145496
3091.894543166593
3092.639665849724
3093.472240592635
3094.545482302390
3094.962712939866
3095.537253768403
3096.308984854071
3097.113783011425
3098.344114826605
3098.800267934048
3099.662774119683
3100.029571541681
3101.204287549367
3101.417223144636
3102.373930230347
3102.742937477913
3103.486230265440
3104.278235020561
3105.330801313069
3106.326286399883
3106.949376596439
3107.503474762821
3108.287405906282
3108.761740826416
3109.474121395692
3110.694394634887
3111.174962343461
3111.759452841770
3112.208223575876
3113.214391699184
3113.892657337286
3114.635287965222
3115.594399143812
3116.244769186659
3117.421944782539
3117.987703254968
3118.376244063416
3119.114595716831
3119.516216954993
3120.508644647600
3121.101014387810
3122.046309751135
3122.724146106129
3123.474613817611
3124.448254579243
3125.041704808602
3125.766014782892
3126.572539964884
3127.099835337493
3127.973057317392
3128.849520005037
3129.129888234353
3130.263692080201
3130.786220647472
3131.017352055251
3131.748537074555
3133.415358318308
3133.962169935963
3134.871092573480
3135.157852402423
3135.875547999301
3136.697481951510
3137.547932961402
3137.839699760086
3138.567194620263
3139.646743142101
3140.201201632765
3140.995326588768
3141.707463359538
3142.518115579873
3143.394745397311
3143.770159731383
3145.043226379888
3145.538824182899
3146.383931257628
3146.765334381244
3147.478381887734
3147.974970398999
3148.938848699381
3149.512408903679
3150.635418105748
3151.090039019703
3152.443846204624
3153.097829285023
3153.318621114988
3154.265335437647
3154.595507556772
3155.455874486988
3156.598559789906
3157.105388146629
3157.806018834462
3158.199043649193
3159.037362649251
3159.962835239916
3160.737893675457
3161.608277941248
3162.694011329885
3162.849741509813
3163.673379931460
3164.504493620867
3165.054303789983
3165.657060101141
3166.298917544782
3166.940734073410
3167.883841067110
3169.069235588207
3169.748695522214
3170.060753722916
3171.035252358572
3171.543061357170
3172.634520765168
3173.220492467785
3173.669688037930
3174.740183359364
3175.108920103353
3176.028775021757
3176.539974278825
3177.218344638251
3177.932540957252
3179.317222914064
3180.058272829718
3180.463112116499
3181.336371153088
3181.985901443576
3182.417364857592
3182.953695498329
3183.972095179313
3184.860273154358
3185.327469087168
3186.254341213400
3186.659981831726
3187.909955028142
3188.658214487111
3189.259498383747
3189.577667830392
3190.785912295150
3191.512069754401
3192.383356903986
3192.616653245260
3193.301195630642
3193.840144426100
3194.788779818328
3195.436035365319
3196.745635791709
3197.382735513797
3197.988312546975
3198.785844585966
3199.571238389653
3199.773642150554
3200.721700088077
3201.682803292255
3201.891714690390
3203.015298867013
3203.638533948767
3204.488971043987
3204.905546307386
3205.801060270799
3206.600545894959
3207.700096988127
3208.410959607943
3208.954750457518
3209.385418492107
3210.088951217380
3211.137284508461
3211.494429504783
3212.125538118884
3212.850763139013
3213.864473248529
3215.004420060846
3215.465698688296
3216.292501917991
3216.841440322391
3217.336091020907
3218.283521821674
3218.953796966262
3219.914744422080
3220.447162265435
3221.044473428522
3221.777310012459
3222.086385553364
3223.419114092142
3224.179447761055
3225.015516443030
3225.598851908473
3226.558869300926
3227.240950540445
3227.599088785330
3228.508093499054
3228.753386469184
3229.475870350414
3230.874800684654
3231.364839249053
3231.766080244333
3233.103220718195
3233.490048124309
3234.328728657800
3235.175003239488
3235.579674637249
3236.686806411729
3237.178469551337
3237.875939328181
3238.588583652474
3239.165025330657
3240.014026702505
3240.323695648062
3241.312911641080
3242.687018365013
3243.430788657842
3243.890507520015
3244.478956117317
3244.846571074187
3246.130018542030
3246.328807124526
3247.334029319451
3248.103413208833
3248.505298757840
3249.408837124789
3250.338441159350
3251.111118452771
3251.484117055974
3252.546390595978
3253.345907296425
3253.984490062886
3254.939880304308
3255.383130469630
3255.818267085750
3256.797539467251
3257.089453306068
3257.916943511712
3258.956772692692
3259.862839332223
3260.612817302691
3261.216345630771
3262.047748658275
3262.913993462573
3263.203484932068
3263.753610993226
3264.662752413801
3265.777616757382
3266.219651739117
3266.848461152511
3267.537637003302
3267.957132705928
3269.160991998614
3270.153575803659
3270.783336999923
3271.455870511864
3272.235054014171
3272.822137855080
3273.450154834281
3274.047751849525
3274.777093551179
3275.556968762560
3276.015672473281
3277.192220803017
3277.980064691294
3278.856755820324
3279.487409285428
3279.891321995215
3280.554429862041
3281.658304400542
3282.571145107860
3282.888837583228
3283.448411498392
3284.236509094717
3285.002445015502
3285.664279414218
3286.308546810201
3287.209128313536
3288.387370121455
3289.007575012946
3289.830408817477
3290.081955016361
3290.950623963824
3291.429478925339
3292.143166413776
3293.080215850628
3293.610634593869
3294.820922687747
3295.075528618447
3295.712647675049
3297.026881383808
3297.450011853917
3298.267020081320
3298.985015028108
3299.810471976031
3300.161755531987
3301.484595630991
3301.768337878171
3302.189736507018
3302.917280127887
3303.500732357971
3304.770044977697
3305.973744890634
3306.124522026875
3307.054680477616
3307.633575024666
3308.396907685122
3308.986387709770
3309.676097867805
3310.391030157502
3311.298257471235
3311.858382937489
3312.538980851408
3313.251730977787
3314.090616026545
3315.111386492865
3315.194722876653
3316.790182393412
3317.263781269776
3317.894922377494
3318.440545851761
3319.200390041246
3319.477484757285
3320.566885267641
3321.361492249317
3321.779481036503
3322.731875762677
3323.814847943975
3324.736995472508
3324.969460936887
3325.659093004398
3326.470214364240
3326.956755136499
3328.183641082998
3328.592170335273
3329.414970428448
3329.901337749474
3330.523575343222
3331.335986785282
3331.929767442231
3333.386015200227
3333.952176613807
3334.519185726129
3335.256345269872
3335.889423158570
3336.738727402687
3337.358443731463
3337.626581492898
3338.429497373748
3339.453151911649
3340.266572240571
3341.055998747944
3341.713886965795
3342.231020012136
3343.300406488095
3343.953362376516
3344.573372715061
3345.425373359325
3346.078102061887
3346.789076601516
3347.213427405443
3348.126055382427
3348.797779609198
3349.066581105454
3350.445096366579
3351.265364754827
3352.157979823026
3352.821085579371
3353.367934444299
3353.895746696587
3354.364760818929
3355.350132444225
3356.191924770428
3356.992118562312
3357.505378491880
3357.890723477547
3359.066730908418
3359.880212100627
3360.550098950149
3361.301213943741
3361.830546408674
3363.082752963083
3363.759316545657
3363.861730927179
3364.725529378699
3365.510595465671
3365.934880994146
3366.617133517641
3367.706120438015
3368.644335199217
3369.414672084329
3370.043170296997
3370.694702616056
3371.306914193522
3372.209374257647
3372.699338888970
3373.514609533959
3374.016976026020
3375.189432751807
3375.581486173192
3376.341657197633
3376.758290175934
3377.622242399978
3378.860212966591
3379.680612375155
3380.290075813371
3380.770363343121
3381.430303297976
3382.210771096476
3382.833001721725
3383.667853815993
3383.801964515122
3385.221010271310
3385.565737144128
3386.650909810153
3387.479783257771
3388.259781050552
3388.606623197586
3389.373812142788
3390.048899406456
3391.202691294788
3391.633978088335
3392.486734353664
3392.884113069027
3393.306293287646
3394.230128897428
3395.274386201022
3395.808392759745
3396.905492862352
3397.694018041716
3398.199053094188
3399.162539493339
3399.620427066555
3399.909462022246
3400.771867147678
3401.626256409725
3402.462533053007
3403.222822478326
3403.647512576831
3404.677912460510
3405.284126326328
3406.186848088923
3406.734263581274
3407.928581924964
3408.237802760886
3408.946325337060
3409.652456859740
3410.534431791234
3410.855398606603
3411.771460365519
3412.166444735129
3412.842346924428
3414.598580739502
3415.031804542043
3415.546960654633
3416.106465186511
3416.978161101664
3417.536422779170
3418.283027329769
3419.121731704646
3419.792886491844
3420.259214623097
3421.377756962606
3421.686315860414
3422.483390529622
3423.591912610893
3423.983679191546
3425.220340769949
3425.586143117537
3426.611783067016
3427.143689974722
3427.798474936655
3428.034756057234
3428.922522755737
3429.664784716114
3430.643688382673
3431.300340818633
3432.161932968418
3432.778568505269
3434.020255586781
3434.247302636373
3434.901471928373
3435.440460036766
3436.439106961607
3437.401520830180
3437.755328593446
3438.622748736592
3438.952091038331
3439.823027017914
3440.319845997562
3441.734026801143
3442.290618162267
3443.307784639895
3443.925129600326
3444.117357082561
3445.150399872442
3445.612702679728
3446.600764226944
3446.919978734019
3447.721140769828
3448.549573062259
3449.488808475359
3450.229235241327
3451.055531318316
3451.405874701733
3452.137944798439
3453.296359004364
3453.949119454785
3454.484219139230
3455.232884649598
3455.575723656187
3456.687272364039
3457.139253598035
3457.612253011081
3458.619677707711
3459.720368860384
3460.434593887362
3461.299970281441
3461.854366263230
3462.227141506880
3463.144307467397
3463.795682943264
3464.062470641786
3465.555617868012
3466.049348230334
3466.535691707447
3467.149292709295
3467.981453327271
3469.109856783008
3469.668120281160
3470.535823063960
3470.961967267117
3471.983351856128
3472.613453252941
3473.313679539622
3473.817629305395
3474.289997072659
3474.974182744969
3475.911401531625
3476.918104555106
3477.659336537222
3478.597560440534
3479.061304519838
3479.615764194265
3480.421694072535
3481.187985942636
3481.748942739236
3482.695056221518
3483.355081835168
3483.697385004430
3484.651537630254
3485.517441380397
3485.897019751520
3486.669804855158
3487.897927416561
3488.765378965400
3489.349593876687
3489.807697570777
3490.418719977060
3491.029936250142
3491.825547364537
3492.593122733947
3493.197528345040
3493.950081920020
3494.726887116326
3495.894970928221
3496.259359837449
3497.149223820014
3497.726674020783
3498.377029173107
3499.119297130619
3500.122020075712
3500.609198126202
3501.359437359651
3502.013311264619
3502.298948925640
3503.124319420626
3504.004349406587
3505.432475417454
3505.856636920327
3506.239903437991
3507.301965212196
3508.049457880101
3508.428961747240
3509.208898670919
3509.543609715861
3510.594902108441
3511.357177573819
3512.282917205162
3512.702734979131
3513.342621308085
3514.404757500284
3515.108023671982
3515.682166335007
3516.698636522908
3517.400039070893
3517.894511479788
3518.512973694891
3519.215784892870
3519.909582801496
3520.524285204774
3521.265962111107
3521.913356964649
3523.195457833368
3524.183011379970
3524.388468726510
3525.249390818689
3525.796906668750
3526.029715720459
3527.475682675649
3528.098194502536
3528.470795535286
3529.359935365644
3530.043126581285
3530.453324081447
3531.763120948938
3532.113246203337
3533.067907869688
3533.934542714814
3534.775596889941
3535.238042247996
3535.842177214609
3536.726129266184
3537.163653602032
3537.599112465214
3538.480602433212
3539.406581457397
3540.445113315097
3540.870696708429
3541.855748559544
3542.247047025936
3543.413726723981
3543.676194700930
3544.600959786206
3545.086120472177
3545.932035313145
3546.838449761670
3547.412852296017
3547.935523526575
3548.344327985489
3549.308587244941
3550.355200339086
3551.500008981613
3551.884978740303
3552.496727928388
3553.233178338794
3553.834345024491
3554.491568049806
3555.074715970256
3555.911117315227
3556.709454333469
3557.403812251687
3557.861375177729
3559.243096308460
3559.728898727459
3560.323769226437
3560.952155074872
3561.767547337267
3562.781038199629
3563.477495733892
3564.102940290117
3564.257594232310
3565.088869486359
3565.963143210863
3566.595489554168
3567.316481215387
3568.425539756409
3569.197467790609
3570.067554499152
3570.427850166037
3571.151607590998
3571.843665723811
3572.336780338927
3573.083319033457
3574.147060271118
3574.611657664919
3575.417581051824
3576.019899061672
3576.746820403420
3577.363687000367
3578.627678158378
3579.305833675247
3579.781000622614
3580.617451225440
3581.120122194122
3582.039775538376
3582.495176774483
3583.267897698256
3583.801024632050
3584.147050599464
3585.849333851790
3586.248447095516
3587.382288088180
3587.544665033443
3588.396718791239
3589.095024768809
3589.778247671002
3590.470390026911
3591.402876311463
3592.017597460083
3592.432755309875
3593.242887269640
3594.026701632704
3594.515984020983
3595.753968546573
3596.212807485964
3597.221612141167
3598.063401393081
3598.716064668699
3599.252469307618
3599.403843691111
3600.477267464219
3600.979238029927
3602.080416385832
3602.666352648577
3603.337114062174
3604.055870852284
3605.223081264206
3605.742674296652
3606.461315350492
3606.726241117872
3608.071730378605
3608.392752139852
3609.369502445277
3609.916475504381
3610.480946488005
3611.224967067196
3611.700696658673
3612.379021172459
3613.776584418129
3614.566380620450
3615.270520317753
3615.722386397216
3616.182560307865
3617.235748705237
3617.840700302209
3618.330735171006
3619.115155830071
3619.702076333753
3620.827075366451
3621.348496939164
3622.037087318663
3622.857042370294
3623.482821213177
3624.297821575244
3625.399109568053
3625.875394132698
3626.345056935914
3627.202428463027
3627.856052473233
3628.366869878566
3628.901204315704
3629.973653425291
3630.441305000188
3631.563440572746
3632.531671404950
3632.939976687419
3633.945178652638
3634.382942349456
3634.771980679797
3635.514591847204
3636.479590057804
3637.541364853265
3637.830188353799
3638.400328223539
3638.997574781341
3639.841947481949
3641.033608292952
3641.421452433086
3642.376670349842
3643.241982835674
3643.618704100907
3644.625492277562
3645.123982604443
3645.544656571898
3646.229569908667
3647.007330565578
3647.796053963210
3648.508476177558
3649.830684241802
3650.077349157975
3650.873699044388
3651.498599324495
3652.330326964132
3652.921153063081
3654.002594204198
3654.308430335141
3654.932926080644
3655.824488695578
3656.489397002018
3657.216678459696
3657.564186946388
3658.384030579707
3659.860590516922
3660.598618359278
3660.866144175441
3661.719780678060
3662.293302289500
3662.747125150604
3663.741917188383
3664.189467317154
3665.091013942016
3665.796466595537
3666.497911710324
3667.210759024641
3668.095384332153
3668.869003051987
3669.661747924734
3670.010970492954
3670.857334795346
3671.897888949217
3672.600233156973
3672.844086251122
3673.750136918211
3674.114834130753
3674.708267817220
3675.763623019875
3676.877624404183
3677.453877970567
3678.110790167081
3679.099360834199
3679.612892199338
3680.121448189932
3680.854407745920
3681.406998741254
3682.275882882860
3683.110792122724
3683.870154633324
3684.230642584026
3685.097511174286
3685.851892514346
3686.594718438707
3687.461815430025
3688.473848165049
3688.928980933154
3689.808108335061
3689.976032865416
3690.707359846459
3691.824355756649
3692.297266947165
3692.511225660486
3693.690911254927
3694.422189759680
3695.762830588797
3696.174709940043
3696.746740104706
3697.145012238364
3698.069514444786
3698.909862982404
3699.575279733699
3700.329724642217
3700.908920587934
3701.601190953940
3702.081715501218
3702.993136818884
3703.602671833473
3704.679090443101
3705.568819380786
3706.057352248450
3706.952041950692
3707.498951148743
3708.209928578912
3708.766659339127
3709.278298917527
3709.791418901749
3711.180645739861
3711.648264826638
3712.466075973327
3712.909935649435
3714.202064459310
3714.461078537442
3715.466495015557
3716.195110877688
3716.417754532958
3717.637032231149
3718.288276601727
3718.756400438213
3719.539850759055
3719.904162422132
3720.753937623359
3721.415240735043
3722.717513309095
3723.578338743393
3724.053065699560
3724.668991174368
3725.254882603823
3726.015570921888
3726.442755968405
3727.584112710481
3728.061184901760
3728.794154752893
3729.279898033326
3730.357910176916
3731.091736027535
3731.772650955084
3732.373423235426
3733.096412875269
3734.311745082327
3734.825584181922
3735.311998032329
3736.081746028327
3736.489542766315
3737.188012770646
3738.204527369352
3738.445385481828
3739.468176046106
3740.744806327763
3741.048742279335
3741.900289422617
3742.716593868976
3743.114012732744
3744.051854185750
3744.156869261448
3745.460772812174
3745.976385511732
3746.820707354689
3747.574196148605
3747.895528781139
3748.337608709382
3749.755977096709
3750.599545524488
3751.211934425462
3752.027679940477
3752.371928213944
3753.337557166612
3753.975603200408
3754.611975050944
3754.875965351702
3755.861687367863
3756.490361311438
3757.596142408298
3758.324292789822
3758.934333976570
3759.893571200356
3760.357384398722
3760.840448633673
3761.785285812792
3762.837284635767
3763.209904772852
3763.748855220307
3764.587565992193
3765.061459264620
3765.893607188737
3766.611411535655
3767.329951458480
3768.269870644249
3769.330966823209
3770.085306425736
3770.356994504798
3770.901589784126
3771.692977622968
3772.194671104134
3773.155346424376
3773.865102649138
3774.692853569009
3775.036981458727
3776.029163439312
3776.804093507199
3777.738304993669
3778.068827485993
3778.989648470444
3779.854091126394
3780.337556401698
3781.065640070304
3782.008085544545
3782.326729695126
3782.933198440217
3783.553556829955
3784.170232480523
3785.662876564066
3786.305979208097
3787.057195253069
3787.420676320497
3788.156665958915
3789.108027809385
3789.637789513616
3790.127424280787
3790.838595513117
3791.864219256477
3792.483882152617
3793.030964284259
3793.741584329894
3794.635559086169
3795.083801587927
3796.454329004913
3796.767366079184
3797.794186309798
3798.333300662147
3798.965581500586
3799.402120885015
3800.118138030315
3800.869766494133
3801.559735987948
3802.484093600382
3802.893080101977
3804.136557450067
3804.921867334953
3805.592218339199
3805.964503402131
3806.601705204019
3807.301367954354
3808.306048412786
3809.237228790886
3809.634111043706
3809.916643119252
3810.798343044792
3811.680329612672
3812.138604529652
3813.275812605930
3814.291754922754
3814.630887875425
3815.536454457729
3816.230620538842
3816.650917053967
3817.386852075507
3818.033624137684
3818.711419835768
3819.184027545235
3820.576340357169
3820.863245625549
3821.920747757705
3822.451298430301
3822.973458748114
3824.190599967174
3824.584047374024
3825.423758860109
3826.225782734436
3826.475332707643
3827.492822015894
3828.133944291226
3828.770116829332
3829.182004448048
3829.850057969063
3831.260868763675
3832.155162326009
3832.497845922222
3833.506809191529
3833.738530856594
3834.629846039172
3834.927329178543
3836.077767678526
3836.538156173880
3837.632614538872
3837.924613660512
3838.632973428678
3839.368074034060
3840.551724585444
3841.172077025461
3841.468223239611
3842.499522706184
3843.434722474153
3844.106301126452
3844.552408463849
3845.177898210190
3845.696687126970
3846.339469132501
3847.178405532841
3848.214332071770
3848.703168053109
3849.974124129031
3850.238163621832
3851.227529233916
3851.682728331015
3852.297064890741
3853.038674163208
3853.851393716444
3854.475923668041
3855.186136729674
3856.059172399227
3856.560462436612
3856.961125258581
3858.019526683498
3858.690060341270
3860.081446790558
3860.527971343236
3861.072729784696
3861.415897598239
3862.417476513190
3863.186032893009
3863.524910446734
3864.358031422285
3864.909123393543
3865.783376666806
3866.748494448369
3867.741658694173
3868.019522965613
3868.777227304811
3869.592960272477
3870.033890736551
3871.183703026829
3871.619089796260
3872.454303678793
3873.147707159109
3873.406094584583
3874.224583731232
3874.903494157164
3875.871421768019
3876.707648406969
3877.568261961103
3878.254335861790
3878.879655504560
3879.806569159864
3880.088956527317
3880.705346056854
3881.078816062261
3882.470009066602
3883.076819154187
3883.578619000631
3884.404983786756
3884.927489184810
3886.065120673275
3886.717632001731
3887.261899580244
3888.211873029435
3888.716153372769
3889.678534854604
3890.163003039243
3890.673210252871
3891.490886336234
3892.134389269947
3892.561880451868
3893.385873904547
3894.801854470780
3895.531788276995
3895.917194292552
3896.687575966961
3897.082130479461
3897.892760730891
3898.804334087232
3899.340370000920
3900.098941420793
3900.669559638598
3901.315760244222
3902.539774394991
3902.605469952884
3903.503929140721
3904.428991464744
3905.249439756153
3906.115536601979
3906.744803750867
3907.327560565119
3907.797845291975
3908.589300334144
3909.076310612721
3909.936709243715
3910.419685678054
3911.688848699207
3912.184218913103
3912.863075173806
3914.058373224332
3914.388960727013
3915.052922091114
3915.789685000623
3916.226659990395
3917.234564199647
3918.200778370391
3918.637635424845
3919.038648371658
3919.907312098792
3920.172133046654
3921.448440472578
3922.557915553626
3922.963030716234
3923.708007111119
3924.677070009157
3924.927944684970
3925.607156481928
3926.525725963395
3926.864649388171
3927.536927578014
3928.582055636591
3929.188399180158
3929.901995350617
3930.935533447502
3931.537963283866
3932.000377849712
3932.676490871830
3933.876686054378
3934.456338792101
3935.011273323408
3935.618543783824
3936.193346944457
3936.961589955723
3937.719074900709
3938.314357675698
3938.825475442331
3940.107564975756
3941.135856692430
3941.581672925867
3942.217794408194
3942.686437256531
3943.356471512393
3944.211788618333
3944.651479507821
3945.738322001156
3946.334816873293
3946.979453186435
3947.485488167468
3948.363502808727
3949.227860930801
3949.997200644649
3950.781729749467
3951.458287888974
3951.977481634107
3952.969433596764
3953.550631015623
3954.137939845218
3954.746470418060
3954.911640553663
3956.112394262439
3956.959547608437
3958.112460247055
3958.432870558240
3959.201894066755
3959.867905884005
3960.907006759299
3961.074383461902
3961.734465740446
3962.934405191588
3963.227966707871
3964.070832773453
3964.938896423668
3965.074221375010
3966.192411862980
3966.694160661390
3967.672185440823
3968.734118813160
3969.344409618520
3970.052117638465
3970.490674895554
3971.055626313659
3971.691385751534
3972.475120681618
3973.343960734273
3973.956350991369
3974.363254131470
3975.531855179317
3976.513744180380
3976.907698013213
3977.799885232266
3978.182172240370
3978.786795184700
3980.106276644795
3980.522398406029
3981.176442805110
3981.645654048013
3982.639604359501
3982.893124273170
3983.585915384643
3984.618934657497
3985.653529853883
3986.475324619420
3986.918072747218
3987.522283773999
3988.537469640795
3988.946161626364
3989.421248511997
3990.286000009636
3990.729199821768
3991.831865677379
3992.749876184768
3993.045934080348
3993.687052233735
3994.611604003446
3995.483481576032
3996.232587126208
3996.831080679274
3997.669480393211
3998.262765382025
3998.721903419553
3999.886552627374
4000.005527048002
4000.686968010292
4001.419611066901
4002.259587547038
4003.363752729665
4004.071036374047
4005.027073627475
4005.344411137836
4005.803669830870
4006.625090604799
4007.227755459857
4008.256095063619
4009.014996498610
4009.300547405952
4010.240529547944
4010.480258763362
4011.740604447372
4012.403590613915
4013.035993218820
4013.767438282636
4015.094916277230
4015.169268234085
4016.168245281449
4016.653859734002
4016.964974688681
4018.020492846373
4018.361107472218
4019.299916974144
4020.257519983646
4020.782344602156
4021.823832821334
4022.527111148078
4022.913665375182
4023.776943194383
4024.595379436188
4025.078865213276
4025.710903097775
4026.652060746285
4027.404774840708
4027.815202979341
4028.506731395990
4029.232862991008
4029.508220005775
4031.269230394008
4031.830065068054
4032.490823889673
4032.871298827085
4033.709595756019
4034.331450465002
4035.178169881371
4035.451141371655
4036.290503379261
4037.066439518208
4037.926469032160
4038.446928743624
4039.472800147367
4040.124575452885
4040.773273654893
4041.364987566963
4042.247407827076
4042.951076738716
4043.877500591302
4044.422698301692
4044.885901075452
4045.195358584581
4046.295692272105
4046.975281499691
4047.522790236888
4048.831274676949
4049.188571637307
4050.396280090408
4050.817631344702
4051.624445348173
4051.793281098058
4052.564264939263
4053.307877042534
4054.440045750734
4054.828655531822
4055.506262305633
4056.205504561575
4056.836983096801
4057.688893574066
4058.572050785399
4059.280460940297
4060.075534710159
4060.845770734284
4061.196634380941
4062.072089115805
4062.618841428546
4063.389930771101
4063.997005908470
4064.270641227203
4065.269091662478
4066.645596084246
4067.203838758143
4067.729484492993
4068.365402130599
4069.125736872788
4069.675258826134
4070.679827492333
4071.201210360573
4071.817248548984
4072.542259552176
4073.339364936344
4073.916248056902
4074.506303193804
4075.154731611010
4076.405224349647
4076.823823712113
4078.073166600846
4078.474300534122
4078.970387587226
4079.855393856474
4080.241405516328
4080.770753776057
4081.598396191396
4082.572491460709
4083.268985765555
4083.736095327422
4084.594993388485
4085.582272742392
4086.381104493733
4086.887488597096
4087.162044576378
4088.218899463952
4089.168251058899
