1911.261668148178
1912.318443016927
1913.259002420823
1913.654318375645
1914.477546139553
1915.015997680248
1915.621406677346
1916.618141638015
1917.611157099290
1918.083545143809
1918.802229725527
1919.705423941693
1920.319921957536
1921.247726320070
1921.768119339322
1921.995103112442
1923.492978740245
1924.250878283248
1924.854993652790
1925.467836226282
1926.334762058454
1926.744444308829
1927.611380114316
1928.414431681920
1929.372911312272
1930.079974360752
1930.634079878369
1931.464266641105
1932.126095464963
1932.885599655773
1933.488151169368
1934.452771625005
1934.853009229384
1936.220318543299
1936.878693463289
1937.377616527875
1937.620246608686
1938.733883122233
1939.511781616241
1940.325398447387
1941.219225304730
1941.930689797633
1942.229923874022
1943.459291765326
1943.994541035507
1944.470276906194
1945.381421751132
1946.129698046896
1947.233633914180
1947.726872816495
1948.336167084889
1949.494856346219
1949.619780585807
1950.278275219493
1951.305811448147
1952.434347364439
1952.955267548015
1953.569122863405
1954.239001060393
1954.944413288393
1955.968300596934
1956.379484344916
1957.145271116249
1957.966129214640
1959.002811598972
1959.581530534664
1960.425110574061
1960.703806897003
1961.499688393509
1962.267407723313
1963.399309096265
1963.972892741981
1964.671774888292
1965.540857807956
1966.186362524250
1966.508752181472
1967.656418197819
1968.276558327205
1969.113283308586
1969.790111041190
1970.664139837030
1971.491073281098
1971.931174724166
1972.750319691938
1973.389981225102
1973.810945060543
1975.533920168386
1975.688321126690
1976.696358077547
1976.843195115134
1977.825466553057
1978.863996591337
1979.202459525642
1979.959480992039
1981.082735307494
1981.677745192273
1982.295513909834
1983.365152288744
1983.695100739028
1984.327334051933
1985.141061282932
1986.101795509245
1986.747499239445
1987.923386213193
1988.241626502796
1988.801981618471
1989.627488949799
1990.223048771225
1991.298456414098
1992.004447891646
1992.733781361036
1993.206285487032
1994.506340451894
1994.774257800823
1995.624314100786
1996.058177139744
1996.866400187220
1997.976478543465
1998.823171296804
1999.326561179957
2000.018734920352
2000.601166356313
2001.487799944849
2002.008893074833
2003.118669493428
2003.605414434050
2004.746994031125
2005.142973647939
2005.811099647019
2006.583548884733
2007.622603180242
2007.904928538523
2008.470702567023
2009.959163175899
2010.394989202128
2011.259170178770
2011.702391814099
2012.376222615536
2013.044714754443
2013.942768543662
2015.082573945808
2015.420226738537
2016.125456920213
2016.989694193049
2017.888890543356
2018.350491692879
2018.827355062380
2019.869306637220
2020.633282801778
2021.461953388262
2022.279754403087
2022.819909387702
2023.706999913157
2023.994915567077
2024.804110339724
2025.796794487364
2026.636226557481
2027.471288862922
2028.055464641075
2028.388856842771
2029.532526807202
2030.228915945044
2030.795664366330
2031.467534564132
2032.361112393458
2033.378474401303
2034.086220503212
2034.503785258011
2035.243686933612
2035.709695094705
2036.902923191386
2037.414477809447
2038.453684763153
2039.160121902450
2039.703957172541
2040.298128074643
2041.311778383955
2041.770010959777
2042.509442884961
2043.538401026817
2044.138888142563
2044.895612773533
2045.744361502530
2046.459903025273
2046.976279427743
2047.509609284772
2048.249263757319
2049.880947157442
2050.090220613136
2050.458904374611
2051.594680413887
2052.159539853266
2052.736408457681
2053.849368568424
2054.206249580899
2055.120756880090
2055.964928234690
2056.895556272156
2057.372494985425
2057.828678124420
2058.902699192366
2059.263132132248
2060.207088228133
2061.162209562334
2062.007393190257
2062.512107627180
2063.240665365332
2063.613279775344
2064.658197754833
2065.432634368929
2066.141486966254
2066.989582760966
2067.513167411531
2068.507812903419
2069.178634544223
2069.856286187630
2070.260621358561
2070.984463790429
2072.190862505083
2072.957262726680
2073.687232396154
2074.055860774041
2074.822278195410
2075.716741816244
2076.302144689767
2076.934033119894
2078.206909186515
2078.535630576562
2079.509199427436
2079.876825932995
2080.988009029410
2081.590025369681
2081.912814474425
2082.896667352918
2083.843470000328
2084.589730643499
2085.467684115717
2086.079752041536
2086.329381585115
2087.070809574323
2088.374857332167
2088.773004063380
2089.749806573574
2090.205491499896
2091.238453742977
2091.804091763763
2092.563421044366
2093.033512472332
2093.944550211034
2094.554640706317
2095.653801075308
2096.447390237957
2096.878290300395
2097.586141159905
2098.394017251770
2098.937692997202
2099.574596916866
2100.866566163038
2101.537691962440
2101.958535937270
2102.651162586209
2103.580915384608
2104.226337817699
2104.957256341016
2105.538348917004
2106.229077980902
2107.508640590564
2108.176529814813
2108.456427101014
2109.370987213846
2109.954746524481
2110.516359438265
2111.718291164367
2112.384720885940
2113.034788590709
2113.867574545329
2114.439040616874
2115.164866907638
2115.965954327017
2116.392660886089
2117.528630903592
2118.162234222706
2118.784966581416
2119.864608161346
2120.461992373323
2121.053224632427
2121.396700436872
2122.348719270999
2123.395177520720
2124.098195628689
2125.120842547946
2125.217703681652
2125.961936453881
2126.975801996653
2127.666942240917
2128.381893130600
2128.722131391703
2130.287612193485
2130.467104832482
2131.405998488800
2132.037590681332
2132.585103340028
2133.553959904759
2133.813870430560
2135.116364350550
2135.891649266899
2136.485458312383
2137.133071690021
2137.818933656818
2138.383082292525
2139.302157008235
2140.121754827330
2140.771147951872
2141.583719760744
2142.157880749664
2143.451513572849
2143.593996469654
2144.224402122272
2144.927580613680
2145.752739229395
2147.047209974071
2147.377617595476
2148.183164236945
2148.657171010640
2149.587176757520
2150.207513615119
2150.791173247919
2151.832934379775
2152.636532646975
2153.042872902146
2154.319662275289
2154.491647416031
2155.258386927242
2156.240405186245
2156.641505605070
2157.326007486258
2158.523472662109
2159.370460200002
2159.848331114031
2160.367751167634
2160.906580138883
2162.016428079141
2162.598677425044
2163.562963452018
2164.051528143647
2165.115457749412
2165.441291743598
2166.475303257132
2167.145018888503
2167.571504025896
2168.160553495984
2169.514552195782
2170.130815967843
2170.632403118256
2171.637912803530
2172.211993356273
2172.607660742086
2173.432268118166
2174.356779501615
2175.224054995306
2176.107236635023
2176.331033388759
2177.230425589905
2178.061156527214
2178.820582065957
2179.223722128194
2180.062830882237
2180.806353906702
2181.990155173575
2182.676986940161
2182.855770299524
2183.967308661463
2184.091714596899
2185.275386231015
2186.113154058703
2186.741281320659
2187.598380272032
2188.220386980036
2189.019312239727
2189.478488702029
2190.371803094098
2190.992782071638
2191.843526397003
2192.491438671992
2193.503087120090
2194.223748471079
2194.705118390947
2195.373312384142
2196.284257938166
2196.415705539060
2197.856310838980
2198.782943657870
2199.168429496436
2199.543741796601
2200.564149608626
2201.615536606948
2201.795428502988
2202.497015852228
2203.594318745106
2204.194503736715
2205.211113580929
2205.682270075325
2206.523941205684
2206.847926928603
2207.757730480253
2208.406486789680
2209.491467998541
2210.125141103105
2210.906492184273
2211.537856915124
2212.172469556967
2212.614529354983
2213.862101710531
2214.374094198005
2214.979382273033
2215.965360458821
2216.666398692806
2217.443118832099
2218.139921819181
2218.753980077435
2218.945176320806
2220.278554736989
2221.128084042346
2221.899274317580
2222.363026291411
2223.117612972738
2223.721915853788
2224.547077436819
2225.425287237766
2225.711858731696
2226.972567163054
2227.623747562435
2228.193148768723
2228.938801153919
2229.773100177445
2230.303858911332
2230.962604243189
2231.579208966410
2232.933046264908
2233.532991809146
2233.990002302199
2234.777733144143
2235.216951220771
2236.237906579776
2236.757592088929
2237.987654644446
2238.332435959301
2238.908669763239
2240.205919831448
2240.652273075365
2241.131095047073
2241.844906069269
2242.576807374739
2243.561531624569
2244.305606816385
2245.079506829663
2245.790523735477
2246.345942997101
2246.838444644896
2247.856210484744
2248.366911751644
2249.429373019803
2250.299948278776
2250.598823588573
2251.414125869115
2252.273259744321
2252.916461841975
2253.761909197016
2253.923126224379
2255.036838294527
2256.155244642402
2256.801175797566
2257.232558223406
2257.768834674794
2258.714208719437
2259.205243305726
2260.344272893231
2260.866679213690
2261.713977645066
2262.545277978365
2262.909524529725
2263.953369408632
2264.353028796937
2265.230674572713
2265.770397992613
2266.810200762279
2267.630427965667
2268.109626329734
2269.065213297433
2269.797599549448
2269.956690443566
2270.646424187519
2272.171828714787
2272.561190356721
2273.209795796433
2274.122460961026
2274.452766831310
2275.562198254021
2276.061466514614
2276.761798755874
2277.409040727573
2278.373704632366
2279.206985205602
2280.047929505323
2280.472401811752
2280.878371438401
2281.956901676784
2282.555893278614
2283.225102151936
2284.434065722031
2284.948901677349
2285.683386486577
2285.959718993742
2287.196393132079
2287.470074970118
2288.552068909182
2289.052629430344
2289.993809584676
2290.598429333668
2291.709590689727
2292.071348206061
2292.700961074797
2293.292471194212
2293.995701683197
2295.225567891668
2295.945360738707
2296.455609908347
2297.019221346346
2297.873558364244
2298.662958153470
2299.173767701816
2299.902263995215
2300.861273175266
2301.580392883583
2302.357218153949
2302.852145053124
2303.948659271471
2304.237409695684
2304.854906435437
2305.721952234445
2306.593078180424
2307.595306766298
2308.119641488257
2308.789249006475
2309.314058419952
2309.892261115064
2311.053923743922
2311.691430670412
2312.262386431439
2313.002497992292
2314.129205429834
2314.583340922964
2315.132253239395
2315.952399188510
2316.605097063360
2317.090617548477
2318.480908959189
2319.045297162970
2319.529610097843
2320.374515691897
2321.053093749978
2321.526125287837
2322.434468683914
2323.108778290379
2324.304268856843
2324.643074969104
2325.224441558046
2326.189673942135
2326.964691651491
2327.513552233366
2328.045531716353
2328.741741115854
2329.999395567861
2330.553882244883
2331.432396040537
2331.879199596823
2332.246396620774
2333.295545804548
2334.078691840269
2334.694210461738
2335.786588775563
2336.118363579320
2336.982712971510
2337.853258335701
2338.337950257763
2338.918864308164
2339.716770399565
2340.781819057949
2341.031127108376
2342.300098709732
2343.018640567340
2343.265077545046
2344.267671195522
2344.469901265485
2345.565197618026
2346.521121170596
2347.209215391799
2347.821328611768
2348.566385281090
2349.009770061107
2350.258591338488
2350.615512470798
2351.117017626942
2351.938862522070
2353.211405673279
2353.694861117254
2354.356254397296
2354.849823282886
2355.988741203516
2356.049253738576
2357.007400664387
2358.143982502677
2358.707369777520
2359.441541564294
2360.063501180618
2360.784211920905
2361.388044145861
2362.187021002656
2362.985635691535
2363.634343951568
2364.320980185616
2365.400996049417
2365.950141384489
2366.712622807554
2367.057899292442
2367.684914825824
2368.675191533861
2369.733170931173
2370.409172398894
2370.717183777472
2371.690322073078
2372.337969408029
2372.938839595284
2373.869579854704
2374.267988221722
2375.281598843145
2376.072713114396
2376.807425088575
2377.401962695626
2378.151823383467
2378.809007587710
2379.286127176642
2380.227602788817
2380.947691906774
2382.202009735982
2382.650773233966
2382.881719392673
2383.637242531620
2384.735186507610
2385.331369817586
2385.849974634710
2386.946581240415
2387.444720538233
2388.264439481989
2389.186403502187
2389.669876859193
2390.227654996284
2390.746814702868
2391.820201930004
2392.829696750680
2393.287138309988
2394.028073414107
2394.771394780284
2395.368976831663
2396.002845922256
2396.640281016872
2397.881210179276
2398.214387950451
2399.115464604342
2399.719665082172
2400.657063105587
2401.091492076501
2401.904289647320
2402.678563446426
2402.833610997784
2404.424440677014
2405.029075225711
2405.533808092044
2406.242431907252
2406.729838543185
2407.516366242729
2408.606232830005
2408.941886113166
2409.900304823426
2410.672404508876
2411.293765350187
2412.185286504983
2412.548869986539
2413.320264774562
2414.263733856867
2414.529115224086
2415.840326910194
2416.429780151179
2417.211975086585
2417.724326735257
2418.368955167784
2419.097945514797
2419.616786563398
2420.968331128644
2421.439326466441
2422.177351451305
2422.559208479397
2423.630161061851
2424.457835445307
2424.851043007795
2425.301924440756
2426.377568620399
2427.383772210828
2427.846421338859
2428.792037707809
2429.323985319875
2429.685501870809
2430.610176849955
2431.377393985161
2432.288801860207
2432.818658172481
2433.899368708553
2434.461624602179
2434.665548170115
2435.800852595011
2436.573168428914
2436.935972018590
2438.008440017739
2438.477460459943
2439.637813147694
2440.268262145519
2440.803089826307
2441.285252539802
2442.048526160465
2442.771534972920
2443.921981188108
2444.541126212580
2445.257190066892
2445.520798944553
2446.812924860370
2447.095449353028
2447.933801536654
2448.566998498271
2449.359940886166
2450.280214459291
2451.167788355776
2451.418661705190
2452.310845894723
2453.142321882647
2453.515433992010
2454.105418109830
2455.353867088095
2456.309124078421
2456.516232634769
2457.275829678294
2458.044767231490
2458.602892949078
2459.458091997948
2460.277512886193
2460.882446088301
2461.523308666737
2462.558136978799
2463.338440318775
2463.779914026922
2464.367599032282
2464.892340426266
2466.020260184065
2466.692346627819
2467.559802741053
2468.230131955859
2468.947535988610
2469.296937424988
2470.213412125283
2470.998237203346
2471.502501628256
2472.576862699233
2473.234340109831
2473.846586223227
2474.578117299148
2475.389180818720
2476.069926976259
2476.634419616099
2476.960248826068
2478.396094583175
2479.172775416492
2479.661176528299
2480.352294010139
2480.821760213894
2481.612586426897
2482.577094162008
2483.116364574409
2483.826898287336
2484.966666294917
2485.160970870689
2486.202391517999
2486.844170313277
2487.404690491784
2487.963862739962
2488.894354047978
2489.660389633877
2490.611523993537
2491.093302759255
2492.005963429849
2492.490827607353
2492.910844713399
2493.792118735794
2494.760533749448
2495.757641228093
2495.932560672533
2496.734175285191
2497.704487927832
2498.412049234740
2498.731599021637
2499.727541410650
2500.166830453983
2501.028260415816
2502.397600480513
2502.768183897974
2502.928921322880
2503.980446925555
2504.608770646179
2505.417580930774
2505.943104100374
2507.144903779867
2507.627808215375
2508.375636447448
2509.016612009534
2509.571474920107
2510.641329496110
2511.031635884305
2511.634734602540
2512.780401680723
2513.282038309758
2514.290229449766
2514.956191350366
2515.329282542229
2515.963657087515
2516.617841937231
2517.796808212402
2518.583757402924
2518.994630100866
2519.807738961756
2520.434403885514
2521.267269599815
2521.996116936955
2522.389734751178
2523.187879247467
2524.327708064246
2524.745326171813
2525.700560321267
2526.236201747565
2526.960294553410
2527.548382783022
2528.051997391756
2529.147114919024
2529.864182383646
2530.875412672839
2531.176008732644
2532.033595550106
2532.309149939421
2533.512529594699
2534.088334490240
2534.834395238358
2535.252063754976
2536.521785377492
2537.157625405873
2537.686457782175
2538.383321622376
2538.970286900855
2539.566227332967
2540.544293554573
2541.488303259503
2542.108796847750
2542.884892631928
2543.068932425789
2544.448509036034
2544.619538891680
2545.269352076880
2546.384803787611
2547.229357931380
2547.541571714592
2548.441927500272
2549.460280577503
2549.756509759548
2550.417884292156
2551.194342691865
2551.670068272305
2553.197958010973
2553.456851135711
2554.289143340701
2554.746760550275
2555.382719691655
2556.327452322169
2556.915198431601
2557.866650827390
2558.261824485887
2559.284516693152
2560.021135377036
2560.663957618865
2561.270102479421
2561.823465359770
2562.714564334975
2563.227180173180
2564.435498725381
2564.860279442314
2565.859503723353
2566.362914388330
2566.855354622098
2567.416895911684
2568.642197824659
2569.037035988767
2570.006624156047
2570.825834560884
2571.125249447414
2572.016721957713
2573.064069667448
2573.378345977027
2573.845631513163
2574.639984514726
2575.921682655574
2576.593625481312
2576.994210556508
2577.660858244923
2578.513637835713
2579.011941975541
2579.721670224522
2580.688274973957
2581.456778501559
2582.066102847468
2582.833627533930
2583.442022501717
2584.286145786127
2584.660553295842
2585.675033097739
2586.170915775470
2586.987058357920
2587.922535952292
2588.779071791485
2589.319034794496
2589.614607652979
2590.369030656982
2591.247478821842
2592.123953955513
2592.958388853392
2593.548608578028
2594.020876267693
2595.076953628230
2595.531703953887
2596.513670294087
2596.669192174702
2597.660165200217
2598.613670255335
2599.244549252903
2600.219180309169
2600.524480216630
2601.175618304949
2602.071123277803
2602.571001088839
2603.254600139853
2604.591468300720
2605.046500400651
2605.554964051448
2606.185453236015
2607.026516937745
2607.765782911872
2608.566123075407
2608.881795290237
2609.931899968767
2610.719617954042
2611.588241099886
2611.993993156935
2612.858647171910
2613.301397479326
2613.709445630037
2615.204160423088
2615.771705870296
2616.156063971856
2617.248295106236
2617.812214118919
2618.255120817878
2619.165110281427
2619.728729835122
2620.731113699388
2621.207991642179
2622.145526128593
2622.888563628821
2623.408639137549
2624.393869922790
2624.688428362191
2625.316895265307
2626.166698339793
2627.234444572299
2628.112669498113
2628.459396473375
2628.972246681049
2629.697322769699
2630.758291796622
2631.192245684489
2631.901279393186
2632.787356575604
2633.453479971452
2634.375900171473
2634.936617428109
2635.516885371158
2636.156103765504
2636.925189881148
2637.536601380930
2638.552980688603
2639.444366386911
2639.877433843445
2640.531427597410
2641.399277338691
2641.635562715629
2642.702716776219
2643.363126585982
2644.485111973894
2644.788134780823
2645.333484769318
2646.558975540182
2647.174325582866
2647.518790038149
2648.080607050241
2649.034508594828
2649.954507622304
2650.823387251109
2651.357440290021
2651.953078370057
2652.574789531220
2653.213181044427
2654.175667436654
2654.745029528973
2655.559415331925
2656.374728781613
2657.090125313188
2657.717152221870
2658.200986134804
2659.185835650336
2659.806134405751
2660.274787855894
2661.125865256593
2662.447663400074
2662.623642517298
2663.439200883513
2664.013859065887
2664.692459269234
2665.152878932737
2666.510685837556
2666.957485926218
2667.710155147828
2668.298043001770
2669.144574018597
2669.823511236298
2670.495251057670
2671.223829987291
2671.465264035974
2672.850246405407
2673.554981976798
2673.991959417777
2674.969948940620
2675.393683774786
2676.078738382878
2676.721312517182
2677.467055214488
2678.564646251144
2679.214261498070
2679.835821837804
2680.227396570585
2681.332957002881
2681.745961386531
2682.563190599847
2683.296319630586
2683.869255583988
2684.749880436373
2685.755917762504
2686.385481463872
2686.960125995281
2686.982464639301
2688.311056860784
2688.913456331549
2689.802717149610
2690.602192466542
2691.172450089065
2691.910376612238
2692.368353764518
2693.402903485224
2693.842396804649
2694.501988076027
2695.519854098916
2696.145257751638
2697.015731356136
2697.425951615569
2699.582932424956
2699.925597106830
2701.507881437950
2701.853064758535
2702.680765755134
2703.191649493458
2703.657155826473
2704.913864048794
2705.115430881698
2706.036437265464
2706.770228807084
2707.433011036437
2708.426064099584
2709.101907352447
2709.543122901628
2710.198394075786
2711.050578836017
2711.417474853471
2712.632006960380
2713.342483121405
2713.903321181052
2714.770301717997
2715.298699414239
2715.802913823672
2716.510892527381
2717.633002393099
2718.196338103308
2718.734944787684
2719.707494457979
2720.310701920737
2721.157944756698
2721.652805311001
2722.316569937034
2722.810340132265
2723.778088097118
2724.932662590783
2725.482958265228
2725.820155807264
2726.596025214493
2727.243736233976
2728.205352167717
2728.692684181551
2729.328398832859
2730.607161983751
2731.051947057421
2731.357950752858
2732.666818525877
2732.949582458203
2733.706851075416
2734.232420663129
2735.258565270832
2735.856622675371
2737.009549199396
2737.350926689029
2738.140695626389
2738.466494269625
2739.241477568429
2740.145889727168
2741.117947120247
2741.595854888363
2742.232545774385
2743.041968701008
2743.869628338910
2744.479974288330
2744.948536578989
2745.713223278629
2746.377983059309
2747.622131983744
2747.928927844874
2748.943311825777
2749.277855187158
2750.089683466845
2750.626040649121
2751.386243246258
2752.234213085362
2753.185406237734
2753.698459870322
2754.448809945023
2754.959029274264
2755.683472846517
2756.635972521976
2757.209965982606
2757.591792795638
2758.542473071378
2759.812902418657
2760.094589949336
2760.675077995571
2761.432674531726
2761.960121479531
2762.716708720795
2763.577899587155
2764.648309262381
2765.026273304687
2765.518711335150
2766.616859845065
2767.139211154672
2767.700404783730
2768.380389880678
2769.274337646621
2770.011455265718
2770.745260240432
2771.431493142573
2772.278542238905
2772.872139686597
2773.370419199136
2773.819343690421
2774.963715105014
2775.832521600865
2776.482673350381
2777.238382644532
2777.632185288954
2778.225259500715
2779.382914390199
2779.989967998595
2780.212760501220
2781.390029441402
2782.042164379560
2782.954958859754
2783.588394242097
2784.044282032462
2784.684585161630
2785.418652609630
2786.215670639031
2787.014318436217
2787.859772210510
2788.604465100953
2789.131748801924
2789.579820857866
2790.464011245493
2791.257952471765
2791.760900960737
2792.915901580720
2793.232333389571
2794.052926443933
2795.078818359526
2795.350326264391
2796.332272773422
2796.771829654850
2797.058419875540
2798.628910627994
2799.279436361241
2799.841530989860
2800.189275210865
2801.267382928467
2801.804119680250
2802.313413156205
2803.366899745214
2803.934988766089
2804.747396539962
2805.464564915427
2806.250513523980
2806.781286762170
2807.507927393192
2808.011850859167
2809.074881189013
2809.299635805019
2810.531796597458
2811.401315485218
2811.905181841186
2812.232601373096
2813.065822994003
2813.691652925449
2814.687088875598
2815.396272486058
2815.986739402655
2816.788162768199
2817.419012102764
2818.251089922470
2819.024404956604
2819.252054529149
2820.084109584803
2820.826863346751
2822.066318138065
2822.406822529982
2823.123395670039
2823.838838169129
2824.397427447945
2825.087643536692
2825.786343867361
2826.608347845296
2827.565945914706
2828.224847161533
2828.631141330593
2829.325179734412
2830.319228070799
2830.950209507591
2831.348804497879
2832.020582367679
2833.286117358812
2833.657375969143
2834.677199364632
2835.312636294365
2835.601912345860
2836.136315444179
2837.289975723663
2837.976773987117
2838.848358721976
2839.251965683670
2840.197479358030
2840.759676778981
2841.668445498291
2841.860413747842
2842.827421289257
2843.726625218820
2844.059888134917
2845.270810223256
2845.858034202647
2846.469581617412
2847.062164300511
2847.832576941993
2848.302956363676
2849.025938997237
2850.423454025895
2850.763353561118
2851.344332629212
2851.929942810359
2852.757382213502
2853.717749270542
2853.974312095094
2854.856985064084
2855.448848657857
2856.523134608065
2857.247619495937
2857.795607504224
2858.343315989282
2859.117383455209
2859.621867850991
2860.438695398920
2861.470359313620
2862.031919387789
2862.865734903603
2863.354479339102
2864.032768807542
2864.706273660257
2865.432254245329
2866.142965957335
2867.050582976802
2867.660033917364
2868.181318478754
2869.384174372589
2869.971863290033
2870.112988128284
2871.113825720101
2871.440101619899
2872.882762755981
2873.380646086606
2874.040326803599
2874.852145294099
2875.200975549050
2875.932430125764
2876.914564759872
2877.549520034533
2877.921211782442
2879.101445699879
2879.795567329816
2880.453805729726
2880.836617557200
2881.966689464394
2882.286587965271
2882.947389429448
2883.708555919095
2884.845942376359
2885.419721340133
2886.274316925586
2886.416341569697
2887.276776352983
2887.984465596159
2888.746979159745
2889.629101232849
2890.326916509901
2890.800776648278
2891.659199387585
2892.581202718533
2893.117182503004
2893.528051628921
2894.142428060769
2895.194765641357
2895.905078941021
2896.902793981544
2897.344119433497
2897.776535195443
2898.781428811251
2899.327597662434
2899.765083747436
2900.877389031512
2901.769735264185
2902.132838147654
2902.957415824535
2903.651908137332
2904.338660289289
2904.971750707118
2905.751919144793
2906.234657151553
2906.987731119475
2908.259903588533
2908.683016359095
2909.342380934329
2909.911414286751
2910.261894527408
2911.444582971449
2912.139970036371
2912.689997245350
2913.825101502017
2914.058409951560
2914.977563211772
2915.573562039391
2916.325625530328
2917.096632048504
2917.293480832366
2918.550570654611
2919.303403847848
2919.897017913736
2920.529039483146
2921.564447318949
2921.808575901391
2922.223500339124
2923.272099870277
2924.271373664720
2925.100643814199
2925.346897866321
2926.084869779966
2926.964253732533
2927.501004398125
2928.483728943256
2928.719506033723
2929.569492523355
2930.468565136905
2931.446820475910
2931.849184024663
2932.598685224723
2933.007582163109
2933.831556008490
2934.430218075478
2935.621865538373
2935.905197018838
2937.004720888783
2937.567801533581
2937.982418862855
2938.827906498852
2939.474758913615
2940.246609594980
2940.960700776466
2941.757361838148
2942.244061898528
2943.512485879857
2943.793636388330
2944.394937771224
2945.063144642920
2945.739093421713
2946.402313943849
2947.744495219906
2948.222953147583
2948.626981570135
2949.213481135958
2950.176409861471
2952.105411320594
2953.100791926574
2953.753711528249
2954.326034749866
2955.328304527176
2955.593036769113
2956.482632783943
2956.987266427310
2957.625690278227
2958.791053402246
2959.412429291878
2960.079334382230
2960.840863723442
2961.348390989992
2961.678261263806
2962.869582560758
2963.666116928311
2964.095789620276
2964.845183220119
2965.814863442040
2966.310981490263
2967.316514865131
2967.504683113873
2968.278571704237
2968.837925102499
2969.999093490512
2970.743869247496
2971.293314057438
2972.078120909702
2972.528408457271
2973.217732422841
2974.155297421935
2974.436270208355
2975.768041959342
2976.023195729057
2977.231299187681
2977.378367484493
2978.205584200306
2979.140403285095
2979.676315059920
2980.156984568908
2980.831490227678
2982.002353517440
2982.939066215255
2983.140118856324
2983.806326401586
2984.492335294375
2985.167115203059
2985.936345465107
2986.803021973653
2987.560512772040
2988.095989432617
2988.777665676059
2989.700361441092
2990.398825404959
2990.653239559335
2991.396244033317
2992.446917963829
2993.029502567239
2993.793711944797
2994.662559782883
2995.300525743279
2995.807640843951
2996.212579369666
2997.195188936386
2997.907753766762
2998.812054067449
3000.587398188820
3001.724718765737
3002.044235237199
3002.861922272647
3003.507908118427
3003.981898409382
3005.483504567545
3005.726448819176
3006.459857516332
3006.971155817486
3007.723882100195
3008.347073858843
3009.087262126112
3010.085784032249
3010.674511983089
3011.388248711216
3012.184007151066
3012.513561369098
3013.356910290298
3014.138684386403
3014.768844870875
3015.378357035178
3016.417368833087
3016.918369961987
3017.787736843974
3018.447294926539
3019.066424640222
3019.509796360201
3020.001300496130
3021.559355434741
3021.928373955274
3022.584532871478
3023.192808718180
3023.971293231394
3024.597779092791
3025.414812663837
3025.867956068850
3026.699998970420
3027.577664944029
3028.141111190059
3029.161068638424
3029.639727889881
3030.064323538704
3030.864832733251
3031.733811617079
3032.069518636623
3033.192907604331
3034.150701414470
3034.550161172912
3035.122705952637
3035.640457632102
3036.536805474231
3037.464549679995
3037.767648448043
3038.804982874286
3039.349313411562
3040.193833097716
3040.906398521210
3041.685683688582
3042.131247944912
3042.467866067507
3043.537275051590
3044.428995437169
3045.305432726139
3045.710633399904
3046.369476171341
3047.111862403007
3047.702029510174
3048.544700076513
3048.946252135842
3050.082928929161
3050.914553398212
3051.079501936032
3052.140963125528
3052.735628712266
3053.479726044493
3054.165038123228
3054.407588997904
3055.488452939094
3056.442308168496
3057.167316363328
3057.804684999342
3058.108684477389
3059.012923662140
3059.426282422124
3060.564922181962
3061.305694214196
3061.690960507409
3062.496573857853
3063.662265073607
3063.891601411416
3064.390836070071
3065.489753443922
3065.850317365694
3066.530679633524
3067.627401039352
3068.319314493748
3068.981793020388
3069.494420755635
3070.350060293568
3070.679405778410
3071.493077699132
3072.328622541353
3073.315741606518
3073.914257462227
3074.388034785463
3074.941233297897
3076.175771870195
3076.570889472007
3077.013341182897
3077.755201155053
3078.658616969757
3079.596461953029
3080.263269536559
3080.830335031391
3081.328870010301
3082.076996007797
3082.619168448094
3083.772423955104
3084.080358889096
3085.315041214132
3085.614075596887
3086.359165768672
3087.056250643388
3087.926266733794
3088.103850113333
3089.311078620072
3089.725741980974
3090.600157870560
3091.341594908942
3092.238017865669
3092.833883163290
3093.161732338561
3093.775483755655
3094.612463269570
3095.696244138178
3096.273997304458
3096.956952314569
3097.712161524165
3098.000109540595
3099.067000201107
3099.681800501371
3100.396345257228
3100.720896748350
3101.910698256397
3102.695429433946
3103.253160399210
3103.891812475793
3104.468962444798
3105.298521367603
3105.902368269129
3106.284643866780
3107.780841510442
3108.338728956671
3108.552591648786
3109.663279675571
3109.971291979295
3110.768281842922
3111.562123223042
3112.283356116035
3113.102627468004
3113.425737903620
3114.643329474381
3115.201070494301
3115.872411446687
3116.315044481650
3116.911740332201
3117.686906596847
3118.827679550141
3119.468559137728
3119.896774530518
3120.833562199701
3121.250188390473
3122.018119145850
3122.648175979388
3123.461226449842
3124.107109157630
3125.050070592242
3125.624961377316
3126.228727568237
3127.060730363082
3127.818844625385
3128.117402599539
3128.903131918262
3129.634659455176
3130.589539436711
3131.527738572504
3132.088998211575
3132.352190615440
3132.896482341607
3134.177534808278
3134.532476425733
3135.292675440303
3136.137994392256
3136.824713309364
3137.506324739605
3138.220068304886
3138.965294936084
3139.440838690371
3140.049267242384
3140.759939258372
3141.923928903922
3142.456139411068
3143.018343771133
3144.081035154075
3144.225768515477
3145.154032605898
3145.441552893049
3146.643610763063
3147.453919661815
3148.058965883134
3148.447696203130
3149.482692886999
3150.062658863089
3150.749326737925
3151.407799591036
3151.906377010779
3152.680201158652
3153.780899838180
3154.599187081508
3154.879553891295
3155.572824730914
3156.092990996742
3157.084655283187
3157.529395256439
3158.599685400851
3159.075139191174
3160.083107435452
3160.450967220523
3161.217628640007
3161.994949835651
3162.373396595993
3163.419157849644
3163.903633903650
3164.555265898573
3165.842595658705
3166.111164800951
3166.852817846158
3167.496934945609
3168.107719903861
3168.512032120106
3169.720579267457
3170.638994859135
3170.935256945169
3171.909386822988
3172.042803298015
3173.305077783249
3173.813108016398
3174.463535054991
3174.771794726744
3176.126398059910
3176.653476746100
3177.383392037596
3178.006979807798
3178.936202059580
3179.146946991835
3179.734552749796
3180.889189067455
3181.400172109143
3182.363343763537
3183.119328868141
3183.483662038774
3184.276122203764
3184.657940920272
3185.949745575170
3186.183534028122
3186.972495628024
3187.763428807636
3188.487283438002
3189.586221611462
3189.832979771582
3190.333376183720
3191.132878876152
3191.731741320108
3192.627180466281
3193.673712971864
3194.281649659227
3194.439613509454
3195.590812068635
3196.013505186647
3196.789688119812
3197.427818087782
3198.138011664489
3199.065929461865
3199.664532117559
3200.413196051991
3201.020292502456
3201.755753800480
3202.459119929661
3202.958277374357
3203.426391963003
3204.685837142029
3205.573407400521
3206.004665892468
3206.436801305233
3207.198011516976
3207.934289045454
3208.649038429472
3209.317544039343
3210.301117146688
3210.627149802425
3211.474012887440
3212.559436578563
3212.863372114517
3213.379977297179
3214.151788032560
3214.761588145368
3215.833113260004
3216.329340318638
3217.252290767127
3217.970541963804
3218.352078384783
3219.027593634478
3219.634788617051
3220.557648905541
3221.293821529200
3221.985454598586
3222.827085633040
3223.229988822353
3224.011529071860
3224.844640787454
3225.513741105131
3225.992281850159
3226.331096575003
3227.851421046229
3228.455952494946
3228.883848540456
3229.730196288918
3230.148072057369
3230.758318604372
3231.866177058233
3232.187719868520
3233.187743580204
3233.885071555889
3234.694181045533
3234.988456560406
3235.989065858956
3236.623388705554
3237.004357183293
3237.969274955766
3238.581729398058
3239.435849415994
3240.259512462727
3240.949898949729
3241.387107324630
3242.138841622917
3242.483387985833
3243.402804137547
3244.686644722101
3244.897805677565
3245.614808544066
3246.224972853668
3247.228531861614
3247.699341449275
3248.334391277176
3248.930796148227
3249.845218113217
3250.370432863852
3251.583947707963
3252.057532653385
3252.510282464737
3253.117348199475
3254.110797422924
3254.402921584915
3255.305822233980
3256.195458328195
3257.045155498569
3257.664052858449
3257.910763441493
3258.726532025395
3259.784263899773
3260.088051636899
3260.885819609007
3261.556018134203
3262.454730596109
3263.173759672447
3263.879365887150
3264.647107814164
3264.863846598924
3265.511660714703
3266.432774427941
3267.437982840125
3268.156688519258
3268.524586586349
3269.255407298943
3270.264003660316
3270.433272135002
3271.362773883237
3272.006517897820
3272.723456035784
3273.600600411505
3274.358441098339
3274.773012724592
3275.712227041286
3276.452536374330
3276.681399794988
3277.413950560653
3278.240656403040
3279.457392294411
3279.708214242553
3280.693628758109
3281.076956325447
3281.541409848310
3282.478631787824
3283.388182170898
3283.880512318412
3284.408894858718
3285.482964072128
3286.078914913876
3286.957551876248
3287.343954903529
3287.856511885373
3288.826305528319
3289.216045729882
3290.248994526326
3291.098041195245
3291.720356578882
3292.375463779112
3292.697771411895
3293.722736618497
3294.363907657309
3294.651155018488
3296.170041421418
3296.514956116570
3296.891792060690
3297.899253460063
3298.717382850283
3299.273930327388
3299.774894028101
3300.382487274434
3301.106230635152
3302.390801657014
3302.784083600707
3303.534608728656
3303.997507354344
3304.673770778735
3305.315595535086
3306.239501758724
3306.798718135438
3307.638440652161
3308.294369001295
3309.099997394300
3309.678893392770
3310.311921682594
3310.982205839303
3311.668758797974
3312.290283057931
3313.106010184434
3313.921816881626
3314.786688323880
3315.267215020718
3316.013767768640
3316.278813276340
3317.024234687959
3318.175061699547
3318.680453663574
3319.541238421437
3320.078596338512
3320.744060103008
3321.441566158087
3322.331898010708
3322.792579667044
3323.333602797892
3323.998273445866
3325.245682615775
3325.878283800678
3326.303539076108
3326.914040155085
3327.799493482427
3328.481291427417
3328.611695235639
3329.920763610996
3330.639663745241
3331.387329914950
3331.794239716956
3332.666319104218
3333.100046938423
3334.071250746148
3334.577258990751
3335.189776337919
3337.883261226445
3338.297767268067
3338.710539731837
3339.340073597968
3339.906856652417
3341.077213956782
3341.560560292607
3342.571709739405
3343.027631010420
3343.592196384444
3344.395440689629
3345.202931486670
3345.574315200795
3346.343224135038
3347.173256174263
3347.956064664851
3348.571538092812
3349.465900435752
3349.926598194487
3350.582530646495
3351.285298437738
3351.798136263777
3352.526016438116
3353.730553960218
3354.378006583955
3354.858945450551
3355.196011477757
3356.199003360273
3356.804783066312
3357.675688378045
3358.191826492787
3358.760320500239
3359.907222469822
3360.464749860538
3361.008934903671
3361.978212082206
3362.269933293259
3362.819569153488
3363.665386495174
3364.801283161645
3365.302036448349
3365.839417098555
3366.804739015443
3367.301302482979
3367.778796526488
3368.474502479846
3369.454058789944
3370.093801142720
3370.931283867884
3371.238422337982
3372.401737526012
3372.855837806746
3373.531762506134
3374.166200653235
3374.737990544950
3375.324501424421
3376.714367345548
3377.107578826013
3377.847665262805
3378.284225606556
3378.844799132018
3379.784402180014
3380.573922997521
3380.920978926717
3381.952759316611
3382.656827895134
3383.280113009933
3384.058283327809
3384.544133337426
3385.322370460297
3385.922514958270
3386.524223760589
3387.364951612414
3388.306387122859
3388.899100356765
3389.705615863062
3390.155230913272
3390.507528179157
3391.572437037859
3392.071907082595
3393.164777469213
3393.749924344360
3394.432191915604
3394.741025855828
3395.969313940710
3396.682198889266
3396.838616152506
3397.424220412309
3398.568154261256
3399.207226256372
3400.138470919223
3400.674792469159
3401.225642107901
3401.912859016174
3402.540838155291
3403.126940795478
3404.110637514756
3404.816844350364
3405.475637458359
3406.311686339106
3406.766316668361
3407.372747824235
3408.123501405064
3409.149058914881
3409.350749419237
3410.000740093351
3411.131415384543
3412.060290645340
3412.332929545546
3412.956921361184
3413.734773868210
3414.128289617986
3414.975014204866
3416.134267883222
3416.553992626175
3417.161369319131
3417.980318541157
3418.514346442057
3419.347784621728
3419.977566076065
3420.404301566457
3421.294965642931
3422.167005973849
3422.924177631360
3423.357775314619
3424.361229420778
3424.758902236480
3425.387033919531
3426.021605567226
3426.663585861416
3427.951078624351
3428.422251489385
3429.035466402901
3429.533611879157
3430.248735563599
3431.197593499846
3431.565060609937
3432.450339259325
3433.062992402200
3433.748081828118
3434.770887929056
3435.333737124446
3435.994910570662
3436.477190849229
3436.895762187462
3438.011499273331
3438.737989685494
3439.314262097254
3440.342582667768
3440.854731304008
3441.288640518760
3441.970754147404
3442.857675123834
3443.392631786057
3444.189923227992
3444.921931634413
3445.855693613879
3446.066224094616
3447.134172039934
3447.786968049925
3448.280661533255
3448.827326943093
3449.401617094911
3450.691713314288
3451.459669947239
3451.916104964936
3452.236148425589
3453.251752813630
3453.751944322215
3454.646747218506
3455.071672132457
3456.093494266672
3456.651182928691
3457.364218773725
3458.316050612058
3458.711932382120
3459.213785617795
3460.212041102382
3460.594082517949
3461.309274609958
3462.476682580362
3463.015117340030
3463.554778614104
3464.567002241261
3464.775763332234
3465.207999778203
3466.426534695878
3467.103465575067
3467.846980372636
3468.345627724181
3469.061780847091
3470.052614515675
3470.470893659035
3471.079963618231
3471.909435122389
3472.133538789888
3473.429587002918
3474.044134191573
3474.995691480078
3475.288473180967
3475.771905155539
3476.725710984537
3477.302150025819
3478.036790543537
3478.664157317075
3479.840670008945
3480.305433367489
3480.645435006802
3481.495040322927
3482.376581424108
3483.062539039703
3483.237814475814
3484.240867695709
3485.072524837378
3485.812504901963
3486.765639017964
3486.976425108996
3487.733989354182
3488.192286333726
3488.922369547592
3490.116978441477
3490.617009563069
3491.153200786614
3492.016026252862
3492.587568885382
3493.410095123384
3493.885349986859
3494.652799806574
3495.091052271829
3496.269215177084
3496.684044072497
3497.692389488384
3498.124840021318
3499.006527818668
3499.302599191004
3500.070609675542
3500.697410870611
3501.607254692947
3502.712841821706
3502.944129234811
3503.618330653356
3504.263411501042
3505.006333728067
3505.743742735795
3506.449940614100
3507.037808361106
3507.552248104016
3508.832146110595
3509.408357612750
3509.892647543795
3510.380206950198
3511.203045394951
3511.865113803504
3512.386791636690
3513.679874697350
3514.064861526326
3514.779594199359
3515.338856912445
3516.120873441885
3516.801154548340
3517.220700125020
3518.150310079975
3518.964739902846
3519.539606276449
3520.274896055191
3520.938177242481
3521.878942330759
3522.407660252468
3522.671743506863
3523.291908425285
3524.614292872079
3525.110837622581
3526.061355153917
3526.394346917164
3527.224923452136
3527.448745251079
3528.721439504586
3529.139048491769
3529.726893597677
3530.619972416765
3531.378539563956
3532.119640848066
3532.698944972683
3533.385684817744
3533.885826173060
3534.655258804839
3535.268102282377
3536.079091039762
3537.008694256212
3537.706530061378
3538.224962422340
3538.834670423083
3539.302394027599
3540.131469700776
3541.119554330201
3541.493206722831
3542.538276687907
3542.909172257469
3543.707940510015
3544.550391655234
3545.257469778147
3545.480178145197
3546.393843335186
3546.781497201955
3548.289624363273
3548.754079019881
3549.019984717655
3550.003973859887
3550.489540181404
3551.301839103185
3551.752000444822
3552.581563875217
3553.621331002294
3554.093608299230
3554.675756338231
3555.466995104241
3556.293131257447
3556.627892021906
3557.370876489991
3558.353676179565
3558.511259715842
3559.630054531106
3560.662344555227
3561.088134232858
3561.524294154082
3562.056818467839
3562.894659380985
3563.634806449277
3564.536750145703
3565.220098719858
3565.619597242914
3566.662417224038
3567.117621230126
3567.770939897495
3568.736070910998
3568.900289877944
3569.695117171488
3570.742566653586
3571.482118136941
3571.960477039587
3572.814892023235
3573.297820647725
3574.036614052685
3574.416159160803
3575.304205155429
3576.289458560097
3576.974756252936
3577.587092782995
3578.230306276870
3578.501520897784
3579.902071549050
3580.170713507762
3580.690792190626
3581.473232111636
3582.414555801398
3583.217407696910
3583.725045672761
3584.607775379024
3584.943326879026
3585.420236674291
3586.334375930999
3587.219334653886
3587.945298626338
3588.587845155245
3589.214299391713
3589.953131275577
3590.654504387470
3591.009091308513
3591.859107693270
3592.777908844511
3593.287132514600
3593.906807482335
3594.963319225109
3595.547046132782
3596.019441361367
3596.820362303882
3597.259147405769
3597.869920482580
3598.891304821650
3599.870843177436
3600.458382616072
3600.778481591288
3601.336815166167
3602.439601442805
3602.912517255684
3603.698035476486
3604.054944902786
3605.287733625664
3605.659616565658
3606.630704686568
3607.223616390530
3607.613962640081
3608.533248064296
3608.959848092135
3609.690033232676
3610.648905409752
3611.453270882450
3612.047120394286
3612.725705410590
3613.071439719119
3614.012695799420
3614.414895851437
3615.526187684845
3616.017047482321
3616.977306800090
3617.154244330151
3618.337199972801
3618.950417401033
3619.485830976590
3620.146975375395
3620.419006373544
3621.568379497728
3622.687480003146
3622.860967725668
3623.669306874984
3624.387979391134
3625.041588624621
3625.296027460664
3626.538360180859
3627.040307365284
3627.577933414040
3628.833789028356
3629.133541623839
3629.687446582983
3630.570344520168
3631.167621465078
3632.035261427615
3632.197973769403
3633.110280737918
3634.204698697494
3634.922690103345
3635.437277685714
3635.806501238044
3636.598835130255
3637.220521955967
3638.072354111733
3638.790175641402
3639.701976759995
3640.063907974174
3640.698807989399
3641.860903571132
3642.147524132384
3642.768230660408
3643.348851270476
3644.204577456136
3645.047247702669
3645.760833424280
3646.488598815000
3647.033772314880
3647.771031257910
3648.162923142642
3649.067960321041
3649.440285680982
3650.879968006233
3651.201660260781
3651.738590903255
3652.598876642375
3653.091662061217
3653.955325272223
3654.680106994659
3655.011152135610
3655.854000113711
3656.642307869561
3657.546240191909
3658.402948699738
3658.611857529339
3659.188566952462
3659.847193881486
3660.800467790089
3661.427076059723
3662.201034013930
3662.972477064443
3663.634894927531
3664.176190632618
3664.790912422254
3665.585361156570
3666.227192355736
3666.838663422486
3667.593512267115
3668.446098281182
3669.219157526887
3669.623179874437
3670.538326129884
3671.180552796714
3671.555419890299
3671.949022454438
3673.493785095834
3674.027311748070
3674.490983993368
3675.260308419990
3675.708844148417
3676.689825132646
3677.187808044134
3677.878156097203
3678.592990777923
3679.195177661974
3680.343789929510
3680.655337006833
3681.649394708824
3681.863791506576
3682.838408076241
3683.077894582326
3684.152964659521
3684.804841619454
3685.661888794120
3686.427356400941
3686.951354783662
3687.400719426747
3688.050760637903
3689.099347053010
3689.393362497293
3690.574708320213
3690.882971598809
3691.592854671499
3692.621761793567
3693.255816244510
3693.726168195819
3694.101491477333
3695.176571798360
3695.468255804565
3696.815864351184
3697.383216301408
3698.006472311492
3698.311065038864
3699.202819441028
3699.977486026695
3700.560521119364
3701.072298995513
3702.114171263615
3702.826971041906
3703.508188021312
3703.824609396421
3705.013948696440
3705.304748437968
3706.109229432464
3706.481200337539
3707.380992930099
3708.455689985320
3708.973314868410
3709.623509875623
3710.392910598915
3710.634085591668
3711.322592849095
3712.352774716063
3713.186739662917
3713.557152677490
3714.278430918117
3715.228886015932
3715.731410139979
3716.531183579980
3716.967804342515
3717.559397056642
3718.404563146883
3719.090045209615
3720.107751303835
3720.696348925023
3721.093964819353
3722.079476558733
3722.375622862258
3723.079985247251
3723.837435967973
3724.748165231043
3725.554667220664
3725.992820329388
3726.696736115119
3727.365380682904
3727.994733806317
3728.998103687896
3729.375012675190
3729.657022023854
3730.905189291931
3731.846180753234
3732.259642463705
3732.944063028950
3733.455750089468
3733.977524759037
3734.974591495152
3735.469360830303
3736.413000530098
3737.219214753719
3737.630290205735
3738.291735093566
3739.160525766405
3739.771044390526
3740.205786880891
3740.940565844793
3741.906378588511
3742.600537570982
3742.960259576561
3744.250429592356
3744.729409711445
3744.921335744309
3745.747409745658
3746.327573907366
3747.348888407520
3748.157692589472
3748.810591230103
3749.348788488890
3749.849725541111
3750.726496367603
3751.410477760995
3752.081048864696
3752.592549147990
3753.321694090479
3754.227888299706
3755.227607068733
3755.511899763696
3755.947146377558
3756.962945631892
3757.534691032229
3757.834316006304
3759.153593663304
3759.579362713181
3760.654605226417
3760.939292960566
3761.607841921438
3762.220472033812
3762.969629573373
3763.777562060084
3764.347682472988
3765.105343047448
3765.777551875767
3766.596505649260
3767.306356483040
3767.868576560923
3768.523534349129
3768.907775550843
3769.587830130539
3770.988076246447
3771.371650132396
3771.997010797346
3772.510222495368
3773.397183647366
3773.977857268924
3774.544762882364
3775.268963531434
3776.126885408388
3776.803231376624
3777.470358371572
3778.186046170255
3778.918425480009
3779.480133995290
3779.989981573592
3780.853695474719
3781.308780799862
3782.218820799196
3783.302718620058
3783.685198314670
3784.414105012886
3784.696347022010
3785.360676102436
3786.606686825958
3786.910337062482
3787.587381758412
3788.577652282148
3789.071621753197
3789.765683199475
3790.596891774479
3791.249986649936
3791.551651303475
3792.198578472472
3793.285026548706
3793.946179084082
3794.730891354830
3795.403693747002
3795.785410882042
3796.617645439253
3797.213741409227
3797.738321877007
3798.633087771614
3799.631895355683
3800.124335151510
3800.583528107347
3801.402113559446
3802.165174956349
3802.854105770279
3803.322120779838
3803.960689797773
3804.617886627604
3805.868595180353
3806.327380767294
3806.965077754677
3807.487129707164
3808.194454873196
3808.640554102487
3809.603855404082
3810.450220026894
3811.058772093037
3811.540751695657
3812.565860037251
3813.182696808994
3813.514738018930
3814.303643302064
3815.104853572192
3815.755609536198
3816.234113452539
3817.529031775132
3817.734178844469
3818.851126954012
3819.056369678226
3819.696318408619
3820.441401037572
3821.049660272216
3822.050518664646
3823.000565598358
3823.361014120276
3823.703433347234
3824.636945379169
3825.623399269126
3825.890230640261
3826.655531731534
3827.095374375066
3828.309670560281
3828.845736293914
3829.671353620421
3830.094871169977
3830.894776096118
3831.277751954536
3832.084516623628
3832.724960795110
3833.903706932183
3834.113785957636
3835.199222084101
3835.748627846115
3835.940187135050
3837.012557166023
3837.662001350060
3838.202076285558
3839.161681201881
3839.620823256610
3840.405158420073
3841.342939010789
3841.892614073904
3842.554673077268
3842.736622410308
3843.551300026185
3844.603435962566
3845.412953427654
3845.902621963709
3846.650576695017
3847.321053916383
3847.625179738381
3848.821297327855
3849.125874721284
3849.803036750389
3850.755673261153
3851.330713596122
3852.210403396146
3852.958480521023
3853.075469461382
3854.249109077718
3854.614801608854
3855.364168921926
3855.746814061906
3857.414883431420
3857.553931480245
3858.101975255337
3858.760147116171
3859.579177156813
3860.020342720475
3860.843920745522
3861.918781844817
3862.009989639587
3863.029908186687
3863.629307970953
3864.634343845756
3864.981389988026
3865.669703150610
3866.053803653026
3866.926232648692
3867.873711486699
3868.562534254704
3869.219794598960
3869.835128038173
3870.539797608619
3871.043865323647
3871.610364739772
3872.545878333902
3873.170556373724
3874.099601399072
3874.624239075519
3875.191915505760
3875.967910473051
3876.711242389636
3877.484163071086
3877.628841456738
3878.513009681047
3879.314311990385
3880.340993510071
3880.934286649226
3881.582047607026
3881.781424569430
3882.568654115315
3883.475441014834
3884.177898610966
3884.739257184765
3885.574114678856
3886.413607712355
3886.785423577744
3887.632297842968
3888.131166973211
3889.042628825949
3889.391960645838
3890.041337360193
3891.368093952546
3891.514385342853
3892.486780408976
3893.117256593629
3893.756862852537
3894.241992012152
3894.672841347731
3895.784889205750
3896.717724973830
3897.207430939013
3897.782048112206
3898.279397794804
3899.418073197437
3899.938421612535
3900.190884069456
3901.343535001063
3901.581416417283
3902.657774477097
3903.514064691669
3904.142642436526
3904.597159128306
3905.074267992545
3905.963337085085
3906.569769818841
3907.230078423426
3908.169292391190
3908.998708730336
3909.341300304431
3910.096781171158
3910.760784843526
3911.261646482067
3912.196133217625
3912.803843985316
3913.387414118928
3914.116849314109
3915.090930098522
3915.807258775584
3916.114299723801
3916.921628738000
3917.424113720307
3917.916586831866
3919.121641830100
3919.884405930722
3920.371332783100
3920.983041711593
3921.683024585302
3922.221190834928
3923.259869044783
3923.737235941095
3923.937009253568
3925.375991217814
3925.871020829949
3926.404891316725
3927.220913281539
3928.030262420203
3928.337529767231
3929.201853576544
3929.421807080628
3930.746815949044
3931.329091214584
3932.073114410164
3932.785587694913
3933.186492014537
3933.692071501754
3934.614499091617
3935.423664758992
3936.013883594605
3936.594359307184
3937.318265771864
3938.437295781626
3938.704803932103
3939.484619996887
3939.936131699531
3940.595622954151
3941.340175161947
3942.210692763809
3943.040989733903
3943.728535970104
3944.061563358620
3944.886208531411
3945.507930111839
3946.102325652087
3946.808034992858
3947.660465717806
3948.409560795395
3949.089205316673
3949.515845870313
3950.398745756679
3951.182385175268
3951.625314651986
3952.174444883636
3952.831240764512
3953.723321699381
3954.980606493919
3955.135118234517
3955.694264867348
3956.254161755113
3957.174170056494
3957.737445456557
3958.379777143993
3959.377602532899
3959.892915550268
3960.512138482048
3961.335474173261
3962.066658532623
3962.651760069286
3962.930569870978
3964.040271350005
3964.429222269293
3965.462388685004
3966.086247393252
3966.780753869014
3967.659832807562
3968.083593395248
3968.229628624312
3969.311897885239
3970.139579225679
3971.025469577256
3971.344767741561
3972.334934342678
3972.741374732796
3973.391901180417
3974.421735643887
3974.802840358388
3975.367116724464
3975.896401071731
3977.227475883691
3977.901992333656
3978.133254028267
3979.034158561554
3979.574732051442
3980.096220377256
3980.976972261257
3981.565644005188
3982.454997555879
3983.275417307774
3983.797993032354
3984.246829433268
3985.127206756085
3985.716939759996
3986.400342579976
3987.022687398632
3987.843583597956
3988.353613067961
3989.486501308823
3989.898817637109
3990.697166748927
3991.081783375530
3991.683162667310
3992.270884752944
3993.442958502998
3994.169899642307
3994.707341697756
3995.112981399495
3996.099421768636
3996.609057563068
3997.483391685820
3997.723912491564
3998.615558870313
3999.514879488785
3999.994414161511
4000.942234829162
4001.533875582286
4002.244375686506
4002.482077685611
4003.456055404984
4004.041145814223
4004.613961338576
4005.848721717450
4006.364950739056
4007.014546763055
4007.330529531610
4008.017168120325
4009.040361315881
4009.756340660567
4009.920813273694
4011.072297465294
4011.586951323416
4012.461097727818
4013.315130003179
4013.505352605790
4014.298521003770
4014.957286768473
4015.335530663479
4016.689268494456
4017.237197254123
4017.773758830020
4018.404907780728
4019.295404398856
4019.684977776750
4020.258956142961
4021.125139348749
4021.932295197440
4022.495349523352
4023.380489769914
4023.833200109096
4024.578342161526
4025.399824315060
4025.971922973674
4026.403959242320
4026.881597819111
4028.273068379507
4028.664820147598
4029.635668253880
4030.124648355586
4030.360805034294
4031.311714326896
4031.922589428434
4032.892104394608
4033.299300329429
4034.080931323387
4034.811985505324
4035.795553484441
4035.943920412299
4036.999290794710
4037.179142266576
4038.112088579088
4038.827077140909
4039.380397340386
4040.481556551988
4041.140526973849
4041.555649791958
4042.107760690339
4042.869814101396
4043.495287780467
4044.108811726758
4045.168854851139
4045.896412241321
4046.311258259271
4046.736861907903
4047.990390665274
4048.400692254564
4048.993995246341
4049.497574433231
4050.165062717151
4051.334262878136
4051.967856844618
4052.468501108387
4053.295314255213
4053.637203738138
4054.374434482994
4054.994317017906
4055.979527446598
4056.397668876879
4057.483015811060
4057.936011527379
4058.482707677603
4059.422685738115
4059.703304793920
4060.623480054265
4061.241905552692
4061.885439551510
4062.532850738494
4063.567032533691
4064.219450974656
4064.731779332898
4065.350819471832
4065.783860382730
4066.463960690721
4067.507766001862
4068.366427842605
4068.689993794265
4069.483313600691
4070.148065185594
4070.792246573019
4071.426048867470
4072.278586244619
4072.604653960911
4073.344455811476
4074.394997637573
4075.092646557051
4075.671828182677
4076.016801551424
4077.135149515238
4077.591374652583
4077.819334886813
4078.879214698762
4079.924331350462
4080.496817260140
4081.007638061999
4081.626619127417
4082.191296654024
4083.094024880822
4083.725867292751
4084.220808989368
4085.088697337661
4085.815998671937
4086.334946102400
4087.597748701210
4087.833126489150
4088.269272806619
4088.772129715694
