25.654840121355
26.295027345823
27.044526944971
27.583614584363
28.908697738881
29.186916254942
30.047860088619
30.828167938696
31.189128512120
31.915630598861
32.505806258763
33.914512283337
34.556909958403
35.194075288130
36.175164589741
36.825492273870
37.266923727468
38.045399767584
38.667712531040
38.908732341281
40.469281059358
40.809259051562
41.620243153685
42.074062041408
42.986794323463
43.858741976522
44.611393396214
45.208616421678
45.992276058252
46.821300374185
47.304825149667
47.892950210076
48.654635041701
49.156315605172
50.005901160565
50.350796338642
51.242209714683
52.680734878867
53.147095301378
53.751313609327
54.176688781277
55.053579637200
55.335988346539
56.422336197117
57.119993784804
57.677212411951
58.408260192461
58.683732135225
59.768881134598
60.537199239026
60.894680212840
61.700137604042
62.844528462057
63.342895034738
64.070841492650
64.642057736521
65.388989581547
65.921063146003
66.120373380942
67.118866271674
67.691989276639
68.540755825006
69.243608136755
70.179640425500
70.640651016696
71.295120132091
72.293454856513
72.800948468104
73.086142764300
74.075513718841
74.417741875795
75.662469572387
76.016206180400
76.650200414243
77.050896002032
77.594705840020
78.429725461157
79.316264544130
80.488802295823
80.829776066972
81.342805868022
82.126205793002
82.723112198271
83.354250581297
83.686527809144
84.647280878868
85.014784404460
85.865823334120
86.473779423111
87.400739063498
87.672389041184
89.020387182623
89.238514668353
89.734937161577
90.358627818892
91.528525605534
92.141732231400
92.657280908587
92.990423178423
93.661055453212
94.402485311723
94.918008894966
95.591067098892
96.227628461453
96.938592670734
97.904790431535
98.738366644580
99.239841287796
99.980598217403
100.197225506764
100.764360901440
101.527103269729
102.355552562914
102.686641077365
103.611907708711
104.275709245403
104.798808448186
105.344062486052
105.755419439155
107.083406872605
107.421655847248
108.181471363256
109.036442004976
109.342021735512
110.075901849332
110.684210578597
111.540884995720
111.719602775727
112.510533631198
112.797724565132
113.366428079527
114.729532451058
115.233320932768
115.913513026139
116.611166615284
117.045650952088
117.692157664218
