23.705091007511
24.379139139152
25.743693598580
26.577618309805
27.711208211205
28.465312399144
29.293727028874
30.288879243507
30.792251277762
32.403684652719
33.073738241300
33.932318723633
34.734038607869
35.748165195447
36.333011274893
37.371133849605
38.678602265449
39.342195557041
40.074134330288
40.834868639585
41.979130458090
42.441283157633
43.736849296640
44.671988366514
45.377284601857
46.290213358103
46.880504493356
47.688579883766
48.937193565548
49.693479120923
50.491616271181
51.538030789855
52.266087717494
52.686629620049
53.725351156133
54.905632349799
55.601051035118
56.513265753003
57.301310723317
57.969444698725
58.847768095940
59.595234585228
60.482253302108
61.837867303811
62.398231287789
62.666239747650
