8.073906534755
9.199989894963
10.527517771203
11.734272109193
13.820009504408
14.454177308257
15.170662963484
16.334171921461
17.391692264596
18.533517614629
19.828329518970
21.308702196462
22.123200048202
22.890043349877
24.369370015191
25.109679752960
26.479346344102
27.007689375984
27.514273456465
29.460735893460
30.960690010830
31.222904983984
32.638526348286
33.321575801750
34.252347258731
34.851942498050
36.429758291888
37.331248772961
38.080783040882
39.486753083891
40.185296102869
41.502980360651
42.436960134341
43.071351299813
43.959751208682
44.792607750244
45.776347466641
46.612056227123
48.338447830584
49.349132283419
49.767193561435
50.789391410284
51.196905214150
52.974467990750
53.411888879147
54.215946122553
55.140770653118
56.336307866753
57.125457188334
58.521618155116
