7.313106676930
9.285902483027
10.352573459935
11.336423013934
11.762709477881
13.703658746858
14.311030084036
16.053310838432
17.349418736120
18.159234581480
19.150847590308
20.523042291130
21.536963509441
22.325434544622
23.187954541830
24.092663961002
26.207341445562
27.000668426180
27.655829716800
28.951447040625
29.758480218697
30.351645156120
31.607302632859
33.025561711705
33.552197584180
34.841784914471
35.800009608796
37.052720693495
38.029022779169
38.653100817521
39.696017305380
40.450561256582
41.198156820446
42.476465026164
43.698829886762
45.122615550564
45.760218925030
46.113177360765
47.189447530726
48.350403962386
49.489296835990
50.052106232987
50.692273503582
52.035130712011
53.250952887905
53.853561960238
55.359148308635
55.967706124163
56.638044375711
57.598338618854
58.295043614266
58.960893746222
