7.332918787586
9.675766343145
10.134387514334
11.324283448514
12.859426594851
13.976144060868
14.609381588328
16.136194082332
16.663265011537
18.421590958483
19.990383314271
20.738491162496
21.645697511970
22.490539001610
23.340404639827
24.762254215056
25.927180348353
26.566012587670
28.221260657803
29.179145023293
29.715463699907
31.348450528511
31.911902616958
33.104850238990
33.512764251971
34.350524005445
36.341610703133
37.146297027057
38.307070274451
38.865575269154
39.812414176068
40.697989527797
41.919988357428
42.458217771845
43.757989385838
44.575731586939
45.676080018069
46.505619704839
48.176828336235
48.598587147678
49.569029266492
49.941392535960
51.256639876981
51.995543124440
52.827561720848
54.314494493955
55.528677769909
55.990103047742
56.872993322421
57.726151909987
58.636034018104
