26.485151981855
26.726548291566
27.739387724337
28.220646661221
29.534743181278
30.356130815831
31.234509528777
31.536733005200
32.501206323914
33.074603405021
33.274494503341
34.581348570477
35.004512099219
35.968242815020
36.905152395377
37.157057900498
37.714174883680
39.110417518945
39.802465130691
40.229373415995
41.103038535884
41.808261827360
42.528520610914
43.209785114005
43.779600707915
44.395934371536
44.819878130623
45.549342230090
46.809701680003
47.758586366448
48.076644134037
48.948056612191
49.602757197182
50.154771639583
50.762176093050
51.462699799635
52.457035180333
53.014431117005
53.327844953734
54.358918730675
54.861357600119
55.602494554907
56.415854721214
56.968174214505
57.929567399932
58.982995172076
59.355546374003
59.967945558423
60.426565282735
61.055916082507
61.650683726894
62.522977965929
63.186949472386
63.766051963119
64.502975036738
65.372854871429
66.472506837673
66.683058450801
67.232351247810
68.018681038933
68.875241136968
69.144408779224
70.196171828442
70.870616631379
71.419696785861
71.809682710789
72.540847730408
73.058703490233
73.789203693887
75.020831485385
75.750801982322
76.257038915762
76.887457334453
77.238741954732
78.322359519979
78.862746270810
79.243953815097
79.717545064999
80.427697319869
81.658486676205
82.066619945389
82.434606353372
83.695731889880
83.849006749070
84.711318493437
85.382341161659
86.325411011520
86.708098324417
87.435884250524
88.132899119642
88.590274074182
89.313739659417
89.593332863587
90.609585553896
90.979631876506
91.685647471676
92.760148708357
93.336272778884
94.383285869440
94.866229792493
95.126138861946
95.654372304408
96.388371245152
97.003544413337
97.914752558303
98.596906491045
99.112593739980
99.439818598839
100.221944029487
100.962006206205
101.756811920905
102.391371939416
103.053080810951
103.720195154107
104.461452819324
105.288292556285
105.587649048586
106.270187954871
106.585535663470
107.558132027577
107.956815705527
108.304346718024
109.324482791603
110.325235008191
110.893889960189
111.529416950603
111.877427063837
112.852866647159
113.458603084930
113.737596305831
114.690134131853
115.259148951015
115.695547827998
116.457714660202
117.213156141971
117.779272633096
118.261407061442
