26.388376387064
26.551422264446
27.392859097915
28.493960508241
29.290058781849
29.811359964945
30.520377748156
31.186012272529
31.846652984497
32.663390094112
33.062845894897
33.925032417759
34.979391111000
36.059060584729
36.574066872268
37.195705015311
37.989294958535
38.540847932199
38.879417907318
39.821528658395
40.774077947112
41.387176834505
42.229505627126
42.559398710584
43.128412744997
44.557525992651
45.043867828715
45.789196789090
46.219861534535
47.421714848038
47.931407016727
48.421328238134
49.272288184024
49.648193045232
50.178041985981
50.958592685543
51.852161929543
53.000732895208
53.335593682862
54.370542319816
54.763136260909
55.487834471568
56.148378648799
56.562209437463
57.848740827296
58.181552920795
58.550671313689
59.483175638023
60.415544889193
60.805035281837
61.150245173098
62.395164774124
62.828461328908
64.265184069316
64.516423433497
65.279839664965
65.506979138821
66.323269694775
66.852212919573
67.709241887165
68.327993968328
68.749876524327
69.687720067745
70.359837708878
71.305724110113
71.959704052880
72.405095540737
73.455198537288
73.515787061496
74.387108370958
75.293207975154
75.850163342310
76.668035658049
76.999848676731
77.708984157773
78.014181734443
78.809708476376
79.699138518483
80.809376003333
81.198589856448
82.094536155378
82.357404870345
83.253488506215
84.066697291484
84.307057028352
84.897139257723
85.260041166906
86.533759734802
87.079100088946
87.715044962321
88.167834080268
89.010041538906
89.832082552202
90.232815083336
91.046035256460
91.951571151858
92.406326419120
93.015468500546
93.702112066845
94.322665062148
94.737122614063
95.357589685330
96.159981627487
96.705542378033
97.135486326736
98.182054663405
99.307422328360
99.802152528446
100.296065927834
100.722460987489
101.181723859650
102.068869543799
102.705001868860
103.387893430355
104.049100713669
104.753458577209
105.020283489437
105.672788424324
106.718006501234
107.090798697412
107.830164109086
108.583606205052
109.394916677634
110.018631954011
110.549247054058
111.390739473305
111.600256723922
112.346189903573
112.842267949910
113.490581566256
113.850569046691
114.897443689968
115.782483396802
116.326568340755
116.743248417655
117.649247632129
118.253776694097
