25.980369206633
26.377245630573
27.047525492154
27.687772111881
28.462739508386
28.856560599769
29.803038640956
30.768859053816
31.945464706106
32.364502170637
33.335719105417
33.562278868554
34.598960425862
35.151749127566
35.824237300229
36.202538737395
37.381045546357
38.164761768539
38.965850077941
39.112279366598
40.117162308522
41.048620015483
41.832495924291
42.492662059516
43.407060024328
43.853430348933
44.242045236380
45.442905665942
45.882224450280
46.261811278813
46.924503922724
47.834925196502
48.893903248223
49.524556795773
50.595503078972
50.941508810424
51.494134022316
52.173990251577
52.609929398821
53.911143870500
54.201099562705
55.073832685820
55.646304901410
56.055914825074
56.785794719970
57.858899648174
58.413515300799
59.128243889607
59.917066275475
60.767064585560
61.528779111306
62.096465932209
62.260512944719
63.034142360043
63.761613011905
64.311507350121
65.169203914458
65.943033443572
66.546946414697
67.540497901051
67.983284456686
68.789523326652
69.363594949929
69.988695356620
70.841230851402
71.213829193200
72.050288812789
72.809068288833
73.290479939855
73.910585569047
74.554603497303
75.179310241983
75.444940891058
77.287220076997
77.679174079741
78.259498392195
78.549785274431
79.446315288605
80.176113328153
80.530945598155
81.234140835505
81.963575339156
82.439578124180
83.304385402027
83.994548954270
84.537627677816
85.517503582905
86.119151118190
86.387824865231
87.565165434381
87.914688080330
88.706228809761
89.497960221314
90.204125345466
90.489174254471
90.948846198535
91.538798266294
92.465844642535
93.071463943554
93.654305865439
94.786901226699
95.168808673487
96.159588674209
96.639149663653
97.278341602214
97.756335440367
98.106132575406
98.880074420599
99.768394521561
100.493789905980
101.161947828813
101.332102634631
102.165042706333
102.735694644754
103.618760838566
104.424826202151
104.806280500262
105.975356625237
106.333688193036
106.770420971958
107.625876778019
107.994979452776
108.758010102875
109.360838967075
109.884244263720
110.153829367517
111.180952871182
112.241018167567
112.697711475328
113.654373434076
113.910606522002
114.344913023747
115.203924211660
115.786275860926
116.669215160331
117.209525727537
117.519506175367
118.276933046910
