26.262216083623
26.908492229624
27.320189522347
28.927335065294
29.805125636179
30.099423957200
30.955803636477
31.397393423800
32.396589997471
32.679646528015
33.686542824553
34.184215255091
35.075565944041
35.775998836323
36.945111737958
37.483388474884
38.026057579067
39.042055895091
39.543065812079
39.906684342284
41.400188440973
41.802907627561
42.283549825062
42.935345979696
43.489030592518
44.193114739989
45.099377378369
46.087888193407
46.770071262575
47.539046118627
48.214686847449
48.962433886927
49.524279207065
50.015418911597
50.473165358223
51.334335183109
52.407315475632
52.907697286510
53.395490282002
54.299802935313
54.941119678806
55.795514650928
56.358662299072
57.242023566350
57.898564329084
58.826780003826
58.993120652359
59.631131228189
60.594203070998
61.175354474455
61.591158672402
62.128895239318
63.006537810286
64.120642144600
64.994791863949
65.673415233964
66.029316195118
66.285551420350
67.308013945409
68.009380581752
68.726480447182
69.295441623047
69.846091808594
70.749228521429
71.189825838003
71.881428956550
72.495217324605
73.540917968215
73.983862410038
74.776860000186
75.774852606742
76.215918219251
76.686717561727
77.573256968892
77.902300819428
78.410940568036
79.217611733301
79.604813469643
81.036995710029
81.273938109132
81.927128871223
82.756721173812
83.650848821953
84.189982340233
84.648693403523
85.224501905750
85.925828277790
86.685713115026
87.403940668302
88.192948663135
88.488699783467
88.954771324899
89.729658456877
90.264244675898
91.255434145399
92.240242307431
92.817174587127
93.345075499748
94.054401651558
94.483940638832
95.192376415049
95.634145451696
96.379478204308
97.064428939535
97.743460628027
98.056215043117
99.067464801391
99.913911643366
100.401644820647
101.199413242423
101.594822334204
102.062249357994
103.445473079224
103.600301539549
104.356524776306
105.088867596287
105.462289485284
105.842631260432
106.704720835469
107.500934758671
107.971439908748
108.246027212132
109.750237849448
110.356940641024
110.848053508082
111.402614972842
112.147356890560
112.761166051184
113.089299254051
113.576993720073
114.535358560459
115.156217230002
115.994902571736
116.541009339618
116.666711727563
117.763181000316
118.056590194277
