1910.936210866487
1912.014382934866
1912.268505023922
1912.949569337858
1913.692801133476
1914.276660340963
1915.102151566546
1915.808958983224
1917.116014629872
1917.664115136949
1918.572827240653
1919.097193462639
1920.178373821639
1920.657220709970
1921.121761682465
1922.085417142923
1923.134998857116
1923.621867190179
1924.511999182830
1924.731817627138
1925.559632927929
1926.723105216661
1927.902888050881
1929.888526648740
1930.654596636621
1931.041083727932
1931.817962711524
1932.500361641156
1933.496458223621
1934.062705129335
1935.113202138601
1936.000049172474
1936.863891112278
1937.094124957959
1937.906055130836
1939.096112996670
1939.787121591223
1940.363957468620
1941.100066813233
1941.539098329322
1942.290440328743
1943.472243985075
1943.719946343333
1944.918484364077
1946.049002484075
1946.774280236296
1947.238391548386
1947.815956388371
1948.770328658339
1948.950566975552
1950.282691210666
1950.751052594486
1951.760623053170
1952.511663814622
1952.758093496355
1954.146159935962
1954.757685195905
1955.521598780596
1956.661336545137
1956.924749555781
1957.678390116904
1958.703879861972
1959.263529281200
1959.815014107467
1960.304447995864
1961.079241917894
1962.617894285620
1963.425541195946
1963.736404018568
1964.787957055179
1965.207302810066
1966.178917194984
1966.646546235354
1967.711570076601
1968.129485129121
1969.163985384147
1969.674024360401
1970.544147974113
1971.002747487356
1972.248811846685
1972.840287654444
1973.848493251119
1974.803274107628
1975.296718186049
1975.872796465960
1976.434597422454
1977.040359831316
1978.141068603864
1978.753849463462
1979.545417578110
1980.325169153677
1981.414208508446
1982.209430414206
1982.833036557536
1983.311200004611
1984.004956917815
1985.108324166574
1986.027728444280
1986.395339712001
1986.959419385880
1987.821000073925
1988.525148392720
1989.039971826320
1990.599809686761
1991.263296080641
1992.006215773504
1992.507885442654
1993.286286079453
1994.101623902960
1994.721064922077
1995.192339193795
1996.043609525014
1997.037557866843
1997.738637141645
1998.705454822406
1999.314794749687
1999.766799885369
2001.089852135230
2001.719602410925
2002.404797838274
2003.191898594813
2003.736975946316
2004.593041127344
2005.143352049524
2005.861315586407
2006.458168874587
2007.476185432535
2008.659575688754
2009.356138131385
2010.242467946574
2010.560283965769
2011.245985042551
2012.120578564482
2012.508538904651
2013.859369888085
2014.501048541415
2015.046925730047
2015.321671967036
2016.663214422184
2017.482993405416
2018.309156471157
2018.791761609501
2019.964264802282
2020.604300954371
2021.347995834214
2021.833625404289
2022.414260965911
2023.282444604063
2023.650623198266
2025.128341801237
2025.498470614898
2026.784524921948
2027.323378637243
2027.957710212897
2028.754533257593
2029.347752326352
2030.429597391917
2030.867915288115
2031.519593892586
2032.599160206643
2033.103156569661
2033.854549619726
2034.271157919404
2035.309523969729
2036.830260978976
2037.120054461255
2038.059583017846
2038.408332023663
2039.069708536466
2039.974489938392
2040.717820556315
2041.203968278249
2042.034304807829
2042.958829534331
2043.829424560188
2044.512229087454
2045.500027229257
2046.096925881570
2046.602247872120
2047.512805494434
2048.607199584584
2049.072948111243
2049.805476035417
2050.338277621609
2050.901556426221
2051.690754793831
2052.725718764013
2053.693777359130
2054.665006772262
2054.929997709085
2056.215471926770
2056.690225262200
2057.243710152547
2057.508879671008
2058.814351905236
2059.496525555940
2060.380308466989
2060.911188153505
2061.608734331015
2062.525427863269
2063.381039580089
2064.115953230219
2065.082247342422
2065.813787039589
2066.204378624700
2067.243560124224
2067.585062124632
2068.438504486946
2069.221075289726
2069.641586472081
2070.520785474934
2072.234784456821
2072.560337299242
2073.023430230029
2073.883915646603
2074.389514982277
2075.417263922357
2076.066481914013
2076.982827729777
2077.356992764572
2078.257483119291
2078.926194706271
2079.648485168776
2080.552322683539
2081.262746298403
2082.450892314153
2083.113369519511
2083.637291482813
2084.500324862965
2085.112945988568
2085.685446222969
2086.085769345760
2087.187151399931
2088.207146142948
2088.812798673598
2089.483496960679
2090.532332023242
2091.409575641657
2091.736890813076
2092.824991867803
2093.025605017796
2094.219917270113
2095.041427628654
2095.591233806041
2096.209128506978
2096.731476147392
2097.395759623717
2098.711172876341
2099.584036106615
2100.408261562689
2101.094197895514
2101.686153905456
2102.148764500490
2103.106220089287
2103.804944011993
2104.319688002069
2105.366469540128
2105.847308902099
2106.856055549871
2107.714467873290
2108.475676959773
2108.965654834193
2109.751648075639
2110.976391722711
2111.660139945200
2112.080071899764
2112.694342013468
2113.310272075773
2114.458156825730
2114.786558606884
2115.363964075320
2116.816154801589
2117.454494098163
2118.494297427312
2119.084792763812
2119.418695189121
2120.468311565731
2120.790185728160
2121.696715549261
2122.794298738724
2123.257506218344
2124.009147930833
2124.699477301063
2125.178539736108
2126.428629031166
2127.530070877954
2127.851839609915
2128.542451992896
2129.620536221099
2130.134630827287
2130.831580670052
2131.454587623326
2131.879617321535
2132.730804939527
2133.817223366361
2134.767651045177
2135.516889092249
2136.065944977284
2137.030609347128
2137.431011580152
2138.409857657451
2138.945388923700
2140.013071522279
2140.617137879675
2141.015756971819
2141.863253104571
2142.796289413534
2143.270918911117
2144.112491392470
2145.354029957521
2146.231232994181
2146.798747639908
2147.292533698683
2147.928894937441
2148.563269399166
2149.332884415405
2150.325676703333
2150.951277126582
2151.510991413637
2152.468223277227
2153.564846072938
2154.170889764971
2154.643563668673
2155.558174426202
2156.315240771611
2157.376429675660
2157.540020334073
2158.780034332334
2159.162191133389
2159.507222845028
2160.419926513412
2161.259963714887
2162.592709983758
2163.355157100962
2163.808855150913
2164.434934402872
2165.563598050649
2165.837196263925
2166.745284082407
2167.128926475085
2168.048013139670
2169.206871519148
2169.720542008679
2170.161480384241
2171.066951970000
2172.135085476122
2172.656113504726
2173.786960855265
2174.391568909540
2175.077443873800
2175.561083748189
2176.455313391308
2177.067289583822
2177.532835424496
2178.616626131148
2179.115053406192
2180.356994995371
2181.191959302400
2182.010188073022
2182.520424861777
2183.146551073727
2183.424705846960
2184.922355970213
2185.581770428852
2186.027686958022
2186.738954454691
2187.485960021941
2188.044372131544
2189.248861494198
2189.787426986866
2190.840632299874
2191.569219568164
2192.452098853470
2192.908358878360
2193.704078379287
2194.025115864057
2195.024633562676
2195.501587199705
2196.412678781469
2197.485364407709
2198.124149306613
2199.125343883399
2199.288682465628
2200.619663787941
2201.123017847523
2201.758092772719
2202.784251512140
2203.108731445532
2204.129546288066
2204.879583668372
2205.248349168789
2206.108278767923
2206.440125216135
2208.319748459509
2208.737525134721
2209.645652388660
2209.866715914938
2210.947759351927
2211.365724019510
2212.150799375145
2212.767607726107
2213.817149667211
2214.442423843525
2214.962047393225
2215.943933784572
2216.983025069031
2217.457303679281
2218.172909949059
2219.044332721297
2219.804014284575
2220.930403625734
2221.299853075502
2221.622593123178
2222.399137276667
2223.164523548469
2223.984647357164
2224.939465023826
2225.633726583704
2226.746523066936
2227.546473903124
2227.841577654817
2228.700625699189
2229.304195567060
2229.950516949804
2230.813526213898
2231.820763034149
2232.353342492879
2232.802783925263
2233.846575788999
2234.305305764472
2235.383294194382
2236.400277747216
2237.187111924289
2237.734776575192
2238.202769976693
2239.030615823128
2239.946452478833
2240.442145083623
2240.962276417617
2241.579414332987
2242.941167534421
2243.665243389392
2244.594165831524
2245.188112271720
2245.542435905757
2246.532484215072
2247.397125469986
2248.014707127159
2248.811408077955
2249.501830196114
2250.020560607002
2250.984993897794
2251.264749634259
2252.319375466335
2253.487209582923
2253.940799893174
2255.100110783508
2255.640800113946
2256.439329523575
2256.719605695613
2257.414546697766
2258.111244118548
2259.186293882736
2259.898998029174
2260.687440977049
2261.077728137828
2262.206221390537
2263.238647318937
2263.722292263978
2264.118120473285
2265.273540059801
2265.974106250856
2266.809200197408
2267.230209340531
2267.885292083814
2268.681282025929
2269.168067574449
2269.983948366651
2271.490087609314
2272.109577009747
2272.717918978537
2273.236043497759
2274.156916605486
2274.576129949931
2275.554899023881
2276.165517441960
2276.970949361127
2277.429921893287
2278.564258425345
2279.358963113521
2279.656274254573
2280.718992947111
2281.415725326216
2282.741890016060
2283.089909291249
2283.618349781572
2284.541561413203
2285.057524304020
2285.646160917735
2286.432928681782
2287.273990688099
2287.840885664271
2289.151479819571
2289.798174209785
2290.520154813327
2291.267599545543
2292.027412330766
2292.297667799905
2293.141202757578
2294.310968967618
2294.895977699047
2295.662226935799
2296.015695296200
2296.496196843666
2297.810364834058
2298.606915592605
2299.530878482666
2300.170602881272
2300.913824019540
2301.591240444308
2302.441694325469
2302.841626461261
2303.420168216457
2304.092066032756
2305.303672043766
2305.762353208250
2306.763826286494
2307.662528866989
2308.169802530357
2309.060676662220
2309.413135259436
2310.725021668623
2311.361747812178
2311.694957010798
2312.649408009975
2313.143678268370
2314.276032517848
2314.404521152806
2315.283499889148
2316.212444753803
2317.639637670644
2318.081317606983
2318.808951633207
2319.223759245600
2319.782004995348
2320.775255487111
2321.464565092829
2322.103000840137
2322.974228203572
2323.766678865199
2324.182821337894
2325.324215698056
2326.003202743218
2326.847828817567
2327.495912448147
2328.197184663990
2329.244057008606
2329.808620187046
2330.297076460941
2331.145851792064
2331.682099665448
2331.980888212852
2333.315749327711
2334.613562126781
2334.768785577109
2335.670876166060
2336.618401601018
2337.157451423789
2337.833234852758
2338.374310382937
2339.130549960960
2340.217707195029
2340.698195517035
2341.523581931306
2341.993658979142
2342.884121906203
2343.527169637397
2344.788213027548
2345.414956319831
2346.187572169902
2346.970183181995
2347.531582572198
2347.782599571326
2348.848987432501
2349.701358519394
2350.032747886596
2350.983561896350
2351.723471884095
2353.185073021888
2353.464060363100
2354.181928923824
2354.655316359106
2355.570036420907
2356.357245119714
2357.387335641066
2357.847357127967
2358.312199579220
2359.058705046651
2359.891125626375
2360.534360476227
2361.317289437065
2362.577175172127
2363.311655202681
2363.770861683279
2364.641356070734
2365.309542813374
2365.880488471011
2366.558186791193
2366.939706118235
2368.152344578047
2369.074028442474
2369.525636848258
2370.242448341056
2371.198528525271
2371.842396672864
2372.933069727414
2373.304548076754
2374.246410674039
2374.660838362803
2375.805037379447
2376.284491370283
2376.886679340392
2377.365120190175
2378.143519658061
2379.164627647011
2380.381478354843
2380.942529768601
2381.881178850008
2382.059228225596
2382.868985492848
2383.656139617973
2384.226305316529
2385.429289113245
2385.691025817753
2386.489915784090
2387.290416144456
2387.871185004899
2389.325355108143
2389.366065899242
2390.119357913502
2391.501549281728
2392.162863051391
2392.615654714577
2393.188479604481
2393.892365234552
2394.474239629460
2395.335669115181
2396.045320595531
2396.871559928809
2397.897766218986
2398.627085105724
2399.371722297223
2400.128505432053
2400.601181419067
2401.239420210458
2402.259859973630
2402.840847760276
2403.580591595921
2404.579476434157
2404.879416971084
2405.547522977368
2406.085871616137
2407.670156569817
2408.290441576931
2409.126293156934
2409.549084194797
2410.174544996814
2411.322774666380
2411.594905850199
2412.161770148964
2413.116970949453
2413.589587296370
2414.745577943439
2415.717524242304
2416.014829643796
2417.079932019388
2417.678182307717
2418.355252149109
2419.129101729731
2420.110959655367
2420.760102601940
2421.258745105626
2421.845790730661
2422.542666722684
2423.457766926084
2423.999953984667
2424.971466513738
2426.042326604433
2426.774681733908
2427.526528473490
2428.215477592256
2428.434859279168
2429.247568727563
2429.884849541364
2431.231340717521
2431.586251821938
2432.165649424555
2432.905461534049
2433.930987205486
2434.675516044192
2435.348763240823
2436.235977191756
2436.934228978378
2437.743253384673
2438.277759253444
2439.167622789342
2439.668925416652
2440.181115551319
2441.052622379423
2441.449138939341
2442.961701837884
2443.752655330589
2444.509137432973
2444.848108268798
2445.520773903324
2446.594567335804
2447.169321866193
2447.758378909355
2448.384116721007
2449.592011403471
2449.856680635384
2450.696770100552
2451.449207694874
2451.986753618830
2453.136121291273
2454.068338041999
2454.752910379997
2455.469728528612
2455.942197676845
2456.659910504739
2457.219984456697
2458.180446843990
2458.410574967502
2459.869922008401
2460.173293764394
2460.985353535275
2462.294744478641
2462.775998612819
2463.379446687761
2463.885200093539
2464.662512777844
2465.803848635777
2466.420961628043
2467.057815252173
2467.545202418526
2468.126019114359
2468.926438034453
2469.829545371936
2470.943772358880
2471.608577477696
2472.298075700407
2473.338131644036
2473.566582442977
2474.203497068050
2475.065557157842
2475.738170824666
2476.230729584060
2477.316929528132
2478.008446697510
2478.872127764566
2479.477214084541
2480.218292684715
2480.973518488483
2481.937429001068
2482.662355460044
2483.387112580606
2483.825285178334
2484.504162984943
2485.445917924365
2486.022333124152
2486.692466635920
2486.976020206719
2488.522302046686
2489.711587805752
2489.859073383020
2490.526399714545
2491.513070595875
2491.898530834245
2492.426996579857
2493.666973176050
2494.105352662396
2495.085474118039
2495.462448121513
2496.193400365224
2497.017773554835
2498.060940859575
2498.673087188503
2499.535902538203
2500.107005152478
2501.182368794861
2501.701541892905
2502.390896747836
2502.861262885617
2503.180393739860
2504.353886034258
2505.283885836651
2505.842398615700
2507.065772450411
2507.395970820082
2508.402017727079
2509.001265405280
2509.685282232332
2510.179442047008
2511.223747851165
2511.897838480812
2512.551239161846
2513.271200132302
2513.903552689858
2514.459030344046
2515.383887364920
2516.197460304580
2517.727348160487
2518.076580569507
2518.225804870022
2519.208813831716
2519.839600577705
2520.633590297385
2521.284789670104
2521.917277946091
2522.705338419318
2523.426244967981
2524.563804635706
2525.210242979934
2525.921571568736
2526.400149772079
2527.203947891604
2528.336068039343
2528.810585208879
2529.514549324047
2530.138870795394
2530.969530952250
2531.307334895208
2532.007537035844
2533.032493252995
2534.083296927541
2534.766218207565
2535.533975856847
2536.360451966788
2536.825020252978
2537.734478067191
2537.926898635065
2538.696406513362
2539.723724864520
2540.716464860950
2541.097397526568
2541.792545577679
2542.312961667226
2543.711139822924
2544.207860988182
2544.943228985379
2545.764807176352
2546.496939649990
2547.193645008731
2547.735436704002
2548.444355570150
2549.085088918158
2549.784503042482
2550.261755167669
2551.684281134036
2552.405908341972
2553.322206663040
2553.774871468851
2554.343717521479
2554.917030104786
2555.964426941966
2556.663594827929
2557.488461652557
2557.893415399868
2558.456792729472
2559.686001289755
2560.075973105181
2560.791502948328
2561.703659791168
2562.835713594039
2563.378180358840
2564.277892746854
2564.717381344107
2565.240316462013
2565.894762152126
2566.806062625391
2567.253173791164
2568.307899606598
2568.957046269616
2569.956252594488
2570.502765761906
2571.512370336066
2571.989343929081
2572.849868461590
2573.458027108921
2573.946910314033
2575.237605847754
2575.764849795328
2576.300685238979
2576.730961202709
2577.658156045640
2578.082154079083
2579.732062352106
2580.420727209476
2580.716260781372
2581.890841613407
2582.033887058099
2583.202910918896
2583.626172997461
2584.035613218565
2585.073676928698
2585.863518606117
2586.652642491650
2587.114062412851
2588.320326449194
2588.922677752140
2589.372280724931
2590.309857383962
2591.358303382229
2591.924334828732
2592.653255616017
2593.031213099727
2593.767199073757
2594.499095329803
2595.215528326412
2596.034992478943
2596.567184838801
2597.920037692166
2598.729385283691
2599.324177313758
2599.887686027204
2600.242085290914
2601.170431523299
2601.994916103782
2602.681764939950
2603.630642491642
2603.974795567629
2604.858010397364
2605.291737994428
2606.385864603714
2607.283938764067
2607.906312080899
2608.941942805936
2609.329327323404
2610.092791678172
2610.815043224125
2611.697353525051
2611.926567179680
2612.470628655157
2613.374757125639
2614.628774662602
2615.347571177841
2616.001454796282
2616.553922830443
2617.532467113017
2618.210272525630
2618.636313293419
2619.626309619887
2620.443963118541
2620.709735346039
2621.882784708260
2622.493870115175
2622.661766656783
2623.736815569435
2624.589485834259
2625.692044243264
2626.366098326303
2627.192670673829
2627.662491126448
2628.285102877768
2628.773324308238
2629.507270258009
2630.597358918034
2631.142318827609
2631.750403992849
2632.515790168389
2633.611007748870
2634.334268698580
2634.975615479053
2635.681994018326
2636.031825313597
2637.502285583756
2637.923449191040
2638.633223097734
2638.992546018124
2639.917547504203
2640.322402637543
2641.259060851937
2641.988139462550
2643.342530236095
2643.948769374337
2644.375576665423
2645.165679884397
2645.979490296015
2646.646054021498
2646.949033229005
2647.920044555749
2648.636657799639
2649.539706157426
2650.243692888923
2650.777171648203
2651.569470481175
2652.231625228596
2653.458437980994
2654.128155812284
2654.798667666275
2655.167844402426
2656.196126339674
2656.733257549415
2657.381873799311
2658.100661011285
2658.474769990705
2659.614740135906
2660.458021879850
2661.572130876611
2662.103891755414
2662.647991886974
2663.345574164443
2663.956541597115
2664.692618924316
2665.660458786562
2666.395969017133
2667.052016350293
2667.393297389776
2668.049559382728
2669.239879822549
2669.883023725462
2670.691845007396
2671.474016992927
2672.414021251583
2673.197856934399
2673.536810433105
2674.117546737409
2674.886905492260
2675.387127137202
2676.314050329208
2677.194544310217
2678.045819369425
2678.426109759894
2679.766996415040
2680.179719293599
2680.727825399887
2681.657302455884
2682.487965925514
2682.947397803663
2683.832324063899
2684.430313068352
2685.177406424517
2685.988315850021
2686.253707862842
2686.843998926777
2688.535028214537
2689.195973408378
2689.860341304506
2690.384368607226
2690.977762236323
2691.690984892430
2692.496662492282
2693.357921490527
2693.516199937415
2694.602932626282
2695.479214317583
2695.977914117206
2697.022974350794
2697.478741817868
2698.659355377733
2698.803431837809
2700.034197667376
2700.680597802008
2701.437034596630
2702.123232581191
2702.274404999990
2703.133345676527
2704.050257674071
2704.525337436606
2705.808111751271
2706.405826670855
2707.202767375963
2708.118290578954
2708.851806906731
2709.037140534806
2709.828062700486
2710.388916662952
2711.719708072132
2712.349072313265
2712.535729941093
2713.612464997530
2713.966795663846
2715.025384434150
2715.878819588352
2716.737663448978
2717.525437418672
2718.168041759288
2718.647884483360
2719.618040905223
2719.986890729473
2720.783531301789
2721.325886225726
2722.185980732541
2722.735155568029
2724.234305318754
2724.742286595587
2725.420282377508
2725.761338239881
2726.752246142424
2727.467479344214
2728.438882835474
2728.822601048862
2729.532508212847
2730.337802211647
2730.886141158902
2731.750933311594
2732.174899938461
2733.147540151989
2734.142496436458
2735.295648245279
2735.547151867427
2736.151949571233
2737.052290647557
2737.507004074197
2738.172088244366
2738.656109682955
2740.036262785627
2740.423181735898
2741.142016766373
2741.843489700030
2742.781786891912
2743.839643733615
2744.180236989596
2744.679213696319
2745.815805273566
2746.390208589839
2747.246747106503
2747.880796939200
2748.439342779997
2748.768028071430
2749.550171310491
2750.707626539961
2751.617240664200
2752.413559880918
2753.184584018776
2753.605787380117
2754.487775127916
2754.892194673072
2755.746174605731
2756.452691405748
2757.196563846356
2757.799686715739
2758.706779757384
2759.369266729248
2760.035558528100
2760.943344600562
2761.424006668877
2762.578703610583
2763.426943447548
2764.056502537267
2764.545465362649
2764.809678439693
2766.011514278080
2766.570317558702
2767.173310927973
2767.809664147157
2768.773907712528
2770.035580100279
2770.394817105838
2771.250089982317
2771.911456220180
2772.291428048116
2773.122114273809
2773.973564892265
2774.796363767041
2775.482726297440
2775.971961794295
2776.699852074481
2777.231781253635
2778.071142601896
2779.326298599609
2780.061951293701
2780.508389287829
2781.227032592669
2782.342564049233
2782.804636758843
2783.010076783814
2784.138413096375
2784.248041998932
2785.477281150997
2786.532423392093
2786.830392012018
2787.813404844251
2788.679233535825
2789.034585805851
2790.244118090038
2790.509950495922
2791.380989986787
2792.362580584187
2792.714426564484
2793.504560189745
2793.997764957468
2794.878023789304
2795.568065245980
2796.004112371668
2797.526804759492
2798.327531198620
2798.818678916015
2799.495104594504
2799.959010724598
2800.495941441997
2801.603134699459
2802.083418729982
2803.014260926546
2803.650489404916
2804.057257885893
2805.142799048861
2806.193860273622
2806.526276254715
2807.114881826706
2808.390691118354
2808.827478798841
2809.649660083503
2810.428513813729
2810.763913411030
2811.578756158844
2812.124029842389
2812.659628836650
2813.749897147760
2814.854490491065
2815.394422654405
2816.226758472783
2816.793272498950
2817.574711566914
2818.261318157475
2818.879133072249
2819.348560192563
2820.324478194554
2821.245105911644
2821.927301145528
2822.315457509643
2822.787532302858
2823.972769264004
2824.853856916325
2825.733233424887
2826.333455895306
2827.143278346804
2827.509875612121
2828.346788455150
2828.995182701585
2829.558347544610
2830.290643795367
2830.993717662409
2831.908227563964
2832.729925500123
2833.733117376005
2834.298028565117
2834.995848831208
2835.290585305911
2836.151256872177
2837.521791288701
2837.799119878466
2838.334111337653
2839.002619487906
2839.709130499313
2840.532918139334
2841.095816542083
2842.123761718169
2842.919388661890
2843.859779791905
2844.684281067362
2844.935120472947
2845.767550781175
2846.359228910635
2846.791870075397
2847.778307464463
2848.655547297407
2849.084198382475
2850.232633840214
2850.735192184838
2851.287526497228
2852.565819103653
2852.873383023169
2854.046635569674
2854.194305087835
2855.322665328437
2855.725444522425
2856.776319281095
2857.129037053937
2857.839795212663
2858.189914574489
2859.173997087681
2860.688449005935
2861.185829928257
2861.783205071638
2862.259075837065
2863.178759050537
2863.959848767235
2864.222655348579
2865.129757150919
2866.145351503245
2866.534525770383
2867.253233441213
2868.010065504910
2868.870992517715
2869.538095494928
2870.423359125913
2870.955016050226
2872.218587462905
2872.674740869249
2873.196876022716
2874.039904971921
2874.376293116294
2874.894505406367
2876.133640054669
2876.650931129790
2877.415363102621
2878.271983267658
2879.376117863768
2879.982287077649
2880.387369890408
2881.077416094702
2881.789802135194
2882.544146941322
2883.484611033534
2884.078849280691
2884.772574633276
2885.205938279363
2885.962612532872
2886.680565061674
2887.671829680973
2888.804605827157
2889.334848383135
2889.964674888582
2890.561428371376
2891.174594898006
2892.153011646364
2892.633343705798
2893.117760339779
2893.726134458545
2895.062563610772
2895.556815848995
2896.546600902152
2897.012459133868
2897.826051287712
2898.411870938267
2899.365097591468
2900.303226195075
2900.472851105135
2901.439913408054
2902.074349115414
2902.640923906930
2903.450147733128
2903.889885752827
2904.743898573026
2906.180658515986
2906.376905314509
2907.520558837247
2908.229993601576
2908.588884861240
2909.127262282441
2909.739438629589
2910.768682689480
2911.443251129379
2912.428661405778
2912.763367366313
2913.244478785748
2914.416222677062
2915.412354447232
2915.747322420652
2916.669357479096
2917.190711465159
2918.387021823684
2918.806375068628
2919.567629184106
2919.751053520211
2920.740122889632
2921.356276651839
2921.899507214551
2923.132675972350
2924.183744409787
2924.572868274472
2925.300648560455
2925.958470825609
2926.661816371966
2927.335375792660
2928.070539939144
2928.909800511360
2929.247790296625
2930.352436496162
2930.821327638249
2931.705859078504
2932.145128607414
2932.865623729886
2934.342313544471
2934.880414352372
2935.462144841606
2936.030821007907
2936.761794338083
2937.354162341137
2938.059319473569
2938.728638036749
2939.376972181423
2940.320513460364
2940.915116625833
2942.193482509903
2942.531693321196
2943.339348807002
2944.143932922111
2944.446823086354
2945.357313000713
2946.259848992175
2947.092538374331
2947.635379172111
2947.930688577267
2948.747998077606
2949.269130173858
2950.718676042895
2951.050036002452
2952.235377062289
2952.757763163819
2953.446693069579
2954.248083117018
2954.839743793726
2955.270048131805
2955.822370000072
2956.860243472716
2957.702482314594
2958.409147371074
2958.843351273234
2959.953246246457
2960.517485504316
2961.334744292458
2961.933086317933
2962.995037823762
2963.628792602522
2964.203637148192
2964.529515645188
2965.757954417738
2966.173276006077
2966.684867958280
2967.415036382847
2968.222816784050
2969.578897896562
2970.366683383690
2970.785690957166
2971.275192916478
2971.884603998002
2972.789664184214
2973.424829034035
2974.365315517050
2974.799075699422
2975.482854878488
2976.418686372346
2976.921276761320
2977.601593474046
2978.963610286336
2979.029119948047
2980.144102622014
2980.993771191668
2981.536429263671
2982.254219772823
2983.005706084610
2983.117359311691
2984.206862088065
2984.483793356434
2985.900178331934
2986.467457864381
2987.331963364481
2987.855067280793
2988.880502860938
2989.603113957945
2989.971393286823
2990.546986272760
2991.494070442531
2992.363132954677
2993.120620804652
2993.364333385252
2994.381325975234
2994.676892731928
2995.527089566848
2996.713258332321
2997.662646389336
2998.096685645233
2998.932839042458
2999.506130733692
2999.966679365842
3000.793208396610
3001.388202535108
3002.248213277169
3002.880967544810
3003.394677729166
3004.563462113019
3005.374177286724
3006.169922359377
3006.426241524817
3007.146884043863
3008.268209912572
3008.959574594560
3009.593845567990
3010.287084176108
3010.758124461805
3011.277469479982
3012.421048993542
3012.766904446632
3013.467891056169
3014.886579618922
3015.454192962066
3016.148577473404
3016.900682289811
3017.351581936909
3018.078907281865
3018.862403744513
3019.055752602309
3020.339778961957
3021.190950921600
3021.622401929859
3022.107683347055
3023.007527478442
3023.995905951311
3024.648547530448
3025.626220324207
3026.083768526103
3026.664125044653
3027.632873534688
3028.376098769831
3028.745210466029
3029.374151965877
3029.894174722051
3030.770237680666
3031.908874918678
3032.748967467613
3033.329446192739
3034.207189482408
3034.692886271820
3035.117453383461
3036.132951328402
3036.866529088767
3037.467698043208
3038.251841405689
3038.942000601080
3039.321136681428
3040.366330961002
3040.996793182245
3041.778432868333
3042.513640577092
3043.645371066522
3044.424291656598
3044.843525775460
3045.270231946630
3045.899614766998
3046.733968934153
3047.417682397706
3048.194158062910
3048.814820954820
3049.738244874060
3050.458531597366
3051.473140200521
3051.976948412050
3052.632642138030
3053.225166695761
3054.008389335735
3055.000711239921
3055.458490581882
3056.127293686230
3057.022989593234
3057.457755489047
3057.754078178455
3058.781655197927
3060.150635123670
3060.960148357521
3061.186866583777
3061.934294445303
3062.893610586889
3063.316981859321
3064.185386484515
3064.468343180437
3065.251125553847
3066.264273885682
3066.842451402936
3067.938199602172
3068.141583552434
3069.070216914844
3069.881190527040
3070.796309548702
3071.151382012025
3072.374278162659
3072.768849398482
3073.332917012499
3074.074076798994
3074.595364690978
3075.376652506173
3076.111945429646
3076.765603443023
3077.740047518399
3078.935608894751
3079.454961445080
3079.820344064155
3080.757323600853
3081.172200119264
3081.581927057083
3083.027062131829
3083.612074981510
3083.963044837531
3084.732408025068
3085.309449120844
3086.353105603536
3087.056987388150
3087.766221435538
3088.645444842728
3089.508889072182
3089.953310326732
3090.814139632282
3091.253897392988
3092.070267148980
3092.586345807340
3092.959970657557
3094.155678284947
3094.865792113672
3095.938202019281
3096.564388730449
3097.060058886483
3097.706070959437
3098.761714558442
3099.248075552469
3099.903909074795
3100.627032410693
3101.286039822657
3102.289641643366
3102.716752013715
3103.238270208755
3103.857461840138
3104.878310475114
3105.992803335896
3106.823430890350
3107.226109260350
3107.987320413291
3108.415966686504
3109.279727469606
3109.775651937409
3110.545324749759
3111.240885753063
3112.188976765741
3112.739075011747
3113.333722446378
3114.677825973265
3115.151883737595
3115.655498786911
3116.244908130343
3117.219334395179
3118.246938498022
3118.670414891304
3119.257423129842
3119.823964729603
3120.328534600503
3121.329994746854
3121.815766551774
3123.174218654256
3123.580386668904
3124.599088542514
3125.253238347817
3125.869587351889
3126.599037178720
3126.714359122706
3128.042160404246
3128.301846474226
3129.295575248932
3130.075579147149
3130.715833746593
3131.272866607497
3132.130577091278
3132.783845551085
3133.882959574903
3134.593462857177
3135.262294276428
3135.671787693836
3136.561320039857
3137.054290761187
3137.887513471933
3138.534225259267
3139.016144217364
3139.519520230756
3141.301581773061
3141.576344031184
3142.377831303354
3143.059946275333
3143.551320518472
3144.278570136707
3145.132081008839
3145.660125702771
3146.844536072150
3146.996848673171
3147.806865541835
3148.362638878285
3149.250809031938
3149.925547657599
3150.927381486738
3151.628668796112
3152.471372375785
3153.038582166243
3154.056295055328
3154.370937129611
3154.847499072969
3155.359707429723
3156.316562190399
3157.309693203088
3157.941674546633
3158.453213199164
3159.470275630986
3160.286466245003
3160.916663120001
3161.647672860673
3162.037078621309
3163.143027788242
3163.580640019464
3164.627261464992
3165.025928339584
3165.661871671465
3166.210444947986
3167.095986960454
3167.531005908138
3168.986961069686
3169.739805000894
3170.561069290117
3170.764321298834
3171.265366403767
3172.351563709884
3172.982103617739
3173.467348422902
3174.263630552647
3174.998068346848
3175.634070141567
3176.700048070391
3177.201371691939
3178.006897598887
3178.620721836338
3179.343764884045
3180.496127756814
3181.097239822741
3181.442149422274
3182.196287383657
3182.914545791102
3183.657442111159
3183.903406758641
3184.854776272657
3185.881143933335
3186.575562541913
3187.591049954208
3188.051223524307
3188.993608753472
3189.393702904240
3189.999425723277
3190.540378648921
3191.489851424283
3192.484506628819
3192.996995353144
3193.498610093166
3194.253795801194
3194.630004385792
3196.082792915317
3196.820347230286
3197.152055783357
3198.211079943890
3198.891382467898
3199.460408802211
3200.068046918981
3200.764453660037
3201.332206149401
3201.856813164447
3202.847013177825
3203.588609262946
3204.662003328194
3205.409575212005
3205.716046676630
3206.733882878292
3207.049891896565
3207.974112548005
3208.887824427811
3209.613450700971
3209.880423004720
3210.541502708103
3211.658354719967
3212.028741436920
3212.793149563730
3213.303463980850
3214.715857495337
3215.464566107039
3216.124142192982
3216.577098710852
3217.231154500207
3217.852330233031
3218.417906904988
3219.347717970420
3219.959628113601
3220.771767963501
3221.439916874530
3222.127051407859
3223.228006414101
3223.546756203878
3224.634241210529
3225.071376781684
3225.841117051956
3226.476223360628
3227.667152472145
3227.881686765618
3228.590689638304
3229.137508750311
3229.575129922444
3230.569415366715
3231.638356626759
3232.726063227486
3232.974474071853
3233.614741851082
3234.759732301889
3234.976732076900
3235.752441005866
3236.394233316347
3236.930679154466
3238.079592721438
3238.663336307672
3239.211061884215
3239.837306432486
3240.920068700496
3241.428948296821
3242.085778603217
3243.524017139474
3243.662379029456
3244.486441604281
3245.179170419688
3245.544277624655
3246.283419367510
3247.221018689399
3247.643411633849
3248.365837986687
3249.239632873084
3250.257878733365
3251.293748217282
3251.700050693818
3251.975738987231
3252.748334166798
3253.550111939970
3254.615481437125
3254.961227442198
3255.773977295036
3256.391121631118
3257.120329537915
3257.413690648421
3258.656420439423
3259.187529128275
3260.489231061968
3260.788122005772
3261.621869076145
3262.406574511288
3262.830141629964
3263.726896965853
3264.012176486252
3264.813501824639
3265.302346929383
3266.639610076095
3267.300045371145
3267.776891236780
3268.524486375754
3269.484974291615
3270.148893073031
3270.690939690796
3271.611012952311
3272.026367729247
3273.063511686906
3273.470527258905
3274.254338275264
3274.938898011530
3275.308768685031
3276.014881005151
3277.274364335824
3278.217006092578
3278.764052149625
3279.543374381269
3280.022070798719
3280.642897199943
3281.170993921642
3281.961131511039
3283.003540697815
3283.524796690333
3283.935879062423
3284.825505456003
3285.709937635532
3286.562466739185
3287.115582770249
3287.786043791097
3288.472876013268
3289.644328683513
3290.164344909817
3290.750174306247
3291.158741419972
3291.899983661246
3292.512734892995
3293.383549071646
3293.952811319291
3294.978272133561
3296.103649911327
3296.389308392821
3297.236002077188
3297.735568446102
3298.789278962535
3298.990710071746
3299.630128754276
3300.755984568703
3301.319665190952
3302.064254911169
3302.655686572395
3303.395200441171
3303.686177194313
3305.054629346274
3305.967854090893
3306.536232485886
3307.284452366154
3307.557226236928
3308.462930518941
3309.498877530953
3309.707223100169
3310.007918209480
3311.201791495543
3311.815158606678
3312.796739766704
3313.628099989260
3314.450563913344
3314.798496546491
3315.577877785237
3316.208481262392
3317.006627053829
3317.897285197203
3318.510848962063
3319.145991685470
3319.555081981300
3320.317948036070
3321.019965811265
3321.932628597935
3322.697383094269
3323.427187631801
3324.501899551861
3325.272829901615
3325.473968189905
3326.175743276683
3326.773873988622
3327.408212851085
3328.224743537892
3329.146722311183
3329.883813407841
3330.164652622376
3331.221877734435
3332.017161703222
3332.818093853484
3333.332703387934
3334.026621540255
3335.129180521538
3335.468778420150
3336.082071057173
3337.126771716660
3337.397994522704
3338.197831354331
3338.680704600552
3339.209221703153
3340.917489786926
3341.526865558010
3341.884006794373
3342.835985454441
3343.140153128741
3344.005751027614
3344.766330132866
3345.380453809653
3345.995245740508
3346.699287834232
3347.581086782463
3348.394834968916
3348.617205388831
3349.732474123796
3350.278884995031
3351.319677635252
3352.049770389796
3352.629134382604
3353.684648111351
3353.831651163023
3354.512990859380
3355.073971191189
3355.924776115664
3356.631857050944
3357.341731171359
3358.281685367311
3358.993020746798
3359.842695383042
3360.733913304322
3361.061026792476
3361.719792723470
3362.083386017268
3363.436430889372
3363.919722117937
3364.934208780512
3365.131996502753
3365.462740011952
3366.721641231237
3367.171723011754
3368.249749753321
3369.168132109531
3369.958861905384
3370.178403455636
3371.217978751828
3371.779769656549
3372.264182315633
3372.937864627969
3373.769219639402
3374.168463775713
3375.246721977326
3375.964675149390
3376.910668952905
3377.521543880694
3377.953817753512
3378.696498097715
3379.869475941138
3380.278229796619
3381.091158182552
3381.476664750381
3382.347816644163
3383.029296443876
3383.612714369184
3384.257574335513
3384.815485791156
3385.864880772865
3387.206743879502
3387.490689462451
3388.175312144248
3388.757629044863
3389.458849576882
3390.022114564014
3390.672232770030
3391.486058903770
3392.401450994756
3393.039592020816
3393.465851075510
3394.110023581137
3395.359419882870
3395.977074765472
3396.560949385158
3397.245066987958
3398.081088706690
3399.064888389307
3399.326089434369
3400.203587622074
3400.560447844112
3401.203097558860
3401.730296625878
3403.026928720054
3403.694424425810
3404.437038418369
3405.424260508928
3405.771249497395
3406.586644304347
3407.211343218819
3407.701638232853
3408.624437478964
3409.368960420909
3409.902628642148
3410.642700260301
3411.468921349019
3412.051929098800
3412.436376817215
3413.656566109304
3414.320393111609
3415.567165203004
3415.861229204734
3416.461517297015
3416.952960737164
3417.649682685313
3418.550332984543
3419.235070814199
3419.521868200331
3420.479182407609
3421.275482927235
3422.464902280414
3422.874773510706
3423.555969114805
3424.164064497188
3425.012489786904
3425.385450939166
3426.652999160211
3427.148698621012
3427.612865367879
3428.377085380127
3428.958585328873
3429.592896174917
3430.217785315398
3431.531330107278
3432.255077332636
3432.771445809210
3433.569085078095
3434.313449743959
3435.063108033663
3435.370364497405
3436.018134385081
3436.490701642050
3437.988350380494
3438.188788203332
3439.012503551805
3439.776910565953
3440.310784727621
3441.483402513656
3441.872098180110
3442.788787684983
3443.407692318957
3444.076933745814
3444.896615265490
3445.540589552587
3445.877529788188
3446.718490249158
3447.430119615782
3447.868857984192
3448.862976886657
3450.181171014295
3450.725959478295
3451.279203402348
3451.871823959252
3452.267806010586
3453.245052324564
3453.911166783097
3454.791377165979
3455.206046505848
3456.125799265787
3456.388296511098
3457.484327647693
3458.287459641594
3458.806808207809
3459.495483212239
3460.647528014592
3461.340327662285
3461.871636707917
3462.400112361331
3463.217139565132
3463.722796304821
3464.189349987289
3465.084253509139
3465.772994973849
3466.832505560229
3467.514216171025
3468.099648590360
3469.064555987231
3469.801824115415
3469.989811282152
3471.055769442708
3471.551665343009
3472.173528605070
3473.340477758912
3473.869705303532
3474.298557585674
3474.805225686959
3475.484516379350
3476.629750249100
3477.759800017031
3478.108951096003
3478.924699074192
3479.470431793883
3480.397115079388
3480.574891267440
3481.511974860413
3482.108201906342
3482.674240015971
3483.601205782231
3484.312631896818
3485.156784588396
3485.827585061885
3486.830485224114
3487.215106957338
3487.579463030186
3488.823362317989
3489.637842129391
3490.247557365674
3490.570326777773
3491.209380954010
3492.009133052326
3492.703183774795
3493.517211989684
3493.862379100248
3495.284621349243
3495.932083148690
3496.676392156106
3497.366635731410
3497.833739221933
3498.242889239138
3499.093259078124
3499.822850823697
3500.837165735739
3501.105352797623
3502.179767838521
3502.462557371938
3503.463575978057
3504.024723909517
3505.149228280539
3505.770518699400
3506.338994222922
3507.141140215262
3507.720007412221
3508.564126784352
3509.230150349441
3509.495645238522
3510.317613167093
3510.712461979760
3511.955370989599
3513.055925096781
3513.548273294914
3514.180278810740
3514.647598249926
3515.674196775100
3516.399621780493
3516.551560905734
3517.590437632563
3518.534863520274
3518.801706438461
3519.650144628392
3520.323694928203
3520.862520102624
3521.888280848324
3522.396069345667
3523.588254746087
3524.175863778668
3525.071261320171
3525.395898764134
3525.946741891320
3526.639964930884
3527.272513142895
3527.964663702004
3529.061844188538
3529.526457670351
3529.908728754483
3531.436016460311
3531.944751322282
3532.476620366173
3533.153279690552
3533.682472267652
3534.603524759494
3535.510307353499
3536.120930988039
3536.480326254771
3537.365850927751
3537.848613613364
3538.365637702183
3539.338236362853
3540.423049718825
3541.144434229800
3541.961782485736
3542.515902949344
3542.792570754489
3543.947378795610
3544.434938605139
3544.933080268587
3545.615596767705
3546.317962570987
3547.531093352306
3547.905344475782
3548.550981133806
3549.434534010229
3549.962562410868
3550.980121247341
3551.684381709586
3552.345208194979
3553.112403149106
3553.477363923870
3554.251166066580
3555.075463078016
3555.597163002043
3555.983287251162
3556.868366421405
3557.997423845240
3558.773737329983
3559.538513989297
3560.183205358603
3560.872318589334
3561.196775171076
3561.810336558844
3562.730886456089
3563.842246570862
3564.049109451206
3564.857988413557
3565.371565721312
3566.023613258589
3567.113324463159
3567.862849611243
3568.433453590030
3569.222044921658
3570.076487968809
3570.828703384047
3571.406070174594
3571.999602095424
3572.159876308995
3573.221580330697
3573.934641901039
3574.480441598946
3575.677375467246
3576.264485038845
3577.147775511620
3577.560202545655
3578.511598708742
3578.903101725190
3579.796243160889
3580.494130001181
3581.015208280941
3581.922954483603
3582.431311559594
3583.245792595088
3583.765275076136
3584.372762502776
3584.984129840165
3586.630259465457
3587.133906210252
3587.634537799719
3588.062927128532
3588.986789424954
3589.533994113210
3590.193781680351
3590.826281627923
3591.612539510067
3592.183836505920
3593.162795635768
3593.718359377916
3594.725975394230
3595.351108055078
3595.940145981626
3596.561544808410
3597.440021624606
3598.238018795971
3598.798729325753
3599.738268738075
3600.192727235654
3600.295647815274
3601.220280364373
3602.247982818998
3602.813744114064
3604.098936615907
3604.280031377766
3605.503949385238
3605.935504954325
3606.608309332824
3607.129256463083
3607.708819049685
3608.358883822846
3609.393440212724
3610.273965157488
3610.498127976654
3611.252288452900
3611.967447436550
3612.928267190710
3613.660128623218
3614.216793594628
3615.468737353510
3615.736641701645
3616.296196437605
3617.059233511152
3617.732774888388
3618.464872727470
3619.026040986239
3619.383898258412
3620.390524864449
3621.506169368466
3622.440381336174
3622.980066552484
3623.224277250923
3624.206806090261
3624.555701055007
3625.814401888355
3626.196601945697
3626.891243460380
3627.548399678503
3628.200408757304
3629.043865766467
3629.547649088972
3630.146333492038
3631.364797400285
3631.984518916229
3632.718475590906
3633.737734455605
3634.014329259207
3634.572934193944
3635.373731901550
3635.910340248226
3636.321428296683
3637.547292887626
3638.159899750352
3638.898832448138
3639.545646542518
3640.361094840659
3641.274983063327
3641.872296735522
3642.540642983026
3642.729166175638
3644.010807999935
3644.898327114905
3645.052148686112
3645.906053702320
3646.383588235353
3647.091482266998
3647.605549656016
3648.979948504324
3649.690520630988
3650.576894599165
3650.836835597234
3651.716660355160
3652.249707323193
3652.865808343829
3653.606362364309
3654.217678221083
3655.096219742162
3655.642216449101
3656.255188506926
3657.443636609846
3658.042387172275
3658.341402302443
3659.296009049170
3660.100593105471
3661.192766170896
3661.431969917119
3662.261414058044
3662.638949031044
3663.306746757185
3664.287870909111
3664.566558941872
3665.474615159179
3666.079771006075
3667.342851033704
3668.087960647132
3668.685549990917
3669.066968444031
3670.048862036150
3670.364350895110
3671.139618264653
3671.836792916752
3672.871374973070
3673.410447192942
3674.041670311868
3674.378620972178
3675.206635380639
3676.360090484489
3676.932392240928
3677.948384451120
3678.365412814718
3678.966526292218
3679.958694477283
3680.508448930809
3680.990659129883
3681.701465574021
3681.937101794031
3683.038251854308
3684.088099474238
3684.646065089084
3685.377235568915
3686.340702941687
3686.694207339104
3687.428045546427
3688.075976364894
3688.973213647942
3689.653003212828
3690.181637540935
3690.844479184735
3691.706297706326
3692.033744597865
3692.868620037529
3693.651955516578
3694.274427491751
3695.601540654881
3696.225692988116
3696.737788809965
3697.436780680576
3697.827487600957
3698.261223668509
3699.591619650663
3699.845298239459
3700.719337200370
3701.269128296366
3702.232484964949
3702.767149665747
3703.865380969150
3704.508242557218
3704.777987850824
3705.712635424443
3706.612531747714
3707.227225620618
3707.877523952024
3708.597284787668
3708.997126849916
3709.725343099497
3710.310545032711
3710.877732318925
3712.394915699158
3712.994540898659
3713.569279292760
3714.058394225373
3715.098179121367
3715.626654227469
3716.252749566396
3716.556529994255
3717.643342545008
3718.170516844234
3719.219339173739
3719.736608103542
3720.223250336649
3720.937783240161
3721.880556517335
3722.664068168494
3723.632951682539
3723.981752113515
3724.794149178490
3725.617527949634
3725.839118346149
3726.658742858897
3727.268596354030
3727.948716934600
3728.824417154261
3729.209084912802
3730.564855908291
3731.252047578849
3731.950944385185
3732.507079576334
3732.824707621420
3733.725361859820
3734.397310758509
3735.528473246702
3736.005754461160
3736.410140839100
3736.923319874042
3737.902799501274
3738.570112815416
3739.339679910896
3740.131303940043
3741.003245958108
3741.891349529423
3742.362316921831
3742.897074301286
3743.633267750660
3744.363716683958
3744.630662012677
3745.388132099753
3746.430547775793
3747.105334112471
3747.800794049043
3748.636083373158
3749.344035026625
3749.788613680218
3750.873201826282
3751.413043681023
3752.042407457157
3752.761041316058
3753.331717619898
3754.334882016059
3754.797814127024
3755.359401672918
3755.798941936324
3756.520012815550
3758.075941322539
3758.451487506317
3759.560681008221
3759.714430623277
3760.463185419990
3760.997149064865
3762.079371909668
3762.240457296775
3763.043631949709
3764.173194442018
3764.435881419970
3765.166166992899
3766.020481803883
3766.836169288869
3767.644864299511
3768.134414868916
3768.694564127690
3769.913921411106
3770.687385565977
3770.938998649403
3771.479904274402
3772.209500390274
3772.778028453769
3773.558951578541
3774.332922944133
3775.143790907657
3776.041661406055
3776.686280807637
3777.749047407840
3778.041518476160
3778.512617602559
3779.319973472726
3779.882151068477
3780.922796175568
3781.463301126334
3782.118508906650
3782.855982660374
3783.417388792732
3784.006180321743
3784.813590403421
3785.998354544599
3786.723293575329
3787.149882416804
3788.115741050175
3788.207959356431
3789.416640295132
3789.666944810090
3790.579585973146
3791.019568372373
3791.536774771758
3792.662495933246
3793.736171877965
3794.298983741493
3794.712763166093
3795.515998014755
3796.298269519899
3796.802864331275
3797.741483251721
3798.404705021974
3798.913294297080
3799.860480412101
3800.128747023575
3800.764073517693
3801.875182871856
3802.088901887942
3803.283105148743
3804.299029713365
3804.671226209687
3805.586459159332
3806.173910514754
3806.745772661600
3807.214664203126
3807.605202821288
3808.866786527647
3809.528875274242
3810.249520255227
3810.650209690838
3811.400182158876
3812.652016327124
3813.122732894484
3813.614535411974
3814.435192354557
3815.267048331475
3815.820847343788
3816.804290528676
3817.088963543141
3817.962964571841
3818.148227704830
3819.046443353208
3819.733160373283
3820.650430085159
3821.996287032063
3822.281435696136
3822.836906539635
3823.503362398613
3824.198030619130
3824.853482310771
3825.699453359189
3826.232549055364
3826.698725909777
3827.773827831208
3828.405574611113
3828.949282402149
3829.753363947751
3830.429672160667
3831.101527277752
3832.247965362868
3833.018701138941
3833.371620145097
3833.910478814104
3834.691622016881
3835.336072637977
3835.894874530979
3836.673800908714
3837.079685298937
3838.396058932829
3838.772058818120
3839.874329332818
3840.469508084476
3841.292056229575
3841.594359944917
3842.331512977907
3842.851887315696
3844.001804372474
3844.729940397725
3845.035576819868
3845.979001540141
3846.217279875225
3846.832639682283
3848.050199081716
3848.991273178527
3849.451346746240
3850.202506393502
3851.088485708046
3851.600055668740
3852.399574391226
3852.572660998381
3853.420817730025
3854.073167966812
3854.766141567900
3855.846946304762
3856.204401632688
3857.295163472635
3857.859211090606
3858.426787059573
3859.268521100500
3859.913540538744
3860.690390553173
3861.567505391517
3861.957613607575
3862.523828019082
3863.151758675736
3864.323507664824
3864.630218597526
3864.811800046239
3866.071975461094
3867.317982207453
3868.011501695977
3868.378972606368
3869.066442560938
3869.463907391810
3870.433382186523
3870.855915766655
3871.710270489278
3872.533612405497
3873.156611045011
3873.521024710409
3874.660284823924
3875.154377172619
3876.024800857909
3876.741641132950
3877.506732650526
3878.109513827384
3878.862050131601
3879.725996564929
3880.275737234667
3880.690920466185
3881.339935522737
3881.792752485230
3882.703761696195
3883.822483817732
3884.432160640120
3885.182916677225
3885.973007263306
3886.455994580436
3887.323146029279
3887.955633061317
3888.279621759571
3889.054255447350
3890.091612324458
3890.748186974373
3891.242018386532
3891.788938104164
3892.526363555857
3893.331308405625
3894.107913908315
3895.087513189414
3895.857275749183
3896.504095948138
3897.004735952981
3897.356861860466
3898.440924211105
3898.765803925259
3899.641645693923
3900.181559023083
3900.967557133692
3901.639188288111
3902.913055919440
3903.328674805493
3904.171416937862
3904.564920038284
3904.886131184257
3906.485935574096
3906.663896831867
3907.463167515839
3908.092156902439
3908.640877121768
3909.320140080816
3910.026274305145
3910.560100593547
3911.615419509954
3912.483658526179
3913.419465063155
3913.639099008447
3914.743376927245
3915.036611531724
3915.734201546831
3916.318980692164
3916.936394470585
3917.658883226327
3918.683727432226
3919.370464301406
3919.952009247793
3920.307477095113
3921.490001836408
3922.383008291069
3922.718656193694
3923.539595193316
3924.285328694976
3924.865027248917
3925.612677271649
3926.469865760310
3926.670265878521
3927.263877056358
3928.165508853548
3928.640178941320
3930.247638250471
3930.646763690058
3931.155641330156
3932.258218646323
3932.384790900102
3933.152258694040
3933.688930848821
3934.812908820501
3935.280669390894
3936.120585629580
3936.325597040362
3937.353331353858
3938.042216467034
3938.891402891094
3939.436754972136
3940.118356764526
3941.266288511762
3941.841376963065
3942.522250645095
3943.122985393088
3943.405424598616
3944.183155550721
3944.851826763423
3945.796369687285
3946.227508528754
3947.057219621606
3948.175135452790
3948.728785959490
3949.394539873524
3950.026339683217
3950.796161147504
3951.210514297200
3952.038708489856
3952.763052058074
3953.593454276008
3954.237940656663
3954.660970680242
3955.361895786763
3955.803245846269
3956.839642788001
3958.042396839562
3958.794674778921
3959.005653162720
3959.758972624501
3960.459576148681
3961.294868530425
3961.801145299102
3962.348334745097
3962.728557720350
3963.957918806416
3964.626213814819
3965.226397096104
3966.159702824135
3966.889395871144
3967.268776802281
3968.164422944197
3968.841543121749
3969.651117627124
3970.413259241443
3970.935194650814
3971.404843494607
3972.170078756537
3972.766039416852
3973.420244227545
3974.244580529105
3975.082780457476
3975.841384967752
3977.025831254281
3977.418646807166
3977.923620568554
3978.321274441294
3979.180109750852
3979.692426611551
3980.739563112599
3981.439614556876
3981.919014531139
3982.606819354812
3983.168890228791
3984.234794878726
3984.973538833586
3985.456495646640
3986.472559297576
3986.916055544111
3987.940950976763
3988.498107934510
3988.682550930286
3989.856497745249
3990.272411992601
3990.697257397885
3991.293834312544
3992.693267796886
3993.450649115473
3994.079874328876
3994.738361091828
3995.133575419438
3996.124413275184
3996.748822324971
3997.243047446063
3998.148475686082
3998.580432176251
3999.476465515631
4000.127427418456
4000.846971733479
4001.295422184957
4001.868626184751
4003.216061768724
4003.777040849440
4004.764746842727
4005.046602790822
4005.880810866836
4006.596452282157
4006.733063814762
4007.630833419798
4008.390023931746
4009.116185400693
4009.769172604872
4010.562821653787
4011.268042524578
4012.423907963042
4012.759975444327
4013.393865579707
4014.083229009823
4014.512209613495
4015.761363290883
4016.504687054660
4016.797807965991
4017.351874334784
4017.974365665220
4018.647343398647
4019.604623487062
4020.196786024096
4021.410213713631
4021.962713049832
4022.574458029937
4023.227340747998
4024.033596514274
4024.363784872296
4025.129753324528
4025.609783668800
4026.666305339507
4027.092078204139
4028.121370058821
4028.615555281107
4029.412589717132
4030.089629001562
4030.687411103779
4031.616544688962
4032.694177795296
4032.959124229281
4033.315174511700
4034.297042933496
4035.104734077849
4035.474996932938
4036.085548748915
4036.950037445975
4037.203958925376
4038.744424826798
4039.483721736887
4040.148919954961
4040.501395900113
4041.224122165164
4041.946869204121
4042.391310900672
4043.436161011452
4043.868258118521
4044.834991498118
4045.369242355143
4045.866945368047
4046.442818370774
4047.558541850075
4048.528317096922
4048.650423840817
4049.683031614571
4050.659126405430
4051.002047138942
4051.903518365855
4052.337805173549
4052.766159809380
4053.384598219761
4054.180694644469
4055.218495885356
4055.769119516043
4056.648678738574
4057.199246441653
4058.235965208511
4058.810378466303
4059.190292435534
4059.866652861066
4060.816775556924
4061.491401654893
4061.986098349314
4062.835438200134
4063.433157317853
4063.930040553301
4064.713875572013
4065.134236395267
4066.580434497220
4067.254228596752
4068.006496638496
4068.457825535302
4069.058770440028
4069.475796599240
4070.508163792718
4071.100392504044
4071.595195364263
4072.390323723663
4072.941356131315
4074.025028504542
4074.811627015957
4075.308719533680
4075.955228761990
4076.779090958062
4077.311667710858
4078.317949772596
4078.925798692087
4079.572293252994
4080.170708655494
4080.544332344549
4081.479520382471
4081.970346881457
4082.586979695023
4083.797197303720
4084.586553397943
4085.132788518343
4085.919332702257
4086.610920425201
4087.325983102601
4087.622618123617
4088.221212207052
4088.927756172613
