25.926950182412
27.220545348008
27.888730389614
28.346200292144
28.761790083321
29.961203607864
30.106785494836
31.310422507377
32.497575396006
33.360207478245
33.535403057893
34.404028174797
34.998134576560
35.790759718662
36.558767535588
36.820114780085
37.927560121871
38.446040393232
39.400581760239
40.295245983753
40.806442053990
41.476479983133
42.105072382407
43.401109973625
43.698891444779
44.591453412580
45.011809942889
45.724100089024
46.310761120408
47.308423840208
47.507001441047
48.145689666664
49.645598661393
49.937048210891
51.078046245758
51.724919836673
52.064285026053
52.771052916303
53.390616638942
53.949313920454
54.843774108835
55.689787196560
56.370976200473
56.791959994083
57.255814215415
58.090786514368
59.272383069285
59.880629578528
60.332489631137
61.099102881160
62.071842320328
62.616565282211
63.047681586928
63.685116096775
64.426563948667
64.764733251480
65.430478004337
66.577004668406
67.248404734870
68.009279582041
68.603455063278
69.497415985545
69.984449385992
70.200670056325
71.477692768021
71.841005684397
72.686562591878
73.162352894901
73.723616887752
74.571692752328
75.298992035722
75.586860040007
76.304078872416
77.211108864569
78.285030428397
79.052619970460
79.353761101146
79.958599714910
80.517855214267
81.018937719646
81.969977247691
82.316764217406
83.218534908891
83.672827990996
84.433572176059
85.203984172807
86.057184428001
86.572720247366
87.283660817002
87.857461741147
88.516461080070
89.125724816344
90.013087417191
90.521728781363
91.275359246639
91.843428632749
92.124530986075
92.549161364317
93.741224787810
94.098665467216
95.385400361244
95.956449704005
96.506069322994
96.877364043951
97.990913369111
98.422133452241
98.944190204616
99.282245140563
99.922264400245
101.097955728522
101.486865601216
102.297097156934
102.538243981935
103.474962501540
104.026112312890
104.902192435970
105.354249773182
106.358813343531
106.890390863096
107.532898198590
107.959442975169
108.651667174212
109.331101424589
109.647408468966
110.414218339771
111.077765973405
111.757153199314
112.073455592479
113.713870168601
113.972341579757
114.560299675769
115.198040192338
115.573599695664
116.153873051488
116.932084010881
117.832748327262
118.369614641344
