25.615165978776
26.252903015709
26.826321277844
27.611825968168
28.460987658631
28.953308996396
29.723849922734
30.393962460343
31.665179145954
32.293925828586
33.039843853554
33.507291267637
34.217708618773
35.277473664767
36.066821574408
36.434291014704
37.353048497448
37.828967710889
38.473732415424
39.143390340432
39.998110487491
40.565628984219
41.930815878275
42.484827062163
43.192124395254
43.712305338421
44.627277277468
45.188519300527
45.387199636509
46.163505593572
47.456215053914
47.964812063127
48.535808698546
49.072639517515
49.853101105378
50.942120203227
51.532118289129
52.130436305307
53.060790676391
53.501624348528
54.181061353403
55.362248030852
55.444113597718
55.931323792019
56.549116265072
57.594350868624
57.995891790354
59.190642023308
60.188244538326
60.481792387886
61.111989291216
61.884067308575
62.217345792857
63.168456553664
63.822311787163
64.532376581342
65.202091264820
65.499976715852
66.616860006880
66.978472624426
67.803105725754
68.585261170447
68.960376412245
70.336103243527
70.796770735885
71.593189125949
71.970816306168
72.307739921623
73.175718096709
73.863056644267
74.341626695994
75.180990674813
75.702831576838
76.658139775617
77.392615375075
77.980832345084
78.821747644549
79.395208833770
80.020912633066
80.286524819782
81.410550374998
81.950695126856
82.670708650424
83.267142533326
83.917791537349
84.344494803834
84.807839841044
85.482741912838
87.008193554612
87.468207064979
87.809855144627
88.682451731176
89.330932039353
89.969864389755
90.441315197632
91.041023081258
91.621207373176
92.219573387542
92.950689998878
93.949635372154
94.327019948895
94.945059755509
95.843047928810
96.372718638016
96.997384377253
97.866712225383
98.222259009329
99.307425714783
99.867192825281
100.193393916215
100.604394758905
101.481962266087
102.212506000384
102.571982591677
103.291021275788
103.933261072331
104.979267744627
105.835300407576
106.369867439775
106.957219774198
107.269112708968
107.804823158565
108.580852340995
109.268450032059
109.947215465235
110.798811939202
111.142973215050
111.561696223849
112.361397975216
113.172981871952
113.862942523253
114.279995419498
115.305291830625
115.989894966880
116.338343565852
117.159437826944
117.714847094563
118.353155689476
