26.465332979081
27.267201302764
27.774289264712
28.919230978879
29.276524907968
30.805490537961
31.328178793588
31.633111233364
32.538588061172
32.894938997592
33.867582794084
34.341178334796
35.407608236566
35.737704275691
36.981594439897
37.722212698077
38.429550527081
39.051098499274
39.906067445954
40.281994584868
41.054436803604
41.837558145994
42.956122449746
43.156883566392
43.826948924278
44.502354500860
44.982538163982
45.886872326321
47.296722401776
47.717939978848
48.409048788515
48.780110190343
49.964832961025
50.333652982821
50.984502802397
51.391911530502
52.089697591352
53.200184810734
53.686938161254
54.410519153886
55.323145749591
55.939333467585
56.506172980631
57.257967909751
58.119149263222
58.663416695619
59.518793356623
60.167302262316
60.570181645349
61.110795051057
61.863576595323
62.679728536364
63.276559379878
63.659965100232
65.091010434859
65.699187994932
66.527230030847
67.027029758372
67.351445440283
67.870381706213
68.854018597826
69.359742937118
70.340416116806
70.791867805338
71.488581196896
71.923168197193
72.726871422349
73.738096310310
74.086749480974
74.970960083131
75.743318705620
76.310767541251
77.090793078524
77.602603305264
78.323433378140
78.672336311393
79.647579561714
79.952239398456
80.155353590394
81.702265101275
82.399994754713
82.962065645363
83.625481523001
84.231982618653
85.020369568990
85.456362051038
86.175244386890
86.902376733991
87.348031555373
87.985499492731
89.059712421685
89.404034066175
89.924563205021
90.429129754527
91.194358825339
92.132200575903
93.032768495722
93.497847920320
94.343514459509
94.919562348338
95.355868333667
95.723630312430
96.547910941281
97.311339480601
97.619328256523
98.634597781978
99.033966640862
99.878723213674
100.426051795343
101.649437296390
101.929588029619
102.577830588821
102.885191685481
103.673077757688
104.607616722127
105.524727084636
105.728775078037
106.058333837061
106.992597169606
107.381593974761
107.978473130472
108.909623693519
109.377305712846
110.424887513016
111.220875081581
111.664133507568
112.177117019882
112.969493882909
113.427385963227
114.113201416969
114.354249792443
115.222889187096
115.972996978740
116.521732641684
117.375065251450
117.793310015320
