25.778141818461
25.988559575964
26.616724458392
27.704736072598
28.471099479565
29.109812248603
29.813190512468
30.192064323193
31.202975460091
31.821826617749
33.179147668252
33.815910573410
34.582799031322
35.033948381390
35.643589896273
36.373099254748
37.097815674160
37.599250158815
38.763624364479
39.113256988116
39.688485709759
41.134896133275
41.710021214401
42.224678458947
42.672611677380
43.648402101135
44.522869825743
45.202083517079
45.899348680330
46.333152984605
46.999723151816
47.531495635259
48.443066228771
48.997029634923
49.841653059603
51.108037683379
51.491694113849
52.253255316382
52.729467988958
53.605878823494
54.213226772477
54.389965133102
55.446881706587
55.981359161382
57.289581677806
57.513338681554
57.883748963513
58.887241999834
59.549736095008
60.559641249329
61.149943676736
61.930272010460
62.337318741187
63.097348290640
63.875762208076
64.440956437018
64.922228701130
65.600626210398
66.028517786537
66.837035932116
68.120724764366
68.662971774310
69.221068511645
70.271185832525
70.401879059531
71.133696027319
71.573134799446
72.714104208153
73.270028285605
73.848846441997
74.378209808241
75.071242832341
75.769716870864
76.284873023619
77.366754395901
77.715279645037
78.564518509782
79.480647459267
80.212443931795
80.742135901283
81.325542188290
81.554719541495
82.159388511902
83.247008785784
83.676125894655
84.232935049220
85.169907340354
85.924846696949
86.373409720607
87.413486988454
87.971276467049
88.409061526823
89.079778191219
89.735619959641
90.586285513290
91.027929882399
91.817849899583
92.363250275227
93.058240746254
93.408031237064
93.990180529256
94.604316111992
96.123481542297
96.493422056635
97.332132308300
97.539813518329
98.169743051675
99.082579275525
99.644628601602
100.027650385240
100.670416910545
101.283815640651
102.062891889151
102.901041583683
103.293408639972
104.150847741979
104.736534814811
105.368307568189
106.051855581825
106.691969240643
107.550185928940
108.179723460535
108.508741902586
109.562751066798
109.796350755894
110.060563702184
111.125241551985
111.490142566783
112.499498274285
112.847270253121
113.772343638768
114.728060682655
115.473971290144
115.660050691221
116.223467939498
116.936148698183
117.593563582618
117.726723652853
