25.714411793597
26.317367175140
27.924463816820
28.655563205180
29.342414263721
29.657362081415
30.683277425534
31.439039984102
31.892720268204
32.356238575251
33.550499499571
33.854025415712
35.013106869006
35.650080848716
36.432363154862
37.339096136792
37.849744318386
38.348595976181
39.512683995579
40.226779347499
40.785095092441
41.567682637205
41.762842663345
42.695382240453
43.279592703429
44.224874827761
44.771424087668
45.705584538005
46.894195659853
47.315260514420
48.027583131903
48.401334097295
48.927028491178
50.042983030953
50.202858233695
51.549734642124
51.940638908874
52.513997938085
53.226703859834
53.871829462156
55.061959542258
55.309605274010
56.255981765328
57.168606237561
57.661587755470
58.123026680005
58.930688389631
59.777507212713
60.150372205026
60.682585517696
61.086740623705
62.159681451213
63.440436567120
63.652808302085
64.689313573654
65.108355543039
65.537495668525
66.499204850174
67.290845499822
67.572171218813
68.361446919533
69.079844364989
69.913098364488
70.234217104723
71.038176304041
71.588036325723
72.207285772014
73.314970814375
73.948331819399
74.738853499334
75.385963517671
76.060153223477
76.544618302759
76.738610668727
77.872731865539
78.086436608184
79.150509843932
79.767151459143
80.387905415055
80.920335284160
82.072154609374
82.678394942904
83.204884460317
83.910633940771
84.214765497038
84.995070042821
86.096308739439
86.730904958241
86.992030181534
87.461373217606
88.181971444393
89.013379444409
89.325907181126
90.171708670998
91.440742515522
92.026880955164
92.232848131907
93.217802430405
93.830899162607
94.135697579627
94.964127921681
95.501832805973
96.011623887271
96.838923252842
97.441223773154
98.158343512360
99.065665650717
99.392813488632
100.040667188097
100.653281178709
101.699507642537
102.373361648513
102.765924601096
103.532984417232
104.082370982462
104.531571499989
105.348120843168
105.878299871576
106.437848886901
106.963601451528
107.555177297568
108.704865977415
109.492163959194
110.201141313053
110.418728674004
111.286292180087
111.805965101860
112.238060222753
112.816802284391
113.800945250654
114.367817211756
114.984321758702
115.665846618585
116.058510729381
116.352220992350
117.708441177409
118.145261825568
