8.414753430014
9.579220505377
11.216975097893
11.763419036527
13.021722107934
13.466872837968
15.599562577235
16.384375799634
17.950306666540
18.886183131213
19.703741482847
21.075374471466
21.987373727289
22.976166142901
23.965473072509
24.576872545596
26.440421535176
27.902410330236
28.453870977872
29.080047855286
30.184492428204
31.360858913721
32.031227928734
33.142385635278
34.444438696213
35.629620475054
36.079821990406
37.434294434212
38.635638130621
39.314243690216
40.232464183171
40.839723907481
41.858301226012
42.816938171082
44.601209177168
45.095663894406
46.231551690894
47.157571953842
47.828759254511
48.340176683863
49.973779318804
50.800677198344
51.379447693683
52.277791189640
53.600927586230
54.749936218635
55.674408602978
56.191076893939
57.604779055610
58.010898791119
58.572380686161
