8.013676930722
8.847697078578
9.814112520834
11.313841800489
13.259521432032
14.111080023001
15.232658016565
16.103779295986
17.081714529515
18.261376303284
19.872119310143
20.147413244284
21.586300222202
23.134403877821
24.117758069369
24.883776486629
25.987474546606
26.839159692636
27.747159659283
28.426026829817
30.437413265328
31.280561668592
32.271344035668
33.136495343002
33.718727420806
35.347612817473
36.132789911496
36.662306922266
37.813205881070
38.800997798152
40.168323836650
40.984514754247
42.506809662837
42.947545209625
43.827926612087
44.240039593840
45.599413252094
46.581283288979
47.566713970963
48.738502439480
49.694980627248
50.521162258947
51.435585487638
52.346821548676
53.475877654731
54.002903292171
55.217138880526
55.626279529938
56.413107709146
58.378539291807
