25.778592951181
26.328939517738
27.346746363017
27.466858945371
28.537487076287
29.142114319781
29.718326288053
30.364944978402
31.110781754469
32.606873670947
33.255231134273
33.752889625877
34.312403030124
35.009617121621
35.970412136859
36.555054405371
37.309278916179
37.934709582352
38.658770278133
39.360133893818
39.988311039558
40.766375867522
41.385000427030
42.374007932130
43.482165218418
43.828492670194
44.721606173084
45.026884736205
46.043243618410
46.300192395199
46.884604092493
47.713899229558
48.919298481882
49.276063176429
49.738197567089
50.979776619395
51.826400301414
51.993574664698
53.052360121556
53.521302807049
53.963075410659
55.258742733687
55.687916090775
56.417320616101
56.817803745153
57.280386663500
58.045013142756
58.934648317482
59.892199817065
60.697996308268
61.358961739860
62.051277677834
62.415180543007
63.098855619347
63.985284956108
64.301380424418
65.011892053859
65.791382138757
66.547948162366
67.046302462684
67.990235537739
68.688412793616
69.229458139030
69.780140660871
70.662174408297
71.685420187655
72.033708550061
72.846473830051
73.288669462957
73.551440069716
74.692180149912
75.308398664228
75.683104349615
76.143196854592
77.413268291631
78.133737005409
78.975056996101
79.585644722031
79.883809214911
80.745882791410
81.235004542413
81.610315647219
82.803846085760
83.238766718846
83.951102146689
84.590117931371
85.147074932063
85.614053258810
86.334803122069
87.486829012246
88.119154074102
88.639204369552
89.155525131855
90.104362564690
90.825811284120
91.137151456342
91.746895901812
92.266405531608
92.835893900735
93.517054985444
94.355096956542
95.378686631266
95.796255740035
96.322827202882
97.372027332562
97.662047858757
98.512785539400
98.833374359863
99.664065649227
100.454422584412
101.039567585495
101.423827745966
102.186586849895
102.823012260267
103.350221618196
104.024345232772
104.549855940312
105.535814428420
106.598692638475
107.064770944472
107.681621249037
107.872976751686
108.765172679970
109.120935311519
109.790341045923
110.750944150948
111.139939913709
111.701140066824
112.503234741648
113.005039565062
114.091205914203
114.547151782432
115.292012372432
115.569513964144
116.310295308186
117.391779628845
117.736899616805
118.216382808409
