1911.228413644189
1911.610157312233
1912.311356786692
1912.753307633784
1913.748836098763
1914.138980513910
1914.758024764670
1915.453151581667
1916.309877061605
1917.060887412245
1917.817270984724
1918.397396404858
1918.564636900197
1919.649750157234
1920.251990126033
1920.739569396563
1921.575702863038
1922.286053885179
1923.104606720410
1923.788441666918
1924.193036732899
1924.882588561257
1925.511247398259
1926.077579070829
1927.018294156620
1927.506966621730
1928.481576175786
1929.003780123413
1929.550555644252
1930.350521509671
1931.032438227294
1931.536080428185
1931.770714070092
1933.202285501438
1933.735342157033
1934.237312586841
1934.952975428738
1935.729566020370
1936.310204523772
1936.820685408481
1937.467259528630
1938.157332544829
1938.950523832364
1939.773862199300
1940.456292471358
1940.910924777130
1941.743875625876
1941.995509687100
1942.945118361805
1943.663866077535
1944.079972726680
1944.857585507904
1946.023102569305
1946.287428320187
1946.944058745248
1947.594219630784
1948.086449712054
1948.939219098492
1949.551778999146
1950.188355955260
1951.066090416684
1951.843776051817
1952.125178942566
1953.232970907100
1953.514707004542
1954.007977938603
1954.890949793137
1955.466300024139
1956.612641950622
1956.831502960164
1957.707918416951
1958.324265685722
1958.899375032332
1959.664200069147
1960.238885383271
1960.588999961894
1961.580385447763
1962.584694045976
1963.052419454393
1963.516619487785
1964.220369530942
1965.113849268603
1965.471710637103
1966.080415962060
1966.859441097077
1967.599784634333
1968.417582763103
1969.017456716942
1969.847717028582
1970.081195214349
1970.815111033480
1971.541127299931
1972.149688831150
1972.959342926404
1973.649545892657
1974.147987722161
1975.310487951454
1975.779268454617
1975.945302172268
1976.719164142182
1977.672928293205
1978.110026907959
1978.845158068042
1979.780499328057
1980.442807598068
1980.740510476567
1981.713132705293
1982.268639032590
1982.805538604131
1983.341277117890
1984.116236077791
1985.140529399585
1985.710135519216
1986.240222305094
1986.862399524297
1987.588228769368
1988.259236298824
1988.851883729398
1989.301571089420
1990.129114603461
1991.257004450173
1991.523286541396
1992.332325062779
1992.853108637711
1993.523497572440
1994.073440709682
1994.907449092502
1995.417470731120
1996.137048084160
1997.090334486222
1997.604259417341
1998.351252130195
1998.808464043663
1999.497673084870
2000.031190552213
2000.702511738550
2001.652746070713
2002.388739708185
2002.607338195372
2003.935667774739
2004.071888663497
2004.930610824307
2005.377280887509
2005.928793828456
2006.819195276014
2007.669895790326
2008.086485071960
2009.145458380443
2009.437193154715
2010.177272677568
2010.735015404216
2011.565023233668
2012.154309945662
2012.390847081328
2013.775265441452
2014.242290511937
2015.010639676636
2015.419732826671
2015.961545321425
2016.989939011315
2017.377538003276
2017.943292402846
2018.690309907299
2019.618150286886
2020.429234932227
2020.707316367308
2021.467055755444
2022.206290878715
2022.613266131071
2023.238411072761
2024.222118409850
2024.779427303575
2025.412540428614
2026.252934011419
2026.949524594569
2027.386655765405
2028.190950696662
2028.376325818238
2029.469060213324
2029.941727401790
2030.982463228124
2031.545971774868
2031.934071455829
2032.859429754604
2033.638965491197
2033.877112894174
2034.457210852667
2035.401092039945
2035.998343173073
2036.896792151244
2037.595950315242
2038.004762815433
2038.669639032190
2039.384270432196
2040.059739944660
2040.501412596736
2041.329356898246
2041.959514206568
2042.872674201072
2043.630572602431
2044.034726765944
2044.553659717853
2045.155449895256
2046.176292336278
2046.626149444711
2047.021979309582
2048.219933814848
2048.770807772532
2049.450957282981
2049.931499712866
2050.747053836867
2051.167728777629
2051.825203850115
2052.497959773286
2053.481804602945
2054.250235475664
2054.338164664780
2055.510660217712
2056.007921318361
2056.626402803370
2057.125922756448
2057.701518046931
2058.569542695436
2059.631390087397
2059.819306132000
2060.638997072967
2061.392115731495
2061.830638100930
2062.623599959633
2063.092411277465
2063.812469369719
2064.436005710741
2065.419570922362
2066.116279390373
2066.556070752461
2067.240341382428
2067.770452871258
2068.476167803086
2069.260873967564
2069.681012457066
2070.492645112608
2071.318739783504
2072.088679339849
2072.512434102123
2073.254030858256
2073.744064441521
2074.229691788302
2075.318001893269
2075.714631024127
2076.475928412806
2077.246913331475
2078.067454775462
2078.468282575032
2079.018118039325
2079.860611946218
2080.450903254363
2080.707997193816
2082.022159252844
2082.530496921078
2083.250691594350
2083.674404175350
2084.464957997084
2085.340919505815
2085.513885607177
2086.359216430716
2086.760292476954
2088.011017178788
2088.571298045063
2089.085945813835
2089.652395676097
2090.612794148396
2090.857869830209
2091.689006668310
2092.182997132859
2093.057288118344
2093.762585020390
2094.327829430897
2095.561584235430
2095.696067025088
2095.910915365523
2097.015761273242
2097.643007356169
2098.247001317615
2098.930072352176
2099.765709881123
2100.382275118144
2101.139379271915
2101.689265256688
2102.242730874993
2102.746276204648
2103.529764537778
2104.286916118818
2104.950297531938
2105.795280829455
2106.278698102613
2106.950576699655
2107.626214241207
2108.335767276795
2108.705800579486
2109.338389177606
2110.282399647230
2110.948060554347
2111.898917093976
2112.154069604812
2112.749288374151
2113.585864817522
2114.257106952671
2114.724487378071
2115.338013473698
2116.075525246196
2117.192847077201
2117.587144286865
2118.177066978292
2118.698467561675
2119.611830965858
2120.025286338611
2120.596916102224
2121.491466864271
2122.160433257422
2122.844051208437
2123.519553728980
2124.323250669461
2124.798196154956
2125.252063086210
2125.826853812153
2126.800732501038
2127.545007620495
2127.906309562783
2128.936182797650
2129.410041128331
2130.186863820575
2130.794942415288
2131.061536677689
2132.094291487419
2132.430105824909
2133.420223249924
2134.336130281262
2134.548344120830
2135.485398784295
2135.943734782844
2136.551078132499
2137.464891794691
2137.873919151726
2138.230297758828
2139.531121674606
2140.252183850550
2140.531502203760
2141.269214266997
2141.989827427182
2142.499087774949
2143.138036276855
2144.014190747646
2144.321565243399
2145.270752750956
2146.226940207546
2146.604886186587
2147.145588501756
2147.902530913701
2148.351673282731
2149.289541916169
2149.538760645205
2150.736659630753
2151.175912893546
2151.822738654957
2152.662033537938
2153.240460099687
2153.757454278501
2154.340883196599
2154.861655126715
2155.858958663144
2156.572019855064
2157.218451348158
2157.696352760829
2158.536591551526
2159.193461053350
2159.717491247265
2160.173659165052
2160.906206473936
2161.857743885271
2162.306517646645
2163.279183492762
2163.861302820532
2164.347775404719
2164.746684107756
2165.952008364556
2166.129851965506
2166.897706660794
2167.454459174473
2168.640534245835
2169.111328440086
2169.628656499369
2170.421543708907
2170.633707361118
2171.837897798117
2172.011054491340
2172.808000758610
2173.694904832601
2174.331183513215
2174.965904001565
2175.710601898410
2176.300715161141
2176.675708920479
2177.455958509167
2178.039881691582
2178.903998115892
2179.680123576192
2180.207978814819
2180.815673808357
2181.641760700340
2182.206095753734
2182.704047803090
2183.318138203971
2183.909284380853
2184.965183591799
2185.508968687949
2186.382264776659
2186.586596870739
2187.424503950277
2188.201106217885
2188.652241740941
2189.211762890376
2189.897658142936
2190.888861832827
2191.415186422338
2192.185377758907
2192.776226902530
2193.364487488275
2193.767809538766
2194.628473631119
2195.354941337748
2195.950391422773
2196.440013503199
2197.618554979868
2198.153984177402
2198.589479809884
2199.071909700936
2200.112173125715
2200.259927235520
2201.214035090533
2201.995699337714
2202.489207690840
2203.467722398119
2203.942401372714
2204.439753285269
2205.296733231755
2205.830891023477
2206.243516509088
2206.977053192357
2208.107478906353
2208.706192563814
2208.982906112498
2209.765845378412
2210.701646841838
2211.127401059787
2211.460531060333
2212.437742350064
2212.879944072730
2213.917586036751
2214.616900425162
2215.069921075852
2215.753699840351
2216.292526840281
2217.002344178965
2217.731080280226
2218.106321620534
2219.012643413943
2219.679563127047
2220.704206252637
2220.833129932660
2221.841239650402
2222.176343847957
2222.689612009267
2223.630728670144
2224.294217419218
2224.775270686487
2225.907077026099
2226.054663511231
2227.193955555314
2227.584603629719
2228.065929202024
2228.653722453400
2229.501726459035
2230.140322542267
2230.898236789580
2231.604238502131
2232.274908053164
2232.807616355504
2233.441573689425
2234.149981801508
2234.736294413200
2235.207696527954
2235.947073999480
2237.130661187478
2237.490979929400
2238.088934668487
2238.572735440498
2239.427533686270
2240.211788823864
2240.531361831089
2240.972273682914
2242.297631637824
2242.601186428953
2243.500555432141
2244.044859767670
2244.736574744963
2245.053830767599
2245.942759385061
2246.498046938280
2247.213074401367
2247.960384632287
2248.604441133553
2249.354249822586
2250.096180573656
2250.494359062506
2251.180871677843
2251.500964173114
2252.732333157282
2252.934145445533
2254.101098507107
2254.337522317941
2255.360302753127
2255.820202834535
2256.393890438480
2257.186554926841
2257.562048172002
2258.167804844215
2259.230935830918
2259.913219074389
2260.371286411160
2261.124987977391
2261.750048389509
2262.326071964265
2262.890122685045
2263.744482889823
2264.110018306508
2264.838731566885
2266.066184035478
2266.447675244131
2266.810960435624
2267.518231996480
2268.358507760507
2268.773822491669
2269.648139698329
2269.939301212360
2270.998702885442
2271.671425923897
2272.371316302895
2272.905017978812
2273.372085293990
2274.259346989068
2274.643989074093
2275.248175594540
2276.334604382398
2276.891194062286
2277.318462986877
2278.272311673493
2278.858122356969
2279.547736884990
2279.834501889150
2280.454982401820
2281.393420744233
2282.187186787084
2282.668461033333
2283.429288355372
2284.193015794684
2284.542285329410
2285.343331214207
2285.927445793047
2286.495361264117
2287.074616576203
2288.056310282254
2288.741725975556
2289.507144294249
2289.766826759419
2290.468800291793
2291.313330069641
2291.708783673451
2292.565842285383
2292.920198469895
2293.924359821232
2294.671980417736
2295.292189507812
2295.895927384981
2296.248891715964
2297.072156267343
2297.680104979197
2298.422097969920
2298.949233884289
2299.820300799382
2300.586150833352
2301.008081746658
2301.895168691666
2302.239238539852
2302.907572342492
2303.453888069052
2304.365789126002
2304.864761533445
2306.038980636657
2306.254106542914
2306.707116031821
2307.852193650423
2308.353048930042
2308.693594438202
2309.221561163774
2310.207271671107
2311.194739968928
2311.416178132494
2312.255672873119
2312.909052877360
2313.483213518172
2314.065336985209
2314.673354985192
2315.571296357704
2315.750476736923
2316.954137595788
2317.502412764703
2318.233619026122
2318.822684761307
2319.168895890696
2319.891326867747
2320.793839133356
2321.210426477006
2321.905742867946
2322.638210751856
2323.588958733811
2324.156633832252
2324.410079173814
2325.285084318225
2325.811350951829
2326.490380961431
2327.045183549516
2328.108091147679
2328.607149487185
2329.077008541461
2330.092953263156
2330.571059690470
2330.972205544100
2331.779841232946
2332.309322078042
2332.923979929922
2334.103530512026
2334.442499815075
2335.132601291383
2335.678861381740
2336.429057043715
2337.082185398349
2337.659209348887
2338.054870191475
2338.905612441386
2339.952387385365
2340.349670610719
2341.120502181587
2341.464402392496
2342.331882192831
2342.937535628422
2343.329087942470
2344.258708201529
2344.802521410445
2345.602054275231
2346.329509167275
2347.003347423954
2347.542705587556
2348.136708423969
2348.488340125261
2349.475159694979
2350.135169043138
2350.775825026804
2351.338730402780
2352.297741108091
2352.980273785991
2353.225374789877
2353.938976789982
2354.662308803830
2355.184305595658
2355.907133591914
2356.740276329188
2357.622200053963
2357.864583078997
2358.540186697494
2359.373597687013
2359.947317026542
2360.548076017026
2360.833887850875
2361.897080797506
2362.728033252948
2363.294092539813
2363.905038799137
2364.488278116664
2364.990095417025
2365.975257670991
2366.379127773650
2366.757085310933
2367.837894628591
2368.481922698717
2369.248272488756
2369.740301477127
2370.531897502014
2370.816767140121
2371.506202195568
2372.468413640596
2372.768064949008
2373.601871731236
2374.493972981415
2374.940683560968
2375.668338604180
2376.455552717825
2376.708813806229
2377.475160494239
2377.873961811270
2379.129349950861
2379.513974707118
2380.035425876285
2381.098302618294
2381.418960774995
2382.213068567390
2382.727266595027
2383.167961747743
2384.102921846142
2384.560044766558
2385.514469847448
2386.285902305779
2386.733801550484
2387.196425505126
2388.051239106171
2388.636044823445
2389.180495430399
2390.014747276823
2390.219361117497
2391.575573517518
2392.154533274367
2392.521813626729
2393.078269107744
2393.852319844862
2394.712661570162
2394.842193097842
2395.724516931303
2396.522745334469
2397.196317636890
2397.903933476618
2398.505428973330
2399.185008394788
2399.651112537051
2400.169993076723
2400.936278170745
2401.751201200518
2402.355466501933
2403.090431072709
2403.631970679850
2404.476441643912
2405.128526151042
2405.311598801725
2406.275970662657
2406.645055284961
2407.501729369319
2408.644425665891
2408.739789508071
2409.461611817788
2410.293419054902
2410.958478840172
2411.228196276616
2412.159219439388
2412.544359968392
2413.357572533616
2414.249247334163
2414.946446330613
2415.339693879101
2416.227170575934
2416.398876521673
2417.339825541671
2418.022389584872
2418.454453448994
2419.235760272121
2419.981525223197
2420.912649651514
2421.322349011211
2421.922333969886
2422.241565107317
2423.288829801837
2423.857290213316
2424.234650488513
2425.238481176661
2425.942413099283
2426.704930869888
2426.862736161742
2428.083649044435
2428.336149821154
2428.818458760094
2429.467413798945
2430.503845384905
2431.110515947224
2431.729661919046
2432.303330405016
2433.127597565890
2433.547552492295
2434.431290106796
2434.760462773319
2435.199990863702
2436.424221753980
2436.912548754975
2437.627026137332
2438.283317652669
2438.886742806384
2439.364571435415
2440.075590052569
2440.917670683223
2441.145008043583
2442.006993204091
2442.854555030874
2443.686392109109
2444.042808318984
2444.646476666163
2445.322175967258
2445.853141855287
2446.603876260027
2447.253682921199
2447.916420563061
2448.626315972261
2449.373650209248
2450.162803849544
2450.492383864002
2451.064321806649
2451.682623629457
2452.559032157193
2452.981026369120
2453.863579989816
2454.716501923018
2454.970336227450
2456.051050406396
2456.186510529410
2457.148910259306
2457.690682672915
2458.006787151788
2458.934004123951
2459.940681047713
2460.419416040875
2460.998234934148
2461.433570428484
2462.476573420598
2462.907352687533
2463.382115780003
2463.996750621500
2464.845933208773
2465.664790641347
2466.357709647558
2466.787253585136
2467.484954843396
2468.223249063401
2468.517799522519
2469.339753864537
2470.039160914087
2470.837423777726
2471.112040673087
2472.385646127772
2472.817977564449
2473.243028169331
2473.791956122709
2474.614280003617
2475.118721284129
2475.894003039342
2476.575435090494
2477.321010402296
2477.883647915238
2478.673542067202
2479.214347900343
2479.778370183208
2480.286143064347
2480.978514415916
2481.735158751545
2482.456883093514
2483.292157211487
2483.792837239469
2484.213451807147
2485.183040288197
2485.624521876114
2486.216747974619
2486.819881641081
2487.424124160067
2488.521530307652
2488.982286945031
2489.792248784799
2490.064774000163
2490.792104596496
2491.516538028925
2492.193395711764
2492.731405289859
2493.116970002408
2494.600976201978
2494.753407361829
2495.276681519631
2496.339208544336
2496.649135255710
2497.112592185403
2497.927362686520
2498.618316670611
2499.388616635284
2499.932779984455
2500.636115841602
2501.476845327616
2501.983531788166
2502.509236500161
2503.002878624141
2503.653626152006
2504.605272204446
2505.161832850463
2505.807400576840
2506.620708930247
2507.088735252225
2507.945191966570
2508.185221130597
2509.013303277319
2509.696714875071
2510.008070666427
2511.182383146951
2511.858514089966
2512.285286771190
2513.169503414676
2513.246574848287
2514.384726909244
2515.020151994107
2515.148284203119
2516.054234843471
2517.039780381265
2517.507333311030
2518.512520541211
2518.621465848903
2519.299457222704
2520.143413727887
2520.543548886476
2521.445860803926
2521.826975719209
2522.776263655250
2523.406380562724
2524.248297459363
2524.523426245683
2525.241310617215
2525.906366119114
2526.382565125520
2527.054181047845
2528.010185686819
2528.732882595893
2528.972620246372
2529.945450083800
2530.564848347588
2531.279455154278
2531.442036419922
2532.270155983347
2532.918257262222
2533.823791965011
2534.596128481930
2534.904100799140
2535.676031706101
2536.428339542520
2536.944988340962
2537.406616618764
2538.123472145413
2539.014858103038
2539.261024450866
2540.441783581961
2541.099821116948
2541.554620733229
2541.836310403800
2542.754175659674
2543.597077430652
2543.891293738547
2544.527848648756
2545.412480679004
2546.226062809034
2546.802912748896
2547.354065948324
2547.892380705415
2548.644815715062
2549.008331501158
2549.979252893149
2550.399323859635
2551.369394187406
2551.880792479435
2552.599081528159
2553.179344570573
2553.942149942952
2554.314308800888
2554.937883904629
2555.484447597940
2556.752628851871
2556.908695800237
2557.760943619518
2558.463008030099
2558.930054680138
2559.649445043218
2560.367083217231
2560.740318443478
2561.287294626726
2562.303831680183
2563.136197762707
2563.530009837524
2564.189946010260
2564.781200268519
2565.605727223170
2565.881283279468
2566.695404475494
2567.353789814708
2567.942621728341
2568.874238477610
2569.431210014651
2570.221619435249
2570.601380136912
2571.113132453223
2571.750184332931
2572.827618406796
2573.026174064697
2573.752995376969
2574.673298631071
2575.436071450249
2575.769480018514
2576.512704139600
2577.055923747909
2577.569448023257
2578.419639594565
2578.885890944543
2579.869347779596
2580.481581773513
2581.050991390214
2581.564686770584
2582.413100077725
2583.065161251742
2583.351884530856
2583.979923595145
2584.834306950574
2585.870039862971
2586.313314083251
2586.602302238918
2587.643779243869
2588.118318863018
2588.726372037964
2589.232071510945
2590.138940943688
2590.407684799606
2591.640958602779
2592.021881627629
2592.911759517502
2593.198400425050
2593.752001616674
2594.826860973816
2594.948058123231
2595.754997311317
2596.656379088981
2597.114700767149
2597.906820561816
2598.724062099254
2599.311396417739
2599.427474580260
2600.281761130044
2601.129174204288
2601.464565098714
2602.600187874546
2602.909528931984
2603.695920716079
2604.415552681206
2605.209963568064
2605.319260928460
2606.104052100763
2606.786444015170
2607.436381076988
2608.217017570380
2608.945952070835
2609.771990737601
2609.932041592762
2610.664029097805
2611.504133080603
2612.161724144515
2612.416093385473
2613.057188091460
2614.246763217322
2614.847894736819
2615.322840038937
2615.811213944583
2616.684678824967
2617.107725624936
2617.987287288218
2618.184860959180
2619.162626737012
2619.840966490481
2620.557743697477
2621.359695948738
2621.625608941094
2622.550653281296
2622.848610658147
2623.444183488684
2624.396163938330
2625.029334222274
2625.522109705313
2626.371764595058
2627.102072588135
2627.602843100271
2628.202162729223
2628.810735530770
2629.200194294618
2630.192480743566
2630.720887244440
2631.688344563874
2632.028053547964
2632.819589193716
2633.412434481746
2634.008555359934
2634.677826093328
2635.209892942425
2635.629863296407
2636.895457741281
2637.175951364417
2638.112083268683
2638.587709929453
2639.186269179696
2639.646735579448
2640.628674436667
2640.998470691223
2641.661515914306
2642.209988472569
2643.459348775201
2643.875554718447
2644.211509336747
2645.075462435350
2645.500590353065
2646.284785803978
2646.887416845726
2647.395978067260
2648.334369073621
2648.941809896260
2649.608752128929
2650.327612183040
2650.712618204613
2651.593444895542
2651.860067574860
2652.484159626322
2653.532357278714
2654.106848857046
2654.918295176927
2655.030242622707
2656.345128858828
2656.613203965348
2657.200536065229
2657.593184848672
2658.562325477529
2659.163121382333
2659.832942390651
2660.812697133168
2661.194924364982
2661.595255584865
2662.553777757830
2663.024161642912
2663.665072667513
2664.155658562151
2664.972455455400
2665.666255055016
2666.650362647648
2666.995637440323
2667.485004754257
2668.206332382684
2668.771758357092
2669.589594073454
2670.038195266288
2670.656774368647
2671.619871639716
2672.205375627385
2672.863928822934
2673.520417643555
2673.918737882758
2674.472056679863
2675.415455884618
2675.772214283144
2676.673994462985
2677.321512772999
2678.029540128299
2678.575386236669
2679.334620036988
2679.732611121334
2680.517724655992
2680.948439748623
2681.500526176386
2682.705546329711
2683.233658842777
2683.629996161334
2684.305701943395
2685.171498617601
2685.714085016711
2686.109317990258
2686.782743270853
2687.401943306053
2688.417448590955
2688.982100898736
2689.495916199047
2690.346462443164
2690.856964674552
2691.147616156285
2692.161326984149
2692.707037978510
2693.192103151615
2694.011246907547
2694.793120849282
2695.542155007597
2696.089231299858
2696.451695525432
2697.094114677251
2697.882898941466
2698.449909990814
2699.250700376369
2699.621178007378
2700.756181715640
2701.190743824297
2701.760689130791
2702.371496818394
2703.146878387754
2703.498811963604
2704.027418004628
2705.215096197449
2705.631060151716
2706.267138143970
2707.094165012867
2707.470999922832
2708.395627216315
2708.629625989154
2709.610444922403
2709.745859195406
2710.704399591120
2711.743846514433
2712.132127429498
2712.733602732861
2713.235473029537
2714.068509125473
2714.729091508622
2715.085301770253
2715.724763009018
2716.593072798632
2717.281043057532
2718.078350676318
2718.558496399255
2719.154501970838
2719.679237919289
2720.478129101512
2720.852848080784
2721.708863556414
2722.381347315662
2723.055026093255
2723.625868573204
2724.609283561628
2725.034081865910
2725.487422642754
2725.862110646323
2726.960938943143
2727.510019124449
2728.013621556256
2728.980022542150
2729.501224775337
2730.211349344590
2730.687650609027
2731.414062609918
2731.936440826548
2732.508334380361
2733.135748868511
2734.024813856427
2734.875442306743
2735.332800992134
2735.693962165777
2736.595630684868
2737.224779859115
2737.776154729779
2738.286507190119
2738.858977297013
2739.921829793866
2740.466799940524
2741.352852908813
2741.495630562123
2742.237835357656
2743.051465186918
2743.462998716901
2744.118840934197
2744.883195197098
2745.452783889138
2746.322161826174
2747.074388866613
2747.365480200327
2748.277292819717
2748.489409523409
2749.278332593195
2749.994346567741
2750.605581985915
2751.452088060734
2751.985801793888
2752.623257072991
2753.404956573926
2753.964670253240
2754.511314108508
2754.846854653692
2755.694894827117
2756.632941391154
2757.139540029862
2757.707322204332
2758.590174465173
2759.101182509040
2759.565511879637
2760.300160018181
2760.917289263743
2761.505279026935
2762.002642306707
2763.176413186041
2763.750898017929
2764.093319220291
2764.852808591463
2765.406780307199
2765.996731137061
2766.858125816820
2767.384654787901
2767.584095276178
2769.070830512460
2769.438996828291
2769.903516262055
2770.680106695805
2771.126401944427
2771.992387775198
2772.267868590404
2773.075490614110
2773.931910992892
2774.505107187157
2775.038668814775
2776.051770497544
2776.376431277487
2777.035842509617
2777.432594611444
2778.224330321395
2778.867417540162
2779.667512331253
2780.436723696548
2780.794656639635
2781.613145679003
2782.240195907600
2782.863727277309
2783.343694214526
2783.880306226354
2784.586209367753
2785.593775302083
2786.026734435866
2786.791707186217
2787.480890507853
2787.706545382232
2788.683697851215
2789.328904200212
2789.523284663510
2790.509918983330
2791.087590055752
2791.972518964304
2792.576714538352
2793.252328894737
2793.712948260328
2794.025926374757
2795.288177080672
2795.410700832178
2796.206907025316
2796.886495432588
2797.650206488351
2798.557478760968
2798.940179679932
2799.250841494328
2800.266046130151
2800.596934370486
2801.374735407303
2801.893147032291
2802.965491781838
2803.387500114957
2804.029686003975
2804.570858152398
2805.668076104100
2805.816484009060
2806.221044946568
2807.069799706209
2807.831859113708
2808.709824991025
2809.166065942859
2809.815909663309
2810.367671622381
2811.232297675449
2811.627545168348
2812.189539819538
2812.851451108145
2813.515462680751
2814.430160336374
2814.979476046136
2815.724909537066
2816.224571283034
2816.678144863628
2817.431365957520
2818.078073312769
2818.782584514960
2819.156413544827
2820.066928234759
2821.006428699828
2821.329906426741
2821.961670351591
2822.639503540005
2823.168263654578
2823.603981075862
2824.674181075729
2825.106109625368
2825.761571323020
2826.517027618604
2827.420813477786
2827.712643573574
2828.202670465222
2829.086831735694
2829.490422435852
2830.118301851674
2830.945272759475
2831.906987768505
2832.142136907026
2832.878738611444
2833.601004657088
2834.061666309693
2834.949814703720
2835.233929233402
2835.768484427722
2836.713549449059
2837.726718747964
2838.058930663281
2838.500526463506
2839.258396888394
2840.109901039779
2840.406504679822
2841.078555348219
2841.646444813421
2842.606945455907
2843.094834267970
2843.940112504152
2844.515384188854
2845.073093691965
2845.716253042926
2845.948561783896
2847.108500721154
2847.560612978101
2848.075872174737
2849.015230990081
2849.629348093319
2850.292226492604
2851.023801270443
2851.178958466333
2851.983322002478
2852.627134647128
2853.359179023019
2853.976847514296
2854.895244735579
2855.240100368114
2855.990401798234
2856.663407983814
2857.275542994435
2857.641907589314
2858.423427211408
2858.947289370918
2859.869534808473
2860.694550497940
2861.027604199652
2861.780147470852
2862.200322971851
2863.118438581463
2863.530406163095
2864.185775119475
2864.639089677966
2865.638113467904
2866.316388814003
2867.096032300385
2867.443555906526
2867.919057498093
2868.745201301494
2869.437111427578
2869.973747301960
2870.323401397997
2871.648202475205
2871.892556436042
2872.568423287391
2873.477081447752
2873.951874545429
2874.267550398786
2875.025661742427
2875.631794771550
2876.551030163110
2877.164417530792
2877.550049807077
2878.526719535450
2879.254755421062
2879.445140341789
2880.328080440532
2880.706282906508
2881.326079680077
2882.328292675774
2882.805117043630
2883.575743875205
2884.236340967054
2884.754006964826
2885.367748508345
2885.962257306628
2886.680242934538
2887.328664388878
2887.515190877786
2888.831910813396
2889.569872877842
2889.757901656996
2890.461064484824
2891.112333489124
2891.913189717736
2892.223347279516
2892.961653887399
2893.729971945289
2894.191462949804
2895.376278046852
2895.667245734815
2896.239326899808
2896.864849510123
2897.450658261057
2898.165204897950
2898.627048336978
2899.614692827381
2899.955280823157
2901.068756420430
2901.266741251161
2902.143603534363
2902.724598886040
2903.199210065135
2903.749508410975
2904.401098299799
2905.335201867500
2906.000101444910
2906.533224883459
2907.070063115003
2907.952182876485
2908.428502954090
2909.118911551059
2909.374898857057
2910.187484667636
2911.036245523402
2911.763420832323
2912.258396114546
2913.106193482190
2913.429848667523
2914.295054393707
2914.507680340135
2915.720588852385
2915.802916873668
2916.547274279861
2917.464200321870
2918.280670798744
2918.796665895727
2919.243966175824
2919.656263537660
2920.673966089848
2921.191216395633
2921.615313817106
2922.448818311271
2923.212873936668
2923.939245511776
2924.384909156955
2925.175181212760
2925.683837167628
2926.092549833579
2926.829267412315
2927.605907042316
2928.129966598769
2929.144317893815
2929.542297698483
2930.003347402425
2931.121493086817
2931.323516379713
2932.035508984369
2932.401328257204
2933.244340549849
2934.129377927030
2934.646982309142
2935.447106718044
2935.932477105227
2936.392327441424
2937.315590139672
2937.797174640148
2938.312841923412
2938.831906842456
2939.788065411999
2940.602433254800
2941.067279275251
2941.631135792870
2942.424139952586
2942.864968260262
2943.318431224756
2944.262838960416
2944.795748004832
2945.363069503453
2946.126618109740
2947.028261392750
2947.533125541107
2948.007468990519
2948.532918821036
2949.149177409037
2950.035127177004
2950.417790870399
2951.262733429144
2951.911211405279
2952.574656939824
2953.364534688772
2953.777916851871
2954.214238789293
2955.175362077687
2955.579555274830
2955.967936914451
2957.282213323141
2957.698818132514
2958.319645685257
2958.719125536817
2959.776119143451
2960.066494545885
2960.867844433757
2961.143839381351
2961.884933653555
2962.885933334758
2963.567976542679
2963.941601337012
2964.738820070175
2965.263390251032
2965.780608821578
2966.677171658685
2966.917463301078
2967.829925926319
2968.309263043290
2969.343932424165
2969.830998895736
2970.490982314666
2970.944423592444
2971.571830572437
2972.208054789084
2972.799003923229
2973.557500727747
2974.347670241650
2974.650532181889
2975.841038074015
2976.061618696137
2976.885885581481
2977.227854889313
2977.927351381463
2978.458351715325
2979.396714184370
2979.975259421772
2980.588767197081
2981.383991360812
2981.869931238267
2982.499872760814
2983.266945131703
2983.489134075394
2984.342980703312
2984.934196924919
2985.645615002917
2986.668008377620
2987.110699904216
2987.445612622065
2988.062299370867
2989.125183659116
2989.513945026227
2989.850574111948
2990.557158963870
2991.621889253999
2992.271336915465
2992.645318969518
2993.454882838721
2993.970553773063
2994.468900329177
2995.187090980671
2995.894965523746
2996.313060622984
2997.308288141808
2997.811894070744
2998.527017271291
2999.193919636677
2999.846746420508
3000.203878642108
3000.677860527319
3001.625578416233
3002.364941462261
3002.797422251584
3003.607581411429
3004.317398847506
3004.845176900600
3005.473762280445
3006.201821846814
3006.364731295123
3007.401003039025
3007.725735761338
3008.966650958638
3009.337075705622
3009.793856306854
3010.733705979342
3011.103420614673
3011.820782373951
3012.382687055894
3012.939998074267
3013.635320882394
3014.352446838562
3015.292215208759
3015.811410573936
3016.193769420066
3016.771617523542
3017.614066104797
3018.104137236671
3018.826360370681
3019.255017350937
3020.072610821193
3021.028846330505
3021.496703711928
3021.985112421916
3022.566637917243
3023.319343865247
3023.781590665689
3024.427265413190
3025.144409744800
3026.026137802292
3026.456762815274
3027.113296054235
3027.912220683670
3028.419111297742
3028.995405703734
3029.454723407454
3030.012874122852
3031.127655052177
3031.621140785803
3032.284890534171
3032.706218886728
3033.789692307346
3034.142734436961
3034.475856929549
3035.374947858917
3035.962194536495
3036.422636095715
3037.462579116469
3038.140772077177
3038.624873145442
3039.150139278509
3039.812745954714
3040.439864262788
3041.117567649034
3041.638186872361
3042.198343087432
3043.112000139196
3043.788058820654
3044.566897090755
3044.882037329309
3045.460246400266
3046.109913440283
3046.789196010507
3047.634090177011
3047.745768064106
3048.990433735476
3049.350179256307
3050.121824462388
3050.891521567499
3051.182828702797
3051.849468819771
3052.358109293922
3053.276570645613
3053.646569435328
3054.739605583794
3055.053354721571
3056.038513722122
3056.164026419603
3057.049666474979
3057.965051617362
3058.193978487205
3058.302866818078
3059.808051978307
3060.296605827643
3060.873220301354
3061.542051181739
3062.099915556402
3062.765817714725
3063.557520481862
3063.682637985507
3064.616750404597
3065.130925350765
3066.163029108748
3066.509421193619
3067.486926035415
3067.860598798849
3068.308378577719
3069.014702431804
3069.712274186417
3070.339150314471
3071.025963464848
3071.458364963391
3072.547739873782
3073.094259614469
3073.671883530816
3073.965505515617
3074.817396052336
3075.349755536777
3076.048385655256
3076.649493365870
3077.493554971643
3078.111168405660
3078.666429252710
3079.317132112307
3080.074909095229
3080.443250639894
3080.990583246086
3081.665988828350
3082.466619498514
3083.232585143584
3083.916199200742
3084.300864614432
3084.990249339563
3085.741786493401
3086.241341007189
3086.769584720463
3087.519589985289
3087.871933292688
3089.095500170909
3089.760236924999
3089.926260164184
3090.674577778841
3091.466083155421
3091.898574699037
3092.563518992652
3093.113981081495
3093.876935848280
3094.528706343453
3095.333774418922
3095.980712108957
3096.412409822088
3097.113688100886
3097.579253594361
3098.187203320605
3098.901007705038
3099.775963769639
3100.203785241448
3100.793528934477
3101.801207252448
3102.366740802657
3102.679137965891
3103.186084992820
3104.027286156407
3104.662803927189
3105.222920566481
3106.041377927072
3106.878538684855
3107.197937696887
3107.808894036514
3108.610527719735
3109.146626884785
3109.700587301102
3110.170273061543
3110.919237923849
3112.101400320447
3112.243561421867
3113.068452167317
3113.585986439945
3114.064621151005
3115.109794055389
3115.312329213726
3115.966851061434
3116.570016084677
3117.691625569804
3118.057888216018
3118.752048348994
3119.400161261175
3119.920370913893
3120.400091381669
3121.111048705932
3122.014051796139
3122.202516888136
3123.148649146129
3123.959156269088
3124.415837538926
3125.066677074202
3125.767309515909
3126.177646458880
3126.662860117175
3127.497839593941
3128.242335664542
3128.910820632892
3129.559473570021
3129.976677970929
3131.033316372830
3131.430564529183
3131.735282554680
3132.646214506453
3132.975240947131
3134.010203403040
3134.585554820239
3135.230013252917
3136.039859682234
3136.381415680254
3136.974095232045
3137.733197388769
3138.374323973288
3138.809539534652
3139.410874307206
3140.347455158341
3141.150957435023
3141.666724704123
3142.079057082275
3142.630424183491
3143.430947244199
3144.166289983503
3144.498148746039
3145.101216707215
3146.178699278012
3146.624931163090
3147.399789140929
3147.868750532599
3148.484910027190
3149.078977768700
3149.713105958011
3150.085862303729
3151.311036078358
3151.639654709999
3152.191477300045
3153.156797586072
3153.630028258503
3154.354828789788
3154.578719050467
3155.465542589343
3155.869580867188
3156.696287065190
3157.667567443645
3157.997144681814
3158.635382514378
3159.302312666121
3160.048437190230
3160.509231177413
3161.019524479342
3161.632388389807
3162.473807840656
3163.016969990520
3164.057769473081
3164.482679500872
3164.769470383214
3165.684190718201
3166.236174251107
3166.774665405974
3167.411804527378
3168.205684048862
3168.593239448376
3169.690283236905
3170.183639017287
3170.789510423871
3171.309268851301
3171.641583048277
3172.674959359677
3173.239454569842
3173.658968223828
3174.449816204130
3175.438858777095
3175.774308072077
3176.385041322760
3177.040076101055
3177.825724749591
3178.006199267771
3178.709168479315
3179.575506765393
3180.448813420649
3180.755521095509
3181.630664619806
3181.936517647047
3182.997159516485
3183.329479931864
3183.810890542291
3184.401307084332
3185.187813683887
3186.154643137424
3186.635719554100
3187.057621559030
3188.007825686285
3188.403365781916
3188.897245708710
3189.806273444616
3190.151669295306
3190.813550507314
3191.619306468505
3192.446851393073
3192.945866935623
3193.673709223909
3194.004163195160
3194.586994816354
3195.471616988797
3195.938452554701
3196.555446070881
3197.290222032528
3198.044131978659
3198.714756562358
3199.242088071104
3199.977090650521
3200.341430166660
3200.798654290247
3201.817324986251
3202.288794680006
3202.999802937330
3203.705505281298
3204.387114740815
3205.019124879445
3205.435781975127
3206.223375723770
3206.725819427983
3207.231794364803
3207.899633878841
3208.858205802872
3209.522907324314
3210.175363720659
3210.275348520063
3211.512505858308
3211.679750973826
3212.597652319786
3212.921822024023
3213.486835660068
3214.521376847369
3215.385989468551
3215.586654076466
3216.259746099002
3216.957359258070
3217.593423535207
3218.132080167196
3218.553971115009
3219.563074024911
3220.096016148314
3220.604003044514
3221.650235870908
3222.151452505806
3222.646880040284
3222.976269933305
3223.795115879811
3224.674170701883
3224.875082623586
3225.897320969542
3226.469493941991
3227.035827750320
3227.963027887922
3228.318008956058
3228.843611610423
3229.435444002250
3230.183306413033
3230.656619199723
3231.611446268994
3232.229222191107
3232.837602746011
3233.321862195201
3234.132726328914
3234.560116358477
3235.346598826211
3235.748014830172
3236.232731872584
3237.428500242684
3237.769777298238
3238.790993713682
3238.951270525959
3239.651711676416
3240.253018073043
3241.091976227761
3241.475100467587
3242.065853266128
3242.732720279578
3243.798635785141
3244.232269862198
3244.888405983528
3245.191813315607
3246.196791878838
3246.510588434038
3247.084508683774
3247.966726131386
3248.487491448127
3249.442353103789
3249.651195925769
3250.722266143542
3251.096583144673
3251.738360548925
3252.266643528413
3252.597880841870
3253.789355159717
3254.289274128797
3254.792961827450
3255.642135750904
3256.264659853446
3256.774860464363
3257.432416301126
3258.039184488519
3258.384848939851
3259.263640865469
3259.920855212771
3260.655774230248
3261.437143616236
3261.898633918293
3262.312494431835
3263.087473900681
3263.755268949405
3264.429883692013
3264.696766710098
3265.437519833110
3266.680712750144
3266.944366410973
3267.439756637111
3268.282315198347
3268.711408060057
3269.256266258507
3270.095451703645
3270.566667118084
3271.225009342623
3271.972292579768
3272.745419384050
3273.463131476145
3273.688150886929
3274.547718728255
3274.913474006821
3275.693228449171
3276.208131913358
3277.000230113978
3277.918273679441
3278.139343618596
3278.893361474912
3279.740196627441
3280.279010064341
3280.500410492034
3281.406334253434
3281.783900343694
3282.710899671621
3283.663939415652
3283.855822620693
3284.574510148108
3285.202559480853
3286.065491372760
3286.506413250677
3286.668800765057
3287.796449517315
3288.256969004575
3289.032517156882
3289.789345034214
3290.505929850432
3290.877475480888
3291.320575922296
3292.102343420198
3292.897211702448
3293.333763897077
3293.800097239422
3294.756166045764
3295.467381545802
3296.242494714764
3296.518513176301
3297.041106515309
3297.820604757651
3298.484594385161
3298.885316659141
3299.757499502752
3300.371387086479
3301.138018642014
3301.673111052181
3302.328070783114
3302.929675234505
3303.615194766168
3303.812860483301
3304.678196616967
3305.366960357253
3306.258552012062
3306.833592521426
3307.099290352638
3308.230353183308
3308.466636403667
3309.211236407749
3309.758415842912
3310.267121535871
3310.929226789484
3311.966264210860
3312.483924718988
3312.986519404066
3313.734926100728
3314.091947032121
3314.990050123485
3315.427719643557
3316.027982568573
3316.566576824610
3317.563764999331
3318.125778953193
3318.708271435851
3319.526658061488
3319.900005350832
3320.378239621391
3321.014238055665
3321.931105398327
3322.465803496341
3322.847897418775
3323.871091213946
3324.503482670850
3325.135145278350
3325.564281336015
3326.082795019049
3326.886853267260
3327.261450530198
3328.180119707946
3328.772075925529
3329.404795862280
3330.251100925246
3330.705192536226
3331.119892622547
3332.092410975882
3332.472168309828
3333.035957177372
3333.449739209796
3334.827758951719
3335.081933511254
3335.787152472661
3336.219776336336
3336.999309245070
3337.783694546626
3338.062284193445
3338.644682993773
3339.376599239342
3340.172423959360
3340.766611344950
3341.696114159903
3342.061050632691
3342.422075771396
3343.321287984067
3343.863756050969
3344.354739881163
3345.154907949502
3345.702594758953
3346.498018199405
3347.153382020231
3347.859152201908
3348.348220675070
3348.884880922358
3349.324508923751
3350.194358777862
3350.780111424147
3351.410878823846
3352.306863273634
3352.617442193699
3353.475534480110
3354.137190063672
3354.635058386063
3355.031662640601
3355.675405557169
3356.542670810710
3357.065197142174
3357.859135608836
3358.629122924967
3358.948014371539
3359.677120935363
3360.299182865576
3360.869918238011
3361.473176119221
3362.128977499603
3362.484330701832
3363.797025727506
3364.271841623096
3364.644964631391
3365.186904237556
3365.972574865742
3366.714883979189
3367.068345397581
3367.648789400507
3368.392914927930
3369.256954870427
3369.907769996786
3370.329547681845
3371.161483209633
3371.669990324591
3371.939891993174
3373.020576947607
3373.222588390611
3374.258160344107
3374.824924731691
3375.316181469938
3376.272757964034
3376.743138290491
3377.300155574016
3377.900068331044
3378.224068718107
3379.170013481684
3379.865804009257
3380.445387974292
3381.157274887580
3381.805531758100
3382.390513296127
3382.902522684473
3383.633151777710
3384.270806282850
3384.471489206527
3385.389014713886
3386.441807919507
3386.740472139404
3387.336337982240
3388.273098053048
3388.451877664486
3389.151220789766
3389.907071414019
3390.598190590385
3390.801572508329
3391.749298551953
3392.816694322598
3393.056301045347
3393.656705175316
3394.247214679325
3394.825702980020
3395.561210776874
3396.114158638928
3396.699471294735
3397.398874602672
3398.219788957777
3398.909341480347
3399.300943099193
3399.973724192209
3400.601430952908
3401.078270933354
3401.705671064970
3402.341026368359
3403.408320772698
3403.749221375383
3404.265886076985
3405.056438846754
3405.960894877329
3406.144316361114
3406.666790957507
3407.279984853310
3408.159667524036
3408.882532824637
3409.406770608378
3410.200522758591
3410.645826880416
3411.341883172282
3411.840320760369
3412.546564270627
3413.123586717750
3413.551325518217
3414.470953593490
3415.150574779510
3415.946555395453
3416.396335097069
3416.864984654503
3417.408550393629
3418.319385618710
3418.846687949502
3419.150567440611
3420.261919596373
3420.572682346415
3421.659402778349
3422.119604565924
3422.543333684280
3423.135647240292
3423.887365357684
3424.276134351508
3425.219732195572
3425.591550517748
3426.606734062830
3426.962087054811
3427.741428013403
3428.485968465080
3428.781429649222
3429.389683070439
3430.233017171993
3430.443316467683
3431.484557321544
3432.177215799494
3432.908913292571
3433.201927360103
3433.806659643921
3434.868795279331
3435.176671789444
3435.567297979439
3436.153428463494
3437.210691374038
3437.768905268536
3438.505719261886
3438.966348489091
3439.575377962232
3440.379462522579
3440.645288630586
3441.366584541955
3442.197934700952
3442.506518355604
3443.353025414535
3444.280381440736
3444.637818749840
3445.350111822580
3445.965148927699
3446.189822781815
3447.040265939761
3447.886197753288
3448.354734462137
3448.780391115625
3449.918770272132
3450.437345646103
3450.900004203634
3451.501962556789
3452.105349132095
3452.898449202896
3453.014376123208
3454.080696275098
3454.786297498176
3455.522663802911
3455.731298233329
3456.799658285236
3457.168592067272
3457.767344064671
3458.388886462979
3458.966026452806
3459.435427781965
3460.582376353170
3461.041018650040
3461.788682421658
3462.031052533841
3462.920235018843
3463.451827374165
3464.079333719470
3464.732086678211
3465.000461719350
3466.073073612893
3466.816416745755
3467.341371379868
3467.899457470898
3468.487797576427
3469.092274856960
3469.624445464795
3470.482745421176
3470.715698503876
3471.765541224614
3472.298303274250
3472.900669747380
3473.744586528837
3474.279739131546
3474.685710107023
3475.128511990665
3475.980812208731
3476.648978433120
3477.462536746024
3477.733738594122
3478.666387000844
3479.495412539408
3479.637457692493
3480.556028027081
3480.822256967484
3481.601581883735
3482.301279410135
3482.738476165730
3483.908993668638
3484.284912661333
3484.814978335460
3485.328359561904
3486.240458625253
3486.690457787312
3487.274044763966
3487.672507757767
3488.558029889768
3489.373699217421
3490.100151033194
3490.465073625687
3491.111764907213
3491.578004569217
3492.514940055735
3492.901525699368
3493.379418800776
3494.196339840828
3495.032325345067
3495.477155297970
3496.313013969106
3496.957375069401
3497.210394974427
3497.852733408814
3498.608079237378
3499.186700267102
3499.850283803257
3500.546842772767
3501.275125048834
3501.811115188128
3502.461577777351
3503.200059130853
3503.526070122306
3504.180302213067
3504.597371749293
3505.701069995249
3506.284983960792
3506.758297776109
3507.424033182407
3508.274962467922
3508.711647739161
3509.108478918927
3509.981804025166
3510.411816987784
3510.970671534793
3511.978145916768
3512.525857191017
3513.243010887220
3513.751931262098
3514.177730616860
3514.939483076624
3515.583375043308
3516.127095547668
3516.822055590290
3517.149404187438
3518.512159917887
3518.811096490182
3519.483252269597
3519.644176685413
3520.815556836489
3521.037671213263
3521.773866048671
3522.316822890749
3523.240621533642
3523.680742364743
3524.592320894862
3524.944590127343
3525.735632448890
3526.270619613471
3526.758211227966
3527.162626891553
3528.234189896161
3528.749587094143
3529.435041066837
3530.072320835630
3530.653773285941
3531.364762900938
3531.953200893804
3532.387946784242
3532.987761067902
3533.585431620161
3534.419004343021
3535.309195826131
3535.578776935875
3536.413165831862
3536.800654024993
3537.608958748687
3538.175545309172
3538.546702541293
3539.526929995158
3539.688335436239
3540.958214321789
3541.268540778644
3542.270802055903
3542.357750686282
3543.123721571640
3543.721754020059
3544.321933793762
3545.196801895901
3545.417201396653
3546.289751283558
3547.111174904518
3547.664822096222
3548.421549157566
3548.735363936454
3549.083697572559
3550.203457427580
3550.790097557904
3550.877314571965
3552.173272392210
3552.781340239603
3553.049198102065
3553.892178227407
3554.603492637828
3555.019054247896
3555.725342325812
3555.890262545083
3557.024932675468
3557.680288662628
3558.372594962028
3558.839750515316
3559.415302202371
3560.153345846531
3560.879729933879
3561.211921829966
3561.678840261538
3562.531448093997
3563.289394580109
3564.106574605703
3564.369317969209
3565.342676469449
3565.710799530928
3566.124175781955
3567.018637375081
3567.613577190259
3568.054155975529
3568.792372290403
3569.547860125784
3570.431793586920
3570.821350540305
3571.200200958000
3572.114728002233
3572.385831246585
3573.173011855289
3573.819796625679
3574.582419145158
3575.047528520383
3575.813976084978
3576.718031823731
3576.922028445981
3577.587659470384
3578.109332777763
3578.840643376438
3579.332359895211
3580.161077184133
3580.958632593581
3581.337424088164
3582.180745844058
3582.589833477327
3583.253679084618
3583.989491050726
3584.336303526885
3585.000668992338
3585.558916690171
3586.784696935581
3587.187887454452
3587.472371271815
3588.324557663455
3588.850713247794
3589.632280697121
3590.079431638194
3590.555741339461
3591.248452218701
3592.251292720788
3592.760800889007
3593.293242008928
3594.001771205020
3594.609350923350
3594.988572194889
3595.638704273406
3596.366562894517
3597.115032921803
3597.594895382736
3598.208267178132
3599.280321632583
3599.718533166697
3599.910730667996
3600.905875466264
3601.115960644302
3602.006866599841
3602.653511326936
3603.291225405976
3604.048232754788
3604.567762162840
3605.269892073269
3605.846944105524
3606.429455284935
3606.932046668489
3607.499927014951
3608.202875072765
3608.961262193670
3609.742097996482
3610.298463388502
3610.824962269773
3611.264398062626
3612.253356658623
3612.637119672191
3613.130328268516
3613.707047755169
3614.676625868800
3615.150382475087
3616.156370264791
3616.512051421557
3616.891125063562
3617.577688477068
3618.382535374753
3618.941748520471
3619.370299917278
3620.012064957250
3621.057432351382
3621.645754391525
3621.907181091266
3622.902091952709
3623.283374723429
3623.854689998808
3624.281401760481
3625.259559722155
3625.780645558484
3626.510156668463
3627.126658048666
3627.665778711789
3628.552129974036
3629.060766531202
3629.352679336997
3629.959386754816
3630.765326411275
3631.457604653868
3632.169854072933
3632.756661289274
3633.329478589301
3634.093635582474
3634.609949545061
3635.005663988787
3635.849674818434
3636.392205355464
3636.804000807697
3637.737172679695
3638.715732237190
3639.001704854827
3639.426755091162
3640.168198232512
3640.873430854458
3641.357574491196
3642.167778825614
3642.345085601347
3643.334312769632
3644.222190877188
3644.566808625987
3645.423905972703
3645.700085403251
3646.336742464624
3647.059544707396
3647.570048596885
3648.295914967373
3648.923986173206
3649.621376843702
3650.302450853239
3651.035252667674
3651.367227346207
3652.066835095767
3652.642003464997
3653.176374673343
3653.712456218226
3654.901247089742
3655.164267102748
3655.799274740774
3656.500837856896
3657.215329941325
3657.682892399581
3658.249526501330
3658.974169326920
3659.139317664347
3660.355873151042
3660.976698563368
3661.486894428151
3662.071473231565
3662.748674459927
3663.400846180265
3663.843961532847
3664.377149164069
3665.298907318263
3665.632825872678
3666.378015288444
3667.384029812361
3667.816042214336
3668.422910692457
3668.695772792012
3669.436944136080
3670.395215729623
3670.700365360765
3671.164477872338
3672.198478071673
3672.759262016285
3673.481748307852
3674.034750159716
3674.477566144746
3675.210616518038
3675.586295815373
3676.429364632032
3676.949553542441
3677.748319464780
3678.468063954185
3678.997643026463
3679.469705264341
3680.372143663434
3680.865751336816
3681.317471148745
3681.686070922437
3682.722195167400
3683.424301409371
3683.958106383198
3684.763345842190
3685.064818219219
3685.918828351755
3686.315227522347
3687.162302253640
3687.592920455505
3687.924750765111
3689.037559228657
3689.754604645254
3690.199898747106
3690.928862211492
3691.371135915243
3691.962815773053
3692.772436277216
3693.086234320363
3693.801404520653
3694.747742193585
3694.917409399769
3696.100036613635
3696.454483525188
3697.194936136642
3697.597611966909
3697.998740704704
3698.958814999433
3699.449577512200
3700.216251153606
3700.676869588608
3701.525822530860
3702.247987975012
3702.690105368742
3703.234654520700
3703.826128950951
3704.468105171717
3704.983910304844
3705.739082569219
3706.461732681453
3707.324252289629
3707.654392021936
3708.085864171333
3709.090681094479
3709.552426379058
3710.002940610450
3710.670716086051
3711.082203156987
3712.344453450579
3712.792422915422
3713.230565979098
3713.825255823926
3714.659432220491
3715.132314340092
3715.570305480459
3716.341789450880
3716.981510416788
3717.466236627031
3718.451859285911
3719.122739930929
3719.521464373687
3720.005808211470
3720.897402430536
3721.138959728258
3721.875364333659
3722.736776124570
3723.096581789346
3723.966355878274
3724.534593583779
3725.277543833688
3725.994941615536
3726.141725955516
3726.789982985447
3727.663606630365
3728.009596267508
3728.945421426807
3729.676777759593
3730.006330557648
3730.792667516429
3731.547037916402
3732.008561779413
3732.389058793971
3733.179323674751
3733.691593849751
3734.429866130387
3735.211578463699
3735.841763283486
3736.548558157722
3736.925586105542
3737.339683495172
3738.471207497621
3738.792701680445
3739.244554035907
3739.803307515095
3740.939226801075
3741.645640783864
3741.816141492497
3742.699901945498
3743.107136002926
3743.756349971178
3744.480522101597
3744.976233678241
3745.481089322006
3746.467732622187
3747.011138519547
3747.607672546089
3748.313233965839
3748.927025469723
3749.356250330601
3749.812163084578
3750.573639286407
3751.356725632026
3752.056401006593
3752.402164840381
3753.363416048315
3753.828056606468
3754.618062474211
3754.924027875458
3755.553036398981
3756.135298164288
3756.807164793471
3757.649017356622
3758.177731245225
3759.074463786770
3759.283227784388
3760.002794213968
3760.742664577177
3761.321442115138
3761.670568989318
3762.361393703786
3763.132977736843
3763.864079707694
3764.636332359974
3764.998704972787
3765.796453164514
3766.010605252930
3766.866025876694
3767.554745722060
3768.050957512393
3768.535893286096
3769.402661769988
3770.267298996415
3770.752068963334
3771.260954306627
3771.726635623023
3772.496181886189
3773.024920178658
3773.664898432322
3774.225360138508
3775.203421980500
3775.500539170264
3776.449009079265
3776.877116415395
3777.424010225403
3778.255781742661
3778.536076604380
3779.056681846418
3779.898337198288
3780.956050853539
3781.297871948523
3781.529160740365
3782.702974090932
3783.177697037516
3783.674849420067
3784.163268743030
3784.741218533224
3785.673435813969
3786.006558078359
3787.036940261839
3787.737319570645
3787.858741754917
3788.745256805433
3789.231368671155
3789.952397060876
3790.439816823973
3791.092225936728
3791.662703850289
3792.505998024868
3793.275450497443
3793.831255854489
3794.251246009763
3794.688637181765
3795.647184452017
3795.987949961094
3796.754394156401
3797.312315370888
3798.005152698163
3798.858553312154
3799.367951773722
3799.865827320347
3800.641129849273
3801.073485281010
3801.400872312959
3802.524653253031
3802.874329159497
3803.619760283188
3804.504651555553
3804.817209378002
3805.549079846458
3806.113462365693
3806.840621332806
3807.216735013626
3807.784242787865
3808.399008514946
3809.626417084601
3809.818285009384
3810.560630392503
3810.957146916406
3811.869416021063
3812.310359047562
3813.018967498283
3813.287778594359
3814.058792989390
3814.915888086274
3815.665988848877
3816.002343012954
3816.940240209521
3817.247040560647
3817.908530501260
3818.319869473764
3819.364595771922
3819.635298792213
3820.281517945034
3821.208354300230
3821.668742755393
3822.659102081646
3822.870264569620
3823.452256356113
3823.881484024881
3824.885058165583
3825.348658356244
3825.877665798226
3826.713703036069
3827.508569576623
3827.824097662814
3828.680350880342
3829.027700825148
3829.843237963626
3830.226567978707
3830.713149996172
3831.667885400469
3832.497685798703
3832.828525362919
3833.525687327353
3834.168426680385
3834.773725241086
3835.296007421892
3835.977571515945
3836.477860345008
3836.927242791466
3838.071503952550
3838.575816786667
3839.287780726789
3839.613901474823
3840.200381570625
3841.160038238632
3841.500610380695
3841.902795301057
3842.937929953227
3843.232707210683
3844.218604434117
3844.948436217410
3845.263993155591
3845.945140443834
3846.463127305885
3847.163628693463
3847.604483671591
3848.325832735890
3849.189311741438
3849.719604808498
3850.083768899094
3851.337302790326
3851.621445930167
3851.905830212988
3852.678189030694
3853.173884127374
3854.113378865944
3854.539814087003
3855.285287614474
3856.007121732893
3856.600263377150
3857.102860269897
3857.730420035151
3858.395531354795
3858.836872022242
3859.504282590553
3860.004375431130
3861.103650495600
3861.593338214443
3862.260929935264
3862.491863197965
3863.381330311187
3863.956097815363
3864.590684775952
3865.090516507085
3865.510012992381
3866.585821701765
3867.268705656239
3867.752994299600
3868.283997467243
3869.023657379921
3869.371381049004
3870.166682790225
3870.645921582259
3871.408364361978
3871.958274367815
3872.733517052011
3873.389022193393
3874.076461980929
3874.490499690357
3875.084791055532
3875.696077696236
3876.135188025366
3877.062410005955
3877.586473154452
3878.368662556667
3878.890957377556
3879.540421582895
3880.129284934525
3880.948834727214
3881.293666764071
3881.558700709443
3882.507788966509
3883.442436208814
3883.744109949038
3884.545873977826
3885.247637439139
3885.654927443987
3886.306186810577
3886.877091777589
3887.619225937154
3887.964587383381
3888.662377387590
3889.488957131579
3890.279988776634
3890.847104098563
3891.176733526968
3891.957427084049
3892.292682302840
3893.274175324847
3893.857116874436
3894.020572059827
3894.962243532762
3895.925766178414
3896.536631851942
3896.650586572315
3897.543476530713
3898.107162816208
3898.712946322132
3899.086801370563
3900.002067718327
3900.629743479783
3901.440151863213
3901.664500683925
3902.623788205072
3903.282473257928
3903.752239455071
3903.940609691690
3905.021203649665
3905.315057395510
3906.249157241356
3907.075977830895
3907.400627468437
3907.965870683573
3908.824178157194
3909.464073655306
3909.680236310496
3910.405049677319
3911.114974286772
3911.574726926151
3912.730862112900
3912.994425404207
3913.782502866002
3914.236705881848
3914.765886588486
3915.586235876976
3916.058985891899
3916.547088673867
3917.316582126004
3917.994478890285
3918.682775534473
3919.457773736795
3919.972222179120
3920.352765493185
3920.879099498012
3921.746846654903
3922.223625853019
3923.025604679696
3923.350585385120
3924.316147481699
3925.005282872198
3925.518509235427
3926.069171085002
3926.482119968400
3927.337951951935
3927.864104319852
3928.193966873247
3929.424564852768
3929.804847464656
3930.428971317106
3931.010907131958
3931.688217389847
3932.329815639479
3932.938473255580
3933.232010638751
3933.805096338120
3935.041714555153
3935.303883277423
3936.179107248083
3936.533716477683
3937.192945426467
3937.988491380830
3938.353762583527
3938.974838858196
3939.559262266990
3940.225463419817
3941.060200284373
3941.634020467091
3942.345997418629
3942.891271781378
3943.363495254703
3943.794665919123
3944.747871904718
3945.238045961418
3945.770982651298
3946.413402559460
3947.384871609516
3947.914520812436
3948.299056524337
3949.175509797889
3949.610349320549
3949.879085035058
3950.859511361467
3951.469060455255
3952.194863443757
3952.586855602158
3953.587675411944
3954.040128292653
3954.537735381803
3955.244944144931
3955.702978667643
3956.371021036884
3956.815961908492
3957.777331314738
3958.462517100321
3958.998133472347
3959.571432975887
3960.124767557918
3960.767307801736
3961.561987284004
3961.836259083704
3962.430337155389
3963.121752704758
3964.098231661724
3964.835896441386
3965.045370563692
3965.556595864680
3966.525406804853
3966.923444456045
3967.586953291262
3967.929576917697
3968.857960620825
3969.586577578335
3970.007073609906
3970.867172974396
3971.640936775093
3971.766444441385
3972.378643178219
3973.070615157016
3973.791980316570
3974.356258006903
3975.141371413810
3975.525397616876
3976.506700751963
3976.980753078414
3977.597956287218
3978.026993012298
3978.651506432531
3979.169186006049
3980.168434070388
3980.372352878882
3981.525609113472
3981.958052057204
3982.286883068287
3983.387676010961
3983.561556981737
3984.327045036490
3984.800193903722
3985.447065574614
3986.047389073744
3987.114962937190
3987.556598318868
3988.012609698685
3988.647419449018
3989.288774761357
3989.914128008529
3990.445669247984
3991.065555873556
3991.609061974984
3992.369609688798
3993.331284390833
3993.800142692970
3994.071629896207
3994.926249625792
3995.310919128748
3996.146119690848
3996.722767898293
3997.014179520639
3998.265127440488
3998.494271297780
3999.296328281210
3999.846389581241
4000.684051542077
4000.949910880843
4001.443755722364
4002.096052221777
4003.031067673750
4003.529001467247
4004.294773301029
4004.644809769636
4005.623191877501
4006.034913574955
4006.686975262678
4007.044768783825
4007.852598373348
4008.188949703650
4009.352568933994
4009.710521372008
4010.346765658332
4011.256141063487
4011.568097226718
4011.971597356850
4012.851520405147
4013.620392362012
4013.829366634232
4014.335201926600
4015.646255539993
4015.979556113135
4016.686883172427
4017.084236891671
4017.700439500842
4018.417856626003
4018.955137679860
4019.501145562145
4020.234824424093
4020.770389198447
4021.653614227371
4022.270946898610
4022.843245707158
4023.242397510083
4023.940462770288
4024.480513664886
4025.067169184667
4025.801548030654
4026.456025764447
4027.177531412373
4027.695008034501
4028.362239746777
4029.052413465673
4029.496408053883
4030.109357996019
4030.529303708036
4031.261621275838
4032.110642235810
4032.796815089733
4033.295826466511
4033.853652527722
4034.440944937674
4035.418171276784
4035.567713092095
4036.137187509070
4036.737986234582
4037.744672402876
4038.124681672509
4039.054296623788
4039.453280554089
4040.190887420923
4040.511846862564
4041.292789146302
4041.771160854463
4042.614804480540
4043.003447917974
4043.616872061280
4044.598285968995
4045.255448507381
4045.761696740833
4046.004239569291
4046.741661108736
4047.536921562888
4048.050129325653
4048.528957073376
4049.340152544635
4050.225955311852
4050.428850025978
4051.453245654649
4051.815098192873
4052.286688224287
4053.109544139198
4053.418821429262
4054.146673102508
4054.985924185822
4055.734695409674
4056.113797138125
4056.744995464755
4057.390960303730
4058.328300255397
4058.427006935102
4058.924038963948
4059.792787914618
4060.398902510106
4061.249643146474
4061.867534225445
4062.331943001544
4062.963517202117
4063.473927698940
4064.243653587438
4064.777988865486
4065.255910653323
4065.802300760872
4066.851176945520
4067.359670232766
4068.009479045511
4068.503348557216
4069.182333541990
4069.807800745361
4069.981195371462
4071.063635332062
4071.660854927758
4071.998742277292
4072.884026177015
4073.721594688999
4074.117553824775
4074.730863375084
4075.258821305934
4075.749887823678
4076.393683562112
4077.278124036619
4077.686657428328
4078.417550938322
4079.132332373120
4079.782560742898
4080.317616632687
4080.689669783038
4081.670011051648
4081.906369561763
4082.527706851491
4083.204209011162
4084.373996761849
4084.633392151306
4085.120869163887
4085.715312578958
4086.727372207032
4086.890932597896
4087.618303178049
4088.164046353854
4088.620649320073
