26.147790023482
26.639381655297
27.356710079323
27.852581891072
28.724233443226
29.568888303147
30.278483140510
31.053020933901
31.630410647418
32.471745366654
32.634712654378
33.523536366545
34.979818146455
35.594084829527
36.337104313946
36.835492425305
37.720801500467
38.170073665514
39.064811785930
39.685773393667
39.909883546657
40.869554007439
42.167275780936
42.579929581959
42.949797752845
44.207678074069
44.708769722755
45.291665970955
46.360112014899
46.815151362955
47.812809721719
48.105352380867
48.812451572551
49.478612079524
50.144755856516
50.830674469256
51.284492247865
52.579022866843
53.151237884936
54.141146165216
54.958546204097
55.189810132914
55.596110857161
56.369654421968
57.082626557423
58.160624281357
58.540708812263
59.291903371676
59.784005881939
60.337675899609
61.584243536239
61.961737581660
62.759844888214
63.455182884858
64.365453867406
64.791485323965
65.728656308735
66.128103530551
66.636980116476
67.318466890143
67.862956964602
68.589553099874
69.229445464556
70.407084430628
71.125600583956
71.634960366149
72.145690599455
72.850854374739
73.740313216509
74.196825101841
74.862825559859
75.301787579337
76.346219130218
76.897415216358
77.384855689913
78.161879267619
78.749689941400
79.060641530669
80.221033274275
81.393007041678
81.726400871961
82.350791515389
82.760288511997
83.657657377708
84.143354952935
84.745714542772
85.099747146906
86.137487096758
86.808196588330
87.227308548921
88.047596232590
88.947806630559
89.689754094206
90.144633034109
90.770064911256
91.410094127214
91.820088487062
93.190696091221
93.422448335073
94.006616509816
94.681142684179
95.148905637880
95.429918383786
96.694271751276
97.022030243844
98.038825566566
98.717144824415
99.460134454643
100.188938001520
100.582404134838
101.292538200073
101.665133967614
102.389216792461
102.873164937114
103.697361129448
104.511889900846
104.879918473215
105.776757975330
106.303130057510
106.770214586812
107.681255948232
108.589583117180
108.721801554711
109.958990308054
110.433703120331
110.854337757531
111.193998956178
112.239610626116
112.870542343726
113.302478919240
113.715033144385
114.187875829005
115.311169130707
116.288138632906
116.963481211025
117.365180669842
117.904844415602
