23.902429304861
25.284389755350
25.792313590966
27.131915486595
28.234566119906
28.852055033207
29.574227093748
30.663419728920
31.424101647368
32.697264661306
33.495852519740
34.354570047598
35.281469362828
36.028355544516
36.591156941270
38.199893082308
38.815213125488
39.597086180215
40.671580733518
41.430298706061
41.917814544700
43.126256083823
44.086555864864
45.197833324789
45.686079544257
46.453341540668
47.604105644817
48.007574196425
49.193202275215
50.087497272332
51.195689707476
51.752503702381
52.321228109578
53.392963144712
54.169468938913
55.113463361005
56.068556873857
56.913869780892
57.731387155970
58.357440355194
59.008966531088
60.169164956364
60.942628086238
62.052154396342
62.574827084220
