25.887416775607
26.509379735402
27.354960332345
28.361139922464
29.221162287946
29.316376909623
30.555642564112
31.529232893139
32.147483733146
32.789836360221
33.455597152211
34.065149017927
35.369843193978
35.833354252005
36.346135144656
36.730541353111
37.626685242847
38.479622671260
38.791569203683
40.312378102044
41.016889667667
41.591969921370
42.213156119174
42.920829659642
43.578148437975
44.230441288063
44.824773305383
45.475537634627
46.495908296316
46.895737322101
47.824888522502
48.558172967686
49.055439391296
49.627371886026
51.089000918771
51.347847124334
52.261565045871
52.691529597315
53.369889974295
53.947925860306
54.784778554864
55.393109467029
55.686572141324
56.585960416830
57.526201459815
58.468293214939
59.180251400706
59.714629823428
60.439602352058
60.828575565707
61.469299976704
62.364577429992
62.939979103467
63.946762140996
64.355711681257
64.850333059792
65.372755874217
66.143521440381
67.200998279400
67.960471113133
68.333113056667
69.307055032965
70.027162478601
70.714219283736
71.175099229265
71.600378315091
72.394329543680
72.816397734961
73.481265401465
74.620282244375
75.245482265068
75.571006682697
76.686610709411
77.256002529665
77.984692175185
78.400970782254
79.068743028131
80.062176284632
80.663120595791
80.913138984832
81.699949047958
82.699551766680
83.008037689666
83.348702808080
84.288829143950
84.759950979450
86.101369677556
86.976308743659
87.201496680861
87.804417651714
88.404064013900
88.859194002267
89.708909931912
90.424614002638
90.825697999008
91.613814613598
92.131961793777
92.962255478959
93.752697958462
94.138776202728
95.143553736260
95.630232343840
96.128370086117
97.109164379954
97.670742641231
98.341715366542
99.025897104796
99.502822897102
99.938465120098
100.603909854700
101.019692432338
102.074966855355
102.569770262399
103.648123736711
104.210714088968
104.776420195295
105.357210471054
106.384453446631
106.816460885138
106.908266260004
107.504962926127
108.638864675353
109.337458536956
109.855462754108
110.378560891396
110.980043684579
111.456715051871
112.387124362293
112.997024165675
113.925290047854
114.500442545335
115.316372495239
115.480509008415
116.348540737485
117.053630896795
117.302329790617
117.962238750834
