25.638649497160
26.312351063509
27.200703237711
28.109352029808
28.544516539206
29.389733568530
29.778857709581
30.557714243182
31.021555469517
32.845495332267
33.120622215033
33.837602955556
34.778969894395
35.316348716405
35.799227502035
36.531496759698
37.532761990051
38.001624910390
38.875907341393
39.347704144085
40.140879022816
41.029390015899
41.592374182533
42.363767613318
43.183386095683
44.202140155142
44.750445632253
45.643594337535
45.927395547358
46.133599323763
47.305883990588
48.025325326031
48.493304286335
49.340691775692
50.098688176248
51.072460509168
51.913719318850
52.373624277978
52.897698442471
53.604223492295
54.339090283118
54.993970938867
55.841921012951
56.536774915711
57.035422977022
57.686017645787
58.076080474123
58.918100848352
59.810303538879
60.920940631091
61.536482534902
62.119572692372
62.339271579600
63.670166677005
63.801897736062
64.705806379353
65.182304603871
65.368243504540
66.695018355617
67.539991054287
67.804197771641
68.795323894057
69.452696439561
70.043874730862
70.663001234020
71.578911130752
72.185110507582
72.795323288142
73.449873590662
74.063588777518
74.779375602327
75.111579566404
75.824646654520
76.567873804930
77.317785726936
77.975802954299
79.172261127691
79.800652498198
80.191615180939
80.760650154612
81.270358188438
82.012702323593
82.357641107049
83.762848458271
83.941388281973
84.538794249901
85.317836969235
85.722092022425
86.682026269475
87.632765144674
87.944694428448
88.557822544812
89.551370550874
90.110056039006
90.915072696304
91.271822758583
91.816233973845
92.568140012812
93.164524337166
93.392313732761
94.339801785121
95.121791436224
96.219077078611
96.731707458797
97.165297748442
97.754733418998
98.669760444084
99.218218655398
99.576181388632
100.396851203179
101.115475728499
101.554292595545
102.271946798079
103.204782638299
103.551323356268
104.054844712058
104.407363234986
105.884361815211
106.334710124019
107.233964285054
107.665216882407
108.201847162127
108.886852224665
109.433537833708
109.884226482605
110.595971534902
111.244396618907
111.892455153194
112.463103057395
113.264719143373
114.081643961523
114.602875519200
115.516366666992
115.965125967259
116.412850609318
116.954380024483
117.713713374512
