7.218628846831
7.962800524424
10.657841117458
11.250586457684
12.348208223577
13.299843808167
14.389234297191
15.826282300983
16.643515789907
17.973504158970
19.545232970453
19.995626973526
21.563101594866
22.618600675533
23.492328724578
24.085710841371
24.929454158817
26.735934205237
27.745642902341
29.017672940310
29.789174984587
30.625793626408
31.480573638771
32.692695168265
33.639909491724
34.728573925655
35.246769815143
36.669485718156
37.787357903548
39.310626017716
39.713816263519
40.171686035927
41.691306888643
42.238996804972
43.067402620812
44.223540962806
45.919657033667
46.417946795447
47.398835898584
47.968291182810
49.362407892060
50.256616804938
50.953003268903
51.861330551476
52.625723683788
53.482739347471
55.017046240896
55.967301669335
56.808929301510
57.830930573370
58.483632114976
