1910.785407704754
1911.586561952832
1912.359360349670
1912.577242255413
1913.560509675951
1914.984033135287
1915.845648769706
1916.289142243309
1917.032247300830
1917.544026368274
1918.277570740147
1919.138217939225
1919.925342721835
1920.628692434947
1921.449786226157
1922.118523005960
1922.646286059631
1923.927077692253
1924.600398971390
1925.342505819154
1925.992117499756
1927.110693498564
1927.665386363583
1928.414365597138
1928.687956681625
1929.599969724110
1930.037058459106
1931.354664260075
1932.183201371044
1932.967494448510
1933.702182463430
1934.476660223475
1935.355874036119
1935.786162791243
1936.273338570629
1937.732140362837
1937.935320926550
1938.889336465285
1939.459911240403
1940.451939572727
1940.669510799648
1941.869800699148
1942.957603341297
1943.842064891488
1944.436475675507
1944.927450196287
1945.509573414269
1946.535092711694
1946.909382416148
1947.968206322894
1948.517425933730
1949.136545071228
1950.545160480337
1951.268030504366
1951.836743862436
1952.308109339082
1953.375552152183
1954.006927968219
1955.099225322193
1955.552380393655
1956.225190229673
1956.849448168655
1957.664040190181
1958.141207176831
1959.237565624530
1960.310395637613
1961.081206173548
1961.911977216568
1962.262505889750
1963.426506905615
1963.761095984999
1964.365510445165
1964.928401014760
1966.382104252000
1966.906442320580
1967.474910411057
1968.184395238318
1969.148138435746
1970.149230152631
1970.727044524583
1971.499252327192
1972.512973198969
1972.709087322832
1973.936358416822
1974.406082438399
1974.786990528347
1975.768271988514
1976.262590078236
1977.612277879783
1978.435226912735
1979.461949422530
1979.794991799182
1980.424501551792
1980.985129643767
1982.108483117185
1982.760747230716
1983.583434588465
1984.048825221188
1984.848416663071
1985.657174955593
1986.493182901725
1987.288001479533
1987.911437911429
1989.134390009301
1989.943648767812
1990.425450919277
1991.063368871253
1991.514762652848
1992.473812927732
1993.100836701819
1993.820204188171
1994.748724188798
1995.937402457171
1996.138596405162
1997.445899004187
1997.898579040035
1998.637304506172
1999.248011396505
2000.190273926939
2000.772903539574
2001.890919611425
2002.363653862561
2002.782231118777
2003.653776184546
2004.134955874314
2005.913314577421
2006.485410495524
2006.851092567510
2007.782839692969
2008.557858973454
2009.271911868528
2009.584483435719
2010.618207816853
2011.094251078636
2012.201132304161
2012.849843403430
2013.749912916221
2014.503895152779
2015.318205399407
2015.842811423443
2016.752811295318
2017.771765760841
2018.299168388755
2019.126104452366
2019.504688338868
2020.054802109014
2021.235392688312
2021.768147478364
2022.413080056507
2023.699679169581
2024.767187420245
2025.076429804916
2025.957577610892
2026.411015175182
2026.934123862419
2027.931956250027
2028.815314226290
2029.628016218037
2030.074848524062
2030.766336879462
2031.678070897211
2032.623976456762
2033.194588084703
2034.455561306841
2034.789710603605
2035.710241408377
2036.253737756876
2037.182946555689
2037.772304994225
2038.291115339666
2038.696817526199
2039.961877250393
2040.967927389304
2042.016988124424
2042.249731148451
2043.036377439475
2043.881683855817
2044.719245178866
2045.234201109270
2046.015116273116
2046.793508891565
2047.604692782380
2048.310479632308
2048.822751188766
2049.465590791867
2050.687793985383
2051.384380054622
2052.526000264387
2053.169685987489
2053.566696541298
2054.458886068165
2054.744059857418
2055.769598027781
2056.331993077220
2057.391418815438
2058.100459885444
2058.495509660514
2060.027281641902
2060.437413829083
2061.411543522898
2061.576109410856
2062.447772094842
2063.880094962265
2064.261720357548
2064.616223976466
2065.532919781989
2066.257338662310
2066.619831103380
2067.728624568313
2068.840538480419
2069.638328439195
2070.389549702760
2070.992538026418
2071.671070741988
2072.381780143593
2073.036041756425
2073.673429050074
2074.520685133855
2075.292737563812
2076.221573505045
2077.040592692743
2077.285813100711
2078.371238134401
2079.323152876153
2080.236515006724
2080.708120871685
2081.469053661885
2082.168080128719
2082.738692185605
2083.695698213950
2084.223248155318
2084.600758470223
2085.762284684712
2087.029654567070
2087.696878711842
2088.253203946483
2088.990752677652
2089.724968192020
2090.156933992965
2091.034580052748
2092.194935962412
2092.668773129840
2093.235655517099
2093.833887715953
2094.709034127534
2095.832756255209
2096.329456372404
2097.374522884635
2098.012331734218
2098.952263809237
2099.638608246173
2100.205418068548
2100.589901344398
2101.238594481972
2102.314530105771
2103.096139613241
2103.887484112426
2104.692161741867
2105.645474347001
2106.328565916850
2106.830471081757
2107.658745084380
2108.672357586678
2108.943317959718
2110.007756384981
2110.657776071393
2111.367600803687
2111.843983837713
2112.782069619944
2113.178157894748
2114.858116914603
2115.610322669760
2116.080106232607
2116.630143299385
2117.232983552066
2118.245587858242
2118.795658187190
2119.558628031129
2120.066692323861
2121.162344167282
2121.868071973157
2122.631254575140
2123.572707599213
2124.321864874524
2124.567788696679
2126.075955973307
2126.370980501661
2127.322027136279
2127.934231401848
2128.523033191480
2129.100843641893
2129.771662295854
2130.692925939663
2131.747928546981
2132.676932031719
2133.071250692145
2134.382604505692
2134.879174984785
2135.062210996837
2136.020843866376
2136.592210909794
2137.769106806066
2138.414086980141
2139.181687292946
2139.494916350948
2140.387665783255
2141.435771565512
2142.400339696613
2142.820547040425
2143.948145877497
2144.501539103880
2145.078696215945
2145.829117829803
2146.504548657012
2147.098513970893
2148.019583212686
2148.294161904030
2149.892834199456
2150.603997642889
2151.478004423133
2151.617788713748
2152.559815216440
2153.285769112827
2154.183530302667
2155.082387183525
2155.435037054070
2156.064178812157
2157.031150606992
2157.826788014831
2158.216481923817
2159.130231982408
2160.409122408800
2161.081918493196
2161.794536712368
2162.491689513517
2162.921982040669
2163.892678631934
2164.139418791010
2165.009221327959
2166.243090594675
2166.602340781503
2167.417683223930
2168.498306500694
2168.928832872812
2170.223777065264
2170.447742556882
2171.182155159453
2171.983234485473
2173.074104459264
2173.602252843620
2174.166379926561
2174.815905032705
2175.188620202375
2176.301832606901
2177.486568859694
2178.234611658570
2179.072453966159
2179.549036698753
2180.197715841127
2181.150650107436
2181.577495721170
2182.201429634620
2183.259857186941
2183.897136558898
2184.596435419603
2185.329471367147
2186.506935766501
2186.746315443672
2187.605868048988
2188.625199920436
2189.674086618899
2190.137363628418
2190.519568476535
2191.220515921082
2192.164899006998
2192.757265175063
2193.361334961090
2194.233596007016
2195.123444446017
2196.395895672424
2196.906818922009
2197.484614377349
2198.053041689017
2198.800985661431
2199.545483885325
2200.566554941251
2200.998464159213
2202.017967454516
2202.521940291514
2202.937919642103
2203.897237648966
2205.051908527837
2205.825006823305
2206.578629451835
2207.094680408166
2208.132317279803
2208.602101541271
2209.344933998480
2209.879198127127
2210.415006861402
2211.253013192850
2212.696200544894
2212.968847265168
2213.840455875105
2214.639066111096
2215.477031079390
2216.060117561296
2216.719990568600
2217.719601994249
2218.272964900176
2219.088528265098
2219.591427192896
2220.380281066075
2221.117480559146
2221.616016514073
2222.717718646273
2223.944084176774
2224.551304065731
2225.106463603220
2226.015361375016
2226.262672763819
2226.773140323100
2228.141719070414
2228.652610635125
2229.259837345752
2230.068291690016
2230.785421484687
2232.018427383270
2232.472376039905
2233.087929954338
2233.927086172166
2234.916847241723
2235.510058497486
2236.455237717496
2236.718723938332
2237.545416189238
2237.966961171557
2239.056604953567
2239.436580301486
2241.020710249825
2241.666201463337
2242.115649601763
2242.945851673584
2243.732360977743
2244.438912454694
2244.950033669374
2245.520876302207
2246.621060721698
2247.386960208084
2248.221191039340
2248.399048746262
2249.339100367470
2250.285102234540
2251.221176541580
2252.304802947369
2252.541334308359
2253.200128093149
2254.211639362013
2254.683560622896
2255.318858727546
2255.987857579694
2256.707465271725
2257.691022602124
2258.416477361310
2259.632022768104
2260.193810818277
2260.749919310465
2261.381469997113
2261.948765188311
2263.201080604630
2263.740349956618
2264.571433230297
2265.006590382069
2265.511916406929
2266.552078708745
2267.210475611514
2268.329092869866
2268.777623339092
2270.057166348840
2270.691844099566
2271.275502807034
2271.635213566590
2272.598278374336
2273.093392515484
2273.774397619207
2274.998728044479
2275.333568999937
2276.488249202279
2276.920844266187
2277.955916594568
2278.591790546973
2279.390121675280
2280.100896301243
2280.920265232362
2281.498057598676
2282.166867119196
2283.209374067360
2283.535406273073
2284.276174983507
2284.495591250937
2286.352793796944
2287.073774890845
2287.633922192697
2288.340519219069
2288.855579832682
2289.704503279588
2290.461842165513
2290.903563427227
2291.920529676508
2292.636343233888
2293.160658516762
2294.205232287016
2294.745495161833
2295.614375479709
2296.669941093143
2296.905877512416
2298.095472510344
2298.989738120039
2299.435797598457
2299.898707667065
2300.556482637026
2301.253665139484
2302.161662418343
2302.972690196269
2303.681776619836
2304.785020720776
2305.463793624471
2306.300907741485
2306.811608408002
2307.350942595552
2307.992026472567
2309.041381697874
2309.956898547719
2310.502972053345
2310.808292050819
2311.890696776662
2312.385644049580
2313.311102519533
2314.442699043866
2315.305029038121
2315.805331987912
2316.356908176316
2317.183755412560
2317.883926366936
2318.608843469950
2319.013180880019
2319.819183162109
2320.653649683000
2321.764297963038
2322.563812365174
2323.196370402748
2323.672695674545
2324.473583762252
2325.607579032593
2326.015525048220
2326.890467647280
2327.361910506314
2328.331114757409
2328.884842003004
2329.325972551034
2330.356376450868
2330.978000006123
2332.269032396964
2333.057538174266
2333.527542997119
2334.530371726549
2334.866909317851
2335.368762629128
2336.267388262901
2336.899977270503
2338.118434079647
2338.570098207939
2339.176188513658
2339.772325861389
2341.384286409578
2341.562049930732
2342.209710443244
2343.133705367261
2344.006851802018
2344.673622974827
2345.460600080378
2345.905115990555
2346.456269771528
2347.227539521036
2347.876449028271
2349.048539597538
2350.115599713778
2350.557695945616
2351.521641429860
2351.852859401890
2352.756104820039
2353.216587610818
2354.348291321345
2354.889796090307
2355.278690820941
2356.565660564166
2357.022123424482
2357.673914953632
2358.552256747585
2359.142486231379
2360.498322705289
2361.133652082353
2361.738601393149
2362.355965292077
2362.892984491058
2363.613287013446
2364.572463286466
2364.966205336795
2365.691097723276
2366.681968559911
2367.770960546533
2368.307032397033
2369.183255174198
2369.753118788466
2370.493545925451
2370.919263262996
2371.980114253179
2373.024316998513
2373.328049732618
2373.928510896029
2374.820466455780
2375.038942287642
2376.309364948712
2377.342334520275
2378.109741661386
2378.582019923986
2379.528371512932
2380.252983392076
2380.926184255067
2381.274558134040
2381.828790935189
2382.898500322850
2383.876674028762
2384.315860189590
2385.204349969711
2386.095297863145
2386.722905063389
2387.398764420780
2388.429046756452
2388.892064335167
2389.908029374529
2390.452288431290
2390.909753865506
2391.872457798710
2392.391985242732
2393.274096535971
2393.556737968465
2394.864323358188
2396.123820087736
2396.695015080375
2397.216371741278
2397.368365043680
2398.608472141925
2399.106046874256
2399.970753543246
2400.735023637471
2401.460358517896
2401.927759521396
2402.861490609221
2403.773454249346
2404.332709710847
2405.306686854070
2405.902499048860
2407.034794525851
2407.446868649111
2408.141291117966
2408.936551478113
2409.456285636484
2409.963907041446
2410.594887470954
2411.910606286168
2412.689781233653
2413.322459952449
2414.143101555133
2415.069463221639
2415.412683250419
2416.450853454201
2416.686521793136
2417.554157893005
2418.695365441624
2419.113235279350
2419.925211998367
2420.461795484292
2420.885953440268
2422.169193705550
2423.142323681969
2423.776675650548
2424.658184827800
2425.324485096859
2425.624848072515
2426.510161747118
2427.128007133017
2427.985654712921
2428.492020545904
2429.343962575571
2430.153472062024
2431.256475653689
2431.901311751396
2432.554655229381
2433.121546856242
2433.674248867571
2435.255760474802
2435.371752086264
2436.111343505104
2436.806762563869
2437.262585928177
2438.293892672127
2438.940910816261
2439.423605320831
2441.120826114371
2441.267861951575
2442.418124678090
2442.827643907325
2443.604427671982
2444.201940936192
2444.634503157473
2445.619814418851
2446.391352983671
2447.220403363366
2447.974158069063
2448.453661187779
2449.265176098886
2450.302423280481
2451.037030993134
2451.834603195907
2452.358150531717
2453.020673444360
2454.088604238555
2454.688188651274
2454.953455228583
2455.740019653210
2456.390005146254
2457.291702363802
2458.759776111575
2459.169973663988
2459.720520863945
2460.581023712606
2461.285670537816
2461.698361030583
2462.669732911702
2463.379966115531
2464.128632889765
2465.004459674545
2465.146801126892
2466.207248754852
2467.203819920195
2467.673842417339
2468.453938642978
2469.725356569705
2470.276094001468
2470.967556853207
2471.368720562572
2472.224353290385
2472.492688639666
2473.625308827991
2474.286969524446
2475.114510941373
2475.706232940351
2476.973993688415
2477.537015144742
2478.361906327920
2478.634102799351
2479.519716446908
2480.425089640736
2481.066017801119
2481.817947984457
2482.611123578209
2483.122354957824
2483.682480076205
2484.262503723324
2485.496747702568
2486.656862267423
2487.125486205418
2487.848926799120
2488.334751164590
2489.209179485486
2489.942625349818
2490.554719155015
2490.975738653988
2491.765487593424
2493.032402057129
2493.495604211549
2494.246571140956
2495.110870010841
2495.668424751360
2496.731052650811
2497.134711239765
2498.272538358464
2498.783668703681
2499.464255388358
2499.883690805290
2500.937561419887
2501.345107763715
2501.969747027134
2503.094464395205
2503.917265641803
2504.888494113821
2505.668795426189
2506.169340539963
2506.869358104272
2507.098054338257
2508.046533529609
2509.126563422332
2509.986805328654
2510.146341629887
2510.876565622664
2511.872703811510
2512.555370218975
2513.676999194531
2514.019526667842
2515.036301458686
2515.710413249400
2516.653850807656
2517.142878635333
2517.465926017611
2518.504130855947
2518.993775651148
2519.533824699577
2520.708265167675
2521.672084236722
2522.527928978413
2523.092249494529
2523.382468717868
2524.656265513087
2525.190244176569
2525.707445781895
2526.635913634456
2527.301422201048
2527.953383056418
2528.918431508543
2529.297869522676
2529.938136614832
2530.767105441985
2532.224134494008
2532.762662846009
2533.334890905109
2534.047750166377
2534.559473102378
2535.509944218277
2535.842382598714
2536.608708223522
2537.575919240145
2538.284594033591
2538.877867989987
2539.905104508464
2540.870757185679
2541.360541340696
2541.891758955628
2542.677154566109
2543.535732058753
2544.439153833307
2545.127284261551
2546.834107645126
2547.628147577659
2548.733522227913
2549.336588318324
2550.470857748716
2550.899659918749
2551.782750502407
2552.321811121979
2552.805857763857
2553.629375549584
2554.236643648905
2555.185644662110
2555.932265857336
2556.701741378511
2557.157794992983
2558.148092022625
2558.970759722557
2559.466614688612
2560.775595399005
2561.296616628190
2561.743832831523
2562.379651766269
2563.301818111543
2564.013277764842
2564.446969682054
2565.178365038253
2565.724157523159
2567.517335018118
2567.747993319165
2568.576684973376
2569.338630573294
2569.634491143868
2570.477782768094
2571.377531668933
2572.158400384526
2572.630621389102
2573.526574524382
2574.152646319165
2574.718680358552
2575.503002511388
2576.611482617298
2577.227895420671
2578.076071011613
2578.804639867675
2579.680420047460
2580.241179910621
2580.742117436344
2581.276247608172
2581.870901582950
2583.080253789091
2583.577104862982
2584.770125380463
2585.041084615879
2586.059438707392
2587.052534906654
2587.506087698728
2587.969804438771
2588.829612587048
2589.747375089161
2590.509492324510
2591.011334592239
2591.705866787206
2592.258746309207
2593.108728165598
2593.624125515796
2595.090444471690
2595.913986365912
2596.374981516658
2596.957092985843
2597.731772593705
2598.179970947030
2599.290745059429
2599.529928130266
2600.617649783881
2601.060889524228
2601.874090943197
2603.091759542439
2603.616986053920
2604.116144460390
2604.908298889393
2605.854535077672
2606.693962449898
2607.502343660018
2607.670906844115
2608.763249403924
2609.072830749223
2609.882054454282
2610.601703860950
2611.286930839084
2612.491652491632
2613.204802707641
2614.112406757533
2614.551167791736
2615.272172445272
2616.005457082342
2616.603230171419
2616.941920895893
2618.392044881707
2618.952631120404
2619.631110892992
2619.886596707897
2620.829974758150
2621.938525801914
2622.674317294193
2623.517046276673
2623.935047303647
2625.012748026949
2625.489242516600
2626.120506535807
2626.962623450259
2627.457415745052
2627.738212768018
2629.106955314621
2629.800498815439
2630.740777853963
2631.670451947976
2632.100419952952
2632.618381351964
2633.428627290351
2634.237648339299
2635.161708866845
2635.714454325677
2636.160020464310
2637.049365754442
2637.717861498986
2638.665624558276
2638.864212824127
2640.121388136030
2640.951197846473
2642.189196651148
2642.292738237693
2643.010972180951
2643.506989553668
2644.230938883074
2645.163064089870
2645.687486961791
2646.446060059955
2647.461318354811
2647.885791085800
2649.023221634799
2649.600205153995
2650.397446718602
2651.098066493430
2651.609719158318
2652.548985581674
2653.484438301438
2653.814833989351
2654.732535168477
2655.131440692863
2655.717321064273
2656.385442311722
2657.893556932267
2658.665893541236
2659.184264441105
2659.642262621260
2660.869422578848
2661.192044336348
2661.892037267057
2662.347570619780
2663.369590725978
2664.042564440855
2664.910972395155
2665.537533367183
2666.133687406900
2667.170045260864
2667.687948796795
2668.598344716279
2669.596464878963
2670.039479851959
2670.953975642940
2671.323539844740
2672.009698962277
2672.574657359851
2673.580718909465
2674.221790165841
2674.655268118958
2675.981605075577
2677.138853248101
2677.290926624068
2678.092503626197
2678.652947129431
2679.183274399253
2680.187006813088
2681.227653713454
2681.464932897162
2682.348416134576
2682.862916045299
2683.511975011750
2684.579717749625
2685.216153612564
2686.103517200131
2687.226108033975
2687.567220931048
2688.062546375420
2689.338779960733
2689.513785675250
2690.067702879179
2690.897017724485
2691.411248356877
2692.744288629070
2693.316309603479
2694.178930804104
2694.691329492955
2695.600850515017
2696.265789122921
2697.010395873984
2697.790822440958
2698.278280792289
2699.063516246255
2700.097256247950
2700.438904553290
2701.004296998823
2701.633833061874
2702.592719466812
2703.791212651797
2704.476512719962
2705.290144526599
2705.789362996313
2706.359640136016
2706.956625137386
2707.766238222162
2708.399792757344
2709.431746665476
2709.855121190202
2710.615096507319
2711.369097744603
2712.403715857847
2713.290682601322
2713.539934895885
2714.169331642189
2715.477228919176
2716.143992102797
2716.702167087359
2717.234953555631
2717.656208751898
2718.797139753808
2719.046656887102
2720.039402544157
2721.126014188569
2721.874508338783
2722.664026061128
2723.275097159960
2724.001441875889
2724.472981332997
2725.271163182361
2725.890209775006
2726.729081350695
2727.561805571922
2728.150547310985
2728.906509819646
2729.692168496455
2729.877262694717
2731.471234135905
2732.227954208794
2732.615567645134
2733.648453118325
2733.853325283815
2734.784545991791
2735.629117643244
2735.948839349275
2736.693988489768
2737.297216639288
2738.430889292945
2739.395923184131
2740.234156737460
2740.468925930791
2741.501697248883
2741.878519610021
2742.882261882180
2743.330077645380
2744.680845175149
2744.860811549870
2745.462321221293
2746.069717003258
2747.062397494966
2747.659475296830
2748.621873275324
2749.488703544162
2750.184744288186
2751.306108781067
2751.469106870419
2752.378811748888
2752.621724978667
2753.422335509662
2754.113713695086
2755.407884037987
2755.776276929304
2756.214639443436
2757.487039779549
2758.145082884126
2758.875295025996
2759.443282466326
2760.290770029686
2761.122527026575
2761.611702440227
2762.561591571874
2762.986679906597
2763.903136343927
2764.192826908115
2764.896041390055
2765.780970007831
2767.198227592709
2767.998426713148
2768.137327220966
2769.067258213891
2769.415083942810
2770.475138940672
2771.211827450111
2771.571010013115
2772.390026943151
2773.218037439422
2774.138507382538
2774.501261778877
2775.457855058994
2776.205270152749
2776.865239887484
2777.824109871849
2778.769990661088
2779.133426494792
2779.836529007681
2780.512997380127
2781.114956004693
2781.668605347189
2782.483224125906
2783.309601553293
2784.309002531355
2784.915445392196
2785.850989215865
2786.668434413867
2787.224664867680
2787.727191569200
2788.073068410339
2789.446252541746
2790.039269962419
2790.770055286897
2791.330404644772
2791.998897938228
2792.326486598588
2793.821191769992
2794.273847317247
2795.440358083330
2795.844241554829
2796.650252623305
2797.463577691572
2797.896832296181
2798.457502654476
2799.301951252297
2799.912174038810
2800.575806906422
2801.488336422907
2802.702431047136
2803.046840236717
2803.758787379108
2804.551636505735
2805.074283813438
2806.152851830029
2806.809475380393
2807.445092183051
2807.938275841864
2808.683321832394
2809.590249887746
2810.098692187612
2810.645862143910
2811.474872254456
2812.965594319267
2813.516513920258
2814.014856869083
2814.656084447195
2815.409020388915
2816.135625709904
2816.294477218945
2817.616527246815
2818.149895694100
2818.983177653851
2819.602582187140
2820.160606823911
2821.454587885114
2821.821610257064
2822.763978623070
2823.388846203928
2823.970405274822
2825.083945376056
2825.620722871300
2826.289206253365
2826.712933082301
2827.176070721432
2828.074230388062
2829.151171031878
2830.011017222804
2830.753802729712
2831.525491308044
2832.101163675401
2832.743550652149
2833.580810426020
2833.993110279436
2834.763983686754
2835.703637436768
2836.446290518404
2836.817122133197
2837.796735805720
2838.321878530270
2839.254349786664
2839.861148641503
2841.063805662821
2841.849971196146
2842.291809537663
2842.811925552915
2843.352267464916
2844.304949965248
2845.090328905534
2845.377666210420
2846.268225901892
2847.136688494679
2848.053570213494
2849.192318275335
2849.536765919858
2849.864009107569
2850.806213432977
2851.544133995328
2852.433335504401
2853.088214086025
2853.768362178038
2854.285138000009
2855.056491208367
2855.615779495438
2856.260990288537
2857.702801184669
2858.249529080786
2858.841363072142
2859.808295060487
2860.403842610947
2860.975790362490
2861.642927179543
2862.286159086862
2862.620090898547
2863.875672130044
2864.758825556341
2865.231948924974
2865.892289267277
2866.780420499036
2867.618429244641
2868.470271025582
2868.774955311100
2869.754913265385
2870.571238376188
2871.044078976784
2871.842859248838
2872.286321048000
2873.170752538014
2873.639346209348
2874.340390070286
2875.919628956613
2876.269656056277
2877.282482371459
2877.733350027195
2878.133156958483
2878.944413654106
2879.592574563413
2880.664688668333
2881.184713513876
2881.863726425227
2882.263280961417
2883.480544096999
2884.087012138221
2884.901710139467
2885.395440979228
2886.435423370021
2887.319642458054
2887.918162746921
2888.453044581909
2889.232153238168
2889.615383965831
2890.296647955122
2891.180342923847
2891.818461249574
2892.767305826510
2893.909859941287
2894.250764027864
2894.957607571940
2895.887209983015
2896.526289315164
2896.845207750469
2897.895970874622
2898.316216120059
2899.605068139262
2900.085551945546
2900.351258185510
2901.148901679401
2901.864786116225
2903.038934741999
2903.989773430317
2904.594745686732
2905.142655625875
2905.681773534214
2906.717836983760
2907.164141756362
2907.758417007222
2908.264187249780
2909.423991206948
2909.852306910178
2910.958719451416
2911.578525021662
2912.610927379638
2913.074857463788
2913.481717383766
2914.383077584553
2915.498049835815
2916.188545014973
2916.338142172726
2917.339126801157
2917.803123745813
2918.458397916565
2919.419236424382
2920.077139130259
2920.888256870644
2922.107286832653
2922.600959829908
2923.450850880459
2923.719945990523
2924.386841509078
2924.994969948063
2926.036765154345
2926.533090545746
2927.490674399980
2928.104171357489
2928.668823394240
2929.563889045025
2930.349330231430
2931.337168231783
2931.630455500807
2932.841412963836
2933.158721423870
2933.954335119025
2934.695741949119
2935.351880654842
2936.009202016728
2936.365543702629
2936.988437328630
2938.570442061854
2939.317295828015
2939.842417019158
2940.394425547131
2941.171243071149
2942.058016926839
2942.366030792354
2943.304207985704
2943.932095889149
2944.797414494007
2945.272328215911
2946.230564801304
2946.653848784154
2947.464340044752
2948.352223081435
2949.238253261202
2950.016200759405
2950.688533094918
2951.638138092340
2951.902881495077
2952.317368942297
2953.147745525634
2954.007030076836
2954.658551978403
2955.666599725236
2955.926276524594
2957.204930146522
2958.156025826275
2958.441110232322
2959.082426642718
2959.983099650894
2960.256296606351
2961.675765712455
2962.190376613558
2962.680074828852
2963.162191380010
2964.037684686304
2964.653090887869
2965.411477038456
2966.627703651638
2967.414096295270
2968.033827978357
2968.527939563936
2969.282081763843
2970.000176748223
2970.638186903993
2971.305033496613
2971.647395215842
2972.906820538364
2973.490361177614
2974.339370395834
2975.123396176587
2975.675807660401
2976.279069897120
2977.414282568169
2978.231402541061
2978.531990271218
2979.289483416919
2980.176317748524
2980.546038780427
2981.488128812702
2981.961931797164
2982.406390164658
2983.689462752752
2984.537686167255
2985.478684631306
2986.036482860750
2986.582074413280
2987.160456756806
2987.896048019784
2988.421776329773
2989.442248528539
2990.254795590267
2990.782263465405
2991.480689366604
2991.778683158550
2993.155678584534
2993.983693033364
2994.325297911877
2995.174245064506
2996.148817792483
2996.859904995727
2997.430072663366
2997.900215781287
2998.629499786110
2999.082732872664
2999.934447039839
3000.834920028516
3001.707576745639
3002.650118584725
3003.035079500153
3004.111254058465
3004.537132928126
3005.009509894683
3006.140692049331
3006.569410426056
3007.557361857981
3007.795198260606
3008.911544218890
3009.568702751727
3009.942366775583
3010.606731715772
3011.734051054202
3012.901318567286
3013.513100017706
3013.908245957923
3014.540078705822
3015.251501376992
3015.948413036959
3016.587558339460
3017.425316271956
3017.862937394629
3018.696871430469
3019.820380954136
3020.418419163076
3021.070645619326
3021.979630279073
3022.466375641359
3023.043688813511
3024.132757960995
3024.819525736430
3025.410086334579
3026.102274327604
3026.588340000273
3027.014353950344
3028.147703250695
3028.783986539014
3030.066236280540
3030.475110446083
3031.225897278720
3032.080454050024
3032.774491114717
3033.246033275097
3033.621929482555
3034.376270584565
3035.660607306801
3036.102264964730
3036.747492071438
3037.413962618507
3038.225641139434
3039.081827777671
3039.834249558352
3040.493063783243
3041.608787275899
3041.819969594544
3042.657200015257
3043.288197190439
3044.084003815894
3044.459193839466
3045.299664024511
3045.876699453991
3046.681043673517
3048.208791547471
3048.612299476060
3049.162066452196
3049.850094320107
3050.176275624627
3051.398062430055
3051.941933619072
3052.622952935238
3053.466411595175
3053.806321060803
3054.864403670667
3055.213757899644
3056.364655908056
3056.707107892574
3057.889892978561
3058.619502294750
3059.421607523398
3060.042416296692
3060.462475843347
3061.222367013578
3062.042095739233
3062.179151882892
3063.152169399040
3064.416297413653
3064.747000798095
3065.504008752926
3066.491826276396
3067.184117927091
3067.905464880497
3068.418047050181
3069.017213990539
3069.925983120207
3070.714728387354
3071.506340353389
3071.938446314150
3072.468525396461
3073.128207306482
3073.835263734167
3075.428153958673
3075.660655815181
3076.535282277255
3077.363138142869
3077.862612911073
3078.281786278939
3079.234369160387
3079.749811660315
3080.607360618049
3081.097353102715
3082.115779657417
3082.625156850911
3083.732291442767
3084.370805907296
3084.819117189217
3085.582443175909
3086.601522882690
3087.296135177177
3088.242253843317
3088.506235067211
3088.719797659143
3089.961826857771
3090.623950241003
3091.090823038731
3091.794126855538
3093.039273789333
3093.935956842997
3094.445738858823
3095.144788045364
3095.784104453673
3096.278813282847
3096.977479000098
3097.730953667251
3098.706810669754
3099.285569734234
3099.947749547188
3100.506747513235
3101.222742320580
3102.107095610181
3103.105173411803
3103.927552414788
3104.289338843992
3105.053111378194
3105.873589056734
3106.794374048521
3106.999614604074
3107.496753472513
3108.330626909967
3108.976456042446
3110.244488696180
3110.831030020489
3111.745920356002
3112.252371797720
3112.841433790306
3113.868535798041
3114.183658694668
3115.018043118388
3115.909603210082
3116.508572067529
3117.028958336748
3118.023584436081
3118.153379994749
3119.366768540758
3119.889232437925
3120.736527360219
3122.115678758207
3122.453887729824
3122.992986223950
3123.686325096145
3124.192777888759
3124.844957930459
3125.657205728132
3126.643733681100
3126.961340554190
3127.822668555036
3128.579242654488
3129.805667512560
3130.087456947264
3131.013348590991
3131.168223148029
3132.444061579808
3133.242749805667
3133.543891937386
3134.510371187895
3135.037471830572
3135.675617068950
3136.060777057121
3136.927456804239
3138.151494971630
3138.996511560849
3139.686801699189
3140.125098449467
3140.834347573999
3141.839113259506
3142.106482671673
3142.827249449431
3143.488031319271
3144.236932819907
3145.291257121891
3145.880991758532
3146.433271552624
3146.932550865686
3148.348370875918
3148.569747438087
3149.669343762693
3150.374824950824
3150.905303803168
3151.590628975386
3152.195655226892
3152.918344367430
3153.455189051439
3154.235347884172
3154.811333358853
3155.939178340992
3156.790500546013
3157.604890563914
3158.200933767215
3158.799078879018
3159.288698020459
3159.803530497137
3161.100542656761
3161.786218345034
3162.216185010237
3162.786327074418
3163.423560742965
3164.393626360616
3165.051428907643
3165.916902832071
3166.759641004728
3167.406607204274
3168.369646994052
3168.925760253281
3169.353595705695
3170.103891580946
3170.602942660881
3171.325114339354
3172.174126232662
3172.906141087999
3173.839986632348
3174.651867569689
3175.177415901445
3175.848513821667
3176.723709358368
3177.406376730298
3178.162806106806
3178.530476891175
3179.528914054823
3180.388248408877
3180.554514867103
3181.643088243418
3181.990463837373
3182.453457334196
3184.093411379802
3184.875323151167
3185.485848998041
3185.741750322452
3186.829775714923
3187.064875732929
3188.131367462406
3188.551855386575
3189.138617330221
3190.454993778410
3190.664018394755
3191.292451999893
3192.547544909980
3193.111957857630
3193.761932928226
3194.403810610225
3195.222226323409
3196.112881705915
3196.891025394460
3197.331800274559
3197.893018487769
3198.473551360440
3199.048385426631
3200.126001573042
3200.733545200700
3201.802322358502
3202.313871846616
3203.524362780591
3203.906909743768
3204.387146388933
3205.015854345848
3205.852847930605
3206.396111642972
3207.388231224390
3208.132737572080
3208.612423562828
3209.237889402393
3209.991276265899
3210.810783382016
3211.685649887370
3212.547192950423
3213.484543983796
3213.636537251023
3214.583973898316
3214.929889137845
3215.978055731599
3216.625832468533
3216.904602683798
3217.545120837428
3218.712102513706
3219.800984825838
3220.357281452671
3220.936119599282
3221.568517843667
3222.317065750001
3222.910988707714
3223.961626548059
3224.506631628319
3224.995604481487
3225.895012452954
3226.392964985079
3227.287706335207
3227.527660019262
3228.732722310933
3229.551900607669
3230.470937301293
3230.952925045973
3231.909809947481
3232.418401183961
3232.958992079688
3233.335335865160
3234.138976692910
3235.156513852589
3235.938884983108
3236.379410732028
3237.259656569888
3237.884782179010
3239.047227505586
3239.529881215275
3240.176541454566
3240.647792518605
3241.760519157123
3242.466774628680
3243.050363871756
3243.573208476620
3244.257570092014
3244.749295450524
3245.585437825549
3246.382995025735
3247.703203188476
3248.347282016546
3248.813949330379
3249.274516282810
3250.239453895829
3250.835658691532
3251.312329046101
3252.300718549731
3252.963954030865
3253.329129898853
3254.470707951665
3255.105823439701
3255.734638792325
3256.630242073507
3256.938659154276
3258.406125270200
3258.922677638458
3259.511727424392
3260.019124857950
3260.808769023944
3261.368084303906
3262.156563883394
3262.540264152400
3263.578863607713
3264.181316810012
3265.335050012891
3266.097558680160
3266.597224709405
3267.409496897284
3267.830314063313
3268.704020543047
3269.019876777833
3270.248528433847
3270.878243186906
3271.601641840650
3272.024328476874
3272.426013864044
3273.408733831807
3274.708096175132
3275.037115407736
3275.957441525809
3276.707345580153
3277.248961100879
3278.083852674476
3278.719985920054
3279.018515574175
3279.811610957437
3280.406661776531
3281.468245444959
3282.365351518409
3282.704034633769
3283.867597677709
3284.546984068829
3284.806282783635
3285.764990834016
3286.561488659441
3287.364714048264
3287.945085647307
3288.430308417615
3289.111710087860
3290.095763359429
3290.524541620975
3291.045961344581
3291.934018166800
3293.333110438198
3293.742199472066
3294.812066325565
3295.031634746013
3295.422391186113
3296.221618659580
3297.251740699515
3297.625853183484
3298.567566943646
3299.090876259673
3299.904580155227
3300.612787996948
3301.457271763659
3302.221136966432
3302.828552849021
3303.693785090819
3304.214690872574
3305.185252626785
3305.829890079484
3306.513434529511
3306.776976027019
3307.607438176979
3308.196346795204
3308.816180564942
3310.375220828869
3310.802220716962
3311.335715878366
3312.260601684005
3312.922407248047
3313.615825671732
3314.211825710039
3314.559187417560
3315.573634435383
3316.492974763577
3317.094215634204
3317.534179056436
3318.296072494623
3319.108656377494
3319.698127262202
3321.036257161836
3321.356823442636
3322.406409343648
3322.782644697859
3323.438737134432
3324.230853635820
3324.481721818238
3325.635895376425
3325.971946724449
3326.972783063632
3327.360032699477
3328.817512067127
3329.428602263949
3329.992364765779
3330.518221345255
3331.028447369430
3332.038706638645
3332.915088660009
3333.483480089208
3334.105610555409
3334.710958234678
3335.217863490643
3336.092183119659
3336.861482357027
3337.506783046620
3338.687452687406
3339.355638159383
3340.017091325758
3340.639576703569
3341.149097954444
3342.129303279400
3342.420125688516
3342.887426659927
3343.995746269451
3344.875036967871
3345.490482010755
3346.144700832192
3346.805318372139
3347.739710142914
3348.529924114382
3349.045204739037
3349.878442669754
3350.621080316515
3350.958501711880
3352.108511885267
3352.642103443029
3353.119154867843
3353.473444155478
3354.408043442800
3355.528511192389
3356.491726261186
3357.177157226859
3357.634911167841
3358.353998151060
3359.059062611165
3359.408461142181
3360.352051186220
3361.323135970159
3361.564194334394
3362.579247501796
3362.977265703296
3363.879425000063
3364.698650321198
3365.530911091978
3366.018437043865
3366.707372099586
3368.118539305616
3368.515193740812
3368.693222920201
3369.676137092913
3369.996397823793
3370.857725250519
3371.642067556713
3372.280181950001
3373.096979127035
3374.168087352671
3374.769128486970
3375.463123633697
3376.210339108625
3376.705533590338
3377.255353539600
3378.114564535702
3379.059594659343
3379.475922349779
3380.234857902307
3381.187612585825
3381.280455272857
3381.989454241241
3383.112429397765
3384.393771632198
3384.691884554945
3385.407494958259
3385.832645306384
3386.933781846344
3387.306176558843
3387.975214864788
3388.722627065633
3389.019481721349
3390.171660450620
3390.952558734578
3391.778064412368
3392.678547375239
3392.797520607684
3393.903494097271
3394.461994789279
3395.277188653307
3395.952246271963
3396.817818056471
3397.340829639420
3397.812042463392
3398.419842022245
3399.385838916384
3399.865002784175
3400.790244399632
3401.732712285756
3402.566223519242
3403.397867562018
3403.768696606209
3404.436199634894
3404.956559374642
3405.490170145616
3406.457164514314
3407.426021250802
3407.948437153484
3408.457233300751
3409.037898708498
3410.344224132918
3410.983761577228
3411.258889014123
3412.464002138398
3412.990429268693
3413.744931662788
3414.456206956658
3415.111303077117
3415.569195750063
3416.322355124961
3416.981643980530
3417.277899896263
3418.796920237869
3419.522361741176
3420.332508757276
3420.857112879520
3421.287949615765
3422.090150070600
3423.004554105245
3423.595089293430
3424.025013958650
3424.840118353261
3425.810209246820
3426.249680141240
3427.128947961793
3427.399174980158
3428.475299600711
3429.268267666476
3430.385873060588
3430.759049794390
3431.506161208476
3432.178778447662
3432.557133045693
3433.317102623533
3434.157874832057
3434.487764457254
3435.499075882442
3436.360098332208
3436.922159378315
3437.864643622245
3438.795607168764
3439.374324404838
3439.597803767912
3440.361581671405
3441.300602611554
3442.261435402749
3442.937690836825
3443.075181541834
3443.874958492194
3444.545408347233
3445.181480198185
3446.305587582811
3447.170768309866
3447.753558091560
3448.571556890521
3449.259711321368
3449.816439353792
3450.522832148979
3450.863459037169
3451.696547389452
3452.577473865294
3453.058551366235
3454.039680252204
3454.791847574001
3455.485203721476
3456.036953937396
3456.857554599987
3457.655215289559
3458.468280275029
3459.151639349604
3459.762401129480
3460.112494591509
3461.159405904927
3461.713864278274
3462.258678567797
3463.029690422876
3463.418626538281
3465.062862404085
3465.876474154414
3466.055984060892
3466.699018562286
3467.654419340655
3467.931945062211
3468.844237657763
3469.390438762906
3470.498348507682
3471.012374099649
3471.345205207179
3472.462834981903
3472.800400831771
3473.995797805072
3474.705727850723
3475.131584366895
3476.283841375471
3476.669383706816
3477.627998447245
3478.159194168429
3478.724905596141
3479.212706896084
3479.587373939165
3481.031007172978
3481.494856593273
3482.361034976751
3483.228928053856
3483.830629651942
3484.616616709012
3485.238370840128
3485.792457105091
3486.383956196069
3487.454512121362
3487.842712405490
3488.816055825162
3489.335550110165
3489.790421077098
3490.593489643069
3491.331576615638
3492.223457677626
3493.370044520891
3493.898253965305
3494.704786837780
3494.878236088299
3495.469916917909
3496.669044503175
3496.972495826270
3497.658921210613
3498.435056317609
3499.057605590015
3500.052484747882
3500.963458472500
3501.522800939415
3502.184396136989
3502.642445763960
3503.520468930809
3504.625928982660
3504.964531535264
3505.693918167050
3506.196228228614
3507.059285087152
3507.484140071305
3508.168641132731
3508.936739087443
3510.227736445964
3510.772761768955
3511.356135884209
3512.359998003676
3512.834225460144
3513.453210820955
3513.889401151447
3514.660012069500
3515.304454156524
3516.442887891864
3517.045546760363
3517.497347937351
3518.079280240695
3519.058458743896
3519.979094763954
3520.647583040183
3521.364093463863
3521.797603355394
3522.918742170728
3523.429620984382
3523.853458694486
3524.636983101399
3525.210680909754
3525.904560237448
3526.429216918422
3527.789580749801
3528.520205282831
3529.277214921720
3529.725462543663
3530.450800477537
3530.869170701033
3531.768397012052
3532.582151904547
3533.339059705324
3533.775701247436
3534.461754904144
3535.059597305653
3536.164566848077
3536.668503502119
3537.133851629939
3538.306716149392
3539.343115145099
3539.625804681429
3540.515723541382
3541.022141069428
3541.407632668640
3542.263498537955
3542.835286668011
3543.722784440054
3544.285323218714
3545.320794788382
3545.848471565812
3546.902363083923
3547.470833133657
3547.926500032969
3548.999361053590
3549.352220609923
3549.963127589394
3551.063279441179
3551.632701624344
3552.387010233623
3552.731362071961
3553.229138775429
3554.020433552228
3555.209645847747
3556.213811287340
3556.683591180528
3557.355032758820
3557.843728374194
3558.850273167061
3559.288912694972
3559.903088834130
3560.429943387269
3561.277796060899
3562.197906884216
3562.870550303683
3563.344224796830
3564.526040838417
3564.897528862508
3565.855419813800
3566.100342011891
3567.511388815644
3567.993568344253
3568.487087267646
3569.156667532610
3569.714513590784
3570.423966661111
3571.224258998288
3571.702983342095
3572.637182552238
3573.450444318572
3574.606494811687
3575.249544833145
3575.533155857036
3576.169967023539
3576.852706315070
3577.399458568505
3578.579723678059
3579.162858333841
3579.498793042672
3580.529436751599
3581.053810402992
3581.553293107349
3582.779659083626
3583.386154649304
3584.095894143466
3585.000436772589
3585.502960792634
3586.212234535326
3586.826014374951
3587.645635736053
3588.017812628524
3588.532039868993
3589.288693014611
3590.391622655478
3591.544985092050
3591.743981736785
3592.446776157341
3593.201032757042
3594.197777297121
3594.470100179905
3595.184309941059
3596.103068930019
3596.666150378596
3597.340843661328
3598.122711733939
3598.676531532253
3599.235421072648
3599.908402734843
3601.178762647161
3601.776209048965
3602.880796563657
3603.013870586510
3603.885590729071
3604.415206582060
3604.998696945374
3605.491219929189
3606.670820060957
3607.174097838252
3607.889945645186
3608.357825615505
3609.680932811819
3610.213732092862
3610.953610290435
3611.489752775176
3611.969436763563
3613.108573760901
3613.798173287215
3614.558002719548
3614.924297148630
3615.437755727266
3616.122409897957
3617.026646502198
3617.519298784581
3618.640532462825
3619.624033040798
3620.192219138679
3620.671238552472
3621.559671624674
3621.920848575844
3622.983269638201
3623.160987681141
3623.907768716010
3624.867929159993
3625.731287854923
3626.155888252873
3626.860095730307
3627.780065422827
3628.114663501895
3629.354601617496
3630.101904974664
3630.755169147925
3631.143469906278
3631.858164176158
3632.723360287178
3633.276533143107
3633.899641207140
3634.315434406450
3635.131981183684
3636.198334864128
3637.218413905678
3637.627232411265
3638.601851575603
3639.095096831666
3639.317367605189
3640.342188279918
3641.136006067112
3641.706184456824
3642.744729342353
3643.097807564217
3643.553723648864
3644.284156772307
3645.306489200607
3646.053921989602
3646.781807942707
3647.451086801468
3648.380712857554
3649.173350998562
3649.679115466028
3650.053898907601
3650.569026399568
3651.610527841898
3651.934157336975
3653.034879281088
3653.877994265902
3654.229006391452
3655.377591512590
3655.920134572590
3656.762648126109
3657.178314537777
3657.880209709193
3658.961464912681
3659.252070543636
3660.093526805744
3660.701017010720
3661.560656774924
3661.870434785120
3662.694626817318
3663.049635274076
3664.854555015475
3665.308579922910
3665.795371614703
3666.556671819493
3667.006077946322
3667.755901748732
3668.481897650632
3669.205330750293
3669.661975038686
3670.522207588911
3671.155657783341
3672.187989198452
3672.680082508466
3673.448536028993
3674.173949374735
3674.846371640118
3675.693092506217
3676.344547540079
3677.253187060687
3677.640304897065
3678.374764359083
3678.652112447799
3679.615075052681
3680.085799687633
3681.245175861401
3681.755526283570
3683.037239421019
3683.245779994992
3684.192589111296
3684.987621071575
3685.301521909560
3685.837466106281
3686.452154935328
3687.859206289825
3688.176739307518
3688.782250939706
3689.494240315738
3689.914465579601
3691.035620512276
3691.786527728828
3692.498535200442
3693.401325232937
3694.004738669544
3694.596469763882
3695.148478899996
3696.107678010950
3696.416445468497
3697.051250799839
3697.781662740032
3698.535639121235
3699.357909617569
3700.623345555784
3701.004078647438
3701.709723472409
3701.916771932361
3703.045761049744
3703.677437253281
3704.590711640479
3705.029019775238
3705.605667509596
3706.335436081931
3707.292810115267
3707.566739463230
3708.254482970476
3709.261017315624
3710.008652166896
3711.207308408964
3711.608145773376
3712.147035635223
3712.718387162190
3713.577024190765
3713.942264254183
3714.623931000997
3715.456460320389
3716.387394946725
3716.954012154234
3717.583174450331
3718.287283374461
3719.517245443245
3719.853252628158
3720.487761290292
3721.172407774928
3721.914625427121
3722.938878390160
3723.359599709828
3723.920754682360
3724.754407333681
3724.925321627044
3725.658325076636
3726.880379471185
3727.924512916507
3728.272905021256
3729.152308704977
3729.778352658480
3730.475291134933
3730.865216864444
3731.677199022859
3732.321621071713
3733.125886952970
3733.768935791413
3734.378223890993
3735.413608605883
3735.705732749625
3736.843280857426
3737.085359326560
3738.183725278971
3739.039842381086
3739.872878140995
3740.123316939571
3740.863864368142
3741.324012218675
3742.065622804011
3743.092837763878
3743.471398739683
3743.809361468476
3745.280186055640
3745.978016708612
3746.840830309920
3747.302689831998
3747.775087626384
3748.594522669781
3749.129307793547
3749.981971033718
3750.822595279406
3751.443721788503
3752.057872783408
3752.474193488900
3753.279899978259
3754.016477110468
3754.903653262980
3756.101757655624
3756.403609186183
3756.891505887829
3757.975690307328
3758.576342303191
3759.075516215693
3759.696372763492
3760.047984695815
3760.909387114274
3762.089009830764
3762.524595132880
3763.466170762932
3763.914859470651
3765.043435577571
3765.266311115752
3766.227255812395
3766.888704468340
3767.565587176007
3768.173043183490
3769.133098292181
3769.549355840124
3769.996198262887
3770.889182903338
3771.552254195218
3772.095020172213
3773.374291489657
3774.208729260340
3774.892806326680
3775.401532261350
3775.736042511917
3776.483528075767
3777.196641719532
3778.099062913312
3778.581535202621
3779.512644106849
3779.869173481768
3780.645654925233
3781.728107024450
3782.479725938034
3782.794293717864
3783.558841567271
3784.490734743875
3785.443443128835
3785.827570097531
3786.293603789745
3787.196518499428
3787.782151860497
3788.081878336167
3788.950217026899
3789.823066906386
3790.975091069060
3791.496951813752
3792.161502792921
3792.878912813982
3793.539980372877
3794.331701080332
3794.576326692482
3795.518197490055
3796.054723746339
3797.047578078621
3797.800415169123
3798.244697291634
3798.771138700583
3799.392898776822
3800.704039079957
3801.387853239635
3801.993756004309
3802.765291137255
3803.464504291514
3803.780907346202
3804.700701821769
3805.343535884276
3805.686332809737
3806.573711693819
3807.282587051250
3808.082142787445
3809.114154381341
3809.867535199316
3810.240098130895
3811.151649844840
3811.565751561442
3812.044460275260
3813.509669864574
3813.850931266994
3814.521568167262
3814.783030561898
3815.687667270288
3816.455612872073
3817.051441371189
3817.937034738200
3818.698877424430
3819.685052011451
3820.406859272135
3820.831569756157
3821.636442827801
3822.076410543662
3822.541287642467
3823.401152759553
3824.131816382917
3825.217050084664
3825.285264176929
3826.424676291210
3827.163744013865
3827.671881181339
3828.527790035437
3829.456083083013
3829.828458967754
3830.643239901313
3831.304768926573
3831.929897990394
3832.893640762892
3833.192144067451
3833.785125686745
3834.343464294297
3835.134319590908
3836.625795948526
3837.154137320523
3837.779246155625
3838.253641032128
3838.842467336345
3839.937782617480
3840.212887634254
3840.825953918253
3841.767819814943
3842.387787395454
3843.249600515920
3843.567228786537
3844.452907601631
3845.364335368918
3846.019833627830
3846.488986437888
3847.687347017888
3848.244738495622
3848.945626738996
3849.580844585736
3850.169300718856
3850.327187072004
3851.518803977541
3851.894153256154
3853.017291007824
3853.553519418835
3854.302427601343
3855.457072535065
3856.051390303110
3856.454337360450
3857.085620337709
3857.575348993255
3858.745412808278
3859.131713277298
3860.162776016856
3860.631821044995
3861.038008913673
3861.906529516530
3862.391211815766
3863.457953844828
3864.322082652131
3865.258500599856
3865.629272858136
3866.339676504168
3866.950150422340
3867.593638717676
3868.318311184863
3868.945428419594
3869.492768516702
3869.956067070194
3871.392075404619
3871.932870313752
3872.518004176899
3873.389545549921
3873.884671545990
3874.523552735585
3875.675649676418
3876.005976125416
3876.768208732142
3877.532156942916
3877.894357173348
3878.805011595719
3879.346375196971
3879.992146663666
3880.504475727382
3881.912115028081
3882.535005212873
3883.210331364105
3883.933590984708
3884.725814469515
3884.913805177975
3885.550759536362
3886.236958371351
3887.330713886150
3887.905587196956
3888.643674735735
3888.993012992846
3889.823097525623
3890.841008983492
3891.618954282314
3892.119992704851
3892.730950792267
3893.642830632314
3894.332033695182
3895.313010675697
3895.454927251281
3895.972070798458
3896.749835864764
3897.422799007531
3898.139452179706
3899.072922586709
3900.216109369690
3900.646759843063
3901.218949031430
3901.959184591487
3902.507557774949
3903.423253327797
3903.775017504936
3904.670719261753
3905.351413821085
3905.946819900274
3906.683655404776
3907.557323529227
3907.893503973164
3908.624947964387
3909.592583579731
3910.683062403425
3911.378595725857
3911.723718669858
3912.137852463302
3913.081846734329
3913.696834943713
3914.394603822676
3914.716065799041
3915.827847298614
3916.312532177945
3917.255657138427
3918.294446726075
3918.739161028692
3919.356942547077
3920.170108582783
3920.538877300086
3921.388034848560
3922.290663844105
3922.960927988748
3923.522691596901
3924.134037598273
3924.683239212701
3925.044102213293
3926.409333068187
3927.121542587575
3927.898889043309
3928.489103174975
3929.407661324568
3930.016307711760
3930.386000086244
3931.255960007114
3931.711281236312
3932.089392926634
3933.456530506762
3933.972507579012
3934.551576211071
3935.397589262839
3936.032439363350
3936.907314249914
3937.633709430701
3938.025046655729
3939.148511629428
3939.845009142136
3940.192812049309
3940.768967162982
3941.679364709853
3942.303316831676
3942.914829047349
3943.245796248789
3944.265153574631
3945.540188604394
3946.248271530408
3946.754304547329
3947.257933387398
3947.857817689533
3948.443358812417
3949.354708016523
3950.122975560381
3950.727138438830
3951.147851406026
3952.223729753055
3952.527830287626
3953.655015609860
3954.001440948959
3955.022680264692
3955.801645385643
3956.351926015770
3957.275792751935
3957.893420666040
3958.448674770313
3958.949567745626
3959.633341980387
3960.110024149280
3960.949137393513
3961.895137639308
3962.721119792558
3963.537492304024
3963.814864674093
3964.962332636195
3965.711101867476
3965.816324228848
3966.849279607088
3967.110300557787
3968.464080337332
3968.848779423325
3969.653727635225
3969.923390091542
3970.655116885927
3971.471658020725
3972.246746329709
3973.506478362942
3974.012746717907
3974.440793491135
3975.335729789764
3975.872547127097
3976.374896059049
3977.087477328248
3977.792968128354
3978.528240648901
3979.075331889042
3979.928946438495
3980.711907007808
3981.871884778773
3982.274466713250
3982.470267757983
3983.378637193729
3984.441075889874
3985.077211772697
3985.733302767864
3986.174014487881
3986.992014626848
3987.305428246821
3988.243880909194
3988.996662808663
3989.398799351912
3990.632671900202
3991.510018217739
3992.133889303308
3992.635175181386
3993.370897354864
3993.838961956549
3994.563742700419
3995.129881331434
3995.866388283063
3996.798763176767
3997.697327541330
3997.870774335708
3998.465848119106
3999.622279553694
4000.305393935729
4001.079741861737
4001.717697525932
4002.558090291021
4002.814515682408
4003.940999965769
4004.426630244902
4005.008148456154
4005.595938022230
4005.945485447527
4006.908822174740
4008.299335585184
4008.570093708856
4009.530618453992
4010.094797760987
4010.755765140135
4011.221739569410
4012.081465904970
4012.624542767289
4013.652437521020
4014.125368995516
4014.543323647417
4015.609763781917
4016.000850366110
4016.746251512498
4017.774704597231
4018.147650939860
4019.207599039112
4020.137907160348
4020.740972951696
4021.076974738551
4021.649810325738
4022.228011118569
4023.036715161537
4023.884958898775
4024.366253080614
4025.171020400287
4025.892101319541
4027.074223213836
4027.350248705843
4028.261669837660
4028.771124421452
4029.358289627266
4030.056081686597
4031.266054670287
4031.393844227402
4032.285502362810
4032.794996001291
4033.496548827090
4034.091062881571
4034.488508348705
4036.217148704376
4036.524736335487
4037.465372118432
4037.833437070264
4038.370929930284
4039.540149695094
4039.880672567017
4040.353546332298
4040.903761867404
4042.023805692915
4042.504326493240
4043.505195278601
4044.046846553359
4044.741791679144
4045.387904347118
4046.242051656018
4047.059976307558
4047.571468086942
4048.463551207104
4049.009988110729
4049.571477771562
4050.284285808587
4050.757318940819
4051.503334095471
4052.218010429745
4052.965650356683
4053.838278254480
4055.032574286206
4055.359878930858
4056.083984006691
4056.534193653486
4057.137886305411
4057.749046735121
4058.663332855619
4059.585278213887
4060.201021817338
4060.415039138213
4061.116192018656
4062.168275762041
4062.865551638700
4063.727948298153
4064.081599268402
4065.263479239046
4065.830729829396
4066.418607174993
4067.040062558719
4067.676425304103
4068.358372789038
4068.704514644399
4069.485904455376
4070.368955846684
4071.402384320096
4071.984927284245
4072.884492801565
4073.156842419625
4074.076397027926
4074.601693395947
4075.537525001083
4076.115982164371
4076.521135766364
4077.393738770040
4078.405574142947
4078.642687351596
4079.322284835102
4079.867384958186
4080.703923387001
4082.086849624372
4082.505396344916
4083.244672359016
4083.801851827486
4084.446906679651
4084.952563730878
4085.626343508333
4086.547099269441
4086.806959628158
4087.779733802276
4088.642944087700
4089.054275209703
