7.223109899119
8.704097736253
9.942558778002
10.846051656076
11.870620767004
12.651123036376
14.864719769623
16.000954308712
16.686623805560
17.995909354604
19.005745683269
19.761731836231
21.292610628473
22.130112118792
22.851296891276
24.362899107134
25.869651844683
26.694639771783
27.618564397221
28.217289388949
29.531956695319
29.995683848314
31.626938686700
32.368858212855
34.204984778026
34.616015126255
35.238513034239
36.557659967724
37.943796648924
38.382621830847
39.240137153142
39.983613171295
41.271060357256
42.605003522697
43.575709629633
44.742012439372
45.229399497836
46.087510752674
46.967616925935
47.796491722424
49.046100547376
49.969039928247
50.977643342363
51.778035652768
52.887513000646
54.203571450031
54.500844743490
55.666953300883
56.387881034617
57.345061292498
58.151160778694
58.569934901558
