7.734582759714
9.528829978303
10.557921643256
11.692530838344
12.644423764220
13.527120031160
14.899154304190
16.630630890208
17.917309970479
18.568755039434
19.427265246620
20.375664383481
22.223454048379
22.516868301935
23.477809101896
25.080238720622
26.162954727556
27.093015887694
28.495577069868
29.205043137040
29.833255277980
31.078421919404
31.449059154823
33.226109635262
34.491149564323
35.283011695220
36.122359331925
37.089272749708
38.203166225727
39.058292281114
39.773627175223
41.248595354730
41.584318324836
42.486402060195
44.382485281791
45.131951239777
46.166493332152
46.606170606541
47.470388330528
48.719347475379
49.119762647768
50.501869311952
51.410220941385
52.563520015744
53.572448236091
54.308540232474
54.964019438678
56.433095423189
57.243206517584
57.802352980410
58.552787565571
