7.322529318517
8.452808977239
9.459608862622
11.021376890095
11.930048230756
13.322552132844
14.583409787157
15.936817993536
16.780576076660
18.309405915995
19.047497389819
19.923175037583
20.496918382685
22.223133498278
24.005946926869
24.191984053036
25.748519246997
26.743631574139
26.937155454714
28.716645559190
29.482080160322
30.448882342153
31.330628295926
32.530833272751
33.928479537984
35.105077340703
35.569554013047
36.525802723273
37.297528155455
38.460243153995
39.149824861223
40.339416442335
42.048090679242
42.569881437904
43.224810713935
44.206333369568
45.634174672061
46.279049476686
47.022671537128
48.059814059507
48.614031425409
49.919981513260
51.270697577670
52.157589563855
53.163962696782
53.721024440016
54.692565471939
55.415586614496
56.040777822042
57.741499338330
58.357053913761
