1910.762711151599
1911.895296942219
1912.123459453312
1913.484817038093
1913.757716776261
1914.223190516749
1914.802931177079
1915.760442639192
1916.353621210233
1916.830937504525
1917.694345444657
1918.633382695655
1919.036394010552
1919.723676475485
1920.532714815660
1920.840993810153
1921.503671797086
1922.304452256837
1923.082960011918
1923.800983382999
1924.518736262199
1924.943740193076
1925.866926283158
1926.397016913054
1926.899072674127
1927.568117635391
1928.181042578538
1929.233337525472
1929.873941582860
1930.503841815021
1930.863309293243
1931.833515884056
1932.404101536489
1932.883783137429
1933.616812068527
1934.211750705616
1935.245907572430
1935.977887103553
1936.280194725703
1937.119259430032
1937.715903788553
1938.219448226195
1938.949098246396
1939.780267229921
1940.247569135201
1941.193806265181
1941.744789505154
1942.695339168911
1943.070751145408
1943.435512112618
1944.223787652633
1945.129921836948
1945.661709978058
1946.360452677427
1947.139601901718
1947.952696227820
1948.402395936162
1948.898692004610
1949.788292682546
1950.413430063398
1950.584557319179
1951.940658266212
1952.509022886438
1953.145975199999
1953.625926997798
1954.522937823336
1954.939727936376
1955.816778606858
1956.197299271150
1956.735712645975
1958.007188168930
1958.515835139883
1959.100552346870
1959.633176444742
1960.519902826570
1960.876477849828
1961.679535825706
1962.246531641861
1963.018189728808
1963.717119960729
1964.600130011082
1965.150251095086
1965.848620314359
1966.065388636291
1967.098445055675
1967.546644536169
1968.260404751797
1969.242511416550
1969.636929201861
1970.451684136797
1971.144365814735
1971.879934719831
1972.305333635738
1972.624524241405
1973.743016297424
1974.362926628371
1975.066758078122
1975.826659653344
1976.410704333128
1977.049848213082
1977.752190175133
1978.262778129555
1978.899091891160
1979.527225677606
1980.374297167720
1981.137681862880
1982.007128706381
1982.325558734898
1982.785613919951
1983.738993064774
1984.408492606024
1984.962162132773
1985.297726570118
1986.519533786978
1987.230308176569
1987.758444569379
1988.283160003228
1989.000585227428
1989.580151898927
1990.402360238965
1990.665394441115
1991.844828844713
1992.326393028440
1992.974552876826
1993.950967374210
1994.342855379128
1994.880814501908
1995.571611757202
1996.052386682091
1997.169628057928
1997.531816994811
1998.546072318688
1998.884292330596
1999.776885863077
2000.377291880757
2000.936356140181
2001.464428755638
2002.109425879632
2002.948754920129
2003.914985167982
2004.235438144864
2005.103760118141
2005.590508711732
2006.248627813989
2007.005860002976
2007.469323850257
2008.125709374033
2008.895710957325
2009.794114655683
2010.534938176124
2010.861426607537
2011.635736221205
2012.156519242008
2012.811109383550
2013.644827907083
2014.317115375129
2014.571328382870
2016.057722692356
2016.427437994846
2016.680377663487
2017.627319504226
2018.207231122004
2018.795713274247
2019.400727970342
2020.282563147255
2021.115109124271
2021.504077569719
2022.271792093211
2023.107111737626
2023.481020411300
2024.178225789595
2024.603442061273
2025.442509009851
2026.493953532923
2026.920450061472
2027.527006058554
2028.187289081738
2029.109656760418
2029.498120719880
2029.887038981988
2030.907793365860
2031.298769685108
2032.434942467710
2032.849908986754
2033.788932571462
2034.130410231508
2034.632619687746
2035.557933034679
2036.209477222154
2036.601139832908
2037.383080813531
2038.463368596948
2038.778283884943
2039.754001613037
2040.091927319128
2040.666556257727
2041.318248516969
2042.267591223613
2042.604998541116
2043.494387295254
2044.237824563868
2044.855453697498
2045.672128269591
2046.100381068334
2046.556136215856
2047.461268947293
2047.906378987125
2048.752571181461
2049.668882174724
2050.076077091132
2050.960017990887
2051.226325539632
2052.266410580634
2052.817407692434
2053.057847122260
2053.896155127606
2054.845240117857
2055.656807417549
2056.159792862557
2056.577425762968
2057.422337092853
2058.159983639386
2058.699550219869
2059.025585688162
2060.038110888576
2060.832998942014
2061.375542420677
2062.202590863268
2062.872583628056
2063.208503517802
2063.804642786421
2064.680817416031
2065.368533835504
2065.877757327837
2066.643310662414
2067.545151567947
2068.179102419771
2068.623850417467
2069.204538227324
2069.935783053957
2070.436907767713
2071.319339071166
2072.031972241896
2072.633540435045
2073.406634804717
2074.117205097482
2074.495626792822
2075.339474107714
2075.833206264653
2076.384477432790
2077.132097018420
2078.362103427985
2078.542149208618
2079.154307750466
2080.099520740598
2080.481686371788
2081.202394403204
2081.849177008954
2082.413669779291
2083.037774382565
2084.195420680795
2084.758740052373
2085.146761611568
2085.742381034238
2086.569999046333
2087.273742706183
2087.601292742532
2088.387475174033
2089.329081593543
2089.814890500489
2090.741666703220
2091.166263288590
2091.839891553176
2092.557315503900
2092.745001257249
2093.842591164033
2094.507752391076
2095.163334343545
2095.753673426703
2096.666398124816
2097.196459036208
2097.803942408119
2098.299512207832
2098.811764198982
2099.903035245918
2100.324427695970
2101.160541155330
2101.978553139509
2102.368037805183
2103.052547212015
2103.700142108578
2104.505935228185
2104.789506964853
2105.515398480918
2106.456258095265
2107.461988117435
2107.609030164455
2108.308949976124
2108.935142017378
2109.876153055663
2110.114039575707
2110.941332931151
2111.460682709950
2112.551707328226
2113.012025823122
2113.906987408380
2114.225731830424
2114.922103606589
2115.433988904156
2116.434644539795
2116.708873115585
2117.574918510699
2118.481864199969
2118.950749112548
2119.608735146670
2120.479534997839
2120.944928266567
2121.143720680802
2122.263900639578
2122.770207804333
2123.704984268609
2124.470738228271
2124.630691183682
2125.738254694185
2126.282985007844
2126.725262736708
2127.550261604509
2127.750006591794
2129.055411964441
2129.559216383152
2130.157728775940
2131.009682777708
2131.509983771371
2132.012113861870
2132.735278330015
2133.476717119941
2134.084134947122
2134.475325702402
2135.811052205182
2136.237792146650
2136.826887526535
2137.249283218131
2138.036007728327
2138.809072664282
2139.246255626752
2139.961271217599
2140.731513601588
2141.502703980634
2142.236732848595
2142.820395371328
2143.162548901111
2144.049986217337
2144.702967753484
2144.943309912746
2146.278836863284
2146.643680072970
2147.327074160969
2148.021031001244
2148.911395114813
2149.185571177658
2149.871424015711
2150.434207969449
2151.135699291151
2152.087787208698
2152.712421574466
2153.351772982985
2153.887972014461
2154.579560112621
2155.383566133154
2155.725609952229
2156.440106577880
2156.993049923052
2158.117912998663
2158.586889285853
2159.387391817344
2159.741903175389
2160.695227236724
2160.906835432262
2161.802824834433
2162.457185665956
2163.064364293446
2163.768428480412
2164.685415490846
2165.353435157217
2165.745502987621
2166.399109769563
2166.845540306002
2167.898986481660
2168.284727301683
2169.010102455103
2169.864395009584
2170.480550550094
2171.358651199725
2171.507908647308
2172.392977552008
2173.036678571629
2173.400572968694
2174.327198862897
2175.092507764994
2175.960887362746
2176.327195398641
2176.785250490128
2177.929116982555
2178.366411585408
2178.712234345056
2179.323146747308
2180.380240160651
2181.164353872315
2181.541759970729
2182.489251477214
2182.852575233351
2183.478114323324
2184.257970835516
2184.976559530945
2185.180562772239
2186.288530251509
2186.918387888913
2187.803955382888
2188.151225995629
2188.994453041056
2189.276050399913
2190.074234439302
2190.767390436095
2191.536578493722
2191.988293763456
2192.917662794726
2193.689403060544
2194.072105502369
2194.930903515711
2195.248452259692
2195.904365957650
2196.643063515914
2197.536322303260
2198.023655282154
2198.849571557283
2199.372318129352
2200.284604555495
2200.622237267336
2201.139418852995
2202.127458496349
2202.405104588187
2203.204189259191
2204.410330101924
2204.762528048088
2205.101210906920
2205.945933812963
2206.786111523814
2207.133446056543
2207.978925007567
2208.196077595992
2209.355375348289
2210.188479683991
2210.653287365223
2211.115177855199
2211.920520093800
2212.571970424880
2213.010602539429
2213.776743312185
2214.462130003377
2215.240155511046
2215.863959339476
2216.617838665019
2217.354794833454
2217.748965656632
2218.183350856727
2219.063119736291
2219.693763702957
2220.548219510114
2221.047121980931
2221.755218947991
2222.762208160800
2222.931445040379
2223.742792293131
2224.171389156220
2225.165212730901
2225.266050024071
2226.640769388589
2227.056465138526
2227.634615911571
2228.469164978128
2228.885227317494
2229.739875679822
2230.149761244461
2230.798328486191
2231.465588163988
2232.362797823879
2233.087475022738
2233.744425590980
2234.304550736281
2234.587598785731
2235.665186288712
2236.228491318407
2236.633365283485
2237.379606736198
2238.304800685881
2239.086466267677
2239.471798805637
2240.272221382716
2240.629341784143
2241.387589209658
2242.088100044922
2242.638152618526
2243.398794564211
2244.318289431239
2244.765833492767
2245.327422354012
2246.410227877735
2246.605221922622
2247.170423533499
2247.696437479842
2248.901367510640
2249.460902154300
2249.821064889885
2250.893210805522
2251.313395148506
2251.997660677755
2252.604940939415
2253.142721471428
2253.754510050503
2254.568144143734
2255.318022996043
2256.191726941829
2256.535290603035
2257.186109554747
2257.869966546840
2258.451743478072
2259.222728958473
2259.692288603384
2260.299227601393
2261.385941980442
2261.998626449192
2262.540255471556
2263.085885238911
2263.608518804870
2264.560567516100
2264.906933086831
2265.615089056797
2266.601164625995
2266.889623603568
2268.087558073308
2268.353076132123
2269.010361702936
2269.645750448875
2270.134736448019
2271.010987531509
2271.488757751255
2272.485805505428
2273.086013689630
2273.546595986670
2274.433230070644
2274.888411725717
2275.716995532372
2276.017914198446
2276.592166077709
2277.655602940602
2278.433475424936
2278.999322158228
2279.317564507548
2280.353055086190
2280.882356404125
2281.411339274104
2281.888560014764
2282.861303395975
2283.284600614473
2284.327554155022
2284.900817546692
2285.512035958351
2285.997783134047
2286.726293412089
2287.200194130327
2288.103318542951
2288.649959082296
2289.188851766794
2290.121818900079
2291.058493707098
2291.323283578567
2291.780384516863
2292.593162794582
2293.188561899881
2293.976327622705
2294.380082778665
2295.418357461164
2296.044453400301
2296.518694927428
2297.299698637903
2298.051938368526
2298.390613263345
2298.885681234719
2299.826813789828
2300.451568908658
2301.386396069710
2301.839905693109
2302.427761480219
2303.216754220564
2303.693068703478
2304.511770487662
2304.992597585770
2305.316962541837
2306.625107285127
2307.237065709322
2307.618726817657
2308.598369244178
2308.842491116396
2309.579581917777
2310.416677538015
2310.836327775628
2311.385809199538
2312.393295439160
2313.161474050286
2313.550816777073
2314.397276024082
2314.937967293567
2315.394540971360
2315.980496315486
2317.003384632015
2317.405336296737
2318.233279983349
2318.755998396345
2319.819295569551
2320.316961127336
2320.517709125123
2321.338940936586
2322.030592555984
2322.660610890167
2323.422361649748
2324.126840132216
2324.896306711893
2325.399189474202
2325.960116728676
2326.798177468059
2327.244449244343
2327.902925726047
2328.326823826401
2329.479412661658
2330.118277487775
2330.758947337246
2331.151886458306
2331.827499062069
2332.796146202053
2333.135136912754
2333.567539833592
2334.504993034572
2335.171336626767
2336.203498183572
2336.415522630320
2337.272678748145
2337.663032076347
2338.475877338879
2338.932313010942
2339.741855877724
2340.378297964395
2341.040048902543
2341.856249132100
2342.577724861091
2343.098215702998
2343.523876600880
2344.385405423544
2344.747874281979
2345.544012870459
2346.434483932714
2347.136630046601
2347.402292541903
2348.461525240873
2349.080774329064
2349.539706743390
2349.940473958655
2350.816490005879
2351.440522824104
2352.214979203163
2353.012852728181
2353.577146269221
2354.142612632791
2354.768496324169
2355.523701469851
2355.953371230677
2356.736994702597
2357.183072068440
2358.075660949216
2359.099820202031
2359.393708683728
2360.106645614284
2360.367889624569
2361.524664520814
2361.860887603897
2362.654804355291
2362.911446809620
2364.373384379385
2364.525076629116
2365.313801058562
2365.956229132537
2366.625164876952
2367.060136991068
2367.623247220225
2368.562956215463
2369.241746115106
2369.731514226701
2370.641011823429
2371.209024529381
2371.825302692406
2372.468609900547
2373.063664195867
2373.323745380852
2374.508262622607
2375.072257248848
2375.771946951624
2376.446064488363
2376.990344766689
2377.782306323598
2378.235412567416
2378.921722410199
2379.426507979375
2380.112943737752
2381.062332845390
2381.818204945830
2382.194180510559
2382.886709994544
2383.655621007911
2383.927317445844
2385.036200248360
2385.209994763687
2386.036832330415
2386.839900573199
2387.607106059477
2388.370926608454
2388.692380318794
2389.283041971412
2389.898267901961
2390.775740800628
2391.395648977072
2391.709183872560
2392.841623125561
2393.589351587680
2393.843479505758
2394.802731979836
2395.166511163553
2395.840087867438
2396.500159577028
2396.981025214673
2398.143100317820
2398.681925665984
2399.036775578405
2399.910950448588
2400.729734485527
2401.037060811666
2401.706420807469
2402.218642011136
2402.973856485411
2404.087306917058
2404.375473795641
2405.112819431698
2405.690018837910
2406.539925134636
2406.870360004715
2407.542786241166
2408.273796033979
2408.852029040471
2409.617236160473
2410.479156979643
2411.196197821292
2411.583046560023
2411.890489078625
2413.074296103065
2413.450703186604
2413.911890214287
2415.015217169801
2415.341438065901
2416.304424073660
2417.004106522948
2417.475748404757
2417.995232184521
2418.564586402459
2419.353557074107
2420.037061647411
2420.626272138795
2421.498058776036
2422.043103372504
2422.783169931679
2423.328394372342
2423.917056039310
2424.626528213636
2424.985352887195
2425.794709412782
2426.766933172151
2427.255699374170
2428.082080988198
2428.397405376183
2429.107030313583
2430.049193141164
2430.383449355150
2430.841543017637
2431.573155577221
2432.767805712041
2433.169302290136
2433.711314395397
2434.347304360905
2435.267033123173
2435.466507808639
2436.186057708036
2436.977210231261
2437.593657752867
2438.206180256397
2439.291634024083
2439.507268108423
2440.530435455903
2440.766541879798
2441.199514024726
2442.339824075819
2442.673188109916
2443.597933509774
2443.984189703829
2445.112173660543
2445.468192071914
2446.115245772909
2446.802424674533
2447.216105221655
2447.908448862097
2448.626687820803
2449.452669850462
2450.055809100433
2450.838152723416
2451.241642464788
2451.976046249039
2452.679475339676
2453.233327231023
2453.654424014369
2454.380035612846
2455.450140966856
2455.914427159954
2456.693438514198
2457.084480496471
2457.782758651190
2458.456649365319
2459.088095107293
2459.732534432058
2460.126286735557
2461.145691646419
2462.062486384054
2462.430690781588
2462.860986965867
2463.753812957530
2464.221610733106
2464.939447833050
2465.384331380933
2466.353634450169
2467.033590370549
2467.463931455811
2468.451806646201
2469.052523678642
2469.382469813288
2470.045415863173
2470.597484928413
2471.557932918197
2472.052699888630
2473.001575377804
2473.299002933367
2474.153311048768
2475.003836450418
2475.319467074216
2475.683652517822
2476.667155479562
2477.289356699941
2477.816780200766
2478.948864254043
2479.422338393747
2479.787006943480
2480.540897282195
2481.239374236359
2481.990978003421
2482.294414744951
2482.917382836878
2483.921104453465
2484.829960270672
2485.056487634803
2485.785590651879
2486.501611107031
2486.823485121384
2487.928933606903
2488.117431053164
2488.880041490956
2489.782153591623
2490.367408115925
2491.229490868795
2491.613210423196
2492.168491217379
2492.963532513155
2493.309292437391
2494.191693230787
2494.845166661002
2495.668813706040
2496.110309561550
2496.975650467612
2497.510777611848
2498.160581679347
2498.661378829866
2499.280273177116
2499.786487759809
2501.006436140675
2501.416246962192
2501.951441637654
2502.726741013549
2503.470535925779
2503.856886142828
2504.612164287959
2505.070913287304
2505.705467938708
2506.854085963639
2507.038921565837
2508.133571719771
2508.624548196200
2509.004248203940
2509.653823424604
2510.514675400524
2511.123893747249
2511.537482363191
2512.239593216013
2513.506874964817
2513.708621025695
2514.348572108950
2514.905970553016
2515.682543810390
2516.099134592960
2516.958635268305
2517.470311229592
2518.261555677677
2519.023425891789
2519.695482950567
2520.126378208849
2520.934469003847
2521.478061902594
2521.897351741652
2522.567921447977
2523.591694403462
2524.183242517069
2524.729120010662
2525.378976976349
2526.160576124128
2526.741358343845
2527.232041438581
2527.755026247365
2528.559618064506
2529.160337368130
2530.184264446093
2530.750506962827
2531.100778273941
2531.822533036953
2532.597250188772
2533.251360278171
2533.495111066907
2534.341797721013
2535.190743590155
2535.752735952420
2536.593162495904
2537.313325946535
2537.516425293017
2538.230585016410
2538.937334636501
2539.614666247546
2540.268636712859
2540.811259228784
2541.755524468697
2542.277854938761
2543.181821668312
2543.587173237390
2543.814521621618
2544.789386850791
2545.555878696186
2545.893155646476
2546.887301026507
2547.506210918762
2548.239529202212
2548.661270295466
2549.366291723269
2550.152393529566
2550.537005820653
2550.975020971331
2551.944148258807
2552.858290719857
2553.472563625620
2553.723927527126
2554.521941663761
2555.484780665466
2555.726010841549
2556.270435827079
2557.071338533276
2557.660890584968
2558.669223388758
2559.203648131833
2559.759654634271
2560.475574713732
2560.897807103819
2561.641875915477
2562.251538194294
2562.953544451544
2563.460121605531
2564.408876877555
2565.015596988336
2565.819840228628
2566.095610434139
2566.928351290826
2567.232491776148
2568.081161734355
2568.913572655621
2569.297561690461
2570.239067625963
2570.771028358232
2571.569484728195
2572.063615586910
2572.662934037216
2573.217121985750
2573.742534300999
2574.660024569261
2575.391857932281
2575.931932683724
2576.675584143598
2577.346344467622
2577.849483315850
2578.346988920903
2579.334854450281
2579.802552925195
2579.921013516873
2581.458452735728
2581.898676595488
2582.433286045752
2582.955929205633
2583.693582539142
2584.392046600593
2584.951217293970
2585.464113206458
2586.092149044535
2587.183572273656
2587.599206176810
2588.385514244052
2588.896741265278
2589.451942521022
2590.102769526474
2590.754713217364
2591.241056081837
2592.350553956438
2592.651489270390
2593.362821890576
2594.310758729132
2594.891815072626
2595.159828576932
2595.855795243951
2596.426847218939
2597.508823997186
2597.672732598225
2598.779077114203
2599.267716784687
2599.903044711280
2600.560283043561
2601.207555090457
2601.849786515100
2602.107824495092
2603.024364025420
2603.828945070678
2604.509286859144
2605.169139251906
2605.858895827483
2606.070993908078
2607.144925762365
2607.565590470605
2608.094507229222
2608.847950273595
2609.471581491088
2610.469627519108
2611.026494099960
2611.654316882646
2611.882786593358
2612.790339088970
2613.524395896427
2613.904800745976
2614.686725219924
2615.307275441560
2616.287252358521
2616.789814256003
2617.289391986475
2618.146290073742
2618.385284856379
2619.272218853952
2619.660736894203
2620.584104430007
2621.359026589725
2621.998077843629
2622.281113432258
2623.449671416560
2623.849826497980
2624.345300704390
2624.774085972288
2625.632872746817
2626.453244056722
2627.216577199282
2627.525485450758
2628.692323591494
2628.774015540364
2629.583329351169
2630.275223244676
2630.755435880204
2631.477651230555
2631.979669949003
2633.100259032220
2633.682786191093
2634.055341106413
2634.864206303378
2635.298746708908
2635.949285454534
2636.880174015574
2637.142822593411
2637.813398694357
2638.810159107681
2639.689188219304
2639.801191691217
2640.542568375960
2641.342448685381
2641.640451153999
2642.427423175282
2643.137875665983
2643.938094901556
2644.315446670133
2645.368737026966
2645.830672983305
2646.371135635532
2647.009640912722
2647.607900807822
2648.195561931952
2648.798272718993
2649.844515541153
2650.413225388173
2650.894962089175
2651.485418728342
2652.395664585940
2652.900720657376
2653.349661029532
2653.866319035192
2654.729188776570
2655.610635174381
2656.259595715114
2656.655464701400
2657.498950595831
2657.930834672898
2658.735618518933
2659.119905677981
2659.887447523397
2660.500984196142
2661.267878818888
2662.017924527842
2662.681144550354
2663.366302202101
2663.744900115713
2664.101094377987
2665.325646985817
2665.699187703926
2666.148793340885
2667.158131322034
2667.788261775308
2668.516563794932
2669.096146069306
2669.456160065660
2670.221908059415
2670.882805666615
2671.340256114928
2672.273607111263
2672.967154667403
2673.684404507772
2673.960373902069
2675.084126189186
2675.319672510232
2676.117034970375
2676.427831931829
2677.262123746615
2678.022951394162
2678.865943518285
2679.485960891542
2679.804635812627
2680.647067969479
2681.206321083408
2681.953797811187
2682.499261708385
2682.733431035412
2684.144832293658
2684.329636633694
2685.361939189547
2685.947316946979
2686.094338384229
2687.112985383396
2687.617319440507
2688.216952951896
2688.849617767721
2689.709761826133
2690.237139032910
2691.133960034706
2691.566703305714
2692.346935448842
2692.748680331323
2693.180065196869
2694.071006444415
2695.014407293972
2695.251299595272
2695.984521065384
2697.058897908270
2697.426555483275
2697.850060232353
2698.627598827024
2699.237359539340
2699.741189388236
2700.457790606172
2701.394995792573
2702.029745557417
2702.483519065151
2703.156670405944
2703.818501369653
2704.446750720958
2705.030198879686
2705.618731093717
2706.064819707925
2707.310604929577
2707.903415553668
2708.259275124956
2708.799475989914
2709.787153632903
2710.133361475131
2710.753320846318
2711.426201527453
2712.110209645111
2712.822881982195
2713.655558923795
2714.247903784581
2714.713979437130
2715.433071536818
2715.800912574203
2716.637697712197
2717.290533254757
2717.881800277157
2718.685335965281
2719.375938639090
2719.895272419022
2720.715418968502
2721.242238393465
2721.583871932582
2722.299889260098
2723.026271141629
2723.942859884040
2724.384612963934
2725.095861148916
2725.728545154155
2726.531769310354
2726.857557155598
2727.574928642674
2728.095186556913
2728.763063065443
2729.632988175073
2730.224555927913
2731.200900251957
2731.381398675672
2732.039932691251
2732.701208529091
2733.573793128240
2733.851976601808
2734.583843902192
2735.172494055732
2736.358318130920
2736.712763467497
2737.332342008799
2737.786284332794
2738.461458807165
2739.349846856273
2739.705879500243
2740.211790573218
2741.330862456869
2741.868413579416
2742.370202512969
2743.226841440744
2743.848058814167
2744.286264518676
2744.627787351500
2745.680532590047
2746.202058113117
2747.013796651284
2747.628884739457
2748.225444936821
2748.929511041978
2749.645904423884
2750.040379163562
2750.654101606271
2751.166005163934
2752.119913897837
2752.807912885120
2753.441074412714
2754.112756154666
2754.551126713530
2755.466598174319
2755.725062934181
2756.564362283062
2757.170851269092
2757.522786042960
2758.792762120188
2759.237671079973
2759.786349061386
2760.582433909988
2760.927508339988
2761.615529076806
2762.309278120372
2762.980507097174
2763.555897782507
2764.168759263929
2765.165214749589
2765.904752799886
2766.129105678167
2766.576547119248
2767.619962926668
2767.998743424436
2768.636587357870
2769.391201955994
2770.281061968966
2770.630070331939
2771.555550807792
2771.959638085044
2772.661790843766
2773.245456822677
2773.842069825107
2774.182035689634
2775.526493404169
2775.882031702502
2776.508277062218
2777.102281007448
2777.867839660510
2778.532843586772
2778.985381176347
2779.457042267627
2780.185445718236
2781.117106226917
2781.692482680401
2782.398654996634
2782.998062212020
2783.538790270353
2784.136650296890
2784.741789113314
2785.544318405930
2785.950588841440
2786.652887372538
2787.539421848075
2788.315533017377
2788.801071826098
2789.176321724795
2789.947197462302
2790.585599069142
2791.072597935130
2792.061646692101
2792.344448402638
2793.309770030822
2793.926672595871
2794.630178591502
2795.119647666500
2795.789976246321
2796.079260504581
2797.028523385289
2797.677394349293
2798.222571746747
2799.306169725055
2799.587303445986
2800.140307905641
2801.123890954153
2801.446984126532
2802.101719951572
2802.614940675940
2803.315250877418
2804.242120527729
2805.003093069122
2805.358923593028
2806.105236267954
2806.433938908114
2807.682094153274
2807.882466520585
2808.144490980971
2809.166938516503
2810.060988484422
2810.675614516368
2811.091100007496
2811.981431887145
2812.549959536876
2812.788116976167
2813.617346831394
2814.517919744968
2814.806774293123
2815.654315501594
2816.355276094777
2817.182112593781
2817.630486155036
2818.280557276309
2818.559736490554
2819.470559536170
2820.054313883412
2820.787835028542
2821.496235473085
2822.031899300507
2823.035579447618
2823.224017605633
2824.089874246964
2824.469099299551
2825.270899517920
2825.678159420452
2826.461611801869
2827.632970643833
2827.771180297002
2828.405056868314
2829.231638673099
2829.722307047854
2830.590918029846
2830.693376934174
2831.699014351735
2832.079650247123
2833.207943667580
2833.781753095695
2834.377590767881
2834.716026056511
2835.498414312263
2836.302757609908
2836.593970615970
2837.483793346091
2837.836414016668
2838.948925802891
2839.579300711684
2839.974287325853
2840.728728964286
2841.346743504339
2841.747793567094
2842.483590114080
2843.098755043878
2844.081098267088
2844.449983320743
2845.086037794802
2846.077004434371
2846.486682604894
2847.003403802692
2847.590107329576
2848.122152630337
2848.985048571427
2849.706387677910
2850.411438324806
2850.805292854468
2851.829100848903
2852.176456673307
2852.715105017315
2853.479146672280
2854.021262986247
2854.597232996197
2855.303660753606
2856.377550267783
2856.792484483288
2857.307400268936
2857.828358571798
2858.595112795967
2859.387290217153
2859.791535030426
2860.147084900712
2861.315302858007
2861.903553627951
2862.521356421662
2863.327374165456
2863.633615080468
2864.152531369023
2865.067024926416
2865.568518699230
2866.140088026506
2866.948662192943
2867.673684310280
2868.326415779009
2868.889398296511
2869.576741940744
2870.123523044790
2870.564363347566
2871.186551236883
2872.271521684374
2872.542228868014
2873.481634033544
2874.075317243393
2874.538400579264
2875.352937901033
2876.002753206843
2876.433486820424
2876.762885986555
2877.847327404058
2878.684776874794
2879.048014728080
2879.849705850179
2880.343579926271
2881.160344888525
2881.531894364039
2882.155899449242
2882.926313239766
2883.445597657055
2884.134751890320
2885.087167254026
2885.746059640398
2886.147176545584
2886.515887463144
2887.468238806670
2887.943701556558
2888.805701460277
2889.053334149196
2889.945683782912
2890.826171812899
2891.477472769527
2891.825627283681
2892.464978583182
2893.223406866011
2893.577580018043
2894.470907680528
2894.894921101949
2896.030708992412
2896.339036832535
2896.941798981504
2897.912262180657
2898.244600136433
2898.896097604149
2899.406239755377
2899.965375537164
2900.910420219193
2901.649805137246
2902.235483000180
2902.664920507151
2903.511616040208
2904.225582578752
2904.418128590827
2905.383462405560
2905.763731864517
2906.393069963648
2907.546376221858
2908.043592690942
2908.433888490124
2909.238820294583
2909.719511258591
2910.537184037372
2910.849119224536
2911.624870454162
2912.452647667075
2912.820983033374
2913.875898214918
2914.509501674314
2914.828231793138
2915.608987320823
2915.896039567692
2916.856875779839
2917.433709023038
2918.040297206751
2918.762076907130
2919.476684723956
2920.223989952374
2920.706111306383
2921.354256054105
2921.647555922118
2922.682352470769
2922.997514920533
2923.811776701223
2924.706307865036
2925.234329606301
2925.910392280627
2926.164833671945
2927.388846933327
2927.581342720952
2928.294188644598
2928.478499054629
2929.952548031926
2930.211418918383
2931.107062992350
2931.406258528436
2932.284193630055
2932.751986962673
2933.379914104710
2934.151242098128
2934.429406853289
2935.297007843130
2936.309237773167
2936.598671693042
2937.390495506345
2938.114274642429
2938.327092090581
2939.023097041834
2939.955384181230
2940.307568755825
2941.059104040870
2941.823411000031
2942.461116757669
2943.278031413575
2943.650848371853
2944.215166771235
2944.855853146124
2945.402177095340
2946.202191951137
2946.920889777818
2947.579005550222
2948.106309248014
2948.950553640229
2949.444395830383
2950.170720346465
2950.385682818634
2951.335646527714
2951.740738520233
2952.712965829150
2953.306074206684
2954.091398455715
2954.617444485407
2954.928633183142
2955.854053394066
2956.602316111283
2956.856544572937
2957.450471952803
2958.335232485203
2959.283658612665
2959.882667091016
2960.080722233331
2960.835345238209
2961.661299170812
2962.094093045743
2962.680890131591
2963.325234861036
2964.180799535988
2964.741521911593
2965.518595660485
2966.218558539100
2966.533363587026
2967.273044639489
2967.920191173913
2968.196035832597
2969.373858292007
2969.944354503658
2970.279047925294
2971.276171663560
2971.913191036502
2972.519852797153
2972.855237370607
2973.496386259103
2974.289997330688
2974.793766502985
2975.621044139340
2976.456988739475
2976.960768564353
2977.288569077177
2978.379487220964
2978.784573827441
2979.147076290796
2980.092569491695
2980.401158086815
2981.417388333819
2982.104241911647
2982.808776043851
2983.201258512280
2983.773459737554
2984.502999621220
2985.110145206480
2985.891667913166
2986.076130252066
2987.036630499689
2987.996362434677
2988.377340710667
2989.075569634084
2989.594576221582
2990.089032602489
2990.822615909754
2991.591983447955
2991.964041555852
2992.757452813024
2993.719443797109
2994.116259058836
2994.621279450995
2995.588464662291
2995.947112035857
2996.423618567597
2996.998989267693
2997.954260976857
2998.837706348076
2999.037481022037
2999.787504676144
3000.626477423364
3001.196037405071
3001.613104002414
3002.296594386711
3002.741700509332
3003.616008201455
3004.436861051030
3004.897321823980
3005.767768265044
3006.188851365972
3006.750485046388
3007.390622603850
3008.189155176312
3008.585735778974
3009.171322747610
3010.025892296482
3010.885134388487
3011.426258833242
3011.964103877508
3012.459819747550
3013.046781636203
3013.979297770464
3014.277887897319
3015.026710393203
3015.677409809927
3016.721322942484
3016.913515685739
3017.892048072368
3018.196891445581
3018.913832337743
3019.300472127801
3020.279756760761
3020.656624161329
3021.750984905806
3021.961533798960
3022.963599280625
3023.386131766293
3024.036781463628
3024.691862294514
3025.166588862779
3025.777844242235
3026.363737527640
3027.610022556481
3027.973767093253
3028.263663545980
3029.182611890159
3029.855788628204
3030.507050136534
3030.757620022721
3031.513623708829
3032.249881775703
3032.991568747220
3033.787628252743
3034.286678833756
3034.856402142877
3035.458832368232
3036.073797583527
3036.709047312364
3037.216284187043
3038.283460623003
3038.366641669916
3039.390622252043
3040.323334844262
3040.621119631377
3041.111468290917
3041.559733287350
3042.663365097704
3043.016083381970
3043.556507379489
3044.576991221938
3045.024419323214
3045.826527906207
3046.425766630907
3046.806410623529
3047.736951162961
3048.032682263575
3048.526514260207
3049.676428201642
3050.107996345235
3050.885896699464
3051.525599436796
3051.905141893040
3052.797083427124
3053.327404564460
3053.847050330792
3054.328939479393
3055.102415480733
3056.096992987020
3056.611136442042
3057.132744495900
3057.805263830357
3058.319406473772
3059.062394392798
3059.623610274874
3060.189727580202
3060.754640297903
3061.667518291332
3062.435721713709
3062.955952648498
3063.407524778697
3064.242564229581
3064.640519073685
3065.182624842323
3066.051179402168
3066.651163828133
3067.272496469937
3068.007923935097
3068.685553897148
3069.358621428961
3069.937372522040
3070.330082171811
3070.773049785243
3071.913941691552
3072.365783798771
3072.884097177032
3073.991957233377
3074.207645190838
3075.145753845851
3075.375722965086
3076.298645867279
3076.740260187451
3077.255264186574
3077.991112096769
3078.945186926911
3079.651040842005
3079.918147552023
3080.663505336740
3081.223682123414
3082.093420946284
3082.383672527773
3083.247899871824
3083.396440247691
3084.841961991672
3085.176615897302
3085.718549072517
3086.521284014781
3086.858715144472
3087.715291999309
3088.104776255379
3088.834867739140
3089.541625068326
3090.199148937115
3090.831871778966
3091.742826950750
3092.305778196097
3092.427426581412
3093.360378692195
3093.896427384348
3094.501462851369
3095.250221436285
3096.062208283944
3096.647856279729
3097.005886484190
3098.218769694085
3098.426908420725
3098.877926558980
3099.547412440787
3100.291237288271
3100.919454322155
3101.818277903491
3102.309089798970
3102.919168017242
3103.614955321021
3104.139755556924
3104.822298438293
3105.333386881245
3105.879613904829
3106.714548494619
3107.260964039351
3108.345974364588
3108.692195262773
3109.201811086779
3109.726109947427
3110.512159473589
3111.229749732192
3111.757670481436
3112.069980288529
3113.164843351335
3113.977374983199
3114.424204115106
3114.849059568770
3115.653834782412
3116.199836667153
3116.716533861691
3117.385407137783
3118.117643273703
3118.954105393088
3119.328631583457
3120.130602180175
3120.853092781433
3121.348696138049
3121.840461193470
3122.400422247993
3123.045360433666
3123.917144295955
3124.709719498708
3124.990844840440
3125.867483615993
3126.511252419764
3126.950045173327
3127.759449262291
3128.138759357644
3128.695222188170
3129.505652495573
3130.426156791361
3130.849463691010
3131.593965426254
3132.184581597458
3132.564265010393
3133.416935918841
3133.999455968210
3134.506622371190
3135.073414975168
3136.042163428996
3136.673516650516
3137.297520245652
3137.902444334288
3138.478882480100
3138.791835521941
3139.728963823048
3140.352595627608
3140.978767532606
3141.389247681991
3142.560446803363
3143.025837960728
3143.580764662985
3143.981513478880
3144.930411932246
3145.255999783782
3145.837419237481
3146.737578228162
3147.401330609882
3148.154578499430
3148.504247197759
3149.318389717177
3149.911964507614
3150.647241709866
3150.904916916573
3151.474289106680
3152.426235377900
3153.185610133614
3153.885477818383
3154.259734374728
3154.809231038249
3155.950290146263
3156.106849009518
3156.531437371552
3157.433776435009
3158.085406669539
3158.685004076317
3159.548162653115
3160.301213986166
3160.606350101268
3161.131472243696
3161.874320106152
3162.534893511488
3163.192005273258
3163.591832470881
3164.494770622561
3165.222367404872
3165.812042038441
3166.535591478918
3167.032908104168
3167.307299958314
3168.277236153071
3168.770848595743
3169.504871098035
3170.176878883545
3170.866403683136
3171.510381554808
3172.152935804482
3172.766701596168
3173.288635822761
3173.697687860018
3174.705543092542
3174.921336809932
3176.077244338312
3176.622323786973
3177.177025115819
3177.665367650585
3178.692098086316
3178.765259774160
3179.747284597881
3180.224521470235
3180.501204978043
3181.969960088762
3182.184313456905
3183.056617969752
3183.273658641171
3184.102901722992
3184.822602483947
3185.352454173185
3185.705620468493
3186.609857838923
3187.310902654946
3188.003570567038
3188.590025930288
3189.372638889137
3189.835975038404
3190.243528286454
3190.862152386472
3191.786084232019
3192.320675018725
3192.863723020696
3193.632289386588
3194.488858583257
3194.912062985332
3195.547884104026
3196.015430592202
3196.706436178956
3197.168189831944
3198.118045634879
3198.691914549211
3199.299551094144
3200.209838795957
3200.485730988190
3201.195222627244
3201.868014453362
3202.444492093220
3202.993940011193
3203.384235009927
3204.697320757886
3205.085710686355
3205.617890549200
3206.318129177952
3206.967178630885
3207.381302002673
3208.284130159903
3208.623907385531
3209.293327067485
3209.963554343611
3210.985443356892
3211.575751461724
3211.843936850664
3212.562720187216
3213.162328834985
3213.927127209867
3214.357755247598
3214.936792822296
3215.935865805835
3216.356437032630
3217.184708125241
3217.692632014974
3218.507864266901
3218.807386633544
3219.302682098666
3220.166666852920
3220.713092359926
3221.614431156278
3222.227661051774
3222.525398269972
3223.634282563065
3224.064101581214
3224.565284490905
3225.123960369877
3225.638552871939
3226.601385269693
3227.139695309766
3227.802768096444
3228.682229048775
3229.167849632580
3229.418376494616
3230.455314031306
3230.917290167283
3231.445847014367
3232.078104549471
3232.715915706887
3233.767324948133
3234.367897218882
3234.663355130881
3235.251600972770
3236.031518514998
3236.675362704822
3237.190966033878
3237.682721472809
3238.646019601911
3239.108839432060
3240.120507310372
3240.480770170934
3241.022849010777
3241.727739715689
3242.130704574426
3242.982605353158
3243.430211268798
3244.332538120006
3244.863141669303
3245.642145603108
3246.118924852839
3246.909189508114
3247.470454102546
3247.811313474084
3248.478797143659
3249.209039154352
3249.984157654817
3250.712506934875
3251.284505249175
3251.719585082350
3252.538497814721
3253.236622465291
3253.619854479096
3254.127130451633
3254.817550220877
3255.660167098911
3256.486451376226
3256.841727551900
3257.564396343727
3258.371079767921
3258.618282113532
3259.157397248180
3260.249211735252
3260.665944193430
3260.881891138486
3262.121445618123
3262.813640781252
3263.301420825617
3263.763333731157
3264.390515787702
3265.014370085266
3265.666145095568
3266.414844964870
3266.776615373406
3267.692683932890
3268.444415904513
3268.981573390534
3269.539856129144
3270.086984561372
3270.804270932405
3271.321490659027
3271.724267045121
3272.865371897259
3273.435005864054
3273.931108058585
3274.529654739562
3275.407334434480
3275.872672675214
3276.378144921910
3276.955968569069
3277.527011123115
3278.385132148559
3279.133581457500
3279.818049217070
3280.192445515479
3280.992131217439
3281.382977122639
3282.318230429815
3282.674970937643
3283.160246722314
3283.966838582007
3284.917767002808
3285.285609319179
3286.196632382414
3286.555639244369
3287.110501867932
3287.762429133325
3288.446472748919
3288.984727243595
3289.735444014219
3290.324778529968
3291.043691476733
3291.911596763825
3292.303534172081
3292.900987024167
3293.290087512392
3294.029016460401
3294.899270009633
3295.255686381700
3296.049897352085
3296.886640343303
3297.279611214097
3298.123005352909
3298.536243840605
3299.099597728051
3299.809938940606
3300.347492660972
3300.862572284504
3301.982115456027
3302.574215853940
3302.979790037034
3303.450161755225
3304.384774441296
3305.030708053974
3305.453345119045
3305.746405048157
3306.741147624208
3307.632930988861
3308.010727632879
3308.987109985748
3309.168426836412
3309.890665719633
3310.594181146392
3311.081337861145
3311.803508964285
3312.290317130552
3313.119550702992
3313.842058736867
3314.447910230489
3315.208511421806
3315.522182010083
3316.135458568548
3316.717892695600
3317.509141177414
3318.089735292742
3318.817876748042
3319.320158593167
3320.313511360810
3320.735520307499
3321.182743539268
3322.086755343195
3322.377666311308
3322.868389860188
3323.914946054241
3324.503974330530
3325.175547761181
3325.634821516995
3326.619225436832
3326.962170567368
3327.397772790737
3328.406057247894
3328.623924337845
3329.325646896963
3330.068138556861
3331.180049920521
3331.395366662260
3331.997142717374
3332.497245105457
3333.419267335677
3333.880057927950
3334.385070047118
3335.096962627904
3335.591293467137
3336.850741868483
3337.162413317859
3337.555021255639
3338.401722046215
3338.945240913104
3339.479792548510
3340.073132076754
3340.833337225502
3341.409292427205
3342.366927603770
3342.575549432577
3343.571989828477
3344.124841709156
3344.682603065514
3344.914109466562
3345.756354637624
3346.556782559468
3347.248769270865
3347.664290906037
3348.655965844193
3348.974904040460
3349.846374198479
3350.263107561775
3350.813273998433
3351.465231791375
3352.034314129356
3352.778687525825
3353.732363945145
3354.139722904924
3354.694772393923
3355.341072600697
3356.051592751768
3356.509157444397
3357.205625604052
3357.705332222956
3358.338267473622
3359.385867515403
3359.762943775006
3360.695078293041
3360.978363713463
3361.344599770756
3362.376157532209
3362.951970771377
3363.306812281939
3364.048621542254
3364.970981713971
3365.418827429937
3366.337443932578
3366.729317861865
3367.146678297175
3367.887599192294
3368.524137112706
3369.140296787894
3369.665771346466
3370.762803139884
3371.123332344340
3371.633518709724
3372.462286405830
3373.264571611774
3373.436000579511
3374.052594503400
3374.577592575415
3375.815330273143
3376.094928360031
3376.771296921290
3377.474193527155
3378.120284127262
3378.643150418739
3379.364688635512
3379.639753685964
3380.660203856713
3380.831079107373
3381.997924639946
3382.549352731175
3383.149851248548
3383.827420645214
3384.153987784427
3384.887362551254
3385.628522354539
3386.100955180660
3386.799976285151
3387.262014665600
3388.461986615138
3388.909734640987
3389.265555606547
3389.955805100084
3390.561953151470
3391.276534482372
3391.620962201925
3392.607775136660
3393.073979766391
3393.811282214288
3394.530262958780
3395.174187126510
3395.679474678810
3396.153713275031
3396.863592252607
3397.385110401080
3398.068288188862
3398.941726738105
3399.563493216463
3400.041947056115
3400.776738879278
3401.292251593401
3402.053037641381
3402.536760179776
3403.027409971102
3403.534558089731
3404.763518084763
3405.192847240171
3405.758359424602
3406.314338326742
3407.104960227167
3407.532259826395
3408.334131165207
3408.612312087142
3409.390648688214
3410.185629238867
3410.765400242055
3411.660747772539
3412.041051784520
3412.671489441731
3413.241170109124
3413.686472117603
3414.525844414289
3415.263379922833
3415.618253104328
3416.362668577391
3417.352180941353
3417.792142014213
3418.358424865628
3418.794302976053
3419.422174934940
3420.260822522307
3420.664180421429
3421.364302760869
3422.390502352107
3422.653158629591
3423.421248151204
3423.917798674861
3424.846548182989
3425.230952973646
3425.413970536198
3426.476530924241
3427.082646004868
3427.844544085086
3428.721235816896
3428.857304402537
3429.538796551735
3430.349272516972
3431.064822152638
3431.253885699213
3431.935411814792
3432.734134381324
3433.520672115211
3434.325123276150
3434.571847180222
3435.388539559339
3435.862947386666
3436.391028994772
3437.326506593717
3437.644580744436
3438.200079892244
3439.298372523039
3439.703727695513
3440.448641180099
3440.982008271333
3441.805257400463
3441.928703474134
3442.617418817707
3443.477297414188
3444.105961836525
3444.819069733926
3445.211473839331
3446.162045628441
3446.813125876294
3447.338995739298
3447.527698602910
3448.448857403705
3449.100070708406
3449.542208602089
3450.615491982639
3450.998153718815
3451.770019884476
3452.253542603728
3452.935490038511
3453.431945185741
3454.207199543871
3454.715171669390
3455.034632753395
3456.158393889607
3457.002053498431
3457.349250682046
3457.772565953178
3458.536862913948
3459.266138287882
3459.728360682892
3460.371669699674
3460.819974445969
3461.722633369274
3462.548376160656
3462.949609316724
3463.733754981387
3464.209907346192
3464.678091363724
3465.460634657974
3465.901067775502
3466.707713117125
3467.521102695962
3467.720497083035
3468.959978845805
3469.242082020790
3469.828216109702
3470.489103023544
3471.198275348514
3471.316957965105
3472.373520737012
3473.086554192519
3473.751058197446
3474.193821509882
3474.923557334110
3475.718802860720
3476.179553162880
3476.491507765460
3477.454843277773
3477.703263462204
3478.777302191439
3479.312247556150
3480.089926390001
3480.584064741364
3481.111490271142
3481.776382929899
3482.389173849370
3483.030371256993
3483.506819205561
3484.182551773998
3484.980471942169
3485.802802105276
3486.463771481703
3486.671169058988
3487.200727706587
3488.118876170453
3488.851618367831
3489.081060689914
3489.710197523276
3490.853252047203
3491.284900416562
3491.827012817503
3492.531632587379
3493.335331504081
3493.456110427216
3494.115817332948
3494.966557917362
3495.564926000065
3496.386566311978
3496.795810476632
3497.630249538389
3498.083904041525
3498.978281201209
3499.249474438382
3499.816698903984
3500.361335742098
3501.379090799914
3501.907735217094
3502.600753850619
3503.191089157569
3503.817406305269
3504.353961620335
3505.044954595407
3505.599022372848
3506.092865563258
3506.746838988312
3507.572601771219
3508.361302381135
3508.927408143280
3509.395932946983
3509.923538881701
3510.765888417692
3511.133442697123
3511.824772922322
3512.558835970544
3513.040498360242
3513.834596182687
3514.816210782764
3515.057496508866
3515.585294093744
3516.321237649560
3516.667070592594
3517.761612017223
3517.986285641081
3518.714477751638
3519.615351134229
3520.165738570731
3520.758617382713
3521.413288695795
3521.832672741592
3522.674249449938
3522.969164973571
3523.604814643290
3524.636305444042
3525.237062214410
3525.831039826135
3526.135547431593
3527.199103294066
3527.643838756270
3528.083034859555
3528.820815908633
3529.156925626111
3530.137582920775
3531.098767846111
3531.328963405488
3531.869652353110
3532.849157040893
3533.194658389464
3533.710324865705
3534.393391173641
3535.259852015799
3535.471167690444
3536.368373691133
3537.373639190992
3537.639379681324
3538.315730695648
3538.770035872890
3539.354267097684
3540.271953447135
3540.575682889594
3541.275607561871
3542.254946235262
3542.491909383474
3543.492970418508
3544.143569649407
3544.343334225653
3545.033969501387
3545.693021942402
3546.287069000143
3547.049189034733
3547.680362767292
3548.388769920396
3549.018863060635
3549.531672366467
3550.186443672911
3550.989321416634
3551.122806688753
3551.888413716187
3552.554677867562
3553.489045731737
3553.965949582821
3554.776996035192
3555.158698809472
3555.592213478675
3556.630639936424
3557.049372501750
3557.612116224596
3557.871487773855
3559.188579703410
3559.794110264791
3560.076071412449
3561.012516589973
3561.354468066345
3562.035834783384
3562.743971896299
3563.022298506281
3564.156942023477
3564.340475016321
3565.343331855970
3565.845215098855
3566.697868617313
3567.244256627977
3567.447065940044
3568.198663749176
3568.845425690373
3569.709129570839
3570.110046394211
3570.844564246343
3571.611433697012
3572.179606177657
3572.817329577239
3573.306808225781
3573.866794945540
3574.459168839537
3575.143918161379
3575.777827819495
3576.721981196359
3577.158379511786
3577.807731779251
3578.218173801926
3579.183167887720
3579.507839822994
3580.185424807351
3580.614935752302
3581.390941158140
3582.341021990541
3582.877314878115
3583.404425819747
3584.004599021002
3584.552693046786
3585.173353925104
3586.014163636247
3586.237660735231
3587.034782523604
3587.703201570796
3588.682254196226
3589.153074784640
3589.541179826319
3590.149148685481
3591.073922270471
3591.284677007275
3591.878309482040
3592.963304333791
3593.296741435015
3594.052707245508
3594.699812971003
3595.408516490924
3596.032608239100
3596.339263659666
3596.972435619297
3597.638242068449
3598.312394920139
3599.408763131840
3599.474111562457
3600.195665511531
3601.153289608152
3601.543065114742
3602.087963423252
3602.621730041537
3603.257098623551
3604.097711597785
3604.431418183331
3605.539562342260
3606.075508953524
3606.638159221506
3606.844278999959
3607.906095077338
3608.368340777049
3609.002661261162
3609.429391341410
3610.137432335649
3611.240326702629
3611.653986829232
3612.079537971355
3612.982154011320
3613.190217124854
3613.939822865251
3614.696311693872
3615.195365284170
3615.739765314933
3616.716552899106
3617.252898774043
3617.833619857358
3618.507636912858
3619.070999771257
3619.573223476184
3619.975868189568
3621.146068784130
3621.272752456969
3622.422109448902
3622.741882907638
3623.433160111881
3624.243651974322
3624.561681399267
3625.408190931324
3625.719096129322
3626.250973762907
3627.205023811124
3628.060811421547
3628.414622760369
3629.023432925716
3629.741196301833
3630.346120088002
3630.877989209528
3631.519501643408
3631.917802734318
3632.749902240238
3633.534578456615
3634.050857449432
3634.921506183869
3635.374236009604
3635.903369926962
3636.230295515502
3637.355596245020
3637.744493433787
3638.219215310147
3638.964242014285
3639.857033262228
3640.489910415593
3640.997781527056
3641.556067287323
3641.952869030701
3642.839458111713
3643.350460045649
3643.866246363147
3644.787358456791
3645.344631966902
3645.975900108811
3646.866779344978
3646.905387834275
3647.992076506877
3648.370500622756
3648.714042749739
3649.525384899771
3650.561052275658
3650.958874251934
3651.599097915635
3652.095835430015
3652.999923215494
3653.457169106262
3653.883417759056
3654.571074224519
3655.220833542932
3655.752699478774
3656.823462381681
3657.315355322015
3657.880284261498
3658.211426062731
3659.232349237441
3659.593339193335
3660.172609792811
3660.768938737488
3661.601232815548
3662.090640580995
3662.970200330550
3663.642783588615
3664.062052855957
3664.567966193915
3665.180107680542
3665.887738450204
3666.429238710202
3667.239857980024
3667.718435961568
3668.449923747632
3669.246404923098
3669.785768347936
3670.371429871320
3670.650169830707
3671.468762592612
3672.075101182918
3672.841594130396
3673.285185419996
3674.348698647769
3674.663603835247
3675.291866992148
3675.872762744745
3676.661137859557
3677.087321562480
3677.699323436632
3678.021012627665
3679.368386129265
3679.816639119974
3680.204149272031
3681.001840185418
3681.427136588245
3682.305212380174
3682.739992671816
3683.223724889742
3683.845081012163
3684.708130013219
3685.408358456913
3686.048559874927
3686.582356129214
3687.154171354436
3687.836016256732
3688.126593783787
3689.094535154873
3689.559322754199
3690.188179349680
3690.950390035046
3691.630521492774
3692.363228373123
3692.741474353055
3693.488624135001
3693.781424563694
3694.464018031521
3695.389774946832
3695.787532249339
3696.519648596472
3697.436866627298
3697.618602923056
3698.509318995739
3699.111083644138
3699.616420184909
3699.969100577116
3700.768878451558
3701.579506919702
3702.161304067240
3702.885275776309
3703.466781204378
3704.062265249469
3704.558453833456
3705.205278338364
3705.940193261048
3706.507893457419
3706.695740387726
3707.885415032518
3708.701326884072
3709.091921637114
3709.475952969755
3710.216810373821
3710.929234809477
3711.422197392966
3712.080154775837
3712.526168235556
3713.376531055552
3714.178412354932
3714.743625326695
3715.238303174461
3715.928757156474
3716.462079170090
3716.926408357633
3717.706804863778
3718.158947901339
3719.291605388510
3719.589600155134
3720.008324145877
3721.292406230443
3721.557985727437
3721.933824654937
3722.470796923543
3723.475393773471
3723.686516489575
3724.710142398215
3725.277680622758
3725.949292452437
3726.497095322901
3727.083178777455
3727.873044538070
3728.168153255409
3728.962820677839
3729.290501706712
3730.233476024740
3730.896806783434
3731.773964923595
3732.030109405606
3732.656022164046
3733.343819637782
3733.853661307205
3734.708885934976
3734.961375270575
3735.658138681415
3736.545024528858
3737.164439009657
3738.002325816256
3738.316251855355
3738.704259547666
3739.628390993302
3740.057066132161
3740.761832129174
3741.394242190002
3741.960384708977
3742.828913138565
3743.575939206592
3743.806604414300
3744.615208570542
3745.126755479489
3745.797321047607
3746.111059744025
3746.984106886170
3747.961145921784
3748.220833140655
3748.957872026667
3749.512884806974
3750.318199153729
3750.895620524267
3751.311689039122
3751.622723563899
3752.660209092943
3753.436564031038
3753.876167046675
3754.632352137833
3755.251645602005
3755.761794777008
3756.323949429625
3757.012424954901
3757.557328052601
3758.196457565546
3758.650640133654
3759.865542760400
3760.081563517559
3760.930338684206
3761.516008315614
3761.715381992049
3762.533595264765
3763.394659521777
3763.746765810448
3764.288704106949
3765.136975172205
3766.107116217330
3766.322428443891
3766.978158912060
3767.716250050564
3768.069780550406
3768.747880009373
3769.307514788410
3770.317821875320
3770.567005925977
3771.436368889520
3772.111891672102
3772.600931692432
3773.368091196760
3773.667262362518
3774.401386653490
3774.970298902484
3775.486253201807
3776.575671245223
3777.067704431407
3777.694415158724
3777.980075660679
3778.976430536572
3779.633952589899
3779.806393312952
3780.560473753972
3781.117081879813
3782.031240483539
3782.737511908089
3783.245926123838
3783.951630381955
3784.220153652951
3785.183638545276
3785.651094029451
3786.009632991330
3786.944590215521
3787.542717921848
3788.079766735069
3788.969768945666
3789.684974037338
3789.961356739239
3790.714441587402
3790.863872758948
3792.089137611433
3792.402385340128
3793.034866977445
3793.769915481228
3794.551859061629
3795.134207923906
3795.704714402274
3796.194529732686
3796.819103988151
3797.371722530702
3798.068766419544
3798.564502957538
3799.679807485354
3800.117389390825
3800.408963902943
3801.425391243807
3801.862891496396
3802.452525283544
3803.075410842559
3803.486518806347
3804.198740734781
3805.133036674510
3805.918038736227
3806.078275646631
3806.884066401127
3807.416479678227
3808.114179577599
3808.680380892436
3809.212943068582
3809.762541571904
3810.551465352825
3811.512087526786
3811.779739609974
3812.571255427645
3813.092666065794
3813.494083163053
3814.283633818371
3814.938898046480
3815.338914781287
3816.216165976243
3816.899190501543
3817.413026176699
3818.180398777825
3818.829586690799
3819.203788713214
3819.823292847907
3820.182930053357
3821.295320966054
3821.859415672945
3822.243446120599
3823.083611297396
3823.894160790992
3824.349941832546
3824.649844595416
3825.606959163561
3826.072817838426
3826.419661600588
3827.394015874790
3828.160522309112
3828.654194345132
3829.409279867440
3829.863871835471
3830.270503800947
3831.408986665949
3831.516808657899
3832.256029895108
3832.672562566160
3833.707020563764
3834.548524521988
3835.010475635718
3835.147335958893
3836.202584459815
3836.686843965489
3837.193748764688
3837.899683539924
3838.390568186810
3839.347334278011
3839.721828721973
3840.639519104341
3841.186470630259
3841.728713380885
3842.090312358878
3842.882913562367
3843.396187908545
3844.163258791298
3844.744706968900
3845.569440228670
3845.990119035184
3846.748193472760
3847.375389007311
3847.972192000863
3848.369458195023
3848.844107926208
3849.783661889514
3850.351956822018
3851.142239379419
3851.786186221457
3852.101864532951
3853.015386754584
3853.505364519204
3854.178949085667
3854.383692348290
3855.496808556347
3855.658983229397
3856.803758110613
3857.284402820213
3858.064101537550
3858.419670693560
3858.930826923297
3859.673908845521
3860.500687717815
3860.663383267914
3861.558132684345
3861.990904589971
3863.189788340180
3863.547088227307
3864.113467135755
3864.454966480662
3865.291570837549
3866.037853354324
3866.290672100289
3867.022563194697
3867.899569826096
3868.544965755374
3868.960723912546
3869.758036802866
3870.501918905477
3870.724868334032
3871.428948308816
3871.858049832439
3872.767693023771
3873.486107109163
3874.012505274628
3874.727556130994
3875.179285888536
3876.037071628751
3876.468515203408
3877.126533589936
3877.410505234568
3878.248303565741
3878.977125443424
3879.741575769735
3880.337012363637
3880.783937587857
3881.711021087711
3881.811272280376
3882.666992183799
3883.390335952350
3883.797457737071
3884.264473614850
3885.429424396999
3885.929822377489
3886.435268361998
3887.170630465705
3887.572294983270
3888.282559338182
3888.632250482394
3889.708660190342
3890.087615483888
3890.502125506633
3891.640287985746
3892.156596991250
3892.746585547420
3893.143142626243
3893.853669967451
3894.300489987294
3895.288853901697
3895.393875843334
3896.474045891111
3897.125145098468
3897.564977031771
3898.322002376349
3898.888348336251
3899.420330407766
3900.128040211589
3900.520200807299
3901.007705577208
3902.159198012930
3902.766941758936
3903.187145682634
3903.708062897265
3904.545485137325
3905.067761938185
3905.736951566474
3906.093436156519
3906.620314254982
3907.714649332052
3908.145851162422
3908.842199574056
3909.669438554638
3909.936272124370
3910.559298993223
3911.144322872829
3911.902639449444
3912.447964064329
3912.945175542069
3913.787159489174
3914.411026617234
3915.308136325280
3915.642460390080
3916.050023715752
3916.782923594757
3917.379748288336
3918.038270009421
3918.587063464603
3919.506730038869
3919.837503477796
3920.709981489048
3921.305717217352
3921.950277591459
3922.200284517078
3923.044673594009
3923.441224321251
3924.269744898152
3924.913538847403
3925.671056379053
3926.405107951306
3926.553960609879
3927.447476554917
3928.178112288194
3928.478244575575
3929.106752483500
3929.736378213212
3930.417282607966
3931.291037117623
3932.096279452486
3932.285763630963
3932.735877787556
3933.682634287542
3934.436124678503
3934.568645271132
3935.253913272890
3935.987843580219
3936.933674775923
3937.374823255896
3937.938842169494
3938.721438253020
3939.225718302927
3939.580521524329
3940.260225771162
3941.073418740344
3941.678232670753
3942.187050520271
3942.923796819680
3943.778920779558
3944.170807287479
3944.826901715935
3945.274827135085
3945.803155009950
3946.509983137476
3947.310709855507
3947.874202757271
3948.458633333181
3949.272981855130
3949.800050301680
3950.359830580569
3950.852174030777
3951.624279237029
3952.225813290675
3952.375311881533
3953.577934332478
3954.307000349440
3954.727797818555
3955.240416309097
3955.935160902256
3956.642815467632
3957.042827937031
3957.705512016036
3958.394169712081
3958.715268021174
3959.955053876041
3960.338899377962
3960.960078560378
3961.588937863571
3961.913456579420
3962.724663060077
3963.490311056927
3963.705073167508
3964.546125480138
3965.227583257513
3966.008890105541
3966.680940235777
3966.929115368424
3967.866953059838
3968.275824126156
3968.651384522373
3969.499138447182
3970.167722031543
3970.939812578713
3971.371946161265
3972.155156589390
3972.614030861898
3973.638767421042
3973.913148348878
3974.043941810914
3975.131588163462
3975.600020954007
3976.611945648815
3976.959650416418
3977.656528242683
3978.386702649841
3978.844270678036
3979.459686715395
3979.990548759635
3980.688489451481
3981.240935284850
3981.752045980216
3982.741870984716
3983.580601072950
3983.756470655852
3984.320579393281
3984.923416389774
3985.848491611504
3986.225273822497
3986.692630691768
3987.387495637530
3988.393509416858
3988.720721361590
3989.639780625351
3990.037354809236
3990.598087562613
3991.009714302882
3992.009426742134
3992.295492106912
3992.968723464364
3993.887646699384
3994.428651113353
3994.883239436454
3995.886772178617
3996.141305766970
3996.820659951324
3997.224030974272
3997.931384804056
3998.619477272009
3999.440968350390
3999.955224646791
4000.656189442678
4001.106237066030
4001.854108964219
4002.419143502982
4003.056508409754
4003.433411161860
4003.926373632315
4005.172499611293
4005.516085362644
4006.155175493712
4006.751929609927
4007.582072393554
4007.740151761105
4008.605978877672
4009.081356917546
4009.749535309692
4010.481799404718
4010.859015375503
4012.149326386323
4012.422641868106
4012.716210810516
4013.653333696285
4013.923485878127
4014.747402918109
4015.465219432516
4015.872673670641
4016.535535108778
4017.431629853786
4018.111834357122
4018.542402382188
4018.944721264334
4019.797437545429
4020.284509027820
4020.744993830430
4021.513878964985
4022.399114636675
4022.849581426461
4023.500630205966
4024.083338592949
4024.714028027929
4025.522147496375
4025.766634513427
4026.220074676505
4027.063452654631
4027.918977698645
4028.518302831559
4029.079270258543
4029.631468695015
4030.273261099133
4031.021102625578
4031.261507405805
4032.233842033596
4032.454947375052
4033.184904705801
4034.251765141920
4034.691899717881
4035.226547486882
4035.861663303277
4036.392608872420
4037.059805125734
4037.496783698018
4038.384541531867
4038.716624460891
4039.613218458936
4040.161585822952
4041.021209849881
4041.454241344879
4042.132946256820
4042.315489726672
4043.164243400381
4043.868110529398
4044.402527244371
4045.169884930134
4045.710005401244
4046.447097968978
4047.116058990361
4047.637191260269
4048.117601017076
4048.646995300232
4049.363858674042
4050.070009060330
4050.455679668755
4051.671271764549
4052.022982389852
4052.400676776816
4053.039297558301
4053.960703520882
4054.505578748379
4054.740982212790
4055.291319877628
4056.332570214297
4057.006410322449
4057.650430044027
4058.043666333428
4058.785543717850
4059.231435975194
4060.002264411974
4060.504616720667
4061.017290156487
4061.701143756129
4062.529710028869
4063.128428331471
4063.767725890813
4064.392638949491
4065.000597435639
4065.222588557999
4066.064599713337
4066.704768711996
4067.406519182320
4067.900502854910
4068.632737015142
4069.457219812914
4069.843676321478
4070.680579723157
4070.847032298509
4071.634851328644
4072.153645775335
4072.844388018379
4073.650476053026
4074.395910777919
4074.624906277303
4075.508170963129
4076.226323533204
4076.564853862086
4077.105420790792
4077.871134553058
4078.333974120013
4078.980916838978
4080.111541367030
4080.286795363003
4081.108693850119
4081.576676596714
4082.071062279375
4082.850705016297
4083.554389976866
4083.885693191058
4084.371974275281
4085.454367511094
4086.211238917301
4086.543449994696
4087.181147275202
4087.625860295845
4088.483133818833
4088.928047839137
4089.439621557221
