24.504484300271
24.793565632523
25.869475651372
27.220753978219
28.170705083016
28.812331826359
29.694221356522
30.845374421599
31.228834568788
32.595792456662
33.606293868639
34.467291115681
35.203545790642
35.878826763080
37.007007116465
37.744570162599
39.024001476171
39.596249048460
40.817919723266
41.330275721861
41.923937625214
43.126464989533
44.271434807805
44.727172337624
46.141790579723
46.443961409228
47.386429092631
48.243112939252
48.960513961968
50.315342277104
51.049242145759
51.666258250586
52.544328480818
53.443067610177
54.173892860600
54.846108266761
56.376723481592
56.868381672849
57.542201819871
58.419176944326
59.376369599248
59.787238973520
61.165641158460
61.701351940613
62.952056009446
