26.606196626350
27.228099814685
28.031481407932
28.783131808868
29.709406718231
30.180812083909
30.887362661992
31.479074581040
31.709271094138
32.974716531813
33.943108688128
34.560184979127
35.391065312265
36.201134411364
36.841396246538
37.565787285351
38.094125762036
38.736329113125
39.821985305778
40.362735596205
40.797383212936
41.921805612729
42.370960079437
42.605137532016
43.870403997354
44.672887196741
45.644279507533
46.471418282454
46.812579220842
47.443965500297
47.749651429508
48.915804101698
49.453997582387
50.057399014777
50.685507690627
51.453752740170
52.389790406451
53.248421848754
53.735121120350
54.592869339162
54.900255491325
55.692499273451
56.785718178388
57.457341287598
57.671045513987
58.484851726238
59.090294488843
59.819971819502
60.208676024255
60.936856458750
62.259968573493
62.812341677685
63.407448050187
64.234192710208
64.869204864881
65.356804758192
66.216282750909
66.367063862526
67.038398201947
68.170271201968
68.772502239308
69.532670434374
69.902507296142
70.465816479661
71.481773285784
72.238605000865
72.958475390605
73.564312253274
74.245103188256
74.795697771540
75.607756229373
76.238532844593
76.620889820547
77.128357080744
78.035784045629
78.461513475478
79.262156077845
80.436809595437
81.061537253819
81.679542951988
82.273938302785
82.544047720937
83.378133764213
84.075647104537
84.851728063287
85.398156751661
86.240721569726
86.585977066237
86.955564154397
88.093175225010
88.704129821252
89.376312295408
89.673628750749
91.116821490550
91.554534746237
92.185853794442
92.723879936891
93.369892897635
93.763533698841
94.540571129484
94.843000156505
95.915194053440
96.396567003454
97.112822047418
98.010501196209
98.474675162412
99.366128393551
99.923303168123
100.412941139619
101.220965461352
101.742812638721
102.375727858010
102.933830639327
104.039758456140
104.368835000735
104.806758272762
105.262967632057
106.065844021483
106.495773408025
107.991243292051
108.437186693906
109.116873092659
109.408659387106
110.389827926537
110.693130993237
111.560118038777
111.865625799633
112.537850148539
113.280899707584
113.697406635900
114.818951384415
115.168532921118
115.746039964668
116.684066051026
117.234485265633
117.875489156860
118.372710271246
