8.553111618268
9.304515163685
10.299979144917
11.266994496604
13.507011893235
14.574530022084
15.428969642240
16.505965947094
17.337216261398
18.731307893843
19.492647626405
20.915882241227
22.142493124924
22.782564179287
24.446634343317
25.669655378050
25.987144529915
26.989542694798
28.172012847162
28.812850749382
30.169037105181
31.762694473458
32.670354935905
33.276589615194
34.248724086189
35.176899330863
36.279090769108
37.608303342707
37.902934227465
38.729300473821
40.410167910994
41.393564597123
42.480017819312
43.079330855736
44.378739253517
44.916033311550
45.559917320329
46.449868911902
48.224672027491
48.655502560729
50.128263954174
50.699786083475
51.555922300406
52.736782628227
53.583071325817
54.368454718977
55.290906420454
55.978628772596
57.000996905830
57.883066831435
