1910.801539085771
1911.741653686027
1912.164975843345
1913.150366013778
1914.124687794976
1914.690343009524
1915.189529920593
1916.108733545662
1917.125730685898
1918.167977666977
1918.678505336157
1919.297315922979
1920.077322856461
1920.745949657382
1921.595879426324
1921.969018015954
1922.898914775652
1923.349741906479
1924.975356376161
1925.541314688863
1926.159892500831
1927.169487377325
1927.563002515081
1928.093067455985
1929.215716922660
1929.980878674603
1930.807114816555
1931.397298651614
1931.626079721047
1932.813301136554
1933.583582162353
1934.485851622471
1935.315129799803
1936.206370509331
1936.921358019710
1937.774992394473
1938.297242068667
1938.541991908318
1939.414688072780
1940.393561016120
1941.366040751316
1941.767335337391
1942.795052770342
1943.759003306117
1944.283604524971
1945.151456498278
1945.775044550322
1946.667100835592
1947.389156075900
1948.001460438055
1948.953571312302
1949.437856350871
1950.090971150375
1950.754642617460
1951.501533384820
1953.177823282531
1953.705614422563
1954.274462072315
1954.799888677052
1955.497219108674
1956.570652352489
1957.088404201021
1957.530003535453
1958.733815804295
1959.205098798358
1960.173776672283
1960.927482312061
1961.697227357634
1962.472096944679
1963.177414624985
1964.267954828990
1964.867574291766
1965.621065255917
1966.104000478152
1966.832821979322
1967.612964622707
1967.906599507853
1969.381354977118
1969.935083702313
1970.859437032969
1971.861056109922
1972.496650230527
1973.066737564963
1973.777066685838
1974.120986520657
1975.340830517659
1976.327717435591
1976.638675861016
1977.536708932835
1977.886584436541
1978.864722300211
1980.047656793809
1980.705651541102
1981.476549293628
1982.404739527065
1982.990495346477
1983.438798057076
1984.283508683389
1985.249844881519
1985.339572975532
1986.331588631712
1987.296790469644
1988.439366967596
1989.099879549567
1989.755834652056
1990.177705852033
1991.264259761920
1991.899088103458
1992.956216094648
1993.442927945855
1993.854033948081
1994.839530607414
1995.805283901282
1996.044925963271
1996.806344634394
1998.155118454511
1999.112251992125
1999.674676917001
2000.296653266675
2001.107533109028
2001.572498341035
2002.185463297799
2003.040822799445
2004.003828677379
2004.700928141120
2005.387486193428
2006.088430322976
2007.116349665193
2008.036530631096
2008.418359416890
2009.548867780350
2009.689391864398
2011.252527906545
2011.534670871669
2012.202092725872
2012.726990861864
2013.334432702344
2014.295877163142
2015.355696230286
2016.522276355508
2016.823595029755
2017.714679429383
2018.368180585235
2019.126497529514
2019.638674077769
2020.430628737669
2021.351453710091
2021.942068850452
2022.884499502050
2023.285825582452
2024.401053827711
2025.085874546502
2025.581514867084
2027.036995038497
2027.804589539815
2028.064608859432
2028.716978371408
2029.695566867081
2029.987485379598
2031.126022350832
2031.609118709456
2032.248673552505
2033.511512973052
2034.369052975480
2035.330418940325
2035.592636696451
2036.186265784561
2037.108233175034
2037.918131146178
2038.743243459005
2039.339932413653
2040.273214489086
2040.741974787927
2041.103789521109
2042.274892630405
2043.336898031364
2044.129054707461
2044.912473780022
2045.399985420910
2046.491144344625
2046.920070384779
2047.533693749055
2048.234625720124
2048.679210407307
2049.981786113142
2050.801555531815
2051.438016306409
2052.028044101340
2053.183794818110
2053.836821894250
2054.302314189489
2055.362110751040
2056.058868268358
2056.699235912382
2057.424584617100
2058.066928713953
2058.768999342863
2059.474842037718
2060.040743855895
2061.526059929944
2062.223845225589
2063.155507589538
2063.574580615350
2064.030389248313
2064.801082288245
2065.543104533736
2066.717080670174
2067.062043193074
2067.760252836382
2068.499588228596
2069.635494086342
2070.218060987934
2070.980194782468
2071.769619446226
2072.548326116078
2073.596802546439
2074.219324996086
2074.515351742881
2075.558004512103
2075.829414035344
2076.761947099055
2077.399335852330
2078.557368098754
2079.589611477378
2080.135968866815
2080.717231164906
2081.677930614747
2082.355536795309
2082.985791149461
2083.358859041556
2084.563924290866
2085.495487201478
2085.779515701453
2086.666887722501
2087.154769610536
2087.992486408888
2089.493268084193
2089.849326574956
2090.743799252221
2091.356849198261
2091.928480501402
2092.843040377034
2093.466712636264
2093.810231809633
2094.784976519777
2095.866433333287
2096.164778543103
2097.717255425255
2098.114303822642
2098.856080302754
2099.352356955078
2100.159869462776
2101.169244929271
2102.099060668190
2102.370755062720
2103.216501594969
2103.577115505913
2104.652036055120
2105.292604953155
2106.243818424093
2107.038462021419
2108.244051165924
2108.719587174857
2109.476076711935
2109.760374269301
2110.667685169069
2111.308241153975
2112.041231083376
2113.014294070994
2113.898564990398
2114.180389431270
2115.305746761910
2116.011553028142
2116.863724496271
2117.603931511315
2118.374758209536
2119.170548129557
2119.618112896684
2120.551333740847
2121.464843687301
2121.649202969248
2122.274774179930
2123.044729230856
2124.748310485031
2125.218219409790
2125.849800468960
2126.551160322425
2127.324363695438
2127.877085462553
2128.711154771141
2129.421170206152
2130.179653982416
2130.850490932823
2131.879634899276
2132.112421849532
2133.136670132323
2134.144828551608
2134.596803160725
2135.750802863857
2136.429480860297
2137.263801723443
2137.808003535532
2138.293193739716
2138.689216345619
2141.466431074442
2142.092114912954
2143.285205498518
2143.825895860703
2144.798326682537
2145.175094630238
2145.536336801661
2146.824836975688
2147.576523335016
2148.306512964448
2148.786658403063
2149.465407706678
2150.175301285621
2150.956174792995
2151.925037691849
2153.384012604890
2153.470376459600
2154.148223738905
2154.998836405696
2155.794462323095
2156.319436025659
2156.918654598117
2157.759035331901
2158.332842658336
2159.515563944276
2160.354408877357
2160.869723942944
2161.793137302772
2162.157524416484
2163.445798902621
2164.075605574401
2164.603913706060
2165.427620755653
2166.146112674267
2166.740989449917
2167.463012695825
2168.024326484932
2168.911061963226
2169.976208276262
2171.048814390242
2171.589678961736
2172.279292100713
2172.850924300125
2173.645973448850
2173.940798570919
2175.013648835170
2176.067674416289
2176.586375570780
2177.110065358847
2177.729844180370
2179.015432275483
2179.958206401958
2180.083547789189
2181.138845190972
2182.092658228059
2182.735786646378
2183.462760433325
2183.880465648539
2184.669776887288
2185.158033553023
2185.962682330677
2187.186709846135
2187.832244532819
2189.009770165346
2189.264467811881
2190.186096422898
2190.591893562622
2191.676567427530
2192.198616687221
2193.002399068514
2193.688949847040
2194.378059700994
2195.413331221840
2195.823072098877
2196.277038971808
2197.579876966156
2198.562911224213
2199.368232727539
2199.933515739757
2200.516851969257
2200.892656716702
2202.203014164151
2202.400451443493
2203.251484266788
2203.960916882469
2204.949177056926
2205.782171298574
2206.691323030576
2207.259680750237
2208.029481666526
2208.688555028209
2209.227434387170
2210.414307030182
2211.237648708502
2211.513688467992
2212.173422470964
2212.985902722907
2213.439595633113
2214.594276737613
2215.816333607107
2216.164430046328
2216.966370289045
2218.077727024626
2218.394047974276
2219.026231946177
2219.729498528468
2220.155458565338
2221.498180359201
2222.187085560108
2222.528189686666
2223.710680632365
2224.212056342877
2225.159810001343
2225.896211523710
2226.708717514838
2227.558604698484
2228.099092987088
2228.797285191703
2229.482408666958
2230.128778045091
2230.886962995386
2231.576364223219
2232.036101931070
2233.703092867305
2234.462099864129
2234.977881332881
2235.361511474212
2236.161843675622
2236.927533293632
2237.792050728590
2238.492492286079
2239.126324855422
2239.956965687536
2240.463027735857
2241.334687722839
2242.342132065778
2242.738434176803
2243.906051412705
2244.716556681865
2245.337741869442
2246.030836888231
2246.744695108196
2247.362321497682
2247.852729201124
2248.408785257418
2249.715939163336
2250.327286927296
2251.417626500476
2251.691059313877
2252.950242038418
2253.559211731430
2254.010463047371
2254.767091682971
2255.610703608435
2256.274459204284
2257.402563528503
2257.743134856052
2258.310424947214
2258.815353544574
2259.969789377317
2260.916786078082
2261.995897220780
2262.418601851472
2263.221296162620
2263.841697035605
2264.341902611105
2265.179862049559
2265.888153030044
2266.686085636477
2267.150523108443
2268.280004979606
2268.957881825721
2270.019297203866
2270.539478374220
2271.057577537942
2271.830601852881
2273.157825114902
2273.620670356294
2274.162821684364
2274.644267508569
2275.614839441780
2276.161344437405
2277.063792009871
2277.461585501052
2278.911538981704
2279.665566265836
2280.359452577427
2280.982725511618
2281.743056499683
2282.258686757803
2282.747129906104
2283.877497921912
2284.461080352785
2285.504940705548
2285.894396536905
2286.644797234841
2287.301382725860
2288.464812133602
2289.320085289688
2289.905785211959
2290.496786022250
2291.364900467565
2292.341674321975
2292.540253417931
2293.432814874625
2293.805453439100
2294.569076297382
2295.694006196801
2296.807266872631
2297.315025978703
2298.209473326672
2298.556139170370
2299.505614390456
2300.262084224424
2300.629700428827
2301.947438821649
2302.418896277746
2302.803744917026
2303.773055641216
2304.485911638294
2305.288583072601
2305.952652174176
2306.961135052838
2308.089033557279
2308.601423128875
2309.077398662785
2309.882474657626
2310.147261399955
2311.221190539233
2311.805919503592
2312.847958265618
2313.324873950702
2314.067264631200
2315.510995497293
2315.853050772264
2316.311662459109
2317.384809793105
2317.841023882236
2318.888997154302
2319.473614731233
2320.359526694802
2320.770555873129
2321.534455360082
2322.039234576518
2322.718098927001
2324.380113990386
2324.715973871356
2325.731684134048
2326.203121893914
2326.720985548765
2327.867209754458
2328.315777536706
2328.783923574208
2329.498971153301
2330.619408505094
2331.429216940240
2331.933232601473
2332.642168490604
2333.621403141241
2334.281726784331
2335.132011556118
2336.024124234454
2336.580053226748
2337.392793980978
2337.792420863655
2338.557527790323
2339.470184755706
2339.716049622612
2340.745371578317
2341.709287731698
2342.637413310293
2343.511350264527
2344.200961879986
2344.673962656580
2345.059341098113
2345.885381834491
2347.149560749761
2347.574158278071
2348.418587509613
2348.715248652687
2349.623687249448
2350.462481614827
2351.371207115962
2352.152382525938
2352.819448893340
2353.953541571637
2354.271839810128
2355.215393617631
2355.640202640397
2356.209549051685
2357.036469470655
2357.686479399761
2358.466053916321
2359.695782475267
2360.538371605220
2360.704842236479
2361.770094465744
2362.497896314218
2363.155457366392
2363.969488408791
2364.575499732916
2365.255266879805
2366.213629134116
2366.788999302004
2367.334941570023
2368.035499920179
2368.683199179326
2370.299513674503
2370.931276735964
2371.336892401149
2372.008827448139
2372.898364778182
2373.403440425864
2373.965039104143
2374.831442489815
2375.684733556312
2376.363693877644
2376.990509781422
2377.973909072595
2378.877851503226
2379.558307831215
2380.062836928822
2380.750066824607
2381.978915799425
2382.417450365813
2383.319463604706
2383.809300085724
2384.143908351398
2384.887630745427
2386.096555293871
2386.593940756536
2387.690734745112
2388.635377053196
2389.087067795721
2390.087155153215
2390.427655667770
2390.987931999970
2391.992441898171
2392.395118730155
2393.679276686157
2394.030007966469
2394.859852533135
2395.450175566387
2396.331091511991
2397.128131300625
2397.995497199215
2399.043900389672
2399.581355764793
2399.907824108479
2400.771036812023
2401.581288141943
2402.456354115800
2402.602184502427
2403.283536329192
2404.439598733524
2405.592364367826
2406.281667206666
2406.869982483552
2407.401728247859
2408.144771804129
2408.942183298330
2409.739804290562
2410.560407710710
2410.992864777085
2411.900588983903
2412.479717140067
2413.066863435520
2413.948909132406
2414.947029029464
2415.893562084629
2416.254881010426
2417.624981985259
2417.893615805165
2418.444158008673
2419.118755369160
2419.729065814139
2420.437772862722
2421.610230759778
2422.261427768502
2422.723822553678
2423.781771806734
2424.602775551868
2425.424339171258
2425.891222260339
2426.508491903370
2427.432689997691
2428.466553244652
2428.888696806779
2429.276381576736
2430.298250546123
2430.981746145599
2431.135733985750
2432.676468923954
2433.727986670257
2434.290807110966
2434.886384803760
2435.432628356113
2436.218992238174
2436.870606278969
2437.746793979758
2438.212649843832
2439.180128099677
2439.608721674176
2440.792358114484
2441.430598555276
2442.215165114736
2442.534110853125
2443.919532647161
2444.513160477879
2445.243104940623
2446.039179954676
2446.304862689225
2447.231661355230
2447.757304592511
2448.584579747195
2449.156305653033
2450.263612757675
2451.169747781822
2452.011771168030
2452.542995370066
2453.334294115252
2453.857359469122
2454.737087137350
2454.878341579498
2456.430280735678
2456.897638920709
2457.594804656930
2458.048046816923
2458.600529120670
2459.960324723200
2460.630077794658
2461.460899948510
2462.268658414236
2462.744690324967
2463.669597868385
2464.317015244205
2464.894883492119
2465.276460386212
2466.168072647311
2466.984051070135
2467.986461409507
2468.675038304103
2469.636621930338
2470.271859092307
2470.762525575947
2471.424219182579
2472.527186825299
2473.260538938074
2473.697095130202
2474.395576264796
2475.136503484015
2476.057085754941
2476.330929802183
2477.315222612013
2478.021879099716
2479.406175253855
2480.099828907567
2480.510063939763
2481.166748888995
2481.697631457645
2482.448839557980
2483.263933237919
2484.101903853876
2484.527815985216
2485.627926091479
2486.181278799753
2486.956230301028
2488.001396589813
2488.669746426017
2489.049011389278
2490.102639297625
2490.863264073983
2491.473303427085
2492.323819244417
2492.952177611548
2493.144209524828
2494.023432591506
2494.770467818372
2496.288996749618
2496.804587102710
2497.284102875068
2498.185550814442
2499.014354992118
2499.613894400739
2499.994320478964
2500.770059821913
2501.810353516191
2502.367866146317
2503.174267437932
2503.951268431500
2504.297233969511
2505.482167339909
2506.052154334497
2507.200074403863
2507.729370175882
2508.693468002547
2509.050909470874
2509.652260764272
2510.386480417229
2511.063168138223
2511.978407569652
2512.463217124621
2513.191426602551
2514.602720273917
2515.299887241654
2515.748800308833
2516.432735077062
2516.954793767647
2517.793455544270
2518.868968760587
2519.356706267233
2520.254448277943
2520.455691223469
2521.254253996774
2522.426664373499
2522.559683279972
2523.939510649435
2524.768199767332
2525.393167878556
2526.235843677145
2526.586209119979
2527.616011190908
2528.065791862410
2528.561606959831
2529.199499919106
2530.469567644552
2531.209588016970
2531.640757316499
2532.881223892623
2533.044730299758
2534.198296351749
2534.931203473237
2535.560566766171
2536.148081379779
2537.050991035509
2537.706544544139
2538.600508949613
2538.810465511527
2539.537038187045
2540.252046541416
2541.540667678347
2542.433352870569
2543.051613244656
2543.893390157585
2544.296479791321
2544.718695839577
2545.844929939339
2546.296396901635
2547.178595310441
2548.099093159622
2548.449646954826
2549.120839543692
2550.400609380224
2550.931204784594
2551.674100620980
2552.200771753701
2553.303764083696
2554.396161638138
2554.622441571536
2554.989807289488
2555.904568894114
2556.524685543179
2557.277125378038
2557.937231532512
2559.045024170992
2559.831912138595
2560.634611176381
2561.471596928783
2561.796849884184
2562.834754921047
2562.997855835351
2564.179034018466
2564.682416385621
2565.578054759619
2566.397425975989
2566.800626156408
2567.621287967741
2567.990869420569
2569.505976231157
2570.271152606129
2570.991203237711
2571.306634982530
2572.217339082419
2572.992496885606
2573.444044092482
2574.311896644884
2574.707198109314
2575.465228920300
2576.586089303346
2577.440621238146
2578.244021949319
2578.655728872543
2579.628275046076
2580.147614962543
2580.830541539506
2581.850202673301
2582.625646257218
2583.008856044988
2583.760805250560
2584.253672246912
2585.111891085124
2586.014017635684
2586.609340558439
2587.785136721227
2588.538499331034
2589.213945990477
2589.887222844861
2590.587813897527
2590.797041783952
2591.511201266236
2592.773235449165
2593.410578462494
2593.909206642292
2594.701663226986
2595.492498508263
2596.544312336385
2597.121873041727
2597.599784303365
2598.928100552423
2599.116268887445
2600.013473121388
2600.778112707780
2601.482088521898
2601.825008000938
2602.729615481754
2603.064588118129
2604.295140511208
2605.547144285925
2606.325034817533
2606.374465003412
2607.132897712655
2608.123517581821
2608.752182912689
2609.359457851620
2610.218914412193
2610.595733140593
2611.899189737933
2612.184113132169
2612.965952175236
2613.700151989142
2614.659747968402
2615.269993917849
2616.615495317245
2616.821595320313
2617.560596817372
2618.255001863267
2618.873113333267
2619.470005670659
2620.113132592200
2621.014571428523
2621.859460473588
2622.628739516309
2623.374216207820
2624.607660979289
2624.873684746989
2625.492255345508
2626.052610251386
2626.888854729698
2628.051171595757
2628.531471527817
2629.124673035479
2629.663905073287
2630.406810876502
2631.007804123652
2632.383500913891
2632.897740182702
2633.835043186657
2634.475510384002
2635.276259098036
2635.746859380586
2636.342279873244
2637.152448173559
2637.764768604425
2638.380796253306
2639.404036067690
2640.125479264455
2641.214291981227
2641.451279520965
2642.360281820599
2643.008366708424
2644.039618346267
2644.662325030620
2645.333702519146
2646.072897752198
2646.380951774638
2647.468099836770
2648.238523800085
2648.444985834750
2649.166245904118
2650.855204302551
2651.288527359799
2652.133528237693
2652.645475337990
2653.234045996238
2653.914635973773
2654.682701193947
2655.202120234882
2656.481838859452
2656.805141214161
2657.460641775172
2658.170506104181
2659.222823532408
2659.812898374893
2660.917160743504
2661.224086128123
2662.073287284352
2663.027982130847
2663.749103170078
2664.262341188240
2664.638233630246
2665.307243095369
2666.084378836882
2667.155705431402
2667.947056517811
2668.773442126086
2669.499937131683
2670.268590004586
2670.756394272477
2671.593086439507
2672.136074665824
2672.857834413941
2673.802659865604
2674.468876451449
2675.050825183834
2675.654973116891
2676.574855781749
2677.095977424627
2678.044504998947
2679.350741015543
2679.777428569127
2680.430705516208
2680.978443714952
2681.437266720691
2682.550202908324
2683.125568768653
2683.500299933024
2684.655866465662
2685.022201247534
2686.395359078736
2687.026246614735
2687.669922638680
2688.328435167437
2688.746724634214
2689.918622831679
2690.739155560481
2691.092030352389
2691.944401903421
2692.677808693204
2693.093976508828
2693.700358686380
2694.671835736169
2695.711110801848
2696.670832504064
2697.007347713356
2698.065404627238
2698.546733674463
2699.432747432731
2699.690258015441
2700.313031984405
2701.240100715366
2702.119843018343
2703.080179835803
2703.462449103632
2703.945214749667
2705.171676816237
2705.957109260071
2706.601224379327
2707.156005669957
2708.284719087138
2708.679181197435
2709.332707811553
2710.246587978508
2710.583544676664
2711.305350521073
2712.027156937025
2712.803300571333
2714.244465975738
2714.817351121681
2715.251136949668
2716.168164198458
2716.581788528524
2717.095418156166
2718.275641633013
2718.980314695418
2719.653153589769
2719.855133078609
2721.064808608568
2721.646325277073
2722.516877601715
2723.131688312997
2723.942131368302
2725.098062443057
2725.603909564817
2726.307496486440
2726.857123093724
2727.560706226587
2727.954792772360
2728.889574368731
2729.574047771129
2730.369619564662
2731.334226411135
2732.151460869357
2732.775348667898
2733.454875617766
2734.367474338485
2734.899742972308
2735.346536078520
2736.305953970157
2737.257518130087
2737.786093142459
2738.550163489655
2738.813848430583
2739.526083935115
2740.578094085513
2741.884300585891
2742.305473235625
2743.140180282062
2743.469965356302
2744.487450874773
2745.054103267415
2745.725115410350
2746.101192630067
2747.077871636424
2747.959112864433
2748.589283871017
2749.319521935533
2750.541780340554
2750.852942987331
2751.372062222201
2752.366988011669
2753.228304792694
2754.084486194287
2754.459826394262
2755.224548645475
2755.561742197558
2756.568345987890
2757.244722188744
2757.818452888417
2758.884624925428
2759.699316588245
2760.987350181190
2761.122131606577
2761.729257137478
2762.239780606661
2763.211117441012
2763.715351337893
2764.713202420300
2765.413942612845
2766.030355525965
2766.679526093431
2767.346934061832
2768.404622579294
2769.035617943863
2769.995223547078
2770.554335522046
2771.380842429367
2771.899716006392
2772.867872088816
2773.157902322288
2774.123018815236
2774.506864915034
2774.869074268596
2776.702172542447
2777.058476430156
2777.942086814435
2778.507763089980
2779.182335192228
2780.081036612134
2780.500602455380
2781.441212620622
2781.926763943865
2782.975553117151
2783.346958367659
2784.182920239121
2784.903530084683
2785.339070002952
2786.427391844059
2787.463833666126
2787.993861383777
2789.023358873360
2789.555516655996
2789.922462312677
2790.703566649758
2791.123827365344
2792.203299816168
2793.010363664004
2793.412670123043
2794.320140832278
2795.213316234847
2796.278238228035
2796.635878177925
2797.323372253763
2797.845539521532
2798.815806347089
2799.810583225664
2800.381685639663
2800.746192707064
2801.506367150661
2802.066280527863
2802.960650144203
2803.554659694134
2804.875279269491
2805.656945083245
2806.291944123435
2806.558600280164
2807.765050268322
2808.096660143274
2808.844000683544
2809.405600873991
2810.161269990205
2811.124277603133
2811.785509069129
2812.603155115942
2813.218726603946
2813.801147773986
2814.867812761306
2815.579640352915
2816.671496310240
2816.810362173305
2817.402960125149
2818.567466924908
2819.019542142004
2819.460728364219
2820.240853499994
2820.977949685193
2821.874132656346
2823.160422542981
2823.593611187605
2824.291769203241
2824.946110784489
2825.579178771637
2825.999576615851
2827.071438000477
2827.820882578966
2828.670111389208
2828.993248019065
2829.706855807246
2830.292381080847
2831.673985959847
2832.130943414302
2832.732430765904
2833.792288845491
2834.596759378600
2835.202813819245
2835.668392593509
2836.358169904220
2836.967200473774
2837.454337921957
2838.620052289999
2839.254722832753
2840.136997068392
2840.942623445669
2841.668691709065
2842.311284216949
2843.125070111963
2843.439689938646
2844.740285236973
2845.056005844222
2845.717407826239
2846.605949989596
2847.393006449920
2847.817825304126
2848.331277659615
2849.189084511933
2850.703228834649
2851.213090652532
2851.913771604651
2852.371461101768
2853.059176205155
2853.689650623150
2854.567416894546
2855.271581512748
2855.565219751386
2856.744804684959
2857.260224074631
2858.384441776017
2858.828472374106
2859.716198016539
2860.397427163036
2861.017167929792
2861.849537449781
2862.747599602743
2863.464020552577
2863.903197703296
2864.325947367302
2865.215867355164
2865.801795079477
2866.641007628016
2867.832508929813
2868.358755283941
2869.189796551951
2869.988497575946
2870.720851043930
2871.126826353773
2871.663644600058
2872.308481374864
2873.478614126977
2874.211652169542
2874.787403171175
2875.123281249051
2876.181037143302
2876.967350771157
2877.641959148394
2878.775999072000
2879.254165262445
2879.918238822263
2880.840055586243
2881.199590133159
2881.854757129194
2882.900822826840
2883.015618923699
2883.897782558997
2884.680616562796
2885.958902953293
2886.747226976506
2887.267103787108
2887.720445438633
2888.269001437079
2889.560163000500
2889.901819941238
2890.688848747426
2891.509446226788
2891.954062408155
2892.686890904953
2893.608783959105
2893.988175756235
2894.950416421246
2895.828812856517
2896.971363801421
2897.320051197810
2898.063300250318
2898.707961546992
2899.296774467161
2899.914001558593
2900.485099740834
2901.335335369405
2902.424812099829
2903.016286887504
2903.391051393062
2904.611915818882
2905.456187123737
2905.826117392578
2906.657440742113
2907.177294183883
2908.128891701804
2908.917246238677
2909.578643829747
2910.116236066294
2910.687339531925
2911.103076359675
2912.168217382923
2913.395903185645
2913.986669397751
2914.755108192854
2915.554756557523
2915.845301494454
2916.765947379387
2917.235685856499
2918.042833005965
2918.849881081178
2919.390220352999
2920.158484751179
2921.185198125351
2921.589171086862
2922.532330687986
2923.307608686526
2923.646145369717
2925.118774152082
2925.633354688084
2926.042284026132
2926.856288732263
2927.113825184034
2928.383262010774
2928.607759641556
2929.554981772330
2929.997420669200
2931.457271122557
2932.154349951560
2932.670685041145
2933.552742654038
2933.876158855838
2934.778780419238
2935.089982990284
2936.420135264687
2936.886111799008
2937.509407215378
2938.403859077607
2938.750223593629
2939.406326267438
2940.648601268895
2941.461817530798
2942.147018212257
2942.739983211715
2943.430713690806
2944.331814512774
2944.971249282181
2945.481795539398
2945.654105995504
2946.783310867475
2947.627097724299
2948.487621492966
2949.400119197573
2949.876440618562
2950.626243213378
2951.469779656528
2952.070983851350
2952.660437120500
2953.654659335572
2954.220879681533
2954.865224082515
2955.757748715887
2955.875631510516
2957.152132654416
2957.413428945086
2958.394145776383
2959.559910250954
2960.508089858353
2960.814161802218
2961.484407296512
2961.889965358883
2962.790609722759
2963.337327290269
2964.296575616233
2965.018096148849
2965.539764766312
2966.197666171950
2967.326683618776
2968.190560303109
2968.532027267778
2969.205150862999
2970.190940092363
2970.960892412763
2971.629258833733
2972.251852456197
2972.858358117604
2973.631727491604
2973.965153000254
2974.657305985159
2975.767493433309
2976.865881737881
2977.519798910267
2977.939199645846
2979.016961605302
2979.290744960223
2980.209252438490
2980.902024136073
2981.220739036157
2982.103816517586
2983.360154114241
2983.698938528022
2984.102073423021
2985.079453794421
2985.681571847965
2986.954527800669
2987.424019724691
2988.249860314359
2988.973596698243
2989.568657262669
2990.036405500670
2990.913725050391
2991.451783008882
2992.194381310046
2992.687210371274
2993.915996567751
2994.514582738445
2995.632327443931
2996.240269106007
2996.695354672172
2997.243971888857
2997.901918811392
2999.038840474720
2999.947008381808
3000.072471219131
3000.872425159271
3001.386003259328
3002.338089664112
3003.084021295374
3003.724887188436
3004.946206961686
3005.373450182567
3006.339263973226
3007.042735305449
3007.553906813258
3007.843525808228
3008.831718272070
3009.403036738519
3010.141599871118
3011.132656105976
3011.717729326230
3012.639642672160
3013.258782795806
3013.884828260328
3014.883600683489
3015.494201199327
3016.130369400489
3016.830317015289
3017.546420133974
3018.391658193775
3018.909492512991
3019.485555597625
3020.219439281405
3020.536260704912
3022.161701267318
3023.133643956104
3023.457064933064
3023.887599555575
3024.869021909656
3025.427212563660
3026.184003141194
3026.574285849497
3027.661381983363
3028.248140297948
3028.989390036885
3029.547443892752
3030.469956947843
3031.400967528028
3031.877062790318
3032.559718259018
3033.542295638214
3034.473748219142
3034.789013520963
3035.734526422297
3035.999321168729
3036.566948519994
3037.388457304002
3038.340910367685
3039.055151212240
3039.702555130971
3040.931317344422
3041.456482542015
3042.184420992187
3042.627487227007
3043.405949878047
3043.821864610715
3045.095563823841
3045.461176286274
3046.334193253332
3046.961771080918
3047.489037569597
3048.070909435138
3049.247357346806
3049.908354284607
3050.982788320959
3051.630544870910
3052.104200173724
3052.504882190149
3053.668292604782
3054.167605889621
3054.651109885126
3055.343364189303
3055.972710867110
3057.193153719047
3058.004223163080
3058.669670500187
3059.113437470653
3060.140549046324
3060.416637097610
3061.559503847210
3062.236315606255
3062.765314919266
3063.518321572335
3064.058130870390
3064.981648335071
3065.410479904977
3065.931118733255
3067.336287517668
3067.808418583282
3069.018466346838
3069.323575278932
3070.251736181287
3070.829878467160
3071.091947921118
3071.806912234095
3072.737498222607
3073.815912403935
3074.054397929902
3074.978192443564
3075.431925542905
3076.545861390643
3077.467969806178
3077.865738183591
3078.527479590642
3079.309603541243
3080.400798298429
3080.774146243916
3081.460563838141
3081.976506122021
3082.557531504047
3083.583582152433
3083.750223362519
3085.310970662808
3086.168526031641
3086.530164451463
3087.437195153068
3087.771238215175
3088.610676350674
3089.467350749134
3089.848282211531
3090.765948018446
3091.466797467125
3091.981195365485
3093.025506432502
3093.567309733151
3094.227086303943
3094.839304026430
3096.132736389498
3097.007440211762
3097.202302053081
3098.019762907317
3098.682132731720
3099.203614752111
3099.961395887814
3100.730972459262
3101.121434349665
3102.233926371527
3102.910891776015
3103.982023328600
3104.589948958372
3105.232319520170
3105.843398203368
3106.427802284817
3107.260115905042
3107.870617582063
3109.100028778028
3109.474400275883
3109.839346631602
3110.420603877462
3111.316555973471
3112.277667032724
3113.221075054920
3113.945025462313
3114.442527311882
3115.466357444766
3116.007501050265
3116.474484582321
3117.260857996932
3117.737655815994
3118.331726551432
3119.613297819259
3120.096789880177
3120.770361423578
3121.655041274651
3122.619856022485
3122.842575097819
3123.712636648985
3124.656304860673
3125.401765259495
3125.944606590898
3126.402974870314
3127.291498045493
3127.978216488851
3128.589413188193
3129.137704440500
3129.832911671523
3131.272439848026
3131.990665556497
3132.611499408310
3133.164267606621
3133.588330616170
3134.265112925506
3135.251404550585
3135.906196913637
3136.507694651664
3137.246422245185
3137.985909683037
3138.664390096804
3139.394112095154
3140.356640643698
3140.938358420358
3141.749012553634
3142.420782371528
3143.364362425037
3143.957493199214
3144.342979388950
3145.338602999311
3145.515854988121
3146.173254072895
3147.258722720941
3148.174757689637
3149.099448052295
3149.518204664907
3150.202968697243
3151.421891784376
3151.680840592714
3152.074303424885
3152.925094073619
3153.919813564817
3154.531216516913
3155.246879447677
3155.847214581163
3156.394786631583
3157.081375529245
3158.103177607793
3159.053153714254
3159.788224688777
3160.617466392832
3160.854338994991
3161.725176679422
3162.322352698802
3162.863264945979
3163.666585653218
3164.546243868141
3164.912799238704
3165.753191593460
3167.104042274953
3167.570691656844
3168.142087085511
3168.697682526343
3169.474699921937
3170.293586640487
3171.335529346042
3171.819324408055
3172.067198783666
3173.060648741888
3173.611482774612
3174.243684834109
3175.195576011039
3175.775108007576
3177.136641500009
3177.602516943309
3178.305629440211
3178.819364589802
3179.681292646711
3180.190951916982
3180.708036436219
3181.336127807775
3182.625873202261
3182.996636604909
3184.004225581491
3184.143588441948
3185.262213487248
3186.118395189038
3186.808910163556
3187.545714089612
3188.264391874820
3188.717492733025
3189.701345835088
3190.369831751880
3190.862482305297
3191.443093385124
3191.876347514829
3192.905467118278
3194.267698310587
3194.519589479570
3195.763492125395
3196.019955230451
3196.510458872926
3197.560126256175
3197.821529996932
3198.992373632455
3199.460728479052
3200.232898358298
3200.867811878926
3201.445913917273
3202.341324597648
3203.182227478082
3203.777084619413
3204.483734947442
3205.631898298333
3206.309585167478
3206.884693470227
3207.320909077808
3207.766998360988
3208.651741098578
3209.615920733371
3209.827926638258
3210.916238542128
3211.731213991214
3212.459777714002
3213.423888755739
3214.093028595626
3214.320202784638
3215.242842419616
3215.970705692504
3216.633250264460
3217.682011672436
3217.932731645654
3218.796165683531
3219.369064391780
3219.909212503400
3220.548890893497
3222.251064009312
3222.633778730850
3223.114600055016
3223.943360550611
3224.551499843070
3225.411315333707
3225.824261046780
3226.505950675992
3227.094016717086
3227.892228746049
3228.913102641205
3229.580736254088
3230.198664005748
3231.080340498412
3231.592285529834
3232.450396644102
3233.245170112689
3233.861426350696
3234.683809350322
3235.343985466315
3235.868651814479
3236.217802988103
3237.353789012563
3237.841090875534
3238.524091698357
3239.653904794377
3240.486405402659
3241.351322309578
3241.784386297812
3242.353007860124
3243.089993356599
3243.326445926428
3244.516441254108
3245.367790556406
3245.976057387124
3246.446455210746
3246.958796457338
3248.245029496251
3248.716740840527
3249.651092745674
3250.134292790499
3251.295235278244
3251.706122403692
3252.380358958779
3253.139879993872
3253.763652540103
3254.293604686944
3254.741466147791
3255.679469595454
3256.506387732988
3257.812659341659
3258.093654335807
3259.041508322625
3259.233842851171
3260.286702647822
3260.981392208049
3261.634571663591
3262.218080626242
3262.917696143784
3263.773916072433
3264.557308846645
3265.047486233303
3265.403222819243
3266.526052417868
3267.412232221459
3268.378499151066
3269.106378775298
3269.505127075098
3270.109870790299
3270.872560082292
3271.429472351423
3272.186669361583
3272.650917339161
3273.952627581656
3274.120249772693
3275.076399006306
3276.101534673508
3276.676048932982
3277.639031162899
3277.933442371524
3278.245635206614
3279.954569810970
3280.106799191853
3280.955667055277
3281.379840794868
3282.166842110418
3282.501142487431
3283.488221859360
3284.433680876510
3285.318097703092
3285.990116459500
3286.796454934585
3287.437531467224
3288.031855953804
3288.606309341870
3289.153354554649
3289.957591796251
3290.788075269550
3291.368664667050
3292.282495810994
3292.924562054804
3293.656389464452
3294.198989360480
3295.185979542458
3295.999617273329
3296.676535596444
3297.504408311157
3297.794699405982
3298.549829276671
3299.316658356962
3300.077134668427
3300.591932343140
3300.944891825601
3302.008320523234
3303.466201349167
3303.907908853757
3304.350893250660
3305.054675060815
3305.882539248658
3306.258976343700
3307.139838235324
3307.907390034196
3308.670037796722
3309.380131675890
3309.693914689844
3310.545760935914
3311.373607799210
3312.194591072361
3312.925689943066
3313.872115904591
3314.293574005108
3315.252313272655
3316.131332707899
3316.280205827134
3316.844048046039
3317.546786480279
3318.230740215981
3319.462868147812
3319.871924683127
3320.651613011485
3321.545360469614
3322.416892437288
3322.859537638785
3323.502538523134
3324.300906975232
3324.878923117793
3325.702989924131
3326.623251198235
3326.985565296472
3327.595158505498
3328.317121367337
3328.976767275119
3329.694001932252
3330.961790422751
3331.878087437591
3332.184851741908
3332.919136213132
3333.317673591956
3334.097647401845
3335.017426965511
3335.489383513929
3336.120750589726
3336.788067628186
3337.963162304918
3338.226124736059
3339.627681275185
3339.847316659546
3340.384359247902
3341.316267605313
3342.404489056382
3342.794689429724
3343.541360955702
3344.114094654391
3344.749838736305
3345.376395511215
3346.150101983387
3346.519678392416
3347.795650641857
3348.703329791067
3349.185740840300
3350.064519782272
3350.920854978448
3351.203503692471
3351.779926243995
3352.596996031953
3353.079932416709
3354.389021788547
3354.762470242579
3355.465370040368
3356.087321619138
3356.498957432790
3358.084817105930
3358.318154820171
3359.223162325249
3359.900983133069
3360.606472547868
3361.403650603929
3361.924313010037
3362.455820885952
3363.105158471936
3363.910130903861
3364.305478834768
3365.478115572024
3366.486447487855
3367.065013095435
3367.862976835842
3368.164713510927
3369.038477793617
3369.598481058819
3370.527408391040
3371.424820249546
3371.802212020162
3372.155362133906
3373.307717747325
3373.865673682078
3374.606294119208
3375.102215383692
3376.204080330297
3377.242600397525
3377.832283734547
3378.503187295780
3378.749075107613
3379.696179446868
3380.220196198607
3380.731631749682
3381.818917857595
3382.444743844701
3382.946579456519
3384.164414513759
3384.564185348580
3385.510603683391
3386.114357991803
3386.952529419911
3387.310511666727
3388.209655775755
3388.982255962719
3389.787851084713
3390.409937910486
3390.691560275985
3391.421547442995
3391.933199784249
3393.295446315437
3394.088313978436
3394.999916595053
3395.232363505278
3396.027328489223
3396.804156517137
3397.549305008017
3397.982419210684
3398.377101515228
3399.606393694822
3400.211188649936
3400.870427628846
3401.554111909909
3402.350877614357
3403.184936242642
3403.719902018808
3404.492100553761
3405.571704938244
3406.189898352924
3406.695866597454
3407.056788164869
3408.059762355927
3408.507125814777
3409.265682723523
3410.022444179250
3410.620494551147
3411.649296637816
3412.846868004584
3413.173577137908
3413.877602636869
3414.277101457826
3414.861580140761
3415.902169808467
3416.632408256955
3417.274600508745
3417.898792354123
3418.625673687834
3419.074569682286
3419.928790790011
3420.776926504798
3421.666471881244
3422.499028538400
3422.954926746827
3423.974776286999
3424.310050766519
3425.068708104918
3425.785529885556
3426.269968256274
3426.742663060395
3427.591918370773
3428.902316404877
3429.371281729805
3430.030826946640
3430.720684511196
3431.633249539640
3432.132603059656
3433.055806979574
3433.347113568099
3434.473687466554
3434.830310009871
3435.777652600067
3436.325668542606
3436.790427122994
3437.646716989543
3438.112161616748
3439.564409578615
3440.303803860615
3440.702728203710
3441.635660726659
3442.272739522969
3442.496048841096
3443.126558491041
3444.340747014491
3444.662258581622
3445.650843787208
3446.154392070045
3446.704199199943
3448.074146873947
3448.524948386284
3449.133914191384
3449.779861911986
3450.544065873183
3451.573838167194
3452.151407040770
3452.790298932014
3453.321083132363
3453.623664096640
3454.675262257058
3455.346105289203
3455.902214706194
3457.242792980349
3457.874895745801
3458.542076408389
3459.097152285290
3459.858800220454
3460.488803675987
3461.097113542507
3461.666694910819
3462.500392666864
3463.346956952548
3464.157897498164
3464.484127726502
3465.208546321914
3466.055535254670
3466.745650042083
3468.061499055618
3468.520303889785
3468.858312290607
3469.759009357302
3470.303991752712
3471.283920932436
3471.588840440326
3472.184605542559
3472.839405024964
3473.848897111659
3474.689264037193
3475.640689110331
3476.257620575769
3476.791014512369
3477.433040092154
3478.066501238098
3478.794429191361
3479.804106829470
3480.295394193624
3480.999938342852
3481.589883985870
3482.021819085353
3482.928957133409
3483.789421203969
3484.823627237033
3484.975521454433
3486.407977500367
3486.936917875395
3487.420314233875
3488.077693026096
3488.660590608366
3489.069127656071
3490.088908382656
3490.790367130444
3491.814556337211
3491.962628914354
3493.128171075903
3493.739584391467
3494.715320064838
3495.092257883830
3495.763570855349
3496.741366941888
3497.337626144694
3498.049076375073
3498.452164484048
3499.613412285230
3499.845387064740
3500.454343590509
3500.942001103352
3502.469471148299
3503.328555532686
3503.914734921589
3504.395655141715
3504.873927177205
3505.808616432597
3506.526683309302
3506.899500857439
3507.910135796802
3508.344040528585
3509.131014921284
3510.048314248335
3510.781110241471
3511.097223076600
3512.248491091158
3512.827835679772
3513.595031839499
3514.494670298694
3515.079967475535
3515.844233127650
3516.105832313456
3516.964526698067
3517.334546992207
3518.345627108437
3518.971421526542
3519.900742989857
3520.704752739091
3521.489600616627
3522.224093780522
3522.942808775475
3523.315923187615
3523.950925543915
3524.506250682025
3525.839542435393
3526.395575439828
3526.802531009286
3527.305791128686
3528.211318444429
3528.802745401250
3529.895778924832
3530.569940424090
3531.455627911760
3532.236525344100
3532.417432254200
3533.498146146419
3533.977237659486
3534.475800418828
3535.335751600297
3535.753864540717
3536.654656680033
3537.491663630448
3538.486359578638
3539.205537319300
3539.691312904118
3540.138254732741
3541.067859713456
3542.054087145581
3542.609545575383
3543.022475684523
3543.878448598691
3544.563069278842
3545.127219039893
3545.858009021902
3546.504558038668
3547.061988279376
3548.513498962611
3549.097242531898
3549.764690407265
3550.490417703535
3550.802932484771
3551.537876764042
3552.334053087463
3552.753361119828
3553.670802129822
3554.632922242792
3555.196708869727
3555.496763185567
3556.547376096057
3557.686211299937
3558.087511768163
3558.511160446692
3559.663645636504
3560.017395189717
3561.142359538029
3561.722805215907
3561.990221979047
3562.817028160452
3563.187980925124
3564.010270518885
3565.117749257760
3566.097059721445
3566.533513316278
3567.288669836973
3568.287849341755
3568.463000940179
3569.124726132012
3569.938472627282
3570.824374093088
3571.141962650063
3572.147135999910
3572.766893900856
3573.379078969378
3574.164394926407
3574.835199799057
3575.501998329669
3576.693815628492
3577.249850124974
3578.240740917103
3578.337730217345
3578.981936965769
3579.684728516420
3580.585854857516
3581.169831294895
3581.682425599784
3582.378099690464
3583.537394148392
3584.594004438838
3584.748006067793
3585.676441141413
3586.179672578242
3586.832377110323
3587.510798499075
3588.625644969396
3588.985451179303
3589.816238871721
3590.232786417901
3590.999316458683
3591.483701231017
3592.396106695299
3593.488428101257
3594.265961985604
3594.812550758970
3595.355419965530
3596.436213816580
3596.871083373243
3597.364309209337
3598.019173336891
3598.371975116976
3599.747715898553
3600.293480976374
3600.950203781908
3601.730096368397
3602.474771159013
3603.118518096211
3604.133121640877
3604.466019885225
3605.299388676002
3606.049668380497
3606.884004422533
3607.120282503501
3608.055991547595
3608.702809797440
3608.964517893279
3610.116910241042
3610.613172776136
3612.061542822600
3612.729936400277
3613.106424918562
3613.701637315226
3614.185758589383
3615.148621533253
3615.602916151007
3616.654920954705
3617.185748298783
3617.735069107675
3618.402245479022
3619.324395375686
3620.200169792833
3620.691764022880
3621.395210981269
3622.195824554310
3623.318603928393
3623.735869756680
3624.138618609068
3624.994594913985
3625.598529153179
3626.133377104054
3626.665720161835
3627.601606862439
3628.693364083610
3629.209580473681
3630.150410536462
3630.729052238699
3631.305707443247
3632.280402433182
3632.574166411453
3633.230383675311
3634.065497866913
3634.895637534203
3635.579669176258
3636.376132450172
3636.627035408841
3637.075876952337
3638.421405690610
3639.309687657253
3640.029392905061
3640.560676457906
3641.324683632666
3641.941728390759
3642.455419334571
3643.251045838414
3643.800927288363
3644.392849024559
3645.230071063410
3645.989219168972
3646.920591854069
3647.573457317882
3648.534982063362
3648.927468730566
3649.403078567494
3650.211839005435
3651.327508712246
3651.894979957479
3652.437836530847
3653.045218010581
3653.354599772522
3654.605851610097
3655.008612026864
3655.631524583755
3656.785569355414
3657.602811371860
3658.298544703244
3659.164502767951
3659.342505244583
3660.212127170915
3660.511971269691
3661.386083943309
3662.362868441879
3662.791060119863
3663.682843924205
3664.377749112460
3664.843322291147
3666.036191300467
3666.304326850617
3667.482812984709
3668.002860825616
3668.714333795263
3669.169631516138
3670.255700574658
3670.778714340526
3671.213979675026
3671.832167720779
3672.598987906079
3672.989071472688
3674.716181176966
3675.197906871815
3675.693713152962
3676.387368591245
3677.081140535869
3677.728396732117
3678.563327732790
3678.910253716759
3679.768675253509
3680.684945531892
3681.150517928236
3681.774083320607
3682.461356112562
3683.472146307075
3683.919838896538
3684.802874889405
3685.729870753881
3686.638631668128
3686.818915171366
3687.789801591454
3688.113057815708
3688.683877496451
3689.408949976655
3690.405814847255
3690.942040068504
3691.718050329976
3692.414446908148
3693.663625693853
3694.053524741288
3694.828437399187
3694.978554096516
3695.917853687050
3696.880010590615
3697.446266718060
3698.237886985112
3698.837673724059
3699.207029955403
3700.078803265919
3700.517269049759
3701.664413307808
3702.568331997616
3703.351560201719
3704.001836275645
3704.420416403078
3705.144587566626
3705.854184924156
3706.619160016452
3707.071729996925
3707.517914454827
3708.567046696129
3709.457056892391
3710.152945589345
3710.790806681313
3711.387918441844
3712.176213048132
3713.091830716824
3713.526112645930
3714.732281208912
3714.898223246893
3715.475662766304
3716.422811417978
3717.084355943669
3717.501145154715
3718.121191404518
3718.967707448989
3720.209127960034
3720.718558302376
3721.696443704556
3722.106264257708
3722.766174616198
3723.491681525286
3723.629425155908
3724.711316940911
3725.747211142080
3726.301667992985
3726.587198353744
3727.461915786666
3728.137840608985
3729.126377968760
3729.903591421808
3730.519537040364
3730.993687669129
3732.147891189710
3732.798265333658
3733.293047840947
3733.829855822093
3734.331161602087
3735.251644120599
3735.556385394270
3736.830734752759
3737.287996849992
3738.708396669353
3738.925192576746
3739.393248693810
3740.427005802849
3741.023272042698
3741.495470369557
3742.443894139036
3743.013503711432
3743.687132246007
3744.433442533329
3745.073968567553
3745.892956563352
3746.148057984894
3747.026622973981
3748.373170108107
3749.103450235069
3749.563060601202
3749.996259666465
3750.771668031444
3751.380161591546
3752.351677447722
3752.450051523268
3753.397123314890
3754.210148772750
3754.843178620197
3755.756318369402
3756.618207360348
3757.307043762573
3757.640508410006
3758.556597055315
3759.133433267462
3759.962842235460
3760.814374748373
3761.416784162726
3761.881761416475
3762.594827846763
3762.810404870471
3763.958646583910
3764.850420210765
3765.644440020792
3766.390758624309
3767.074492079083
3767.850783364135
3768.482741938427
3768.956105751722
3769.383108003642
3770.304159564313
3770.876576398906
3772.055223503765
3772.534324806987
3772.897972064224
3773.811546587232
3774.814092388020
3775.331182677260
3775.942862076862
3777.177206656654
3777.445914510306
3778.175795265383
3778.811203475606
3779.397708679652
3780.199132529742
3780.811980678703
3781.315139274961
3781.841793493333
3783.304891980818
3784.123705780165
3784.627646292920
3785.251106766083
3785.874023814975
3786.187209981622
3787.326908297138
3788.129609144385
3788.464249934244
3789.282830157463
3789.871085745619
3790.819393156527
3791.112951934507
3792.089595828938
3792.816243114350
3793.672997973067
3794.483585461308
3795.115998501688
3795.780327865126
3796.570379969761
3796.990513604817
3797.312317106232
3798.308723459802
3798.834574193041
3799.795096416118
3800.687155864774
3801.311093879235
3801.818438378895
3803.044006739061
3803.386340484053
3804.169495534838
3804.570844294686
3805.293761298738
3806.376382032445
3807.010351307797
3807.433842863383
3808.104185427259
3808.643051720247
3809.322732055613
3810.235170198811
3811.494917427683
3811.918262963628
3812.708528587099
3813.172901936185
3813.945309244441
3814.436644935623
3815.220953220525
3815.678456665523
3816.638690813598
3817.327711618645
3817.669091699984
3818.886870742911
3819.782506653034
3820.000433765065
3821.014650549294
3821.212189264384
3822.649444469512
3823.077601828739
3823.840778726848
3824.263301468278
3824.911842985179
3825.544330965175
3826.353365802085
3826.921994809753
3827.561829677452
3828.636784293612
3829.549556031292
3830.432828335633
3830.671928216861
3831.217084579690
3832.305701218487
3832.537141806029
3833.128438476433
3834.166192362437
3835.018915943941
3835.522904517334
3836.062651501934
3836.704354754055
3837.478898032418
3838.677384168446
3839.098336095179
3839.927572690815
3840.494332619907
3841.377511047484
3841.736337768906
3842.812132217550
3843.154749745894
3843.611288480701
3844.059339861748
3845.376106948776
3846.067730487744
3847.012518256771
3847.528540355839
3848.313222441850
3848.945002843498
3849.364764476556
3850.346244970654
3850.851468910775
3851.845008843315
3852.297895238632
3852.790315096218
3853.745498119732
3854.261274280089
3854.902854988016
3855.783469023875
3856.552150599106
3857.476759521532
3858.420671212280
3858.928238707649
3859.225069539716
3859.755754900729
3860.599454981602
3861.312039667690
3862.101285664266
3862.642268483542
3863.428790759081
3864.126487192585
3865.184305633858
3865.744137891727
3866.382332900732
3867.114186260849
3867.531145493758
3868.567959299264
3869.387839442374
3869.753356268104
3870.494769224732
3871.232400977045
3871.541444465523
3872.316187702764
3872.953480659296
3874.530418466557
3874.972243228315
3875.456080724498
3876.096129074447
3877.038530332693
3877.633993479194
3878.034372696266
3878.765036081602
3879.358212611196
3880.204973996694
3881.306641562134
3881.449922655790
3882.339050682340
3883.023530071629
3883.758420498267
3884.632445403548
3885.477243693887
3885.961611894901
3886.687572887202
3887.478589091775
3887.876855175153
3888.526332846523
3889.117619107526
3889.995992707819
3890.546223236054
3891.255442287993
3892.572845093896
3893.046986847500
3894.083008498329
3894.147381093634
3894.952839491691
3895.375202919360
3896.342406995645
3897.321517261934
3897.785286751755
3898.383683143979
3899.057734581468
3899.383609299082
3900.734299935118
3901.282666125933
3901.767932372554
3903.083444995495
3903.490276348732
3904.170735747955
3905.028534461035
3905.304968633568
3906.137333100057
3906.539793467748
3907.324365111625
3907.943322333035
3909.160653007923
3909.568247510952
3910.564504908261
3911.111824858358
3911.689166795556
3912.578021790362
3913.136721056144
3914.026702407801
3914.486955993747
3914.995421065074
3916.222505267745
3916.561870499666
3917.122088507368
3917.714321893317
3918.286062189557
3919.585079093390
3920.612594403232
3920.929898615798
3921.800443136706
3922.133759961609
3922.842606766854
3923.698443548185
3923.986235245683
3925.002449698813
3925.489102415257
3926.407370905306
3927.039038401059
3927.596023565144
3928.719653792866
3929.394038955755
3929.862527664024
3930.417390054495
3931.368543123244
3932.458622382006
3932.794278627648
3933.262430423937
3933.834697505292
3934.556449082577
3935.217243238124
3935.921530440882
3936.978999416857
3937.578484480321
3938.558066801262
3939.146677708547
3939.883764672625
3940.416797895587
3940.867782775042
3941.567742603372
3942.343442274650
3943.436748675794
3943.578652345572
3944.468807451322
3945.236202253027
3945.789387860735
3946.321941646635
3947.627487508120
3948.128613529353
3949.097111503655
3949.493158561040
3950.108096534986
3950.741546422241
3951.634506062142
3952.030750902213
3952.847189641964
3953.104898916743
3954.042366442960
3955.266284840185
3956.020171607239
3956.726649650261
3956.838088038096
3957.764088897481
3958.704447610251
3959.021191435842
3959.884468473073
3960.863263192545
3961.135891740246
3961.820978143057
3962.459912346549
3963.344691586131
3963.688878197418
3964.926319245331
3965.507661912836
3966.438569393728
3967.069312420048
3967.844259953195
3968.184295237180
3969.025308030424
3969.370768545411
3969.832033695013
3971.195140447192
3971.756830015727
3972.357032460468
3972.846755922847
3974.078592160457
3974.625479335391
3975.435902862198
3975.796720991089
3976.586588773107
3977.498233660244
3977.990517102321
3978.936223310120
3979.394724871757
3979.739773273795
3980.745745065619
3980.984041207736
3982.032689285564
3983.144718714304
3983.989039734206
3984.518689615786
3985.021549488230
3985.599878994081
3986.242772863999
3987.238344459093
3987.692608839686
3988.165159919363
3989.146382612841
3989.681645636290
3990.701629197633
3991.104219599194
3991.940934663439
3992.684247357259
3993.157412143857
3994.615592287497
3994.772722886317
3995.664413546570
3995.887497688706
3996.954350776172
3997.193711934154
3998.182073015760
3998.549821208371
3999.330008486790
4000.441544572182
4001.198132126001
4001.759238854902
4002.716700077184
4003.280594755063
4003.741852570535
4004.178020337739
4005.107133176410
4005.998219228064
4006.575680254081
4007.500705421622
4007.825947558559
4008.085098326583
4009.187421789326
4010.157875067278
4010.980796420530
4011.650502821954
4012.111649601532
4013.082223365649
4013.772675582903
4014.203745730115
4014.711546713782
4015.394173111070
4016.099677416907
4016.826396980607
4017.627188185128
4018.651030698057
4019.153286367313
4019.894542930246
4020.605236911961
4021.125102571313
4021.823383363250
4022.966663481825
4023.180287859688
4024.112487287135
4024.421869830849
4025.238374798819
4026.011677323082
4026.751581506420
4026.965330939861
4027.995465411550
4029.493839724671
4029.903271154807
4030.137974016639
4031.183696981404
4031.504133446013
4032.081606393631
4032.991366287194
4033.595937456403
4034.379634165237
4035.073399866118
4035.611124177676
4036.446848825813
4037.392085698338
4037.857358081190
4038.656647839513
4039.455516932728
4039.928453200298
4040.811249651123
4041.571535549246
4042.108265397125
4042.792297051793
4043.261551908777
4043.533893496467
4044.651682915183
4045.642877972973
4046.474456826592
4047.128861464721
4047.726425047716
4048.416127128106
4049.150377490895
4049.848635229666
4050.184881231434
4050.838119581770
4051.907512344631
4052.559519059077
4053.162107640802
4053.709446225910
4054.347343817375
4055.317035910996
4055.934587600897
4056.816228278921
4057.702467927629
4058.332128151147
4058.895620731227
4059.261401062788
4059.977631284149
4060.938808153211
4061.296146971258
4061.908632870353
4062.960700171880
4063.329197950502
4064.647530261690
4065.466381615019
4065.846232720981
4066.168525048231
4067.034255727658
4067.707764908775
4068.758204100493
4069.367424980967
4069.757000453738
4070.335632582802
4071.355499756128
4071.630722809746
4072.371520243558
4073.390696348127
4074.337998512443
4074.819429406501
4075.823119102083
4076.190344825222
4076.932426670661
4077.512908074387
4078.091217976028
4078.772888116729
4079.165536517246
4080.423150284092
4081.037044191158
4081.747097015028
4082.294268501281
4083.027466033096
4084.026073504486
4084.618997378009
4085.220625941660
4085.805263339506
4086.720451931932
4087.302387385536
4087.951933193749
4088.580928982083
4089.143327404448
