25.686339644495
27.031580198288
27.876077068459
28.593386650844
29.241531023962
29.885991571342
30.697850674256
31.258701193244
32.161867854264
32.940122043517
33.559012871513
33.925631831691
35.265817856960
35.465990734535
36.196128596260
37.035844839426
38.445286344507
38.955332742102
39.502422787823
40.149920329281
40.663629827087
41.353391456563
42.128901963193
42.836216453558
43.452499994149
44.228747880684
44.991657474483
46.010214459068
46.540902078138
47.274790520669
48.056379446762
48.286487985798
49.642312404340
49.835919334988
50.850350867143
51.537863268547
51.848158732769
52.640114984248
52.836811748681
54.046815098064
55.163212159193
55.615618784560
56.455295906356
57.063216230239
57.679148745343
58.466592702649
58.937408487976
59.534028967177
59.927153630435
61.100402655741
61.746804796721
62.498964710677
62.884610021828
63.507847439029
64.805022536967
65.023843259433
65.739710024188
66.783345024612
67.451392103073
68.001811458997
68.151998063532
69.256817944639
69.839919161109
70.251545169443
70.896698136073
71.831670744416
72.230694504418
73.659946362042
74.189997348022
74.760601705688
75.311185213576
75.716571458709
76.307983951996
77.383119079769
77.983254487635
78.585760139098
79.091745753194
79.768404670786
80.379279787003
81.168204764765
81.685419883217
82.692003799279
83.179629654053
84.137975153452
84.710695024139
85.474948164306
85.725520837391
86.678631567306
87.025453771273
87.527687463862
88.157167941842
88.998491564196
89.782719634586
90.543311110544
91.287504753484
91.717367071796
92.352152815485
93.447347991930
93.772938764113
94.260259424270
94.938376455411
95.676837000429
96.527642254172
96.985369815263
97.551065108210
98.064123890863
98.787936758746
99.105047377129
100.197831135791
101.503580320683
101.712867878420
102.070763272109
103.077262477272
103.662192468670
103.839161953700
104.754179367899
105.156849060527
105.982110873838
106.800917592981
107.120117195270
107.744207538074
108.653282403517
109.586042198965
109.942277016220
110.457936099413
111.136181258323
111.918493160593
112.594295982442
113.599035793736
113.770768418912
114.253546550574
114.808714816881
115.433586000932
116.220436380298
116.934553778372
117.174964788654
118.371840207674
