26.314361341129
26.972497177547
28.017007174722
28.741064943238
29.276074815932
30.687958038727
31.096067543995
31.629843874373
32.501668056080
32.867573223691
34.275227837954
34.825995973577
35.183550128283
36.051397930707
36.356324869058
37.239488830476
38.117218621343
39.285087117319
39.877202136348
40.470030921391
41.478661239247
41.882428619940
42.534930453947
42.951513993366
44.031295094491
44.399284311654
45.276334518343
46.007624112352
47.051175769642
47.279777934239
48.187654966305
48.909872820970
49.621995875430
50.540560817711
51.252279862176
51.758070945381
52.351521835183
52.815918710516
53.850221477272
54.396863336822
55.006635285954
55.188970660459
56.686532310163
57.667675503307
58.175576953005
58.637863552413
59.369583561799
59.969144893718
60.517775951157
61.158978986982
62.376950057376
62.494773845667
63.350003338463
63.986281143658
64.584654605529
65.119115938159
66.370532922516
66.785113813105
67.589125196239
68.222002593554
69.010144479665
69.714665132847
70.167401106417
71.019502180582
71.287655189530
71.496107701344
72.766313226409
73.607256039430
74.081868789546
75.008964814572
75.590288641160
76.413990473235
76.900197655451
77.575693226727
78.283234366127
78.629951698489
79.780170254812
80.042076336171
80.947213346144
81.557538905869
81.820471718040
82.685258119309
83.277434840651
84.054786369091
84.969636038561
86.114809687862
86.382080566372
86.908130870422
87.074766860451
88.243523254297
88.697249083237
89.296286971931
89.913205355050
90.753415052096
91.170206931548
91.868673080060
93.004622067758
93.458373772645
94.095911559051
94.628082140478
95.124076836347
96.270273732977
96.745020487472
97.423276669739
97.829984297704
98.675354169493
99.056049414798
99.586271189177
100.276337604986
100.899601198342
101.869888846633
102.769941644893
103.201119189237
103.930501134117
104.545666903218
105.252581313988
105.650629746545
106.278901937841
106.690857469415
107.428559981474
108.426145978246
109.018686541814
109.542067712665
109.927167080502
110.674439037420
111.372105575241
112.447926998565
112.899585912037
113.436998253864
114.116756492455
114.962246326664
115.336025574265
115.944010595973
116.599992695986
116.969175870275
117.770498955635
118.326107804465
