7.752109662469
8.429814474166
9.274748641317
11.179085476222
12.523853415296
13.576850785627
15.001406451080
15.722420823832
16.994680713273
18.232860818192
18.978744006952
19.854543527888
21.041020206372
22.963922007972
23.802086974375
24.934643618641
25.071280287521
26.580817423289
27.538427369594
28.523459502843
29.498187551775
31.005245773148
31.965369551071
32.369227271247
34.338047798119
34.757087354977
35.688817611984
36.510648304822
37.369338287835
38.270365013533
39.936942237734
40.876926250528
41.804383945697
42.822239444451
43.211431010873
44.512744549967
45.073754229731
46.706356613379
47.284881575959
47.686712730185
49.263272508066
50.495353003187
51.344101161114
52.083705297221
53.056009749287
53.864945393926
54.673887062108
55.229745582146
56.456074041505
57.889935099940
58.698470164332
