7.280911210705
8.210588029724
9.254944463843
10.181560530439
11.542866624724
12.701779998090
14.821305682468
15.435876178470
16.110471611065
17.566180261816
18.830729275768
19.830482962283
20.272301814551
21.705971753225
22.916717502632
24.529065663240
25.250108993843
26.246225691439
27.184071114558
27.926788549522
28.713467524567
30.380305044295
31.257435653759
32.280095519422
33.326795890254
34.441003464224
35.412147447020
36.080015578672
37.530704161001
37.860599505529
39.009324531807
39.506027086919
41.730421277201
42.182006496701
43.487568422312
43.937325402889
44.665872636949
45.860417275865
46.886864521775
47.664688975286
48.518169461547
49.717642051705
51.017463327712
51.292529501464
52.674180822164
54.000817164685
54.487127452041
54.808462690971
55.991578780931
56.868430492187
57.824407308445
