25.651655152743
26.600462120018
26.840410701836
27.946658218860
28.350982543967
29.285940794372
30.282198947195
31.399267704707
31.926522483574
32.398071587539
32.960959206418
33.817137023046
34.450049402047
35.149721030338
35.841614975372
36.635831640973
37.181332721086
38.758477752818
39.042949896234
39.559076770878
40.218275208911
41.124017051957
41.861444395381
42.594459020035
43.302245530181
43.993793906345
44.355492687593
45.067032044592
45.848020168727
46.433258997348
47.607143317199
48.366157473462
49.068074016957
49.761239449016
50.226677621577
51.076871719328
51.755109271324
52.131425728706
52.393289307828
54.092682090215
54.313607647689
55.023553396352
55.655868585977
56.390266918428
57.262941306424
58.046206004394
58.667559467305
59.254568813590
60.081869610777
60.629885499348
61.457000941841
61.789981038695
62.655402936811
62.998371710534
63.649857042870
64.513458582069
65.579924434590
66.325866612789
67.085127533457
67.487356897926
68.121053216258
68.574123858227
69.252102169661
70.410390737273
70.658007747043
71.450423697462
72.000061964964
72.496982275999
73.637135904972
73.954230696581
74.704200295344
75.685324139899
75.986207201079
77.208566224392
77.785513805769
78.301980675553
78.708578826297
79.206170339308
80.138150652472
80.508391407790
81.411284403903
81.756876120197
82.958115219510
83.648399099122
84.013902235998
84.974026009753
85.611944388867
86.211331837738
86.564580499856
87.368563977112
88.145101863625
88.660674319105
89.533345674597
90.048620221849
90.585779659591
91.059944278427
91.492549535198
92.665010462477
93.764304391054
94.257151942281
94.615205552309
95.268127852846
96.143852359863
96.667545187564
97.002027618242
97.831903084877
98.310001195048
98.892528641601
100.009921595192
100.194311494650
101.314681818755
101.654550753663
102.700428527457
103.047863836160
103.557302392660
104.360955174861
105.354192699094
105.706430402945
106.350139583257
106.979507748068
107.442829621601
107.857612535695
108.710583470657
109.548764217625
109.893239056645
110.592637011035
111.883835010142
112.327622561875
112.928250660578
113.527094220830
113.861484845723
114.596625588862
115.002655663171
115.884847620663
116.593899599410
117.278214190145
117.739449904547
118.369819420694
