25.760778553753
26.496247633852
27.430283154161
28.246404622978
29.032689056842
29.657912807235
30.128144834652
31.520848758721
31.654418254272
32.195035889643
32.805552341531
33.637730986392
34.767231911727
35.792474776911
36.372144317837
36.938693777865
37.536371795680
38.463106253183
39.067355956619
39.598645488039
40.442640111398
41.326509747437
41.779987599421
42.507671731447
43.043095806901
44.103358890222
44.558159472440
45.517882123234
46.452845335453
47.113297061847
47.990567394828
48.198151667788
48.707824012453
49.452268203942
50.267466334094
50.905978363147
51.692191584883
52.412912276745
52.939117332173
54.344863874866
54.579972748434
55.397901649883
55.826124458573
56.402742704758
57.443959085223
58.185279286457
58.820370244349
59.142943068739
59.946859989870
60.630593943124
61.071153948008
61.705940950409
63.199284202121
63.716359145367
64.212883894557
64.988717916189
65.591565469094
66.286976535319
66.631064730051
67.664058211094
68.038767212954
68.402570331848
69.617230800499
70.389166410989
70.849712821471
71.522676226360
72.160357943838
72.952845676631
73.797912520908
74.397022891557
74.955542335491
75.882780196225
76.164590507048
76.855051995044
77.437721809517
78.299377163916
78.662672113009
79.091953588072
80.379334992621
81.045184546212
81.880804895800
82.506759594697
83.026253018434
83.677191013683
84.073482073000
84.558159244180
85.611580202048
86.314340698664
87.036309172815
87.340259513730
87.929291300594
88.547696221685
89.648865699718
90.279814343872
90.701729818077
91.576141396104
92.329992094374
92.922691164726
93.656710219851
94.202886131834
94.502988232196
95.358347291885
95.596384817161
96.459860173782
97.419793249093
97.756308634539
98.908482432815
99.440866481282
100.152560535799
100.486478752780
101.211112871982
102.027062412141
102.614917513333
103.083854963887
103.738003567233
104.531968988860
105.086724637547
105.801189645906
106.227491718358
106.680203415346
107.524125735604
108.279347521034
109.490669594205
110.094326535987
110.413520094799
110.596054199479
111.576971321493
112.425160295124
112.593818669401
113.253698335900
114.007505314985
114.589827424929
115.469001296946
115.804658369129
116.808468164874
117.419305131962
118.052999544815
