24.486184420284
25.068890147967
26.219653337213
26.915290179634
27.820695243433
28.606718601126
30.129725739418
30.832189010117
31.402052408544
32.759112220566
33.103180498447
34.217375988938
35.161277057176
36.545070173611
36.911059559698
37.796044867154
38.699300351189
39.538503872997
40.421436251115
41.656587423312
42.234299237699
43.387627213308
43.935803583664
44.536197442556
45.725571391293
46.812776248997
47.366916356576
48.520793554108
49.252688722402
49.904046791595
50.636809510651
51.695911667690
52.736599912393
53.523730111303
54.432166495360
54.885135368164
56.026669395787
56.685523107048
57.326785609069
58.860072012933
59.345014275502
60.183003713518
60.731636394973
62.023728270082
62.255326698239
63.375822575267
