1911.702440888608
1912.499986285989
1913.165136970437
1913.463977938141
1914.432764255367
1915.139177633930
1915.941593608020
1917.060827052614
1918.230607444785
1918.436117433607
1919.460075958617
1920.129171802190
1920.758534495200
1921.354972823380
1922.170539952113
1922.789540322154
1923.972442544772
1924.904093952888
1925.205455573729
1926.257033819363
1926.974997093278
1928.111480500831
1928.471807820082
1929.499777987505
1930.033902074613
1930.764736943647
1931.894843372762
1932.040912116361
1932.719065832240
1933.610469158938
1935.115145296364
1935.673161804106
1936.681187056124
1937.057726643934
1937.733036756067
1938.513755645393
1939.128868596739
1940.215694926799
1941.022995050407
1941.398905358988
1942.256802898546
1943.090797931778
1944.210156989956
1944.984418810979
1945.193593930352
1946.751970175010
1947.316247361924
1947.996062756113
1948.452631083778
1949.239804066061
1949.780858560962
1950.722040281194
1951.763173765726
1952.396132978209
1953.617764072255
1954.252236308781
1954.775488766512
1955.666348908454
1956.285609508456
1957.038360531666
1957.922301915218
1958.666044657858
1959.416400959816
1960.162864383356
1960.625223995230
1961.415346892257
1962.786241541251
1963.773552165904
1964.259766949186
1964.953883167403
1965.319994739772
1966.760221953856
1966.946429391216
1967.482750586097
1968.588661871919
1969.240448471314
1970.389458800579
1971.231221741993
1971.835454211145
1972.542311643153
1973.337867725861
1974.128881698286
1975.002363484688
1975.852847660258
1976.371084367037
1976.985479316306
1977.567954749221
1978.587065518950
1979.271463971636
1980.536369059858
1981.113292024200
1982.185879473792
1982.772752940285
1983.448709928113
1984.025758441331
1984.380188554151
1985.638964333440
1986.634682575322
1987.073851974719
1987.704640344564
1988.691796665569
1989.592070223310
1990.449896310996
1991.049300580859
1992.030876910370
1992.703218564758
1993.462610401098
1994.151595457095
1994.668122635675
1995.623555969900
1996.036917559602
1996.774358772930
1998.545428600117
1998.973351641266
1999.603101574648
2000.422348351802
2000.879507437794
2001.828662257560
2002.803471694621
2003.227950523662
2003.924579455012
2005.032077851654
2005.439599473532
2006.477749565325
2006.906225823786
2008.053682061373
2009.063253239676
2009.806713096700
2010.480511975230
2011.123939812619
2011.773558736834
2012.308378865665
2013.231806719248
2013.836962925526
2014.933645687933
2015.780041763377
2016.323708636928
2017.685965234144
2018.084326303415
2018.784626119967
2019.280340858358
2020.335721361857
2021.235194630186
2021.970121314424
2022.657305191952
2022.923965610098
2023.681463324579
2024.892026203989
2025.826156112891
2026.884446822192
2027.227026566717
2028.261208916530
2028.772972096931
2029.426015279833
2030.172572132687
2030.895066085437
2031.542976755741
2032.772603193993
2033.094277107886
2034.405080431557
2034.912790570200
2035.590427594411
2036.361292388198
2037.689645537736
2038.061341923667
2038.759634532709
2039.323585179367
2040.249295600017
2040.866193936157
2041.711429683690
2042.084344317105
2043.381318546861
2044.718122484648
2045.146204964226
2045.622400513038
2046.386330653470
2047.343637033026
2047.529081961020
2048.794713871621
2049.504306760546
2050.298218082933
2050.779808324447
2051.557722634844
2052.566163097278
2053.489077659996
2054.281156219108
2054.934952134316
2055.708534724658
2056.734700298332
2057.211640542828
2057.734510430628
2058.506345115000
2058.847184468647
2060.387282402157
2060.927396878325
2062.261707411623
2062.370523658419
2063.459233355540
2064.184651165057
2064.954799984608
2065.262638446750
2066.611557406950
2067.164492596669
2067.667373339845
2068.658915098301
2069.300505919657
2069.825489290777
2070.965103039729
2072.001284726908
2073.014053557667
2073.419649076131
2074.096357672906
2074.551011455491
2075.445320744135
2076.260435357488
2077.043786811283
2077.604113638839
2078.453744589408
2079.612224112437
2080.526691013162
2080.808262769540
2081.779398118545
2082.290141107303
2083.489472293178
2084.228279030378
2084.734696824215
2085.378150209135
2086.160816540695
2086.875820687716
2087.286239601055
2088.849765302536
2089.592020735906
2090.329106401806
2090.999269727413
2091.868177998733
2092.421738412450
2093.155530529591
2093.586138930311
2094.524708492512
2095.719112968463
2096.233454809627
2096.853635092190
2097.508142336294
2098.797042851136
2099.341726902043
2100.314188722492
2100.971566643074
2101.692178015522
2102.371455117514
2103.236043920718
2103.632468701968
2104.420237602344
2105.083800415048
2106.069400603198
2107.330749171933
2107.916550631530
2108.938699448081
2109.293379986870
2109.574631890721
2110.883783606507
2111.550378441763
2112.507310357530
2112.963152256175
2113.606363088889
2114.365074886994
2115.418065042613
2116.184441778139
2116.709529021265
2118.095376740815
2118.700880761315
2119.359156993196
2119.990204994016
2120.680032092323
2121.122212199840
2122.099482034747
2122.811542338613
2123.766791105254
2124.624501286964
2125.456653015981
2126.158538996293
2127.002516955767
2127.581319946177
2128.512218155558
2129.038488132273
2129.820759512754
2131.084570819765
2131.256980311684
2131.820998611470
2132.730788697284
2133.262906763443
2135.024618154680
2135.706669172371
2135.879277396346
2136.923622223027
2137.556938020150
2138.365418581760
2138.882487779904
2139.541762994534
2140.654824078819
2141.107258412991
2142.193828041405
2142.817413522526
2143.873317386910
2144.389230511550
2145.099647798274
2146.062875771318
2147.026017778267
2147.661463282848
2148.157857774635
2148.665232590582
2149.487093587685
2150.455456559545
2150.990636522045
2152.027436482145
2153.127123164446
2153.822922861302
2154.632192054521
2155.244618208621
2155.486366743475
2156.434279129331
2157.427065210180
2158.319168606189
2158.709151077912
2159.599210618558
2160.230369999008
2161.035360543860
2162.069820011460
2162.993625997280
2163.579024168097
2164.562431440677
2164.968965380326
2165.705802497561
2166.665771151046
2167.271091112652
2167.438689810814
2168.472708710611
2169.808863848757
2170.613976057391
2171.340702672926
2171.755104626113
2172.658550625177
2173.555199254528
2174.055528915884
2175.079389040669
2175.562766829336
2176.365037363583
2177.273200564694
2177.714395572325
2178.351180827080
2179.517872802571
2180.411989222423
2181.273561350471
2182.291593390968
2182.530985787213
2183.190813161703
2184.044223999449
2184.431489485933
2185.442617626185
2186.459908784437
2187.116153117766
2187.448122124093
2188.956394739394
2189.640333135414
2190.122001452381
2190.918491362903
2191.530246843092
2192.908947164989
2193.178178347903
2193.967929089602
2194.537782560848
2195.208122608467
2195.828168972949
2196.953954087536
2197.937461867353
2199.069064587415
2199.355332575799
2200.021153843282
2200.914160282316
2201.503294608426
2202.370682252779
2202.737295812718
2203.870445241743
2204.493962471809
2205.462321028168
2206.041993664328
2206.876135771106
2207.458180999048
2208.802959778465
2209.503548408862
2209.967935596197
2210.697230997660
2211.441267542744
2212.142220308169
2212.775466183339
2213.597917612256
2214.026469784798
2215.440276050402
2216.295641867940
2217.126724967236
2217.535586986320
2218.413911319162
2219.022751686699
2219.483381552561
2220.922952023910
2221.280016144830
2222.224196539796
2222.560930149098
2223.200733608404
2224.430219738849
2225.197987051032
2226.142601611688
2226.747522554241
2227.579442605802
2228.694657216178
2228.857617258724
2229.458972139487
2230.091768777645
2231.094290969793
2231.796502159014
2232.865836853920
2233.521036037305
2234.356612634224
2235.177696541522
2235.983617430702
2236.277028233358
2237.694890437183
2237.926029021583
2238.856380657570
2239.518332523606
2240.210072258461
2241.207686974560
2241.348743798654
2242.245192128721
2243.831037301867
2244.521794163703
2245.234917824536
2245.504383797076
2246.428916091568
2246.938112197066
2248.035574768815
2248.570768888745
2249.176180522061
2250.183735370968
2250.947435814753
2251.672154600492
2252.737158071348
2253.200530774699
2253.941334715953
2254.991726422344
2255.738566338757
2256.317043821872
2257.131371962279
2257.716195924405
2258.091153836863
2258.976325243113
2259.967953593918
2261.226153671154
2261.511394061388
2262.601602320993
2263.340671562707
2263.982738965996
2264.548113604660
2265.154478888602
2265.935021003591
2267.148942398324
2267.723812772751
2268.174233676410
2268.901913695647
2269.786545033014
2270.869146836986
2271.528079816265
2272.504149398403
2273.382352628742
2273.493363779368
2274.519320138229
2275.166562854548
2275.871036444344
2276.403792112400
2277.378086173964
2278.010537321275
2279.432706373233
2280.159284583679
2280.573685615777
2281.107133799804
2282.001134088463
2282.959894647728
2283.695439252912
2284.419349477122
2284.942379455938
2285.544133462950
2286.715926303331
2286.995461434649
2287.931251059233
2289.090682939518
2289.932599977850
2290.792205656597
2291.096806312004
2292.043568416827
2292.515103359015
2293.281828939288
2293.733210516498
2295.069097859592
2295.699726191070
2296.233973195092
2297.482068001842
2297.700281444014
2299.204721820164
2299.439244950125
2300.159709491810
2300.983049733942
2302.014905579187
2302.533619355115
2303.205593804410
2303.824049993557
2304.280906043714
2305.206122804162
2306.697172534808
2307.285786370820
2307.932019666052
2308.812538838417
2309.222121584822
2310.113038197768
2310.626481238669
2311.500392071586
2312.507470925577
2312.775343225781
2313.768192123656
2314.597775145615
2315.387592818713
2316.139887895715
2316.762978550608
2317.914912976695
2318.772406875295
2319.345937565350
2319.867873240557
2320.205608282214
2321.516775213860
2321.841073878878
2322.720716956480
2323.504156084870
2324.650388485053
2325.537607066766
2326.111060492845
2326.866596451232
2327.302528230710
2328.034432209029
2329.211004241089
2329.546499750168
2330.667347526773
2331.172470034792
2331.788905693129
2332.309497197202
2333.471431287006
2334.586652219115
2335.251469077950
2336.036472213158
2336.392463215076
2337.625173194961
2337.947862143284
2338.706271686557
2339.260166300543
2339.847713933594
2341.203848407311
2341.962249880099
2342.518627966175
2343.486341907339
2344.215480652325
2344.718708131914
2345.771028150972
2346.428377235590
2347.133514580474
2347.958160382268
2348.428744535825
2349.401692129673
2349.601984992928
2350.954237101074
2351.282854834138
2352.811567666387
2353.511335394076
2354.084227433586
2354.860367510048
2355.178289110825
2355.871449444943
2356.836673631765
2357.908125111983
2358.164951056796
2359.150272155573
2359.605009155014
2360.987126613958
2361.666698491703
2361.942777517408
2363.095611087701
2363.922178043384
2364.572834557594
2365.374750002341
2365.991824161035
2366.426471262803
2367.270198928858
2367.841214646403
2368.825842854275
2370.232479812058
2370.694794265274
2371.296494720447
2372.002436435290
2372.958045442084
2373.568671441690
2374.022234713609
2374.947242475312
2375.729489761009
2376.618199768407
2377.224149986814
2377.887410150599
2378.431068167963
2379.678369318734
2380.628968515562
2381.391547731791
2381.791049071053
2382.736941812517
2383.244210288892
2383.929213603756
2384.639610186859
2385.351840986644
2386.135488716340
2387.040133200521
2387.961994652446
2388.978395760970
2389.422235662332
2390.211248445925
2390.633736395246
2391.453106925452
2392.812549432622
2393.291567365242
2393.554804240047
2394.404140065344
2395.133359451616
2395.900895035273
2396.890346916432
2397.879567042745
2398.420638639263
2399.613903382112
2400.162658456617
2400.402121928262
2401.393251490883
2401.964049722691
2402.560867132254
2403.736840363054
2404.261450068352
2405.236903380498
2405.915819841682
2406.667834227459
2407.491617106480
2408.272867688598
2409.091333421908
2409.907229221117
2410.285850755240
2411.151011564399
2411.990461535939
2412.672436870719
2413.120102728283
2413.552764131525
2415.245460991588
2416.040127117210
2416.843676975403
2417.230220704227
2417.824896419656
2418.702416344688
2419.581081801578
2419.907041183283
2421.029695004878
2421.669688009663
2422.395974841930
2422.938527714081
2424.105376044645
2424.690720327112
2425.667633720265
2426.137871701742
2427.422067080805
2427.897171583722
2428.509145314022
2429.312169470857
2429.597304921567
2430.304600199487
2431.516571049339
2432.159875027579
2433.035367544884
2433.889230179834
2434.880175277255
2435.348538831217
2436.010056750760
2436.594786373338
2437.442994368643
2438.313736008791
2439.269632098017
2439.602185961342
2440.244877675929
2441.107173680411
2441.764222008674
2442.792381367490
2444.057992549583
2444.518151620664
2445.048543147988
2445.788057597374
2446.501503253514
2447.285501855959
2447.817370359503
2448.647819877017
2449.160370333761
2450.288597980409
2451.490510905419
2451.723401970562
2452.607919908099
2453.160717514362
2454.135444495307
2454.981364543193
2455.772511425550
2456.102920964166
2457.212013364898
2457.464006537885
2458.341715042086
2459.117620117797
2459.748951628468
2461.198041032589
2461.783052832840
2462.391708307056
2463.382989156913
2463.985781431135
2464.254787631274
2464.934948089296
2466.046354499405
2466.835281519580
2467.662702289824
2468.136560329054
2468.715138796915
2470.011096321995
2470.765459715541
2471.377695937052
2471.994200841410
2473.103700956061
2473.607275303083
2474.508438244759
2474.937826974949
2475.428876855795
2476.439148710618
2476.816673073163
2478.234093665254
2479.103379696328
2479.904788234955
2480.262207890230
2481.340573906507
2481.477445630125
2482.591514978621
2483.462555081887
2483.977517034096
2484.567801508680
2485.595468585560
2486.264406799056
2486.842563357106
2487.796240019116
2488.410921539072
2489.904209860070
2490.232997819262
2491.013642159303
2491.519734827956
2492.037622186108
2493.114469883831
2493.591706549909
2494.212218596851
2495.348260264740
2495.939427648383
2497.034612170133
2497.817470071241
2498.335462573214
2499.162108615547
2499.682127563631
2500.507213050830
2501.441306426177
2502.214887512534
2502.826454505635
2503.355056502482
2503.846610093993
2504.706867772828
2506.219138283023
2506.592942010042
2507.571581135694
2508.184885112218
2508.853305727888
2509.764915676916
2510.249778603154
2510.641369046779
2511.518373976834
2512.649556757504
2513.310314456459
2513.828830861056
2514.987112922944
2515.599777937617
2516.149065840711
2517.265526254026
2517.857670911621
2518.781259558847
2519.416419472318
2519.803182470769
2520.590935113828
2521.584383827834
2521.934370803733
2522.703167460934
2523.719523463666
2525.149017832389
2525.528540901017
2526.148008188964
2526.622888199626
2527.401665630475
2528.178045412799
2528.986227076381
2529.968502679732
2530.354520204754
2530.920157542359
2532.117675384964
2532.546330906484
2533.591044921334
2534.334484153807
2535.265634853506
2535.785243613123
2536.789685723673
2537.245696377588
2538.131290287424
2538.334385018309
2539.251146736981
2539.796141550700
2541.127054326196
2541.977647816388
2542.552184555560
2543.233847926268
2544.191903414752
2544.859659433048
2545.417875344024
2546.045100634349
2547.004591765150
2547.839581086002
2548.386666991482
2549.178779706637
2549.610520416990
2550.369484886943
2551.605234038374
2552.544767617513
2553.156475370304
2553.992595436432
2554.453481468883
2555.132060200647
2555.693293534773
2556.622029040929
2557.323439369953
2558.025379138921
2558.725352572925
2559.775485267865
2560.616780417471
2561.537538733712
2561.834637875555
2562.299895262148
2563.718170685296
2564.499730726478
2564.862389782203
2565.511948197479
2566.392376846002
2566.676574881658
2567.884270241919
2568.282614297694
2569.609744019606
2570.488818321469
2570.988762011708
2572.026971130311
2572.218108663932
2573.093775039137
2573.774219867792
2574.352533144744
2575.263732801054
2576.261136889229
2576.862960542512
2577.402363896810
2578.137874027516
2579.386821295547
2579.796105971881
2581.010638093297
2581.471740577404
2581.855655369569
2583.023333212808
2583.664525571559
2584.187708642894
2584.642312696139
2585.452353105082
2586.459198206777
2587.766238603253
2588.230351041801
2588.920499229755
2589.656562594726
2590.237646466463
2590.900480656652
2591.840080909980
2592.566763467746
2593.330366255163
2593.966167346707
2594.382745215478
2595.418044619536
2596.463541713526
2596.761699191775
2597.927373274115
2598.766289034336
2599.679745743446
2600.091407153901
2600.546789645033
2601.518892719060
2601.655406137448
2602.991316649607
2603.705074355548
2604.209855093854
2605.351238503588
2606.152094428974
2606.931652104276
2607.397935656552
2608.271906811348
2608.857905152408
2609.732257344580
2610.753683800885
2610.931493977639
2611.969309678684
2612.465565956281
2613.053320009086
2613.772536131148
2615.454213349269
2615.904747637472
2616.652227003830
2617.023821587004
2617.964029324204
2618.694285722243
2619.285167660245
2619.992655443893
2620.502528653743
2621.716948563648
2622.226689788890
2623.327787380607
2623.752617948083
2624.526429520462
2625.548196835492
2626.092593183494
2627.003928203002
2627.886560869586
2628.329683646873
2628.780814873463
2629.723843998313
2630.355793164477
2630.914103320725
2632.057942427896
2632.907788373901
2633.710760889139
2634.787454649676
2635.154900300358
2635.620316793883
2636.432004709909
2636.887726064079
2638.338238336074
2638.685320392008
2639.497388682039
2639.932750271450
2640.722343694319
2641.820627625849
2642.587749106384
2643.298240224298
2644.111622364295
2644.952610116413
2645.694951344739
2645.997389568940
2646.895932348218
2647.677237341079
2647.948319635202
2648.817866957016
2650.083723380362
2650.789541337428
2651.800641165308
2652.168744447767
2652.690362171336
2653.770201713442
2654.474065219441
2655.159294187141
2655.834972757186
2656.424722853208
2657.521903826561
2657.925906163680
2658.571256899186
2659.300063686956
2660.373387437122
2661.656552023595
2661.975022763595
2662.767014967285
2663.192673691045
2664.182141639882
2664.491141646914
2665.373265380950
2666.097282274113
2667.114993248691
2667.630459828608
2668.366107442328
2669.533457716392
2670.170089580643
2670.854592160514
2671.281009313472
2672.330629386791
2673.074683004975
2674.086545644034
2674.424135787441
2674.954852282482
2675.454128900055
2676.490388040701
2677.358037540612
2678.424524706676
2679.155403597616
2679.884146903904
2680.460727409610
2681.354519080075
2681.946358573179
2682.174131547080
2683.410027022362
2684.053555895361
2684.749804989791
2685.744796917591
2686.086833976311
2687.249194403917
2687.630439103072
2688.657984916374
2689.775392751308
2690.290550744947
2690.727896219130
2691.553829443817
2692.172496060359
2692.972840582565
2693.618636237311
2694.299736248019
2694.799558779425
2696.646991881003
2696.866852842269
2697.614587432298
2698.363134829677
2698.898211625299
2699.546048024624
2700.584986590215
2701.226710556259
2702.042521265050
2702.505927034011
2703.349919693324
2703.871183254355
2704.762125485345
2705.940540047458
2706.480297237957
2707.311675197225
2708.104712510290
2708.812699944343
2709.581347217621
2709.914984627772
2710.434848060381
2711.337212500749
2712.277256910920
2713.325320290585
2713.682215370393
2714.598645244085
2715.487256866774
2716.313539659705
2716.756926753307
2717.378244585719
2718.662609419949
2718.807269325353
2719.952586043327
2720.336882028508
2721.075082156084
2721.785308489154
2722.292745649979
2723.647496521512
2724.579723903930
2725.303642007435
2725.954859415323
2726.358632140339
2726.876025332865
2728.094869490348
2728.507782112328
2729.237984752775
2730.214199877618
2730.522553370723
2731.735626487014
2732.603193752976
2733.069032617513
2733.789702452616
2734.586975273784
2735.863506997969
2736.070933852377
2736.960754283316
2737.370488673672
2738.226630442971
2738.854309816136
2739.365017790797
2740.414434960623
2741.482712378727
2742.179031525484
2743.019710410855
2743.629569815979
2744.289993751117
2745.002451609519
2745.724500978215
2745.978283573072
2747.449523784904
2748.174405463730
2748.400690458011
2749.175950368201
2749.922071215810
2750.940027220514
2752.065801324376
2752.455093030123
2753.260809843077
2753.973747967248
2754.737148521117
2755.314401601089
2755.996452347323
2756.488926962996
2757.258124055003
2758.298935654883
2759.011044073154
2760.256035056062
2760.737779136797
2761.134931573769
2762.124085864388
2762.550277525751
2763.708799293814
2764.349383803359
2765.117927150611
2765.421113341147
2766.190322634438
2767.241566037063
2767.763509202307
2768.432656514998
2769.620533027127
2770.610015645015
2771.115768121420
2771.821619180705
2772.438700307902
2772.757611086079
2773.783259910757
2774.389880360237
2775.489853193045
2775.762105206875
2776.995635466943
2777.404311518344
2778.528854962840
2779.069203293840
2779.933401256894
2780.546232748259
2781.274251340425
2782.153259390079
2782.835585527765
2783.460236958659
2784.185012075475
2784.547283167163
2785.158324253607
2786.631112105129
2787.800340235646
2787.970805967067
2788.576021245227
2789.630497353172
2790.323496312189
2790.601427698964
2791.576211279541
2792.242498544820
2792.975652739712
2793.934851420579
2794.553996929801
2795.029423356477
2796.215936361872
2796.810985380514
2797.487678432898
2798.691085470291
2799.258426631631
2799.835733346688
2800.419205321859
2801.049125300152
2801.706450438616
2802.674002347247
2803.199576365743
2804.061631259968
2805.067830281253
2806.060839670960
2806.773790379371
2807.097587884727
2807.753299687682
2808.385706321819
2809.588911313214
2810.216784136308
2810.769072383555
2811.493080320393
2812.304445442711
2812.514627600788
2813.996006655707
2814.423082273773
2815.673154279209
2816.320768498122
2816.742339631204
2817.544916817302
2818.445029043873
2818.786704090548
2819.619271551857
2819.928384783370
2821.106339624705
2822.076946680936
2822.798225250175
2823.469758259580
2824.145198730354
2824.895873798358
2825.803765960831
2826.535072354271
2826.999336681156
2827.884420606591
2828.585713745457
2829.364222614287
2829.767509833792
2830.541409614742
2831.185941219755
2832.450470369085
2833.376333036083
2834.123854661746
2834.501605980147
2835.444974272890
2835.702015435241
2836.611181274230
2837.143842362775
2838.471072040446
2838.832322504370
2839.337457784474
2840.227956350353
2841.370258578056
2842.027383954390
2842.543706337384
2843.353186628454
2844.154998619883
2845.281617247351
2845.632293423721
2846.243323910358
2846.699119829753
2847.534698733362
2848.303671472476
2848.988679458514
2850.282556231430
2850.857242797807
2851.768529319085
2852.297052642884
2852.875032130411
2853.888466614392
2854.161829626116
2855.070101833089
2855.904830129049
2856.574853429844
2857.343173704864
2858.066354580360
2858.655632935525
2859.218553755623
2860.816111082337
2861.218964499521
2861.995570450832
2862.763622815345
2863.049338054062
2863.962103241873
2864.816086262844
2865.290691890805
2865.769637235271
2866.792830433930
2867.803683037670
2868.718710856133
2869.224573930138
2870.205489216563
2870.494435765075
2871.255635460340
2872.178539499664
2872.972152961653
2873.819683271652
2874.223477078506
2874.746869559061
2875.608169300416
2876.238225992916
2877.344299475873
2878.297944165455
2878.682700560393
2879.918478711465
2880.456478856143
2881.047358436760
2881.500781952838
2882.208872829508
2882.881133852346
2883.898610797826
2884.863072382304
2885.109358311087
2886.016532187882
2887.045667349832
2887.703128306147
2888.328333455043
2889.110678007574
2890.013760407438
2890.824076380345
2890.939033613088
2892.187580065620
2892.727046099541
2893.037333358399
2894.064181056226
2894.494860571579
2896.248537031465
2896.701240576434
2897.501024082866
2897.765281616692
2898.509723420565
2899.447887764366
2900.071265521958
2900.859904936119
2901.355093343049
2902.332877079693
2902.932987151204
2903.750009438369
2904.480333333724
2905.320266513976
2905.926480939455
2907.108607657989
2907.734791752064
2908.188770659483
2909.124858205382
2909.684811972774
2910.055414318784
2910.795194370225
2911.791095101040
2912.599527553947
2913.363553028415
2914.441451702402
2914.795048775138
2915.976598964476
2916.381003178518
2916.839363569264
2917.515982466276
2918.719860744368
2919.346962691066
2920.051494481311
2920.623386556157
2920.926204400165
2922.060369529201
2922.960061815531
2923.918190935629
2924.768626354969
2925.195380026230
2925.962998443044
2926.737571557012
2927.273935944553
2927.787729096978
2928.782873969513
2929.275617402785
2930.089541040561
2931.113372506237
2932.186693723671
2932.393121757504
2933.251648812735
2933.859087516321
2934.791240872051
2935.740664503015
2936.346114868179
2936.706788012148
2937.456723611660
2938.310513334847
2939.170755752418
2939.337230625693
2940.362159436237
2941.709301124199
2942.301177910774
2943.172227904652
2943.470015800403
2944.343353091141
2944.838693993931
2945.458947435938
2946.463129351665
2947.110177295091
2948.042646152927
2948.560700071563
2949.113898940954
2950.177051021196
2951.180037887242
2951.608675982622
2952.472611613988
2953.020911009023
2954.117173472438
2954.722493972738
2955.086406164356
2955.988946249597
2956.347197426086
2956.949336183652
2958.500268011998
2959.058213134476
2959.845384646474
2960.751602568714
2961.095661187798
2962.010696664286
2962.483014332860
2963.381545777126
2963.996759438443
2964.893896877062
2965.527848689205
2966.063293195547
2967.040012573885
2967.572025434303
2968.450059129653
2969.283920728692
2970.411384707818
2971.128070186054
2971.432176553313
2972.044176136591
2972.709085351326
2973.546846583746
2974.418022896260
2974.680974891900
2975.860869254560
2976.383765543841
2977.747156720572
2978.286629541488
2978.865733514765
2979.218962695083
2980.532459739209
2980.771831133370
2981.950798920055
2982.542367768340
2983.093726239378
2983.731883329997
2984.406463344817
2984.998114804014
2986.186169277744
2987.256277046275
2987.827186972786
2988.291738731013
2989.302752264579
2989.804900174695
2990.693702290145
2991.026446319203
2991.476536875412
2992.720951025862
2993.672313738774
2994.002895125545
2994.969217635461
2995.573571630009
2996.495049633684
2997.281850118199
2997.933393299976
2998.797883516381
2999.282198581713
3000.240703572929
3000.744781190128
3001.205694202830
3002.193088418020
3002.669212229662
3003.442959850047
3004.756297598449
3005.598652058734
3006.152098201717
3006.763761610591
3007.417898736398
3007.803979546548
3008.754596634536
3009.971559921423
3010.139145775488
3010.952403795265
3011.470384151920
3012.583062541531
3013.175710777358
3014.273296876113
3014.478099038848
3015.717378512416
3016.479304692883
3017.120153487338
3017.672409118593
3018.262770131992
3018.993602277930
3019.482651163506
3020.431718460442
3021.123866198269
3022.383608475448
3023.068458931101
3023.323560664455
3024.563713208021
3025.063384918838
3025.602241949337
3026.485311190225
3027.134926351087
3027.835143972610
3028.807647173890
3029.472275969093
3029.797663184017
3030.333663807452
3031.554561118578
3032.766903115321
3033.269978411345
3033.951494706298
3034.601191926221
3035.197402207095
3035.984117333363
3036.704457506436
3037.026095931434
3038.141428700204
3038.717456268352
3039.646976698407
3040.432989219099
3041.299699574944
3042.086103234813
3042.450013967745
3043.059586972788
3044.409972060691
3045.003955390493
3045.398701474447
3046.355472310021
3046.510937647080
3047.451792456362
3048.244025735059
3049.141089226370
3049.845123525909
3051.013224853902
3051.604805968046
3052.353236601138
3052.796575447024
3053.376600186764
3054.134364596176
3054.832989747875
3055.780353625500
3056.558741564656
3057.066705494774
3057.733386100976
3058.769728966477
3059.317372390201
3060.254758263118
3061.267474105952
3061.561862201944
3062.560610297095
3062.860036303409
3064.011050929181
3064.426566085701
3065.058552441544
3065.494324036193
3066.421854273191
3067.804802218949
3068.603696161419
3068.948586302256
3069.755601218612
3070.192358386058
3071.407894473754
3071.671732409323
3072.454988626645
3073.440297556912
3073.992324546094
3074.553894348160
3075.408061606192
3076.058223213933
3076.906420182964
3077.730439548864
3078.819226523216
3079.182388396966
3080.282521424107
3080.814164176519
3081.113488824523
3081.750233025988
3082.628352340841
3083.374927059773
3084.401989799486
3084.814938211262
3085.642241878546
3086.977439049138
3087.200495577721
3087.994270120391
3088.729165311140
3089.091663416247
3090.353091374017
3091.142560640998
3091.456907791934
3092.126552940750
3092.836364048660
3093.584309176831
3094.095950867387
3095.628883594353
3096.226835007363
3096.924439678517
3097.546983962518
3098.189916990149
3098.791994460926
3099.725532888490
3100.102472164092
3100.990386905998
3101.470980327983
3102.779258661473
3103.201574486257
3104.092773200279
3104.706266556718
3105.350129844593
3106.434424609352
3107.145234042801
3107.841062376572
3108.378021872377
3109.009258963371
3109.756390764916
3110.552894574259
3110.998197250010
3111.612747754411
3112.960537399690
3113.653251720865
3114.635954210704
3115.054965657262
3115.896130122250
3116.331598911322
3116.885227560170
3117.759927247834
3118.765597446913
3119.422349312105
3119.976036450286
3120.664652424155
3121.054990338595
3122.666691271355
3122.985289070486
3123.723923930476
3124.646140326033
3125.414026500841
3126.014023322362
3126.832257412984
3127.193399435838
3127.811089347377
3128.439606698351
3129.498104421807
3130.229704717347
3131.250940403554
3131.908450753924
3132.698750291422
3133.152274495034
3133.944488899740
3134.674542753516
3135.541469049807
3136.188110168137
3136.611911849684
3137.780955309222
3138.048148474326
3138.991987342898
3139.449612383548
3140.332363175379
3141.579567026616
3142.681512958292
3142.853573739246
3143.095009983290
3144.213028948066
3144.887643820099
3145.325214719815
3146.313831917149
3146.936514882022
3147.603263637030
3148.553421587443
3149.398142229349
3150.142366264870
3150.741967000980
3151.573765434761
3152.032039079257
3153.131548353706
3153.699706910224
3154.613359108209
3155.001969006444
3155.623972744836
3156.063659065646
3157.065463639570
3158.031456148477
3159.122306645118
3159.603977618634
3160.221331462792
3161.249152863975
3161.825219250060
3162.241959820306
3162.844782761846
3163.601656134641
3164.810055830970
3165.255024577187
3165.832895098663
3166.794244984736
3167.251816908165
3168.362845947177
3169.038907672326
3169.817724748432
3170.728816860425
3171.204939998881
3171.869255787989
3172.438422443633
3173.205195621987
3173.965066759809
3174.563736399786
3175.034618160819
3176.444634599732
3177.351620099979
3178.053595518086
3178.364562675638
3179.123376272892
3179.627035951258
3180.743340337344
3181.471630807740
3182.067638823301
3182.601346892111
3183.433942682998
3184.025887652546
3185.040951292263
3185.371022526906
3186.812009277922
3187.182184170754
3188.162671738965
3188.895376291462
3189.411301571064
3189.931029151760
3190.714667310142
3191.388267369448
3191.721760862965
3193.255477860332
3193.646728532260
3194.452996578231
3195.168939312160
3196.137172916587
3196.758286699947
3197.353773773400
3198.121669136098
3198.705201233745
3199.665744828301
3200.511326317901
3200.801800149150
3201.564109590733
3202.014391034353
3202.870647972357
3204.249466766511
3204.873289400389
3205.605875740974
3206.357405450564
3206.762286028768
3207.453634712620
3208.170819050599
3209.063935367392
3209.395499677696
3210.645498132068
3210.894925203339
3211.744741226597
3212.990047629882
3213.441495238577
3213.936161845309
3214.721046018588
3215.963266002756
3216.457814800431
3217.138022371399
3217.764347285965
3218.063528428287
3219.141286931669
3219.631384996612
3220.492281383449
3221.190688082516
3222.376004485177
3223.212671593455
3223.685857809293
3224.308277082784
3225.124982905805
3225.540054294704
3226.327279561096
3227.127230743511
3228.117383549509
3228.533235649185
3229.434563007655
3229.646318889294
3230.697907555033
3231.638919693463
3232.658947812075
3233.222238540989
3233.727192097934
3234.470167391266
3235.426853265451
3235.961242546995
3236.393504362552
3237.000712677116
3237.802096667812
3238.750693686616
3239.865092019577
3240.436158780475
3241.043038804294
3241.802312180303
3242.554695590033
3243.109555592322
3243.877630738828
3244.905362028542
3245.466323761150
3245.728545035347
3246.854657485975
3247.267616543064
3248.067836070961
3248.998068725695
3249.670251581003
3250.936571965276
3251.445995162345
3252.053923142003
3252.758197923742
3253.211676733429
3253.602258729195
3254.946384860570
3255.410999990852
3256.237793909456
3256.734567372731
3257.814310103839
3258.515895376964
3259.421696501515
3260.002308708647
3260.369263489798
3261.612804955434
3262.189626212794
3262.920702322986
3263.422125231537
3264.255876435248
3264.882907955468
3265.120214848659
3266.166377954849
3267.563452300169
3268.195505343401
3268.753131637641
3269.394713269114
3270.042305258643
3270.955489830066
3271.531361829113
3271.927690525513
3272.928505453792
3273.516538508557
3274.635901253262
3275.223445012713
3275.410401111410
3276.728346230689
3277.264711036194
3278.275818619147
3279.103001444422
3279.595604336536
3280.344685329531
3280.834707124017
3281.643057688516
3282.208875750101
3282.823249169412
3283.697808715275
3284.554342683735
3285.351055565299
3286.404400199745
3287.140579984207
3287.471923593172
3288.094246457671
3288.727037589357
3289.689163633915
3290.581041289738
3291.318950946401
3291.702172520338
3292.120834611109
3293.108790797517
3294.019236724323
3294.762428294108
3295.634596989160
3296.390036502514
3297.259747741858
3297.688219339284
3298.499902388276
3298.894089949441
3299.828193341349
3300.075562406724
3301.144587140353
3301.992813884919
3302.763613203611
3303.604527312466
3304.411130075476
3304.678622450661
3305.703470866852
3306.596869511392
3307.208562630428
3307.602528199369
3308.696196905180
3309.122507831043
3309.954624174770
3310.567812091256
3311.142767391833
3311.660456439247
3313.591528352586
3313.710069606407
3314.481447570497
3315.387622216535
3315.498181432346
3316.542648319933
3317.084823934978
3317.783668682742
3318.652179683561
3319.470529009156
3319.897963807896
3320.698641189409
3321.788443388299
3322.315986040132
3323.131722214306
3323.774930055976
3324.443440854474
3325.697483835230
3326.018729438965
3326.576575724569
3327.225120937432
3327.625678672032
3328.684323634696
3329.354919903411
3330.414321366964
3331.230352600450
3331.756334816692
3332.822878609317
3333.350790578556
3333.719610961620
3334.452216797328
3335.298353052950
3336.087066738568
3336.868988850876
3337.402126650080
3338.162492700034
3338.795834263960
3339.460950976325
3340.512664316424
3341.410743161525
3342.199336438363
3342.819654720589
3343.252844430895
3343.870985918352
3344.874130088752
3345.323022319218
3346.188824573384
3346.373848407909
3347.549659859053
3348.691126073663
3349.341065667769
3350.066187785232
3350.347682556809
3351.460890625205
3351.748515495689
3353.149923414095
3353.435769271514
3353.984962721555
3355.007918002120
3355.492962668825
3355.966142002274
3356.851651424201
3357.873518858762
3358.627110602156
3359.581214258761
3360.086602942851
3361.080219501006
3361.307264391743
3362.208069993080
3362.576881946608
3363.136389513217
3364.523674374816
3364.991702206798
3365.762793139982
3366.217994600388
3367.286122944351
3368.238323140899
3368.733875400895
3369.249947374110
3370.291095125049
3370.874459793002
3371.700533048884
3372.241651410191
3373.093359657192
3373.252473846485
3374.105539030578
3374.968787726234
3375.956455742079
3377.190454454731
3377.587394036047
3378.048416319799
3378.661325461187
3379.693586553274
3379.960302586695
3381.039676644584
3381.671170295755
3382.180311310853
3383.008974585228
3383.830490786864
3384.598137907643
3385.322708944103
3385.773331655603
3386.966362021675
3387.862222673023
3388.391037949494
3388.884351410005
3389.614881738496
3390.258600577775
3390.778088133915
3391.765896649103
3392.140795585111
3393.263727611109
3394.081088837656
3395.037240247601
3395.451394259480
3396.289130961540
3397.027840433479
3397.418238206464
3398.071243958360
3399.191378705696
3399.925774380572
3400.594090084754
3400.806075544654
3401.791059357342
3402.166142886364
3403.647177409292
3404.327285882198
3405.103526270756
3405.460304226192
3406.500796713854
3407.314365841771
3407.396369054319
3408.295985813913
3408.896354523601
3409.629971200453
3410.569424636094
3411.424116222344
3412.023726885442
3412.996649989612
3413.652951121144
3413.960743470247
3415.073786295481
3415.743972570138
3416.677504858868
3417.089729242387
3417.650454972981
3418.267364346059
3419.469337873395
3419.653981678398
3420.295774664793
3421.539933512919
3422.530947591533
3423.212864437047
3423.956358014557
3424.239412371298
3424.765540417860
3425.651307331143
3426.568768958094
3427.036378337734
3427.932206359953
3428.695337049198
3429.064058441913
3430.153127091859
3430.903330706541
3431.656332999138
3432.284826406390
3433.204401924715
3433.796192421350
3434.511158759841
3435.353340404819
3435.830381045478
3436.289216711726
3437.063676593353
3437.520307840002
3439.146066145092
3439.632189158526
3440.316102858847
3441.076127001676
3441.765948866361
3442.386772012425
3443.261137490585
3443.583975804840
3444.380730591198
3445.410667049423
3445.982353263301
3446.675100780085
3447.093437914573
3448.026253435589
3448.887270804873
3449.640856921542
3450.866939230153
3451.090261986235
3451.977481290001
3452.456726963109
3452.983540342909
3453.896691239405
3454.332595459344
3455.342545715208
3456.008966888627
3456.472416269777
3458.005946385434
3458.373463296582
3459.226249693970
3459.616289165410
3460.152627544340
3461.239821166303
3462.193538228877
3462.538923709271
3463.395432917120
3463.720852419701
3464.480477356391
3465.344911018096
3465.953883514894
3467.032931874823
3467.996403569227
3468.603547786919
3469.133327749661
3469.854657740743
3470.716789602218
3471.100185945946
3471.612969471403
3472.462732670771
3473.469962685304
3474.016581560736
3475.093548736945
3475.395670093645
3476.133547383721
3477.212472577724
3477.945328799615
3478.480310034107
3479.295905751408
3479.942857075926
3480.523158124136
3481.577444808391
3481.825420520474
3482.418288018859
3483.139847235359
3484.057329288100
3485.451180949728
3485.879330052096
3486.469199298788
3487.272630280970
3487.871050352428
3488.308019398288
3489.097025045828
3490.159289738473
3490.758530144753
3491.235829153511
3491.952074151607
3492.726596286843
3493.611955188199
3494.448051146398
3495.043308235833
3495.669152106522
3496.947002545672
3497.430210183980
3498.011169640420
3498.408967443953
3499.139308238067
3499.859786988235
3500.527346154410
3501.533108270674
3502.097784097943
3503.296450346948
3503.687225488586
3504.719801725846
3505.119709911086
3505.734258524934
3506.562326098497
3507.285812494034
3508.007969923805
3508.675246998163
3509.552097213355
3510.039369663996
3510.535403541131
3511.220031042152
3512.465039907019
3513.621245064616
3513.873143737927
3514.594259583153
3515.179740342504
3515.858638477880
3516.741286836979
3517.313750482010
3517.724342156228
3518.473169348457
3519.740867619263
3520.087708256216
3521.116785144604
3521.923892870328
3522.312785478554
3523.037518147094
3524.046037771908
3524.557670404593
3525.614331640042
3525.912047535719
3526.706062209629
3527.218592722773
3527.766736610006
3528.849186529691
3529.364282463603
3530.614220413528
3531.060760732432
3532.230044418460
3532.667337155183
3533.233125347160
3533.802310893362
3534.358144611876
3535.156273352999
3536.264378251121
3536.864176145197
3537.392745039517
3537.859899248458
3539.030672610406
3539.948169197898
3540.193332431054
3541.362494704422
3542.092574827939
3542.442586525312
3543.597071609764
3543.948859310914
3544.481970334798
3545.340502968224
3546.085939589028
3546.193837783375
3547.678630549565
3548.791442922858
3549.250278679870
3549.781255067780
3550.374713143650
3551.179194178481
3552.099129259562
3552.470563207236
3553.430574718470
3553.895770847040
3554.703098525327
3555.531816063377
3556.038870192288
3556.803474566189
3557.440609489092
3558.785765632476
3559.252580079075
3560.156344806107
3560.545057928385
3561.382714775250
3561.844861541901
3562.403564076185
3563.205335184205
3564.076487084445
3564.674722562817
3565.734517824340
3566.134833028040
3567.269394257811
3567.995953498127
3568.488801232366
3569.105247058591
3569.624524577224
3570.883454904063
3571.524775332770
3572.051550489954
3572.498311896115
3573.435810189193
3573.586270019977
3574.861361035072
3575.942151160932
3576.445709262019
3577.371023816605
3577.962467636738
3578.508906824766
3579.387183178978
3579.696499382033
3580.478519198811
3581.333418410617
3581.890956355144
3582.807056375448
3583.575974424770
3584.352833516523
3584.871586360712
3585.847372564801
3586.243340886718
3587.490264836569
3588.195121757297
3588.577931156199
3588.975911380354
3590.021652784196
3590.743581691685
3591.181414703149
3591.816998195497
3592.623411057221
3593.843121321220
3594.804411969551
3595.247937780889
3595.722462710967
3596.459690884680
3597.113649902833
3597.774815455615
3598.593571888858
3599.439419858579
3600.037888335143
3600.690104091484
3601.222584063162
3602.015772757439
3603.152453377644
3603.800695927344
3604.360031498925
3605.316142197752
3605.996588263177
3606.548985602777
3607.560496831502
3607.822995878720
3608.111010972676
3609.031162165370
3610.188103700109
3610.845002510531
3611.639107417619
3612.457899404623
3613.063788142223
3613.817654536936
3614.535503326200
3614.982631909556
3615.878767996107
3616.616236854992
3617.389928778471
3617.881776017378
3618.616040874777
3619.193199763263
3620.068092883609
3620.587610295667
3622.012183257544
3622.702264502856
3623.213607921081
3623.932555708134
3624.263865643681
3625.012664151338
3625.949565534941
3626.414659324647
3627.321770737488
3627.814352310769
3628.596219073668
3629.799081250257
3630.504993596855
3630.718978221294
3631.753469495938
3632.213652939742
3633.412251273201
3633.839518164519
3634.623559420999
3635.398570198580
3635.525650187223
3636.457291220968
3637.265816666947
3637.644387161578
3639.265746423833
3639.685771924348
3640.355090650223
3641.084024955731
3642.036089986949
3642.378690229151
3642.867523589373
3643.720097140095
3644.284189505978
3645.478072389457
3646.142381152950
3646.441403724167
3647.187968315396
3648.121741045130
3648.963015807555
3649.934199641325
3650.288656792690
3651.103381363792
3651.916039932459
3652.580705502925
3652.873289147259
3653.968886066083
3654.222309722420
3654.990826018549
3655.822817381410
3657.052080007963
3657.637148763695
3658.517279653884
3659.021941564574
3659.553544906108
3659.990281976151
3661.259633846678
3661.865300567654
3662.463180532322
3663.150619703890
3663.612513634709
3664.548828763232
3665.237614210085
3666.095106406402
3666.640595565088
3667.775264964427
3668.554736219257
3669.210987961010
3669.686805685561
3670.218533259892
3670.923234411001
3671.647200563591
3672.260150219240
3673.083388198694
3674.185481946506
3674.445388305843
3675.589895141523
3676.196828528546
3676.868990161096
3677.678645506561
3678.175297519234
3679.079818432179
3679.547069976851
3680.575036044264
3681.245860930984
3681.606184799712
3682.403767976656
3682.565800369500
3684.093581921623
3685.042629577133
3685.760812797996
3686.313772491334
3686.648891032582
3687.882014720947
3688.103573226550
3689.037905946996
3689.273215012333
3690.451797465371
3691.087437749393
3691.715653494746
3692.589488779922
3693.314888459041
3694.289289599074
3694.468121209265
3695.488043496897
3696.405917063274
3697.192085584849
3697.597791806102
3698.260535289270
3698.729679310097
3699.518456841387
3700.255999685759
3701.148179328434
3701.600330483718
3702.825084482095
3703.822615038395
3704.131087341518
3704.796596402244
3705.453664141439
3706.024458047625
3706.607640084107
3708.003362179607
3708.301813289882
3708.719653640725
3709.825347015329
3710.191687343828
3710.978182307188
3712.092218205762
3712.686170024336
3713.756260539750
3714.091627347201
3714.731726982589
3715.725067471136
3716.053762210716
3717.040433446841
3717.179179327783
3717.955609410918
3718.868437743670
3720.112966581806
3720.648492932610
3721.420579846619
3721.682424835355
3722.864068143640
3723.370426369591
3724.010421128365
3724.921310760769
3725.432437558537
3726.216965153346
3726.799609255769
3727.661085007707
3728.023739269093
3728.749165491990
3729.958400914793
3730.716355956675
3731.468401945813
3732.310847867338
3732.745645446882
3733.216664570921
3733.958257458378
3734.472431886715
3735.504892201887
3736.266136330006
3736.782881520133
3737.543825026414
3738.255235787855
3739.616786327017
3739.839731118909
3740.364725881896
3741.138461862354
3742.132706130468
3742.906210965223
3743.546582943132
3743.907814214189
3744.623052917035
3745.291382048852
3745.879792820128
3746.778392480205
3747.979309899214
3748.622567753933
3749.273230623922
3749.968362438497
3750.587924460300
3751.061610894398
3752.127848059580
3752.530037751270
3753.046400221227
3754.172841977493
3754.860810277969
3755.427041759641
3756.141932673514
3756.912609239770
3757.523341322060
3758.771763057681
3759.382195898454
3760.005425142938
3760.384402840959
3761.272153704839
3761.935175095636
3762.581855186369
3763.113826785792
3763.790996800890
3764.641783846385
3765.855702042397
3766.355920079433
3767.281146538928
3767.905788701310
3768.128006415065
3769.128540343462
3769.655303971219
3770.646519843182
3771.384656222222
3772.066374046250
3772.551728175961
3772.768293058217
3774.193613305640
3774.719397189795
3775.704889689563
3776.421139794900
3777.067228627030
3777.978318615863
3778.627752460322
3779.045918184396
3779.604741299409
3780.171850001573
3781.067077032353
3782.023258116962
3782.596382503287
3783.351081050488
3784.385527442752
3784.775130674037
3785.646363482403
3786.270679149877
3787.001348114237
3787.801601272683
3788.478559676149
3789.006171394321
3789.795331954755
3790.472812401180
3791.066005754276
3791.664164418858
3792.266894484178
3793.950019619140
3794.515279206309
3794.870821964923
3795.611664935048
3796.165802396345
3796.842961825428
3797.729528337149
3798.207415094079
3799.086364402855
3799.607868115788
3800.420754557962
3801.356693444259
3801.894849508988
3802.677956644809
3803.551541602728
3804.033743360550
3804.930973979933
3805.900699936665
3806.271829981577
3806.906484065119
3807.596034623171
3808.102129963536
3808.687159147465
3809.636252258653
3810.712064032804
3811.280851023918
3812.117480572647
3812.856492422527
3813.557512918108
3814.292063747237
3814.627594536499
3815.075015853054
3816.614550234180
3816.703039914098
3817.797529150970
3818.319402942072
3818.657975817910
3819.593302583419
3820.626977708714
3821.422236630357
3822.008873395748
3823.088510225990
3823.463530289839
3823.892159711444
3824.830658372819
3825.382572053081
3826.215556154020
3826.432519946519
3827.538722567258
3828.185410249644
3829.472454281657
3830.005444910164
3830.581460032790
3831.091544897684
3831.756833236926
3832.833747083766
3833.497050694239
3834.155823498878
3834.606282202075
3835.291174042716
3836.265435692515
3836.611148839142
3837.356979728608
3838.321205168588
3839.183321120938
3840.259823303321
3840.691060824975
3841.128392536000
3842.016987879842
3842.611306724508
3842.992046339491
3843.802003997188
3844.676981335993
3845.714071932428
3845.988472399363
3846.686975603841
3847.704601733895
3848.489084795842
3849.096813818428
3849.910907344059
3850.372530951154
3851.176246731446
3852.111512580975
3852.758938673932
3853.209847703520
3853.582298860390
3854.458841427519
3855.074182361145
3856.402964814150
3857.182040170034
3857.755458299639
3858.419327415613
3859.093403879970
3859.657322701169
3860.483195987952
3860.867648816065
3861.979163358232
3862.436066175828
3863.229662016370
3863.778597102854
3864.737544327254
3865.479611252445
3866.005603816639
3866.742434022385
3868.076312119980
3868.376390929001
3869.198255610366
3869.689809993556
3870.288190452044
3870.709577215408
3871.960224249705
3872.354455558842
3872.812366373374
3874.031287534077
3874.930548689486
3875.602251399873
3876.360969565652
3876.803061162286
3877.370807833592
3878.203122501592
3878.939068503325
3879.761529719000
3880.478778413543
3880.978012341383
3881.619313201987
3882.236830280601
3882.896018779549
3884.157934210138
3885.088715383893
3885.397760085265
3886.100585713219
3886.937037342028
3887.755214189828
3888.043969430437
3888.727448345889
3889.432334386351
3889.901805186898
3891.314674056361
3891.712662017131
3892.583607728070
3893.099872675498
3894.115404835453
3894.685682276805
3895.192572886912
3896.404153690311
3896.631464112466
3897.683991962344
3897.934210222803
3898.961061526526
3899.219205846061
3900.264450077613
3900.594180414199
3901.775033765001
3902.701271574526
3903.536301853012
3904.222224850013
3904.635406146831
3904.981121660570
3905.854865057177
3906.613232853164
3907.461288357171
3908.277356670247
3908.523336606650
3909.410686759730
3910.171026886344
3911.319245478984
3911.629549832668
3912.340415417934
3913.183427076578
3914.160237201601
3914.721033176278
3915.159299544423
3915.965420594428
3916.679228889368
3916.988999929640
3917.649942999243
3918.769878452292
3919.592268499573
3920.752071975398
3920.949154339636
3921.579178190682
3922.510885223632
3923.211632823888
3923.678334783613
3924.407408716460
3924.983414800362
3926.170966448480
3926.539849664477
3927.227863055888
3927.956366775355
3928.315399881171
3929.646997271830
3930.400888596092
3931.316680581091
3931.630712640054
3932.442843049676
3932.899034368736
3933.898240575847
3934.206775850637
3934.801389528587
3935.805399200232
3936.524234258904
3937.053255703267
3938.443509537479
3938.830378366753
3939.508857000785
3940.236528445584
3940.645975904061
3941.445064970569
3942.675949587763
3943.193826207475
3943.479067818268
3944.146426763160
3944.898660334684
3945.574858991476
3946.553252227071
3947.121916859667
3948.363521600685
3948.734225466867
3949.713466064109
3950.279715411238
3950.660441236194
3951.439652781487
3951.929904299690
3952.776968024191
3953.655782164028
3954.268191953808
3955.031556583457
3955.851914884473
3956.386073485191
3957.221288008843
3958.060267596773
3958.813675650270
3959.339345062355
3960.278388578179
3960.535323824377
3961.522189942571
3962.177759649945
3962.712760869439
3963.266755355639
3963.729880845365
3965.401204144801
3966.110873266967
3966.572311171517
3967.155860527238
3967.991261032233
3968.412697538361
3969.211165142912
3970.017547171802
3970.557488808650
3971.412918193693
3972.022424843643
3972.765287760814
3973.237373514718
3974.371385881469
3975.030623363474
3975.579804854711
3976.620391875491
3977.246246283858
3978.157962375889
3978.593351724055
3978.946022174150
3979.634420505742
3980.393014382762
3981.184194103372
3981.986418778148
3982.966238293367
3983.258498201510
3984.626924011324
3985.078251537072
3985.678079950122
3986.100836210087
3986.953301956650
3987.791364270322
3988.496112146726
3989.222520004160
3989.892980178198
3990.250242886761
3990.993165526399
3991.834230453676
3992.658394080330
3993.885668945029
3994.433996787428
3994.845151513467
3995.663697651739
3996.062798382169
3997.150804146137
3997.460332556246
3998.229743606057
3998.758611660530
3999.640388027777
4000.750133721840
4001.204446630907
4002.161397435269
4002.658044553611
4003.076129696967
4004.301614110936
4005.111776101372
4005.294706578918
4006.304210999636
4006.893467648419
4007.387292571386
4008.158569823980
4008.797757910472
4009.418647707451
4010.522590581726
4011.435697736231
4012.122883068265
4012.774144711530
4013.344975789777
4014.157782111283
4014.507718586917
4014.949693990462
4016.171584234795
4017.034217130711
4017.452070155932
4018.044496740491
4018.659049020736
4019.805817481396
4020.486219361029
4021.293336226566
4021.696583041997
4022.638675610993
4023.421457799113
4024.044081256161
4024.637116441046
4025.195035462855
4025.617997529357
4026.619678716345
4027.110429681420
4028.334549506226
4029.244008726299
4029.719421324003
4030.563720949151
4030.756303081468
4031.928634056504
4032.225677709353
4033.193115064117
4033.925444775779
4034.472078739032
4034.956160503810
4036.142896915575
4036.686880464561
4036.921564237899
4038.052468727841
4038.959553400050
4039.974078413383
4040.476761441425
4041.033325045467
4041.512369700003
4042.177859105600
4043.168988237601
4043.411459214111
4044.323245441577
4045.048164837204
4045.826177372054
4046.800476288393
4047.421757377444
4048.168560166228
4048.845640099918
4049.479007359967
4049.870390460279
4051.064037044867
4051.753502796382
4052.210391136256
4053.081604404734
4053.406343393386
4053.924538185996
4054.826045743742
4056.210075520778
4056.653180571351
4057.277007585043
4058.284840233357
4058.672792463748
4059.534896572537
4059.949385523993
4060.671744207943
4061.067045957736
4062.182538113372
4063.005258462505
4063.516096858516
4064.166096619917
4065.252045579956
4065.581925075848
4066.676189455718
4066.990920078538
4068.321032177778
4068.682784104965
4069.164159289582
4069.916795218230
4070.599596843540
4071.290128445678
4071.916920243966
4072.488458169326
4073.314550235400
4074.614452414008
4075.409945730019
4075.807102781440
4076.377904538469
4076.849790128971
4077.664611430162
4078.549205706090
4079.199728500063
4079.830289951128
4080.669614652327
4081.035314318458
4081.818026572016
4082.834640648242
4083.356697869365
4084.163230921466
4085.279949436125
4085.547179797567
4086.399482912400
4087.207314713499
4087.674138927447
4088.230571076981
4088.881042740756
4089.305475142394
