1910.904583595456
1911.974419140321
1912.767581018187
1913.699198832601
1914.166553229761
1914.864589386003
1915.641627010484
1916.527910449478
1917.175859206633
1918.098044505910
1919.482775566049
1920.245149315360
1920.996256894591
1921.489516091023
1922.398431355455
1922.888059328874
1924.496923979019
1924.642798792606
1925.684300342711
1926.157858977366
1927.007180033642
1928.271847337623
1929.046588561318
1930.040115125106
1930.720798654261
1931.784313937569
1931.996097507194
1933.234273814445
1933.508187973805
1934.100598311530
1935.706274836576
1936.206524595357
1937.333820956680
1938.153863921841
1938.670564583034
1939.740926647755
1940.413114777729
1941.466843277028
1941.861630853280
1942.837399539155
1943.791738831244
1944.191701811452
1944.853786872445
1946.129740887821
1947.241730631455
1948.386884852455
1948.744393714914
1949.182263550157
1950.157626353003
1950.953268134861
1951.703761032736
1952.608889855156
1953.503104574066
1954.010213281249
1955.324164153429
1956.159522824853
1956.707692926950
1957.538145846957
1958.624876707881
1959.519885991312
1960.092521857433
1960.612653269363
1961.550742316232
1961.974967239428
1963.133623567996
1964.364298602206
1965.193842968220
1965.869328842914
1966.794449420161
1967.449139574827
1968.189572222550
1968.651108185363
1969.975271307957
1970.538586922622
1971.587094779708
1972.016305952765
1972.938460678893
1973.808286796334
1975.223041346862
1975.693805855714
1976.522956079045
1977.206280678379
1978.149051262075
1978.461070589718
1979.558433159423
1980.223223899037
1980.833234836865
1982.515427518674
1983.075987666275
1983.910691404115
1984.521592194091
1985.227874357461
1986.133753226457
1987.234398331384
1987.806577178788
1988.646211579449
1988.915501449479
1990.233281716644
1990.784347778526
1991.935318886665
1993.011481647928
1993.747442621570
1994.473755503921
1995.490980981869
1995.675998796520
1996.348517709808
1997.445135494864
1998.302636769981
1999.366381458287
1999.818331772561
2000.897524841664
2001.947553891899
2002.416698655810
2003.355259015983
2004.328983027622
2004.763303167541
2005.914661619579
2006.597952639266
2007.011529780338
2007.782219949071
2008.646565153020
2010.328316223061
2010.803691637238
2011.762476697711
2012.263173942781
2012.819592292780
2014.076833825487
2014.458577978152
2015.408865460052
2016.192693935706
2017.159617625618
2017.730320180736
2018.894084785808
2019.668780801431
2020.184646628787
2021.700108914301
2022.323084825010
2022.695861805887
2023.657386238937
2024.182517716336
2025.054090277842
2025.750598991010
2026.958658189614
2027.716879995281
2028.889455820658
2029.545691567197
2030.348591142093
2030.748018337158
2031.635232504454
2032.601590413168
2033.577206857034
2034.204808774966
2034.840773353334
2035.496074982611
2036.439520273908
2037.894972066934
2038.390148222380
2039.383133976528
2039.975847070838
2040.758482617916
2041.591807778050
2042.177019137684
2042.745388644980
2043.811021128152
2044.720955218620
2045.933612450289
2046.644862108117
2046.987632303859
2048.227150184729
2048.823560169472
2049.768342420470
2050.736978358213
2051.175426595029
2051.808484782384
2052.877380799900
2053.538749894534
2054.137644590950
2055.575449198180
2056.682631800370
2057.095606391202
2057.985510098531
2058.556127623142
2059.177408003872
2059.928839481647
2061.160014558860
2062.012389998586
2062.167795347219
2063.491792109890
2064.402535746065
2065.127087548804
2066.187788408989
2066.564782119724
2067.733165536277
2068.626228380042
2069.066157551563
2069.820307672467
2070.488141391617
2071.064923417505
2072.435117288549
2073.556869314647
2074.347613668336
2074.772606361365
2075.808067692190
2076.419740722239
2077.228664289369
2077.963314855474
2078.767795215984
2079.770091099237
2080.442515643473
2081.075832642212
2082.051893230624
2082.900473495424
2084.030199609077
2085.083653776979
2085.398913430900
2086.121256831027
2086.839203856806
2087.723887324386
2088.442571722429
2089.046227991831
2090.285341484023
2091.022614485853
2092.387119518170
2092.732557713358
2093.601965661245
2093.878604979639
2095.305404754980
2096.031073757256
2096.714246453836
2097.498304240487
2098.181405022295
2098.572901653891
2100.059053926916
2100.836947698533
2102.024124130428
2102.373089116784
2103.540089728218
2104.087648787071
2104.544545703781
2105.600177704209
2105.966358322427
2107.240971179675
2108.194332928301
2108.786135622016
2109.632332862458
2110.771205091666
2111.135379844915
2112.445177692948
2112.913560390864
2113.761088741043
2114.525052519970
2115.322620288030
2115.859196241476
2116.850971869112
2117.196819207251
2118.998250702613
2119.885762817180
2120.250635925194
2121.029643532802
2121.888598917591
2122.301969258894
2123.404292623834
2124.482827927180
2124.734526423355
2125.692683615204
2126.529947279821
2127.721244952470
2128.113172123079
2129.215356155610
2130.108891186512
2130.869831721539
2131.811376827724
2132.342595423185
2132.740754722129
2133.563481720307
2134.631646194806
2135.391248718359
2136.630369429307
2137.365558593370
2138.060137639645
2138.979465848172
2139.653594387834
2140.252977616463
2141.035375678342
2142.370123386736
2142.648654976360
2143.515807074791
2144.304577072144
2144.803166917410
2146.212572107291
2147.309978936053
2147.884605219330
2148.668119297116
2149.145771578078
2150.107892290469
2150.982062238197
2151.241593908419
2152.379693393405
2153.142631501475
2154.282308196105
2155.191408153538
2155.922317846473
2156.422040367976
2157.272316526230
2158.425587580329
2159.179692124100
2159.808512583988
2160.300205043106
2161.384226415955
2161.812379600571
2162.750260594332
2164.118610156054
2164.602247994072
2166.022308385008
2166.411679030704
2166.923781431217
2167.769428592042
2168.462100886297
2169.208498098607
2170.467841966957
2171.011377048030
2171.702367092344
2172.543459061053
2173.710427021511
2174.488400577863
2175.075021153480
2176.133386926322
2176.954164937627
2177.322534144448
2178.604473093695
2178.817441503377
2179.508562274645
2180.338381590312
2181.958954027403
2182.587372683740
2183.430368012325
2184.042068235598
2184.629912728510
2185.697166731465
2186.268949208634
2187.267322382816
2187.903022635835
2188.643783808120
2189.559159979537
2190.320002369553
2191.108186389407
2192.094887055438
2193.293529746812
2193.790438983368
2194.700431819376
2195.183246195912
2195.800322181149
2196.584615338379
2197.558257001443
2198.384241980430
2199.115324463934
2200.403060277638
2201.046408371813
2201.809987109019
2202.690920282207
2203.006736594536
2204.137511098721
2205.103795169881
2205.891615248507
2206.382204469529
2206.829731724539
2207.958054074338
2208.749831689726
2210.370298219354
2210.693144300798
2211.364883402326
2212.259087143289
2213.261798717541
2213.469212458967
2214.285513333831
2215.227692501474
2216.042671790077
2217.106429546155
2217.744010666650
2218.866345161230
2219.164620490418
2220.283155895257
2221.337809270659
2221.880401342926
2222.694528464083
2223.258862750455
2224.207303933236
2224.693236158432
2225.662858688440
2226.294645390225
2227.773924118304
2228.642828947236
2229.234580758015
2229.984924289383
2230.545256005234
2231.085492230718
2232.581690598104
2232.770959675133
2234.009663910579
2234.505850091774
2235.083884321517
2236.416454447794
2237.329507214347
2237.764454055424
2238.955343420314
2239.679155285263
2240.474520972271
2241.018529705744
2241.745218841361
2242.491456188936
2242.932597652159
2244.476155249155
2245.326877886787
2246.000960965572
2246.888191853162
2247.647249985141
2248.266890302922
2249.090657520585
2250.072172064622
2250.549846035066
2251.518404719991
2252.461254599193
2252.815878826395
2253.561828990066
2254.803783922832
2255.917677285644
2256.674849964747
2257.504840132373
2257.731941788368
2258.680050668495
2259.402265505975
2260.275159285950
2260.925811429071
2261.889107797820
2262.647561867456
2263.973210718131
2264.471793406079
2265.121400233183
2266.004544153103
2266.701005024146
2268.010800611019
2268.406307320897
2269.122869255614
2269.633590946359
2270.556184615391
2271.277498349623
2272.518892784308
2273.490259476174
2274.241825329736
2274.936095281041
2275.685974112761
2276.593497081376
2276.875939205611
2277.599666981687
2279.121142082518
2279.453267066167
2280.204447132375
2281.407695303536
2281.715732720671
2282.990504160864
2283.832921857587
2284.773467232998
2285.025240346780
2286.220719089022
2286.736872001264
2287.421835447167
2288.338958861696
2288.673001348245
2289.946837800239
2291.277314034655
2291.988441353199
2292.549794907984
2292.995730215006
2294.127102926426
2294.661207803430
2295.742828144625
2296.523810515427
2297.032954590362
2297.771119036834
2298.760369345291
2299.569690712859
2300.499146810962
2301.355065494191
2302.368812186687
2303.187514347265
2303.570758365454
2304.347663529531
2305.005750326075
2305.666589118655
2306.748378779065
2307.655284411247
2308.532913150822
2309.221237792180
2310.387802306080
2311.030838867900
2311.342872773071
2312.615102063528
2313.160281030319
2314.164159480897
2314.806858256557
2315.624133990425
2316.039775087180
2316.748910334095
2318.366770977188
2319.209982663317
2319.800731814271
2320.642031701035
2321.169757470104
2321.936242652864
2322.771463872033
2323.596718246524
2324.059853639238
2325.199962008451
2326.156206009195
2326.758294453665
2327.904185565247
2328.315642187958
2329.141955410966
2330.547844616965
2330.911632946536
2331.522673387161
2332.500439113060
2332.773078692107
2333.935132412126
2334.489515032703
2335.562594734700
2336.916675107851
2337.249303504498
2338.419163353486
2338.875016738808
2339.422270311593
2340.156392988149
2341.201779668055
2342.152547269685
2342.821715958880
2343.347030241852
2344.135864141835
2345.307706096640
2346.068603648285
2347.119455743745
2347.792387165168
2348.337455031112
2349.450341734686
2350.010896721683
2350.597490572376
2351.134782090729
2352.183898460461
2353.068556438004
2354.589740004189
2354.779106851614
2355.687613239978
2356.254043449136
2357.371614612526
2357.917754261361
2358.807479323687
2359.638283954588
2360.224256220136
2361.045515832592
2361.746294171380
2362.696039725500
2363.349956412877
2364.946134776629
2365.350057118955
2366.199016347319
2366.729644074909
2367.433678445246
2368.123056676834
2368.926716674380
2369.948825893337
2370.757537661485
2371.222519755189
2372.751565262262
2373.128848301977
2374.102906443026
2374.653357381368
2375.468483865047
2376.702848459400
2377.078750341768
2378.012336078828
2378.407556294154
2379.270002374110
2379.780946811052
2381.455120380274
2382.107272196510
2382.926418521115
2383.655272861005
2384.367871925214
2385.042442079105
2385.868326790695
2386.403174135792
2387.404554533936
2388.220550190986
2389.303236639097
2389.540461391003
2390.693537464229
2391.441860087450
2392.550830485457
2393.160568618432
2394.361815584865
2394.541946829419
2395.051071139301
2396.357173502609
2396.985878247330
2397.199687437339
2398.583194708107
2399.649344809165
2400.578311702223
2401.301537343045
2401.823036118777
2402.439325421629
2403.228729054525
2404.398980732085
2405.156878408795
2405.591991078142
2406.447159153166
2407.109850023999
2408.066130406613
2409.174787991464
2409.937359648618
2410.706581445844
2411.720982820006
2412.190730804219
2413.132692056315
2413.400276318315
2414.231070199125
2415.076665616203
2416.229822234976
2416.982074194194
2417.849043703035
2418.710038751165
2419.245948322412
2420.361854367814
2420.877857888918
2421.728960566487
2422.508136284571
2423.428456761400
2423.924259737250
2424.664712894841
2425.384298320324
2426.233925010660
2427.762719169899
2428.687378171024
2428.768450252733
2429.616097653635
2430.486748626725
2431.124009673626
2431.828992353127
2432.892023906397
2433.501977953311
2434.215096393539
2435.264333116514
2436.423028551805
2436.680180592853
2437.471667116066
2438.693527183391
2439.385509477580
2440.068939588135
2440.927220162309
2441.444801761835
2441.782051437866
2443.090581151414
2443.751666052904
2445.042782952308
2445.781283194202
2446.501345363135
2447.397641556368
2447.928714848801
2448.577403397825
2449.332888347359
2450.303899949856
2451.232518614366
2451.862504835851
2452.541222284578
2453.141008067108
2454.463611703745
2455.201526685930
2456.275335402041
2456.800214109339
2457.458922640792
2458.261271219197
2459.087283763505
2459.542827289645
2460.571942902472
2460.866056274530
2462.507615588897
2463.285666714447
2463.936081851784
2464.800102847983
2465.303175176378
2465.994424516375
2467.342062144559
2467.898753122079
2468.321786374844
2469.315477482240
2469.942888630333
2470.801649512283
2471.516450289346
2472.917004910725
2473.337040159614
2474.643949509066
2475.061696013105
2475.749542081574
2476.237252914111
2477.066063794418
2477.910256851564
2478.952943592219
2479.560111016383
2480.498254566159
2481.224972629147
2482.326191238289
2482.989129526084
2483.557556550763
2484.539746286118
2485.306606963711
2486.273793977466
2486.602350699178
2487.551598644900
2488.011962087127
2488.711359159872
2490.313859903174
2491.135173205869
2491.923541330597
2492.249338444740
2493.195078788534
2493.938833328341
2494.768366599604
2495.218602678387
2496.394148195576
2497.033779241717
2497.671433722096
2499.019008483967
2499.277206227380
2500.194321370214
2501.351381757379
2502.151605075471
2502.910036397438
2503.401544435973
2504.099367609642
2504.948534748858
2505.414812854664
2506.549525641572
2507.276766411538
2508.268898901718
2509.600807740159
2509.877449191609
2510.472633804453
2511.529689389433
2511.866503424111
2512.919242092348
2514.034382746056
2514.592796400453
2514.988762265910
2515.795704975289
2516.781590536400
2517.849589113915
2518.781773439117
2519.534784397116
2520.139795868654
2521.009804767950
2521.706361856428
2522.309739542286
2523.049773635414
2523.542873761188
2524.985315459171
2525.556529976926
2526.821373182732
2527.065068045115
2528.073620646623
2528.757216795837
2529.735786041236
2530.455870542080
2531.355917656505
2531.617734151911
2532.724734690884
2533.494347522918
2533.859696782529
2534.896158674805
2536.229613540314
2537.104602676658
2537.632722179332
2538.546976021998
2538.954726235221
2539.438182539019
2540.669361775779
2541.450708716360
2542.031394232474
2543.002490452019
2543.632468006969
2544.654402844184
2545.741890540575
2546.080069731976
2546.923810257555
2548.026197519832
2548.754367530763
2549.450707354531
2549.863627902639
2550.729589475448
2551.297596612616
2552.223524333389
2553.706972196523
2554.279829166240
2554.923229479002
2555.794784873746
2556.734225826522
2556.995768848465
2557.864359226503
2558.955416992540
2559.350246505056
2560.550907541851
2561.114327800231
2561.621169283553
2562.761503647092
2563.535065376880
2564.905803829213
2565.336827567521
2565.874880201642
2566.831648649547
2567.302304857624
2568.244443715016
2568.750095004793
2569.782222912807
2570.374413080131
2571.710938456218
2572.650028213016
2573.055061987313
2573.943320249564
2574.283475552834
2575.609013652213
2576.172366043983
2577.241089523219
2577.628630853664
2578.283328863022
2578.955309310953
2580.103776324132
2580.954284237807
2581.885443830853
2583.026158828019
2583.240429748136
2584.194285340573
2584.969904514882
2585.515697921645
2585.910936835669
2587.191203934988
2588.207516690599
2588.615399690780
2589.586126168830
2590.552932812582
2591.167703099062
2592.061563912484
2593.025313813935
2593.481557572601
2594.380571011419
2595.139905187717
2595.865779126959
2596.527705556458
2596.987661154713
2598.015493965165
2599.565574205322
2600.077326573374
2600.928704253681
2601.508922241331
2601.900610518818
2603.161258757762
2603.544213759832
2604.661847229749
2605.301959624770
2605.864761511280
2606.952939493448
2607.713227660990
2608.518682877761
2609.439665597922
2610.085998457849
2611.320044233561
2611.885466599523
2612.424336144656
2612.932523414122
2613.842587541675
2614.571029793692
2615.340576483177
2616.628524607451
2617.246428215260
2618.134511050895
2619.058696621440
2619.590260983716
2620.246500868866
2620.898352009107
2622.009422079648
2622.904339717453
2623.263870527791
2624.182154797874
2624.868141631721
2625.378565839369
2627.124931024267
2627.611790456197
2628.348889020811
2629.180176594769
2629.813667408214
2630.410816997846
2631.453983156261
2631.747973293901
2632.679891259796
2633.596115307136
2634.652175253475
2635.583907346144
2636.079246739283
2636.832328588343
2637.609285184936
2638.594103556607
2639.466255098410
2640.008873274774
2640.668791340504
2641.410505847875
2642.098184207283
2643.015168711224
2643.735372084404
2645.042420067523
2645.801693809165
2646.657951218835
2647.169990934297
2647.686107663474
2648.784416488558
2648.888978060429
2650.392497161914
2650.994756150606
2651.864371294859
2652.131202716255
2653.634973289240
2654.237307236964
2654.955333222375
2655.950027072390
2656.704242735794
2657.212998223618
2658.446853204655
2658.697557021100
2659.474522628218
2659.860612391711
2661.095221994098
2662.202616384447
2663.277803201193
2663.788275565184
2664.225258869811
2665.381085020887
2665.758668773347
2666.861642706459
2667.409236518460
2668.153822057316
2669.309839901659
2669.559675834322
2670.510161439493
2671.499024127527
2672.086239008008
2673.424710812517
2674.184776572115
2674.724329364541
2675.282816603722
2676.178239494606
2676.578508819250
2677.639991284230
2678.359901575823
2679.121443625306
2680.236048621028
2681.047027489165
2681.970054040684
2682.508833430136
2683.164448088124
2683.776057311078
2685.200081286537
2685.605540098151
2686.270975795125
2687.107290341072
2687.561506942930
2688.360235685763
2689.650540055629
2690.717037371855
2691.249055671808
2691.870737080032
2692.971675997748
2693.537623535938
2693.849759354634
2694.878199230222
2695.579337199919
2696.441209614573
2697.526403102060
2698.142062366131
2698.935193133857
2699.656527182730
2700.766046094985
2701.266997603929
2702.375887146203
2702.869767072149
2703.593658423295
2704.211702336548
2705.166147727636
2705.836934335907
2706.217279426407
2707.759483708274
2708.792116698211
2709.378818804053
2710.064785978995
2710.588540430180
2711.362040528688
2712.067951322028
2713.202120331829
2713.817551813942
2714.548388339496
2715.043859778852
2716.173362472599
2717.086842048804
2717.778897212238
2718.640177360790
2719.536914541404
2720.318644229362
2721.022524754222
2721.596193961916
2722.282732315001
2722.805939369558
2723.699012643157
2725.156096452949
2725.429225348110
2726.716629173101
2727.316114966505
2727.867541309190
2728.802208421896
2729.666863090082
2730.008218861187
2731.095264758432
2732.137495261241
2732.328967813258
2733.321005316703
2733.802261483951
2734.937343778199
2736.088403136599
2736.985483885864
2737.564833173879
2738.096488094986
2738.702310938002
2739.769252164523
2740.366674779943
2740.834702951705
2742.173838656112
2742.499399930158
2743.794307528799
2744.650721933720
2745.445693827243
2745.588617756327
2746.770735059471
2747.785185934208
2748.405566803121
2749.195017864375
2749.683009973665
2750.281267341259
2751.307173267099
2751.863827721173
2753.337660747592
2753.856303967949
2754.884384016855
2755.520056964088
2756.271181411560
2756.858952841950
2757.331613384094
2758.334433197193
2759.317234917393
2760.024419252095
2760.755591639310
2761.471551862089
2762.285335333819
2763.425035621317
2764.106132986808
2764.823794763173
2765.715282815921
2766.266829506355
2767.189804613864
2767.633177726766
2768.496534777501
2769.072212311919
2769.827315414410
2771.685221771101
2771.923177695189
2772.501521634305
2773.656631271836
2773.892081964153
2774.759655414352
2775.826806168480
2776.498327809837
2777.219760873854
2777.672533794701
2778.946818420228
2779.256259138219
2780.441885106356
2781.123519127468
2782.314458358280
2782.931299407184
2783.721387638764
2784.295504170083
2784.939326976797
2785.416219004215
2786.466555927283
2787.400661280764
2788.026428494778
2789.137442013486
2789.816080292387
2790.789390167970
2791.462561850086
2791.932019546766
2792.842037511737
2793.835337026449
2794.360094826281
2795.545349694688
2795.748305778201
2796.247313058845
2797.284322868061
2798.447221543997
2799.568695083378
2800.173759074185
2800.792100242384
2801.368913098259
2802.357090563482
2802.961699856060
2803.616450063200
2804.275368415691
2805.458071136659
2806.026530356363
2806.998960338145
2807.846250319993
2808.575326145427
2809.038273360879
2810.461392985299
2811.036045682801
2811.684125560728
2812.207080237258
2813.164780808827
2813.732694623012
2814.382818775924
2815.392092211557
2816.313186818923
2817.407895412493
2818.256949940908
2818.802440434972
2819.324053771737
2820.065189578722
2820.791806023528
2821.772492955632
2822.718576256893
2823.216153927348
2823.879346477844
2824.592012568212
2825.844029004573
2826.476073721936
2827.577711077669
2827.952056014685
2828.997175246745
2829.848643096946
2830.108055008318
2831.017352177974
2831.715165459956
2832.118887560749
2833.539744044365
2834.470464361364
2835.300087736182
2835.805945282491
2836.563871324629
2837.545442318200
2838.039806003563
2838.909210808054
2839.959045745862
2840.202275498023
2841.126399378571
2842.028153510435
2842.627696099708
2843.196960980681
2844.852827035072
2845.359693526557
2846.213050295293
2846.898323920675
2847.432555542018
2847.997845132889
2848.866019161723
2849.845144614481
2850.437009146629
2851.255641703327
2852.132888261430
2853.272634930229
2853.834606280144
2854.437256075748
2855.442520858859
2855.879216417214
2857.227279547169
2857.912513672511
2858.034146758089
2859.002039007830
2859.645711124643
2860.371626770019
2861.669293676618
2862.778672070800
2863.058482919962
2864.130813400511
2864.613476670506
2865.642196258007
2865.882404048245
2866.804111596533
2867.548895945165
2868.784540064446
2869.098235477131
2870.009145722152
2870.765127440259
2871.723496943261
2872.430958745185
2873.658403410547
2874.148269150988
2874.652593958737
2875.470946360361
2876.383113283748
2876.836702721797
2877.581003368085
2878.319032620133
2879.492662188084
2880.540391794922
2881.339150659251
2882.037165492903
2882.206341400710
2883.196893398281
2884.137510143758
2885.011484911908
2885.600823246206
2886.335147359939
2887.180351310719
2887.454348246696
2889.011860522862
2889.484443584414
2890.412198245132
2891.450790555015
2892.178620765119
2892.553269996267
2893.579029694160
2894.000221105177
2894.488287959396
2895.646042570680
2896.527503977974
2897.432050833286
2898.131458966661
2898.936499092819
2899.921648948931
2900.405398237583
2901.136888971916
2902.228950821715
2902.600039727263
2903.613558491811
2904.403269802243
2904.760036652326
2905.609734327143
2906.244965040578
2907.808604914625
2908.710807128286
2909.061000464422
2909.801264571704
2910.532257848753
2911.278822661859
2911.840342871300
2912.867465319888
2913.628912329466
2914.057195600868
2915.269370671090
2916.218923583837
2916.594983328083
2917.781416842266
2918.090124876323
2919.399912669482
2920.022214243866
2920.840019625648
2921.330138354428
2921.769080003255
2922.762409851844
2923.581322869558
2924.293739954344
2925.705208413879
2926.185684506635
2927.067433656090
2927.772574795526
2928.640283469799
2928.800614266038
2929.714872928558
2930.897335837521
2931.554306629462
2932.237902175748
2932.759663834012
2933.728695626094
2934.496820045029
2935.803324662252
2936.321326534743
2937.054123061365
2937.931792074640
2938.364549521686
2939.425299955538
2939.812469317505
2940.520328387252
2941.220872385169
2942.427433596898
2943.402389387141
2944.227361140793
2944.828645110455
2945.353663385618
2946.168561827943
2947.293571994847
2947.785598588059
2948.602543676514
2949.344573848763
2949.862529177303
2950.867933507579
2951.358955000293
2952.501458686264
2953.347390404342
2954.386259684516
2955.200874773971
2955.643324243526
2956.191317373402
2956.874830258205
2957.954260953063
2958.213015805426
2959.662283077169
2960.245963075789
2960.606599237520
2962.251347952635
2962.491272012947
2963.474296687426
2963.984621818237
2965.032704704020
2965.756869158744
2966.507311549253
2967.221608268376
2967.807038209497
2968.379677908896
2969.043309422013
2970.619697140546
2971.397128548366
2972.044726417734
2972.768415518203
2973.425832743177
2974.123792227425
2975.006054542067
2975.500432347209
2976.420768063267
2977.198893258698
2978.079353253582
2978.708675675205
2979.669932174194
2980.245601262260
2981.247360032386
2982.450173029997
2982.665910255607
2983.791956556238
2984.097534743759
2984.747619809388
2985.687874681195
2986.410464814538
2987.068803634830
2988.062357131186
2989.345945959203
2989.887565403676
2990.513988272824
2991.458401977522
2991.770451444521
2992.507773406097
2993.871688828526
2994.428317292187
2994.905570037031
2995.701457488090
2996.321656538807
2997.344037076223
2998.317806387427
2999.266534461207
3000.082771332912
3000.375244938398
3001.665914743213
3002.074038211292
3002.651148424315
3003.192440519737
3004.256616690954
3005.023949068822
3006.061634588113
3006.978531059891
3007.440559527037
3008.259392414504
3009.256652041554
3009.716980503472
3010.948188748852
3011.154077619794
3012.186141523420
3012.776699540313
3013.677463232414
3014.079926420638
3014.918845545537
3016.055243543039
3017.279135473736
3018.033322713187
3018.200192723179
3019.176617871791
3019.665922730435
3020.514070389798
3021.319702573524
3022.329706673583
3022.659444836821
3023.758438602912
3024.307217703019
3025.637279650377
3026.236708187725
3026.528997952019
3027.821341199572
3028.678316171956
3029.278718183125
3029.802616784755
3030.753297794510
3031.101807298427
3031.738755093217
3033.028103352995
3034.049303477289
3034.696425220508
3035.525848293499
3036.397520672529
3036.812123920627
3037.580490003411
3038.441956153359
3038.972820235510
3040.046718530812
3040.793172382481
3041.490769489178
3041.960421971343
3042.900508507663
3044.067142437037
3044.786138190415
3045.833693288912
3046.263403885433
3046.795647080839
3047.708437127491
3048.358246560231
3049.174422132196
3049.632266207128
3050.599280972488
3051.713798536152
3052.626568083002
3053.434987665416
3053.844261112249
3054.517909779285
3055.432250354072
3056.297449565047
3057.241491580346
3057.724779635203
3058.284570909782
3058.963219937869
3060.096044476874
3060.513475307328
3061.838538793802
3062.759136064675
3063.164034816873
3064.412547969485
3064.697349563036
3065.271288356846
3066.198290084278
3066.498424825078
3068.100395425314
3068.342480405793
3069.248139388550
3070.218556212250
3070.889228178456
3071.720815263492
3072.656216520260
3073.297531091772
3073.852529577858
3074.999890668345
3075.524338644496
3076.164776661461
3076.759127840745
3077.707296683863
3078.045308151356
3079.979702243175
3080.324431886660
3081.215796640407
3081.619094796937
3082.431192718484
3083.199417373474
3083.951847005365
3084.668102918838
3085.599942101260
3086.134230950451
3086.914719851259
3087.957236110005
3088.663312375007
3089.293500090830
3090.340777383097
3091.226024563972
3092.081586242300
3092.459610027153
3093.130732074853
3093.851796133202
3094.519529424072
3095.339144051836
3096.315655804302
3097.203568454444
3098.033127965416
3099.000929400408
3099.577986478157
3100.231065744020
3100.706289260030
3101.779001069277
3102.598113778209
3103.258732105519
3104.256833598268
3104.586822641701
3105.039440850979
3106.359352367131
3107.499409052395
3108.024949714873
3109.113750834293
3109.406558623731
3110.257569459425
3110.960474780466
3111.815716527144
3112.172563753428
3112.984718714846
3114.051309630378
3115.066901526194
3115.684825740394
3116.511753581010
3117.276596803136
3117.757809400435
3118.852501288961
3119.886520115319
3120.160899060648
3120.796365533190
3121.755201005672
3122.496447188048
3122.886757983749
3123.995424369153
3124.903820882669
3126.159114525000
3126.643943272612
3127.267780424958
3128.077248699889
3128.565683543479
3129.083068516022
3130.412857358288
3130.959926382272
3131.814233154890
3132.310638317777
3133.293217366103
3134.285090090659
3134.960852354803
3135.790332606948
3136.448182807755
3137.382778913236
3138.091928166381
3138.825733932748
3139.510395958736
3139.682811099802
3140.795497261539
3141.592220937273
3142.971283776076
3143.642551792255
3144.334277901721
3144.689787497535
3145.916143004130
3146.516717863673
3146.848250847832
3148.113985460092
3148.652635660417
3149.431250308300
3150.194487796401
3150.948057130950
3151.675500064739
3152.509824678757
3153.846119938110
3154.463645418519
3154.890218050048
3155.771975389009
3156.394935128082
3156.867168423590
3157.981063658104
3158.420327708532
3159.502444108756
3160.109966367890
3161.498636947161
3161.959074715547
3162.765577238757
3163.201886392472
3164.061202100675
3164.972619751023
3165.872162262591
3166.650015489060
3166.883692189704
3167.765951345716
3168.394583154896
3169.366929153268
3170.709448534094
3171.120423198180
3172.015582006476
3172.959653607734
3173.278295386559
3174.131015055957
3174.759216178522
3175.408596914770
3176.164213735942
3177.455478299386
3177.930699872427
3178.603903269528
3179.658102181745
3180.314351475597
3181.096051979338
3182.044331994854
3182.776833311045
3183.345857242370
3184.043631865956
3184.815521870222
3185.660552732654
3186.136190124685
3186.646782518435
3188.410308512399
3188.851109452149
3189.990316755642
3190.387667644854
3190.961785807801
3191.519304358433
3192.660242791492
3193.340222577987
3194.062471626984
3194.922992849475
3195.320641616025
3196.359730982354
3197.246892527774
3198.075947012713
3198.727375184666
3199.680987826385
3200.595225492537
3201.145627296673
3201.884708523233
3202.246434790112
3203.091097662989
3203.755290163329
3204.846761195695
3205.696174997479
3206.772753188452
3207.099328484303
3208.238968643578
3208.721083311322
3209.475755216412
3210.173379001347
3210.914134267806
3211.997923343826
3212.587845620465
3213.000130965675
3214.043029674660
3214.417190188933
3215.662794466522
3217.066953942295
3217.224517638283
3218.180165208602
3218.451647372534
3219.724214031044
3220.013446522769
3220.694763225082
3221.714063505527
3222.366127880213
3223.100216317514
3224.477292431120
3224.970372588665
3225.528139514766
3226.386062661733
3227.085592209743
3228.209864434287
3228.775010558204
3229.478265155537
3230.087771475209
3230.713068827865
3231.391147931067
3232.512565468337
3233.098986211621
3234.486750186133
3234.981789209282
3235.810694656905
3236.474149383069
3237.088161745432
3237.691036084816
3238.300871778449
3239.545277287158
3240.237472465098
3240.776994793713
3241.662145731795
3242.260204819402
3243.617759319609
3243.989009669283
3244.902558363781
3245.841927905784
3246.291649649410
3247.077715023765
3247.945445202248
3248.451186054954
3249.055918925452
3249.644928237355
3251.073498913183
3252.044088182034
3252.782483019287
3253.142298425932
3254.186117382601
3254.521771103544
3255.479194162349
3256.596623609574
3256.840741662125
3257.611562932779
3258.653978680559
3259.174190312328
3259.887409827080
3260.961011274498
3261.674645793592
3262.695964784429
3263.540979146861
3264.253040468364
3264.545961928949
3265.179289682844
3266.205192186894
3266.703986075892
3267.682207912956
3268.535620814523
3269.326196763932
3270.192507457593
3271.294265894406
3271.518009840477
3272.385514901964
3272.980389068836
3274.060617851756
3274.841297610583
3275.488973635393
3275.964373769635
3276.925330606081
3277.124066372593
3278.497788522354
3279.750177952726
3280.280460438657
3280.829739805192
3281.763354740742
3282.279797310200
3283.247561042293
3283.536906593507
3284.435403829144
3285.246594085628
3286.278158005701
3286.772833632453
3287.900323363021
3288.635420111095
3288.858657517261
3290.354831705608
3290.943404615622
3291.540974944591
3292.443547661936
3293.040194875246
3293.446266305990
3294.545874036520
3295.071428103536
3295.843848629333
3297.020163958392
3298.188293002270
3298.589689813904
3299.267956170375
3299.882069384001
3300.601106301699
3301.274870372747
3302.266886458092
3303.286964295321
3303.640111291284
3304.096117297475
3305.199788164753
3306.306942642080
3306.696648396178
3307.975792392409
3308.384221425580
3309.275105281002
3310.082184357309
3310.729359283921
3311.189427403320
3311.865433262208
3312.583841541690
3313.641582722613
3314.866414184655
3315.209462857062
3316.268371785934
3316.808208010109
3317.482889675543
3318.553509699260
3318.851858717867
3320.076576920640
3320.348833095686
3321.385638669218
3322.137007216519
3322.582179348915
3323.322385682129
3324.523170942709
3325.564289712070
3326.287029482686
3326.893043256231
3327.614931029314
3327.909119477921
3328.937474660799
3329.670717154699
3330.434012163919
3331.086139736884
3332.046677420946
3332.908604395890
3333.761350673705
3334.565964018351
3335.294394768903
3335.459391052537
3337.077189472057
3337.623819679361
3338.044613970039
3339.007921875779
3339.339336653306
3340.236334826194
3340.862128903073
3342.321476534399
3342.950043247415
3343.691672478864
3344.542460320109
3345.143859233377
3345.943016666494
3346.332670078325
3347.080269934302
3348.196693534574
3348.759271850716
3349.732541238397
3350.331450372191
3350.928026262824
3352.033373133001
3352.858521125798
3353.648282937422
3354.553055615363
3354.975938940888
3355.637627168435
3356.641863998775
3357.140743341435
3357.644882825821
3358.631283112361
3359.310645890079
3360.831639506568
3361.430157831935
3361.948291631924
3362.556060491696
3363.378257578843
3364.037646434672
3365.017464261997
3365.747167062692
3366.548579786358
3366.869828506361
3367.711418167397
3368.761927450172
3369.443428995219
3370.310058392539
3371.278968471748
3372.249996587277
3372.491704339957
3373.498609200780
3373.980588406247
3374.651532180720
3375.070793280047
3376.558354073693
3376.993638369262
3377.856509521583
3378.867238792019
3379.539280836138
3380.259012275113
3381.036612155828
3381.720249005153
3382.465130640072
3383.257590222968
3384.170675649857
3384.792856901955
3385.108680342420
3386.063452727569
3386.666330578744
3388.264942956085
3388.864865082428
3389.655325953620
3390.065768570911
3390.889324882209
3391.525137793387
3392.356637798159
3393.087692869994
3393.617186072674
3394.756771232853
3395.262114059682
3396.329379035483
3397.147367665970
3397.616436809867
3398.511495008207
3399.386234374806
3400.440575915707
3400.844419801300
3401.498578700343
3401.980065643969
3402.954917020891
3403.652307483203
3404.209776650096
3405.629555509096
3406.273452895483
3407.029211547642
3408.118936751251
3408.543149278223
3408.748513657510
3409.816984292714
3410.655742209084
3411.569083813620
3412.193509565112
3412.938795439130
3413.421541419860
3414.310369603093
3415.474726546146
3416.248212980706
3417.022978509498
3417.550881589689
3418.546077773310
3419.248326330656
3419.477573956986
3420.743872833646
3420.889403650300
3421.691386977670
3423.141617828291
3423.799309303826
3424.717254636505
3425.158876956667
3425.885399123024
3426.763417102522
3427.433240085361
3428.515674205024
3428.803226227173
3429.688507139057
3430.401073342001
3431.037879164730
3431.947673946623
3432.535678303269
3433.755114873818
3434.740060493699
3435.451746758743
3435.758545413366
3436.711499496340
3437.152465623285
3437.833989638742
3438.752289411546
3439.751426827265
3440.296229817503
3440.926183800003
3442.159254046460
3442.889021700893
3443.514724593658
3444.102797695314
3445.260980035710
3445.581489000555
3446.934809458614
3447.108156492969
3447.985740057877
3448.428767926996
3449.029223122992
3450.332665371185
3451.231074129355
3452.280940021295
3452.914368805769
3453.049604382410
3454.341688082762
3454.877825927033
3455.458003414340
3456.140782381445
3457.264314085023
3457.740593211615
3458.803988448947
3459.197222667731
3460.240199832981
3460.901542935488
3461.828959043260
3462.953429827492
3463.393098849321
3463.958051207753
3464.655075633625
3465.482415327536
3466.078339913695
3466.795637371584
3467.577124148702
3468.514437423144
3469.738206308954
3470.318474707132
3471.001804333477
3471.679747669726
3472.147017481698
3472.960380645618
3474.248629131464
3474.668735812173
3475.210337194117
3476.068865037310
3476.697839064329
3477.403136921806
3478.767174002341
3479.326267784201
3480.082219220981
3481.035959880230
3481.640627706447
3482.343918983183
3482.843790639951
3483.507817496863
3484.265159541450
3485.138940408756
3486.145541847756
3487.103619051524
3487.432942272134
3488.418112123020
3489.362572677288
3489.749375786889
3490.726122847636
3491.444301078481
3492.277152315577
3492.675184473280
3493.661148211454
3494.411490754917
3494.672420944035
3495.637843023253
3497.251131293976
3497.674210006435
3498.447840312776
3499.177145368596
3499.586487301335
3500.292971895855
3501.292730747853
3501.839325653956
3502.838437028196
3503.367742370458
3504.078400204206
3505.270869673314
3505.877032420854
3506.677920566236
3507.187994499852
3508.420081350827
3508.954096855317
3509.851042282567
3510.351038210723
3511.017901929974
3511.399565714574
3512.477523368370
3513.231797247875
3514.431651760372
3515.066708474400
3515.926820848343
3516.706268184959
3517.131069062090
3517.972116662217
3518.783399865978
3519.083334660240
3520.462553359369
3521.084572111991
3521.717690304843
3522.033562418905
3523.461535167490
3523.776738141739
3525.266734951160
3525.846326646386
3526.375348555217
3527.161965153084
3527.716159248591
3528.785753060905
3529.069995793671
3529.772076529202
3530.673634074997
3531.590809733808
3532.653096660087
3533.512973946420
3533.972857627511
3534.615327099129
3535.238170123925
3536.471192648478
3536.980901841996
3537.734779234604
3538.570196610026
3538.840047063955
3539.797572280933
3540.596489282741
3541.390283779293
3542.502021740396
3543.236154682234
3544.080336004103
3544.765212691859
3545.348184689275
3545.813841863335
3546.538458966129
3547.430505586206
3548.319721452462
3549.113623863087
3549.765261091621
3550.567152046394
3551.461793932341
3552.371573590875
3552.942521945080
3553.564600229994
3554.578528645442
3555.359841557267
3555.779238400736
3556.648413804751
3557.441467356057
3557.586989079850
3558.603961425184
3560.155392198002
3560.953174154133
3561.150075545802
3562.143810574922
3562.708410772817
3563.590112705197
3563.958125396982
3565.182655355827
3565.685251187414
3566.224160406588
3567.421906544554
3567.932674699347
3568.766116969992
3569.542474104142
3570.439294844109
3571.254347016007
3572.327859913918
3572.635248916572
3573.210256274243
3574.001365540025
3574.591604112715
3575.445959963805
3576.230583313378
3577.080336263944
3578.048768836890
3579.119165434179
3579.425222719475
3580.281038282663
3581.111602003409
3581.240763864478
3582.539331318789
3583.429184082426
3583.922631367843
3584.601698558562
3585.276480938760
3585.776657958884
3587.263052675275
3587.780507728143
3588.977046448013
3589.414300355191
3589.957633001858
3590.899506116435
3591.650029616219
3592.123504028485
3592.610550217402
3593.619237775614
3594.735291396475
3595.210211208836
3596.418881547590
3596.935580013494
3597.440965782478
3598.397238768354
3599.357651308819
3599.998061246037
3600.629811204863
3601.258062322132
3602.284621862587
3602.526051225008
3603.472542965528
3604.141926192404
3605.228963291157
3606.295958174861
3607.137153835738
3607.668229323392
3607.987028949736
3608.938469394009
3609.506755108279
3610.328540514191
3611.396174656636
3611.838393784360
3612.700443561834
3613.195171050724
3614.539793902096
3615.128242239280
3615.704665433703
3616.701217605291
3617.371654045665
3618.257246120050
3619.015969269137
3619.367063100362
3619.990522828584
3620.951886616024
3621.282289595028
3622.812248659789
3623.794264106029
3624.024722689234
3625.030531815486
3625.717795835553
3626.467460485806
3626.893011296925
3627.983592663650
3628.448741279797
3629.481438720876
3630.039543987882
3630.818406929654
3631.607878289501
3632.055198135920
3633.460912871732
3634.299847493988
3634.829177712626
3635.636146551132
3636.284407832222
3636.725451485156
3637.490080624426
3638.535102790312
3638.950333595551
3639.655288687492
3640.972971003268
3641.623586480391
3642.593465242789
3643.018322773650
3643.778714145392
3644.277382350385
3645.508518537761
3646.135761379883
3647.061561194174
3647.232451367425
3647.949844740777
3648.933710845582
3649.544698178607
3650.747910484897
3651.700625699578
3652.132352614714
3653.063258068538
3653.868442864846
3654.205437588890
3655.031313057251
3655.519103651017
3656.395889909533
3657.683033901111
3657.880416369038
3658.922364751298
3659.587664442246
3660.567879648247
3661.122284616680
3662.125479145165
3662.832310258033
3663.502630960576
3664.012720646379
3665.163310105512
3665.522208260370
3666.112890783238
3666.827895086074
3667.804890052083
3669.042502868192
3670.007178837107
3670.297902281040
3671.054204988006
3671.479347561510
3672.531332754714
3673.200751075351
3673.925299805079
3674.797509031424
3675.440491140238
3675.942153465900
3677.060347414978
3677.823323886350
3678.675324132737
3679.126830931669
3680.546978238462
3681.017869247351
3681.493712154530
3682.327890295226
3682.970088388096
3683.414774037167
3684.236331288796
3685.528107253604
3685.915056114941
3687.105665310281
3687.749890992182
3688.475925865543
3689.259257114540
3689.824092008408
3690.377449367235
3691.547090865403
3692.082354335176
3692.959482567072
3693.516358292373
3694.220492845618
3694.643509474790
3696.014281409973
3697.040581142225
3697.750487609846
3698.160984459122
3699.137507417535
3699.510718587780
3700.427952950019
3701.100494730371
3701.588077057287
3702.704394094872
3703.113607634647
3704.637053790567
3704.972518029570
3705.722905102753
3706.522487748428
3707.196574581355
3708.016511042234
3709.076685768189
3709.638089074649
3710.026815816192
3710.692751184652
3711.719213822530
3712.241486580580
3712.976716392410
3714.257594652907
3715.039636337960
3715.790503494405
3716.413766749683
3717.220416363831
3717.738091916318
3718.010922155576
3719.337865094186
3720.085726635254
3720.797047224124
3721.422743545526
3722.099427450234
3723.153386815207
3723.890379963148
3724.774240491664
3725.473680845235
3726.091765152729
3727.010974977965
3727.737588163058
3728.188687067797
3728.962680514670
3729.501449961333
3730.176819700353
3731.506627866036
3732.659051596183
3732.830058506418
3733.936225971105
3734.196890660803
3735.076229391034
3736.073606530323
3736.491689657689
3737.380751882578
3738.059389124892
3738.955086673395
3739.371756689112
3740.279821708205
3741.253004570246
3741.716668425296
3743.223251182023
3743.619668238030
3744.379552143630
3744.862969264820
3745.584250056989
3746.181553831711
3747.134232479799
3747.611927737988
3748.848027609558
3749.281745323973
3750.255274814525
3751.572310806294
3751.762515229739
3752.146546501223
3753.288718834279
3753.999559529825
3754.822275260849
3755.647156410113
3756.186849106018
3756.802822497816
3757.235717094768
3758.295052754799
3759.470266587669
3760.329143080876
3760.926413139845
3761.651117561510
3762.331991009668
3763.093639569374
3763.630590867565
3764.355296312338
3764.999118488938
3765.969779379088
3766.905442070291
3767.459843253401
3768.328091644875
3769.071664854476
3769.757204420360
3770.763809859876
3771.493715537490
3772.232771384618
3772.737782587797
3773.497424066005
3774.122315921163
3774.952088027788
3775.627296744557
3776.127758483274
3777.712256661190
3778.375595021651
3779.074444099111
3779.725066147881
3780.245361608676
3781.029120646374
3781.513330820306
3782.924288459286
3783.416787013619
3783.755436488695
3784.706202547301
3785.511118506206
3786.297279225360
3787.290300345873
3787.999627556114
3788.702603995936
3789.569627491267
3790.387198259542
3790.901153717923
3791.443698786989
3792.083660938974
3792.758569549508
3793.832490918952
3794.620976397831
3795.793577767352
3796.214654888432
3796.792038380801
3798.067311810031
3798.224970452440
3799.111417371303
3799.880216089707
3800.766715053427
3801.308574487951
3802.145541212808
3802.803216330122
3803.302478407211
3804.189443777040
3805.566194085632
3806.149545388742
3807.163094482316
3807.497473290903
3807.831820073095
3809.138986415433
3809.422875179706
3810.212017889827
3811.152794282629
3811.793055377559
3812.568432109843
3813.679266575678
3814.451909418691
3814.947398122423
3815.589843516976
3816.414483695265
3817.673815594481
3817.987978393642
3818.582517762578
3819.516568669711
3819.939008936079
3820.495845779644
3821.605133881942
3822.670957153535
3823.306677512650
3824.315820240321
3824.907144467571
3825.667940429855
3826.038619741901
3826.980950446828
3827.467730903930
3828.289864071638
3829.588270879040
3829.825278000034
3830.515982483231
3831.368128680366
3832.322325565336
3833.142817225719
3833.874117729600
3834.856402583996
3835.234137051879
3835.928650089121
3836.846637193748
3837.352797479729
3838.177815431386
3838.463044719444
3839.553486346665
3840.852531177808
3841.590431902826
3842.148292450163
3842.875888047839
3843.385624077392
3844.145036530196
3845.141552781135
3845.833436476732
3846.495691780993
3847.152522741887
3847.780113159903
3848.661163163033
3849.554115288277
3850.092532186509
3851.393938688462
3851.932486089810
3852.730959606622
3853.624841887759
3853.971188687218
3854.494962326379
3855.153048015920
3856.373224861621
3856.733929402165
3857.935194374515
3858.429164240033
3859.589442365170
3860.002209615711
3861.107493888844
3861.443668649589
3862.245189661692
3863.020446148483
3864.070837668095
3864.544178845906
3865.173424201656
3865.718872789603
3866.593044497446
3867.173099473874
3868.825447253203
3869.471409773475
3869.786163248881
3870.555264986794
3871.581276739057
3871.820858799356
3872.723385424640
3873.416771687464
3874.160632131778
3874.947925567005
3875.797369113968
3876.614243270384
3877.424343320710
3878.056867294070
3878.671437974039
3879.916492130705
3880.524801257029
3881.091531264410
3882.020918351722
3882.171293505342
3883.143889561476
3883.940840480925
3884.429905466193
3885.657862512883
3886.374747786564
3887.568622367776
3887.969804691309
3888.625476750863
3889.330056931507
3889.760012511068
3890.777468904656
3891.635042818841
3892.348687651677
3893.139294448414
3893.501601953701
3894.210609155369
3895.570097244351
3896.164608600560
3896.907461060036
3897.862005997300
3898.471820105712
3899.036380139750
3899.846617029935
3900.654728630460
3900.964919227793
3901.542356392554
3902.803789352432
3903.800946103238
3904.408322392642
3905.378691568384
3905.757641303568
3906.549191854431
3907.336235372473
3908.219414059620
3908.803748997933
3909.657756636579
3910.029908250082
3911.147562800646
3911.753370857928
3912.035103228283
3913.396412984425
3914.159396536048
3915.378459760793
3915.752147326756
3916.423356429295
3916.907522984458
3917.752576955945
3918.287024148951
3919.231188962218
3920.148353337353
3920.579690529009
3921.431035728205
3922.621802972959
3923.056277707715
3923.994935125708
3924.575495065774
3925.181183220023
3926.302753852697
3927.002834278297
3927.715460670652
3927.988890497584
3928.817947787887
3929.477639636089
3930.288490963001
3931.610113605696
3932.383448188652
3932.999465910392
3933.495948652990
3934.564073720989
3935.038293713950
3935.739242922097
3936.165256648454
3937.420632923385
3938.032582502254
3938.598259182353
3939.722753550885
3940.075519095383
3940.939918659591
3941.936268588500
3942.964373751945
3943.393648850153
3944.096965431138
3944.952319608632
3945.262259817078
3946.356561117758
3946.622732315399
3947.837761260962
3948.019843072875
3949.577083802323
3950.396986675154
3950.938215536274
3951.772989502099
3952.021879730376
3952.925822279110
3953.798709886398
3954.726841851256
3955.243233904634
3956.059411582569
3956.389884553381
3957.270516387573
3958.322082121349
3959.023479488020
3960.027553922176
3960.657497172097
3961.529982464649
3962.221507639904
3962.743551900321
3963.286353716384
3964.220747092659
3964.480932842881
3965.772946943438
3966.684092818738
3967.185637686184
3968.032890917200
3968.958548917777
3969.714161114063
3970.019247469532
3971.243074291522
3971.961515859864
3972.153828733889
3973.518966971001
3973.858298849335
3974.545213363238
3975.114176905877
3975.909588410009
3977.391164844314
3978.040264165516
3978.740991310516
3979.371290577990
3979.992927169078
3980.403727486956
3981.615865721992
3982.071032803037
3982.835965016662
3983.590551413851
3984.518698694539
3985.006122373290
3986.329505137050
3986.683208958581
3987.323840178977
3988.340969464049
3989.259641627528
3989.901874273424
3990.564424263354
3990.875640772021
3991.946313985628
3992.171685528508
3993.373814010352
3994.048267536777
3995.380793562611
3995.699720928863
3996.671595802571
3997.366371048337
3997.992959740728
3998.507403803382
3999.185992209948
4000.255728652126
4001.027757508558
4001.697769676071
4002.110236964453
4003.057562459724
4003.684027121561
4004.844187771967
4005.788725136768
4006.381137526744
4006.878900249818
4007.731691596740
4008.496444187187
4009.060375454272
4009.597307932351
4010.434003291923
4011.135380434183
4012.095444757875
4013.325044054714
4013.937295252009
4014.227752485302
4015.032662730389
4016.181067544952
4016.362281875643
4017.627101277916
4018.368991985602
4018.496352504068
4019.463951971771
4020.197078579983
4020.949689963536
4021.693329797884
4022.741740890129
4023.667594647339
4024.506556289491
4024.886541663533
4025.637549695834
4026.313270516857
4026.744819646838
4027.577222429249
4028.742131270050
4029.264345439933
4029.901817892121
4030.793761353177
4031.756432723231
4032.411326071640
4033.203373867410
4033.753882370244
4034.643548586709
4035.563914983615
4035.972624695034
4036.829526384945
4037.439360324312
4037.983749247453
4038.441508799371
4040.097837059559
4040.750705004697
4041.570435393096
4042.232490566083
4042.719125013182
4043.444734627920
4044.443275107274
4044.745529077638
4045.822595090074
4046.247390827524
4047.288908317730
4048.058320079213
4048.486759609078
4049.565367733706
4050.265104953754
4051.000461245976
4052.297377518607
4052.576808011581
4053.313482488672
4053.763957641268
4054.527649858945
4055.498002628552
4055.823466366897
4056.748855932503
4057.853453332023
4058.484379133863
4059.636622584942
4060.119589058668
4060.703597538908
4061.304880256119
4061.987108863009
4063.193700048366
4063.658027465561
4064.513299919746
4065.059923748628
4065.507558976651
4066.456229448491
4067.412147388199
4068.561637573246
4068.985818499496
4069.900557851369
4070.410031396307
4071.329751127646
4072.055425541452
4072.171406663716
4073.170513569001
4073.887960523905
4074.849476475440
4075.745988980631
4076.531031981717
4077.094275106889
4077.979485067615
4078.488365982387
4079.722970729968
4080.064167897310
4080.800914770068
4081.768100572433
4082.194676700070
4082.810377542408
4083.785906192611
4084.267698306811
4085.041959553342
4086.661548174718
4087.138444325959
4087.592059518936
4088.439450004083
4089.043568867357
