23.947303949470
24.949983071987
25.370098774504
26.888770844469
27.867211557658
28.472751579457
29.934520169661
30.160125551483
31.127673988412
32.133353808250
33.566206403182
33.907654641964
35.148095766697
35.749047416810
36.623282631561
37.556155201669
38.386707609198
39.750143898630
40.516772784363
40.807725509570
42.096461398084
42.766697188768
43.641803630973
44.734252024398
45.672508923337
46.570742183701
47.011829469787
47.974408561206
48.799517828477
49.852701653871
50.727055545622
51.597014717069
52.435626235780
53.119686025262
53.924346210934
54.589184685270
55.945128389803
56.740230579183
57.279647414932
58.311416847886
59.094406705592
59.748284067509
60.418423774038
61.858882937221
62.448127273146
63.256015403995
