8.199336973932
8.935104078902
9.755960243741
11.081867243388
12.664703540908
13.436069112163
15.037653265285
16.067136991648
17.350732620851
18.480851291763
19.231284077468
20.478945092493
21.364452987257
21.766923491398
24.295208158026
24.863594528523
26.081613287492
26.447147150504
28.027497757991
28.648243664653
29.709928088139
30.972515534136
31.572571864778
32.892844338158
34.014838857121
35.118861175289
36.409407912433
36.777500810581
37.668996606930
38.468969544128
39.522058802138
40.841552857395
41.708893707734
43.085509481778
43.956770263571
44.521512685313
45.280930461730
46.838703742379
47.499915034580
48.350280691472
48.899085356318
50.050669065376
51.369900797612
52.731827408647
53.211821228249
54.050894573543
55.146767985518
55.586471215631
56.627831989012
57.474965330260
58.526259050288
