1910.750527129747
1911.473169626720
1911.898997336305
1912.995313904278
1913.702257421735
1914.452830476753
1915.198795646052
1915.952174912391
1916.321742960032
1917.500887360859
1917.940222898388
1918.687283297078
1920.101604423544
1920.604795449502
1921.568819451235
1922.157264639998
1922.698017528852
1923.547735766991
1923.980179076494
1924.577657738628
1926.024666301867
1926.468934620164
1927.101540962499
1928.046567874945
1929.151244212644
1929.593026677004
1930.414784477334
1931.049997546741
1931.799927106877
1932.861761074516
1933.622841526923
1933.792105910384
1934.690965850305
1935.141265866170
1936.189926242918
1937.439003905448
1938.100150352561
1939.117368698696
1939.384713239371
1940.169982146144
1940.839126097168
1941.681899522192
1942.385190840061
1942.945936628195
1944.169406885950
1944.336081725201
1945.658613539956
1946.146110560126
1947.040724275898
1947.562863991510
1948.930430121514
1949.617890175801
1950.059798629728
1950.570567143415
1951.379450251230
1952.306734095115
1952.749268896733
1953.479043659458
1954.433388591837
1955.697752985283
1956.215789618151
1957.062014097851
1957.750280013857
1958.169879100293
1958.913343904064
1959.893054135802
1960.670142930509
1961.361604764877
1962.194132973061
1962.608328711233
1963.138191362458
1964.536520969727
1965.375994612208
1966.185210203230
1966.603369990376
1967.620691735426
1968.392895409923
1968.930050449778
1969.401422551485
1970.079037919958
1970.960311577238
1971.924960561105
1972.895826861454
1973.526278423588
1974.242319581415
1975.124015806197
1975.833344314921
1976.314018313627
1977.433838506834
1978.211918894890
1978.545573139789
1979.394176020046
1980.184616496625
1980.726474031419
1981.674673241390
1982.208818235142
1983.965723214626
1984.219555337071
1984.966229835058
1985.583173975512
1986.246607176529
1986.688487087373
1987.863557792584
1988.534835753384
1989.256099812957
1989.767154447726
1990.865833814447
1991.780745739653
1992.384226883938
1993.048311734078
1993.915764745234
1994.881103722461
1995.363587037269
1996.305166140874
1996.843801505469
1997.453618555224
1997.989300815058
1998.739997421763
1999.894023767927
2001.017245455711
2001.566946669265
2002.275228121312
2002.877554304536
2003.940227449361
2004.425002764182
2004.819172410796
2005.774993277208
2006.762430820041
2007.576319001419
2008.070072633654
2008.510788948938
2009.724223993336
2010.435305226343
2011.553976371083
2012.131292066781
2012.890001607786
2013.577393689644
2014.013642241137
2014.961874588988
2015.560126736366
2016.091172725419
2017.168375582646
2017.853033697927
2018.917941545370
2020.027286906059
2020.337300620304
2020.845411088228
2021.503833227535
2022.638988858451
2023.445783762667
2024.274067114882
2024.435784077721
2025.226083646919
2026.246115667464
2026.702353065260
2027.803632108485
2028.710978571822
2029.446373647573
2030.454219536290
2031.091313069542
2031.234359395424
2032.366965776025
2032.731726836977
2033.641645749091
2034.304937233876
2035.597945381731
2035.878856932722
2036.874211232507
2037.567594877618
2038.376605097634
2039.437328571056
2039.699547871755
2040.665456398404
2041.334800632365
2042.186325563675
2042.750318977779
2043.488898141071
2044.139334379567
2044.387517228816
2046.376573318605
2046.829797331354
2047.512485261982
2048.242204322348
2048.868645113106
2049.547213498096
2050.308204619481
2050.876093916234
2052.105365241555
2052.400366916033
2053.152245531000
2054.068409254593
2054.956873804454
2055.665861744431
2056.362648684953
2057.192343796314
2058.245012483755
2058.827771924679
2059.523504789752
2059.960356180629
2060.439262523490
2061.438238166628
2062.447714599599
2062.821442870778
2064.058865635367
2064.877631150143
2065.717724069058
2066.233654901368
2066.810589829315
2067.603882859974
2068.241635946368
2069.316316870417
2069.915714137041
2070.668245240877
2071.160262627561
2071.918346428361
2072.706926976617
2073.756073243243
2074.861271884426
2075.504702457134
2075.894264409961
2076.510276545123
2077.667962288137
2078.132768560585
2078.606796723100
2079.361685409033
2080.178622609387
2081.351820594668
2082.053253057572
2083.014399103592
2083.163856479024
2084.433137925381
2084.681701099502
2086.157136696992
2086.336655656063
2087.029013731557
2088.182692455320
2088.387886514586
2089.110377883552
2089.933554092880
2090.891675422540
2091.820813263490
2092.722692597551
2093.488835676338
2094.210141875541
2094.600982951038
2095.304759285777
2095.796456913073
2096.924937032096
2097.866828917525
2098.240199712835
2099.131024093252
2099.634356500675
2101.032306494806
2101.656365217342
2101.993000193679
2102.978318463227
2104.026802196420
2104.523334415611
2105.163236624455
2105.847620983262
2106.509830754520
2107.081021709399
2107.809122975474
2109.053263646154
2110.254608861571
2110.512117975975
2111.152798552001
2112.092049399955
2112.573776976323
2113.380228380370
2114.347024070595
2114.703445155594
2115.516769606688
2116.514157335800
2117.071953112698
2117.953446647688
2118.255888664293
2119.636224150963
2120.555309967030
2121.122678569248
2121.833236748511
2122.385387112912
2123.098851874163
2123.711389664699
2124.587861684350
2125.075120543324
2126.094451621915
2126.914423229014
2127.887049124779
2128.695904502091
2129.166607450003
2130.089021344614
2130.519612253813
2131.178670862167
2132.513777953904
2133.035068517974
2133.652816139896
2133.987401743475
2134.823431539577
2135.727669730131
2136.806258618760
2137.639614165219
2138.344808693420
2138.982533775794
2140.015830175367
2140.330586375855
2140.970364722032
2141.731799906001
2142.255502151798
2143.505210241846
2144.135409799982
2144.653312370971
2146.070575404974
2146.251549831512
2146.996288797906
2148.015371876078
2148.999693347713
2149.286152660038
2150.376758100809
2150.533270473783
2151.596873213748
2152.286775997990
2152.913299507704
2153.334884836979
2154.709981174939
2155.873394238312
2156.486613861190
2156.861658078993
2157.516656914846
2158.128830866881
2159.319290858095
2159.568177060965
2160.577742231209
2161.343043927193
2161.944483371596
2162.623249890411
2163.559120234668
2164.525789414527
2165.025570913131
2165.992461331075
2166.717695817341
2167.517350629039
2168.254016271403
2168.653189937515
2169.435490571801
2169.864049670719
2170.684806529188
2172.010683598714
2172.723027439072
2173.223651126487
2174.290658357921
2174.963908247354
2175.664512333123
2176.108284724829
2176.852002644054
2177.980225760512
2178.408701205700
2179.376259052738
2179.846490686156
2180.460418110460
2181.239348135945
2182.347719642275
2183.280765403868
2184.059501789527
2184.777122961948
2185.176655097976
2185.991563983544
2186.468923414061
2187.463168724481
2188.081669214997
2188.824475092576
2189.352754399146
2190.968994986228
2191.183290223979
2192.090945448884
2194.502795792706
2195.082210510452
2195.853901012227
2196.268023303733
2196.971170982200
2197.763987584789
2198.482311011340
2199.110708241598
2200.329756429643
2201.342987138880
2201.830815357918
2202.396666136173
2203.447043291067
2203.865695604397
2204.402409165441
2204.989985513739
2206.283933804052
2206.811439911407
2207.693379444586
2208.171059038474
2208.927573089785
2210.081812353480
2210.727365922045
2211.530514735000
2212.153949457818
2212.871308133512
2213.655219655381
2214.591282255794
2214.953769373480
2215.181011805272
2216.404057035529
2217.067380342583
2218.436019366276
2219.059301010011
2219.744205807374
2220.423329560117
2220.839570712878
2221.802972367002
2222.439332689969
2223.400437247285
2223.991800799562
2224.634271965931
2225.245647261011
2226.215589363466
2226.999324540224
2227.741671590071
2228.367091705825
2229.857946731398
2230.126749629146
2230.950322776999
2231.204690865619
2232.062383611310
2232.812544798985
2233.438698158321
2234.345215030520
2235.127513490080
2235.936651377302
2236.974908117576
2237.538043472345
2238.421612030593
2238.644242851260
2239.791437778034
2240.310357720356
2241.273502500744
2241.878140333392
2242.727284716043
2243.205261911618
2243.646292752710
2244.501621354155
2246.132184501719
2246.638491329333
2247.085013471033
2248.088024585438
2248.558943734648
2249.397399620778
2249.985583476555
2250.791550125996
2251.033254237309
2252.381634843019
2253.079356306821
2253.738235168605
2254.639113101041
2255.287162600172
2256.065430603669
2256.872341153139
2257.557637735229
2258.661623218436
2259.024413120544
2259.529462915199
2260.243347600675
2261.108854832520
2261.836976593515
2262.347179368171
2263.667863058163
2264.405480422760
2265.361260530501
2265.983416202886
2266.298192516645
2266.993501520596
2267.648881212139
2268.781900473236
2269.626403480728
2269.934644589704
2270.683087706437
2271.412846606522
2272.662969523062
2272.881320539052
2274.062136671890
2274.912161849500
2275.309915179147
2276.365761787029
2276.907019296933
2277.441669886877
2278.254518538763
2278.752429190423
2279.363563350924
2280.549075800470
2281.587886629609
2282.374687061994
2282.765495824150
2283.378235438385
2284.581425407569
2284.918072437706
2285.799131648001
2286.334982090339
2287.224772336239
2288.184611608622
2288.444436018883
2289.277504778867
2289.906250850455
2290.912648685235
2292.036045926170
2292.846740839977
2293.287008861961
2293.931815866474
2294.663718971153
2295.419530698551
2295.699177202268
2296.850335420948
2297.497431661573
2298.489213700494
2298.753358050374
2300.138173207160
2300.893264888550
2301.458259574526
2301.805385113320
2302.776626301071
2303.867513168174
2304.603271957500
2304.848095750807
2305.741905412185
2306.271801453625
2306.775693402259
2308.071065490017
2308.719784976405
2309.818254884619
2310.473748430340
2311.193647751592
2311.746623599718
2312.517710936060
2312.986643698658
2313.821981568640
2314.609221456338
2315.257672919261
2316.324247861425
2316.888730860938
2317.445043340965
2318.387515750891
2319.237472350589
2320.011580913333
2321.057339211559
2321.487437227835
2321.803668735040
2322.918445134821
2323.556312606152
2324.188657373931
2324.777296391122
2325.293139812481
2326.845146311894
2327.638375699309
2328.293259057150
2328.692447168005
2329.733722046268
2330.057182071640
2330.813385375544
2331.920593013195
2332.501016680478
2333.178167400373
2333.726403986708
2334.570413398565
2335.171698303624
2336.365006775190
2337.017511375506
2337.725291220291
2338.646528406367
2339.381443303544
2340.163805560310
2340.481820058733
2340.978069960721
2341.739342757319
2342.851903717132
2343.526777521426
2344.291064646252
2345.157673069354
2345.985732497024
2346.671416660966
2347.399807118830
2347.924718221841
2348.786204328447
2349.535650734990
2350.458823585299
2350.886406426283
2351.487498227522
2352.432033668520
2352.832100017928
2353.642230143306
2355.263714643002
2355.663305853899
2356.453295631027
2356.920663894441
2357.397472810314
2358.503958550500
2359.106137347095
2359.576689932071
2360.517045791814
2361.200028037616
2362.004786518692
2363.041745160972
2363.702174457722
2364.147461711867
2365.002499656620
2366.046662031649
2366.820750828739
2367.140016353867
2368.284263193831
2368.533234862250
2369.148639392623
2370.159223768184
2370.456714643187
2371.869621748865
2372.568469704125
2373.317864977816
2374.270424066968
2374.811953265475
2375.367916002216
2376.003815590801
2376.678592185810
2377.428964295817
2378.762239779204
2379.098816756463
2379.446576655914
2380.257813315228
2381.336123827079
2382.245942195173
2382.932163922315
2383.612072297828
2384.480085225185
2385.274946741697
2385.520862764802
2386.553006163428
2386.965722570578
2387.718929410352
2388.313441468165
2389.435355059813
2390.478012556103
2391.077588698325
2391.918030166891
2392.361378750199
2392.886992162969
2393.945048597025
2394.986626032650
2395.144387701055
2396.118033873185
2396.452247926561
2397.757286131711
2398.002763825519
2398.775899543367
2399.700822280554
2400.890047120000
2401.605682954030
2402.119757310642
2402.932324484697
2403.308197753996
2403.950168497714
2404.882385131416
2405.438839410072
2406.405429009554
2407.048032731138
2407.936872690742
2408.660821779085
2409.447288505292
2410.359052409264
2410.959785980676
2411.340817562396
2412.480640751374
2413.182625624004
2413.976890115247
2414.426519110471
2415.045129008006
2415.465525557313
2416.546596565927
2417.728340925936
2418.689004117107
2419.021989023317
2419.665214551522
2420.696652028218
2421.243770529281
2421.743023170638
2422.314537258740
2423.557080010509
2423.925307251257
2424.839111471817
2425.485086360266
2426.335971766303
2427.181847813590
2427.648189540868
2428.675829975050
2429.799907488456
2430.076512339050
2430.784223060628
2431.378109756477
2432.044790175735
2432.856903851546
2433.452279775232
2434.402477828044
2434.830784929544
2436.412356777072
2437.055323783662
2437.422008794087
2438.068908217828
2438.831971323739
2439.399596413543
2440.543009506774
2441.061605118668
2441.822959285084
2442.410857054624
2443.223346157117
2443.543815537627
2445.004695836232
2445.410875747190
2446.692277427641
2447.029903741012
2447.807496851710
2448.549157405225
2449.251690881610
2449.876593662053
2450.397599479059
2450.815417815335
2452.234373608323
2452.984946064714
2453.684310803936
2454.287330042256
2455.291240611859
2455.790796523216
2456.731548277751
2457.171681164685
2458.182607919486
2458.685297644291
2459.516923352244
2460.203899203342
2460.769063625488
2461.345960122463
2462.149137336030
2463.505117355139
2464.033008838361
2465.210120042351
2465.408216773199
2466.173878797154
2466.616674021689
2467.349919185977
2468.393775354084
2469.019474537038
2469.646430786593
2470.378805842946
2471.129051614314
2472.325825959700
2472.876599548035
2473.289131137318
2474.242162618015
2475.063340570042
2476.192952856826
2476.363415493401
2477.099202349076
2477.496381562201
2478.625246000890
2478.973707070647
2479.801063263142
2481.151765763443
2481.915214461150
2482.241233035124
2483.378778513749
2483.692610559927
2484.511049096855
2485.349538546800
2485.562587442332
2486.728861080371
2487.628967659041
2487.988385539431
2488.932651793807
2489.356459876033
2490.171383896062
2491.480678934829
2492.197347962974
2492.746202037516
2493.228223599592
2494.254541541159
2494.753842812996
2495.464795728455
2495.969120602812
2496.769334762453
2497.462866718195
2498.624668584361
2499.358065206451
2500.280167921241
2500.827669349432
2501.215504917959
2502.169231032416
2502.792830931608
2503.792805961709
2504.526690897977
2505.038323983731
2505.578421491598
2506.123819088233
2507.421727310075
2507.797777940870
2508.870484590502
2509.620728593622
2510.696883050827
2511.155251613109
2511.697164056986
2512.343881141636
2512.968598895132
2513.568613487372
2514.602098728924
2515.537540993965
2515.800442819195
2516.891894220736
2517.609868959425
2518.596172901248
2518.908906010668
2519.823067128384
2520.742967833840
2521.334401688303
2521.792802762056
2522.857441728460
2523.479878126584
2523.915198715371
2524.462983111769
2525.270362363408
2526.855575260330
2527.387697334061
2528.191090933464
2528.461376729976
2529.260673215548
2530.122580618452
2530.720750381374
2531.434066606254
2532.086685059846
2532.890957957097
2533.725312332868
2534.458483662982
2534.946462744580
2536.045448124636
2536.769480959104
2537.299334353015
2538.540677931514
2539.043441724964
2539.603941267760
2540.258219690417
2540.849047961638
2541.460112640323
2542.304388991809
2543.235121061335
2543.907179124055
2544.941273547429
2545.613290781594
2546.462295737395
2547.162588186993
2547.513833991058
2547.922320514584
2549.342466548054
2550.095039573059
2550.374421011529
2551.350173998163
2551.667345953351
2552.569008251413
2553.426276343853
2554.504584480490
2555.199459540122
2555.956257353343
2556.569303954657
2557.174158682913
2557.941246905353
2558.584597132334
2559.077368531923
2559.980160101610
2560.519592318635
2561.597061843281
2562.773021844008
2563.047965095608
2563.710010473395
2564.404711448809
2565.455188291052
2566.048735156145
2566.820817417506
2567.470407358013
2567.986361804694
2568.913234135896
2569.440500727374
2570.197088731245
2570.704890063968
2571.925424368862
2573.059020674390
2573.579854731491
2574.005140169596
2574.962496661386
2575.452381402411
2575.928711216721
2576.797337038666
2577.576110388168
2578.729748545074
2579.081423856915
2579.364176150233
2580.790652773689
2581.501028616823
2582.198349599783
2582.781931822876
2583.640585652333
2584.352496026662
2585.358956701303
2585.795381239593
2586.206321230059
2586.965650412045
2587.483040926867
2588.516785937038
2589.671755077942
2590.193604769665
2591.195094664761
2591.750721250542
2592.352165378815
2592.919179124247
2593.899983335615
2594.378776816398
2595.230395198875
2595.886940240081
2596.747449676654
2597.325547619935
2597.997952133111
2598.984909014654
2599.361716582867
2600.833029534929
2601.398471603147
2602.014214601084
2602.696880863703
2602.971526302402
2603.914937509552
2604.909428228780
2605.208018958358
2605.761220086141
2607.064355298474
2607.720650567490
2608.903328648496
2609.096661516443
2610.116573098443
2610.333559563898
2611.331347658158
2612.179695850888
2612.889438919407
2613.730114104040
2614.000552794992
2614.876125660894
2615.344114187695
2616.197502755846
2617.567609418526
2618.090841454043
2618.743476378097
2619.490609629082
2620.505211214486
2620.872905888136
2621.356909726369
2622.006743914050
2622.767535642558
2623.828922812154
2624.518454477243
2625.195986165513
2625.911842601008
2626.710673156908
2627.677447309409
2628.091519056497
2629.000053502397
2629.724592801836
2630.449240953989
2631.154282132245
2631.581709488228
2632.382471736172
2633.205950252492
2633.568916243864
2634.493550644465
2635.900890062474
2636.697396401170
2636.952259033596
2637.719624279480
2638.166388607869
2639.108552536080
2639.644833698690
2640.829193440070
2641.192130879487
2641.721025422367
2642.638577696531
2643.545585059399
2644.205247277690
2644.974625122155
2645.608697632011
2646.768076765795
2647.317082284222
2648.028219624394
2648.489270325743
2649.511042724507
2649.785916080152
2650.236854295791
2651.431222844593
2652.177055037158
2653.134740927465
2654.065369808373
2654.298940251995
2655.404202603679
2656.004145042955
2656.561753016596
2657.278364215171
2657.865298675450
2659.129037824353
2659.481478144004
2660.247245772368
2660.718406170311
2661.229879361056
2662.691807228295
2663.314172888317
2664.242877730408
2664.892834922969
2665.448605782662
2665.967840023083
2667.100376919388
2667.228815361620
2668.032123128492
2668.890150251064
2669.643321785901
2670.392979766296
2671.385020592298
2672.322918768996
2672.576573005619
2673.490426400586
2673.780359250270
2675.307613634073
2675.750212045042
2676.336950638460
2676.743412906434
2677.703887002083
2678.231893553052
2679.137143548724
2679.667589641910
2680.855566205230
2681.699908124847
2682.408005611219
2683.207173742228
2683.650482404424
2683.969170597570
2685.173942079010
2685.405814222076
2686.591814263262
2687.156843855006
2687.979641094795
2688.636097350428
2689.242807757514
2690.247136413112
2691.081219279662
2691.788242630590
2692.435597855631
2693.041765940663
2694.046363151440
2694.475862837006
2695.228051237331
2695.836743822128
2696.248020913503
2697.028291737636
2698.600025486086
2699.256007317654
2699.589892128017
2700.495815250081
2701.120137531855
2701.873463947699
2702.415067374176
2703.206367735545
2704.060299891828
2704.685963679246
2705.433774701050
2705.832385388971
2706.963762761340
2707.568953325122
2708.221606807243
2709.496297811704
2709.890739827250
2710.967714492586
2711.359609563229
2712.037231750108
2712.293819178333
2713.239087696159
2714.175674510649
2714.761470390474
2715.569458937544
2716.241222491955
2717.581391646121
2718.004510415293
2718.520702326343
2719.221115776101
2719.940423195474
2720.820416069323
2721.563686255078
2722.330422558013
2722.879583742556
2723.300743003918
2724.170260935449
2724.791863404089
2725.846640262332
2727.095580181692
2727.482870601410
2728.059646606700
2728.754818281167
2729.524772444375
2730.229201724267
2730.954232297489
2731.151682151245
2732.165318609057
2733.247712145551
2733.920535506445
2734.405289982179
2735.535102942835
2735.816727339166
2736.791941760948
2737.912891690731
2738.083596257670
2739.181068109734
2739.441292023242
2740.361514766810
2741.113340317544
2741.468967874104
2742.181711522101
2743.243750450948
2744.144467992890
2745.033580332337
2745.841467983243
2746.261348688579
2747.005690785040
2747.399551910918
2748.064545162671
2749.343017559644
2749.788275025416
2750.532847323426
2751.131102933090
2751.647352037349
2752.763572199780
2753.711055591459
2754.243925866575
2754.775324439638
2756.043183797571
2756.565078172500
2757.104600848136
2757.835337396188
2758.265960529715
2759.042012777658
2759.705718795475
2760.522197406886
2761.655709290359
2762.379624438371
2763.162971579359
2763.510088554462
2764.453956373656
2765.210167516632
2765.629430185724
2766.636983093879
2767.431496496869
2767.569960781786
2768.891210039833
2769.408560017881
2769.823295514454
2770.487129846391
2771.801187251322
2772.813295349958
2773.465880111160
2773.671051483762
2774.551518332135
2775.218101252036
2775.914093880037
2776.475743035326
2777.215090228080
2778.220451850421
2778.531601957649
2779.785144276728
2780.449488736841
2781.136326328816
2781.906165794447
2782.504777760554
2783.066032185417
2784.191965131736
2784.838871423277
2785.580798280336
2786.029115988790
2786.336670836516
2787.338839746573
2788.135429213381
2789.164810035672
2789.914793286182
2790.665407879898
2791.574642546715
2791.921603728974
2792.824660976067
2793.312776083309
2793.681871973379
2794.725665023541
2795.747069853497
2796.241944016335
2796.790521381808
2797.665755992152
2798.539696108481
2799.163235125714
2799.949916815568
2800.977205380304
2801.634357563827
2801.987417525403
2802.758812506519
2803.554637340068
2804.179118617705
2804.822347434720
2805.335220126515
2806.092421428881
2807.551797691212
2808.182755184035
2808.904756004338
2809.420613324265
2809.770480268341
2810.749305622770
2811.760412341576
2812.125608654603
2812.835756208908
2813.839680926550
2814.152102331424
2814.946971276836
2815.773443928678
2816.494225291706
2817.528852009859
2818.129102341470
2819.029211496062
2819.713156756487
2820.303737263308
2820.966583852238
2821.290814625485
2822.262331969984
2822.673526470314
2824.000053786671
2824.558720085095
2825.280520740929
2825.942094206204
2827.251908663204
2827.509055603600
2827.971181322209
2828.914112857929
2829.582295225688
2830.560672969770
2831.146824527021
2831.757722509706
2832.137209859059
2833.180817081765
2833.457853518395
2834.943603909124
2835.849429910753
2836.249750180801
2837.046029515081
2837.750733967870
2838.181591230212
2838.823086631899
2839.886677157778
2840.263400458790
2841.068633325003
2841.739696153933
2842.708677544327
2843.590124825313
2844.245765870069
2844.578342488056
2845.598711420657
2846.467640494802
2847.344533974204
2847.819026879809
2848.334024493294
2849.023236904292
2849.722853561971
2850.465149843996
2851.143644018324
2851.753841499818
2853.234409229158
2853.694032307166
2854.461891969739
2855.018521922995
2855.801995994085
2856.400279902832
2856.787526203054
2857.752640802734
2858.830213233961
2859.283396571738
2859.889585923922
2860.494927128385
2861.231484923055
2862.453605767533
2863.012179301731
2863.910962104083
2864.444190210327
2865.066394848327
2866.110538568015
2866.578300845216
2867.045679412466
2867.763259796244
2868.150599648600
2869.667317292294
2869.939718517413
2871.250807423191
2871.820196773880
2872.247675767455
2873.140131558594
2873.711134283430
2874.459614493900
2875.375458435324
2876.042458173641
2876.434639120719
2877.282799732033
2878.118716434937
2878.434909909596
2879.651489392945
2880.018375195014
2881.263160246492
2882.298359360015
2882.796639998360
2882.909370002860
2883.770042515228
2884.467645523075
2885.218220079282
2885.906779440259
2886.792788530890
2887.272726476821
2888.210841946830
2889.054520881731
2889.962299992746
2890.349733756360
2891.124296861966
2891.805468448807
2892.699653747566
2893.635228975251
2893.751480389416
2894.819852542034
2895.316795501149
2895.934325583426
2896.227905410296
2897.848114844076
2898.689776459899
2899.227866324615
2899.854553135957
2900.559290367959
2901.473648534789
2901.888321486089
2902.462073404458
2903.180821295822
2904.051673007063
2904.846368561659
2905.702428626214
2906.059066488114
2906.837863087140
2907.838083066508
2908.499584401934
2909.422595087473
2909.984733632005
2910.884466270510
2911.388205979626
2911.903740189990
2912.526776217220
2913.442936089697
2914.021557597463
2914.628983009365
2915.641994138575
2916.757718516345
2917.352197268638
2918.138738885787
2918.519160484993
2919.038599420192
2919.833356162267
2920.872792637976
2921.650227712376
2922.184900244169
2922.529491392238
2923.359856673438
2924.295998996705
2924.997872810332
2925.700337568385
2926.878032098929
2927.325388072932
2928.143960542956
2928.739426705641
2929.489912266899
2929.996898572430
2930.472196863184
2931.359262051924
2931.988954319633
2933.076211121414
2933.900758780343
2934.381987099709
2935.407397106032
2935.698966709142
2936.731331160729
2937.548809473195
2938.008884886111
2938.537640321998
2939.695334105877
2940.171411829307
2940.957936890079
2941.195295133091
2942.077585612405
2942.824121892284
2944.431720871788
2944.650418096410
2945.401385205698
2946.200195257321
2946.540564824972
2947.310731897296
2948.161431753231
2948.529172621803
2949.571149459824
2950.334412952154
2950.802020439191
2951.544211312720
2952.760155983083
2953.316493693761
2953.874439119501
2954.376934048377
2955.713721786747
2956.296421007783
2956.807483696438
2957.566066311537
2957.947505541160
2958.530495938303
2959.609544613058
2960.072748708312
2961.297433742616
2961.868770706778
2962.845006027614
2963.580214135478
2963.975152958927
2964.687061532580
2965.194476034320
2966.182482643844
2966.735867387268
2967.643669103223
2968.235877496709
2969.115439441245
2969.394997743447
2970.261961017547
2971.266190541488
2972.287060983057
2972.750259123811
2973.623844500520
2974.055812959225
2974.599024989064
2975.688076813148
2976.161594399771
2976.606371935718
2977.287810955407
2978.199260140991
2979.458759944296
2980.245138910187
2980.359057811316
2981.378694196628
2982.026834620870
2982.639251536089
2983.382792043149
2984.497863606882
2984.732566964043
2985.548481747993
2986.065104781922
2986.951057343333
2987.406675770911
2988.426972477905
2989.382414786454
2990.025482751214
2990.885132084466
2991.732432669452
2992.038128066803
2992.819262166659
2993.249476477383
2993.733318449551
2995.150871484852
2995.624277038865
2996.245821664124
2996.896051419953
2998.214443411195
2998.383539442958
2999.584222444794
2999.907341999491
3000.588425391694
3001.700021383946
3002.168216383523
3002.942474086842
3003.468000411538
3004.101072102254
3004.770900055947
3005.316009683036
3006.426252403468
3007.605575200828
3008.396502884316
3008.645326423540
3009.108942360161
3010.138032404867
3010.785969399009
3011.427623494064
3012.084687206024
3012.764284626738
3013.631023349435
3014.265246198893
3015.127431982872
3015.777844579165
3016.401719626087
3017.224801016847
3018.439033150608
3018.765340089221
3019.632202755156
3019.963423742991
3020.795602735665
3021.537186833772
3021.901451242884
3022.716624195061
3023.610160396761
3024.556314996694
3025.169409717684
3026.271912361900
3026.695303812829
3027.478181000900
3027.840735813936
3028.581206640056
3029.376627696825
3030.452899902212
3030.893002308600
3031.668466073158
3031.981275238434
3032.580538146880
3033.887990845644
3034.674879405764
3035.289110829684
3036.253375034997
3036.624494435171
3037.791597614788
3037.989025231295
3038.528260424059
3039.431278257744
3040.059015676662
3040.554982644600
3041.893273213196
3042.308764169038
3043.289413201921
3044.017723539151
3044.507070896348
3045.185028799352
3046.036048997251
3047.116460938867
3047.346115321604
3048.025185426972
3048.760435495539
3049.425059003566
3050.392614327236
3050.686772720164
3051.245648395455
3052.793313501184
3053.660786130245
3053.958221611533
3054.860050333454
3055.218599908347
3055.925595566653
3056.532143190849
3057.495400040069
3058.131153882038
3058.742375998957
3059.698642132736
3060.122540219320
3061.052696047075
3062.002603998582
3062.480754717380
3063.327009812889
3064.049465914831
3064.588731851377
3065.805660699027
3066.200808613655
3066.479737651099
3067.287369412960
3067.823135833818
3068.717249245156
3069.842246878085
3070.695911019132
3071.198564969960
3071.874775383837
3072.766686432236
3073.375559418220
3073.864348212065
3074.468580048292
3075.348874602842
3076.297785397924
3076.834745827106
3077.307533754777
3078.208215192229
3078.837802848537
3079.698203719928
3080.468931339939
3081.607869819449
3082.175040403823
3082.551365634919
3083.328046418184
3083.812381893236
3084.799828153454
3085.108644441395
3086.137893768884
3086.616792883879
3087.412652275431
3088.775362747136
3089.260206393325
3090.044027040937
3090.154398520911
3091.085858289983
3092.010170755825
3092.771875450972
3093.514293786388
3093.843657978993
3094.820518035575
3095.165957025925
3095.993580001933
3096.671310434580
3097.946802464035
3098.390142508126
3099.460648531137
3099.938617973166
3100.543894814563
3101.271488725445
3102.049606003104
3102.386409641158
3102.881226518115
3104.159470416349
3104.985679194410
3105.377602853832
3106.270255209409
3106.790509218683
3108.011511843865
3108.488202955629
3109.053438128392
3109.959393175177
3110.654704044406
3111.245891709191
3111.953142668523
3112.784462619264
3113.093494244168
3113.618633435318
3114.679225508118
3115.818666553911
3116.604415055844
3117.189856410307
3117.913561377763
3118.540831969633
3118.751692749326
3119.868428124514
3120.485567484265
3121.481707173166
3121.915856621315
3122.315984497596
3123.451587037128
3124.199717683566
3124.814084413445
3125.728402925910
3126.146855390959
3127.329747031007
3128.099815802399
3128.601430501507
3129.024030446342
3129.653351099023
3130.405364328245
3131.131250308805
3131.836167529490
3132.572056740791
3133.759184279758
3134.315735629898
3135.044540847681
3135.688317547088
3136.407097772394
3137.129503637035
3137.438320672515
3138.593116861512
3139.124285932560
3140.110616785633
3140.513965348910
3140.984995343819
3141.817665074218
3142.510544087907
3144.061942347202
3144.415213795804
3145.015122002524
3145.550968508802
3146.573660375813
3147.008461606015
3147.790232528720
3148.174752182898
3148.872852849123
3149.899553063691
3150.560659007094
3151.492128366003
3152.176508429515
3152.988822973097
3153.442967950693
3154.070847361442
3155.170851222245
3155.689231802700
3156.488176818008
3157.274748707573
3157.460554950189
3158.219956397348
3159.006445419945
3159.947786986210
3160.396337397343
3161.516953720439
3162.497284260930
3163.016659649231
3163.822545054711
3164.108504777268
3164.683411101749
3165.441455720354
3166.404986291844
3167.002284006036
3167.880149551435
3168.465200283028
3168.834639660053
3170.167568397585
3170.861711641778
3171.162724683148
3172.369101803075
3172.921406284191
3173.635840416759
3174.236806070282
3174.972927771028
3175.750884842627
3176.062369591092
3176.772952265708
3177.319506682931
3178.889990158721
3179.517720483329
3180.152247464299
3180.642388327134
3181.475658955897
3182.020436088152
3182.996139658195
3183.332411720410
3184.319499928688
3184.676474470214
3185.787512430411
3186.522884877097
3186.642884191811
3187.675189416340
3188.531890917328
3189.431831040246
3190.191308484224
3190.939431083454
3191.549758701412
3192.130894971476
3192.662894953309
3193.221221268585
3194.149975994266
3194.762444843544
3195.622410593189
3196.304048978187
3197.145750922856
3198.121007106829
3198.823392518969
3199.158388037109
3200.049024922546
3200.243924822456
3201.736929882880
3202.383906301211
3202.687534192469
3203.231503650133
3204.148648732600
3204.583026942524
3205.493073121381
3206.581259979874
3207.286376943171
3208.208008694570
3208.535095722356
3209.324250180223
3210.037079242446
3210.607444213298
3211.124036522565
3211.904544554224
3212.725550213861
3213.421378372824
3214.251407511867
3215.310516173760
3215.452015145356
3216.203525051698
3217.328166489277
3217.925476826846
3218.864445655747
3219.100797392100
3219.939338295022
3220.569297926520
3221.446331525360
3221.827307821693
3222.518458485772
3223.121989973578
3224.434483291533
3225.316828557434
3226.011040183873
3226.455293099378
3226.904674733895
3227.953683643864
3228.358685495711
3228.920159901834
3230.174798969203
3230.730239337326
3231.107088114574
3231.911549715122
3232.517440109159
3233.898235780748
3234.080768561156
3235.075568283435
3235.604492942053
3236.787834534060
3237.129484050390
3237.851038229447
3238.543196877741
3238.831741924716
3239.497661777105
3240.465882724133
3241.577202573271
3241.895161790306
3243.012274065106
3243.662144529852
3244.331168669677
3245.038455529499
3245.384757432221
3246.463466354431
3247.074691395726
3247.627251188046
3248.709858015456
3248.918430095360
3249.845585441332
3250.413443825227
3250.955966407364
3252.219818246937
3253.106126310760
3253.864036403570
3254.372100138735
3254.731984083409
3255.466524814000
3256.292796311604
3257.042702305519
3257.577658410539
3258.096147772675
3259.097867009134
3260.026113509724
3260.718871073338
3261.409695134758
3262.185085703814
3262.543148542744
3263.457076633883
3264.464823062216
3264.891952583806
3265.660797030343
3266.292005179860
3266.726014410903
3267.464617575488
3268.160286675805
3268.993070199969
3270.330400948721
3270.687859283074
3271.224204837165
3272.447684065316
3272.879980008535
3273.280677665931
3273.855262114325
3274.591022851137
3275.557212474500
3276.422832020005
3276.978297847145
3277.425170277860
3278.254292117528
3279.235218881175
3279.917225928594
3280.727871296045
3281.324242023134
3282.143111190913
3282.712615999599
3283.537935698006
3284.022441179583
3284.471036330096
3285.469787116348
3285.920035125932
3286.616588103999
3288.074239685048
3288.731257260502
3289.291812124663
3289.687441179112
3290.630479265417
3290.898053084665
3292.250849651607
3292.522990876183
3293.366405497456
3294.026201478958
3294.480861784945
3295.480752709710
3296.134211336994
3296.851194833074
3297.473116312930
3298.756598498199
3299.379095254538
3299.839845649971
3300.536271251370
3301.223547673603
3301.694929727698
3302.429254926245
3302.976264874143
3304.003257438844
3304.837458611200
3305.324397517564
3306.376061342413
3306.993019161899
3307.680020650517
3308.530229944485
3308.840261217267
3309.674695805271
3310.473770867170
3311.312974313431
3311.957598150983
3312.491018299697
3312.892138434126
3313.465556060522
3314.827406218692
3315.683826409700
3316.405071007870
3316.940722085070
3317.889624731503
3318.044895512363
3319.092249335666
3319.551511606982
3320.188662082717
3320.886948844192
3321.984532223088
3322.231339031726
3323.332096684608
3323.943133842613
3324.931778312699
3325.227613097646
3325.984403256004
3327.023179280663
3327.919278818108
3328.296757018744
3328.842911480192
3329.227993229132
3330.464346099369
3330.896779920821
3331.327364730773
3332.438942201000
3333.228744798690
3334.409511155282
3334.864935316729
3335.395773019247
3335.969625189899
3336.739092963379
3337.129407721571
3338.339372967420
3338.860607058195
3339.547977716144
3340.160703353269
3341.015324243777
3341.374918893796
3342.431684345418
3343.437967535987
3344.040023110219
3344.594824674601
3345.420275473623
3346.096985416897
3346.824329890754
3347.288010107085
3348.055761915285
3348.279859423476
3349.246682394299
3350.396735968831
3351.266230074693
3351.715530896613
3352.459845348681
3353.076466320264
3354.005925493712
3354.547039065159
3355.025702753129
3356.016336618069
3356.823138669435
3357.175551514785
3357.882512126284
3358.809223965643
3359.071817932065
3360.139608017011
3360.900563644182
3362.202427651175
3362.407081367543
3363.256991724208
3363.849621892384
3364.271696568396
3364.917784274513
3365.693825550613
3366.648254375923
3367.266906767621
3367.723127796031
3368.600259888434
3369.730752905231
3370.423823163233
3370.830116435792
3371.297214546568
3372.435242446635
3373.092085923729
3373.845415079936
3374.498500040570
3374.982331113133
3375.666526303467
3376.100025479258
3377.096077075386
3377.706974400253
3379.233974947610
3379.390075183111
3380.335780068842
3380.774074785563
3381.536242717164
3382.322206394781
3382.766088932382
3383.510443314505
3383.990399143553
3385.163135744410
3385.999796820662
3386.177664942078
3386.978372159127
3387.887495411339
3388.640035066409
3389.472197269747
3390.451772207263
3390.713937941221
3391.324463325742
3392.207714479572
3392.970549692597
3393.193558489584
3394.138736590983
3394.561641245486
3395.561763344333
3396.791338217515
3397.111868268076
3398.148691941214
3398.855036507290
3399.018411499350
3399.664229283851
3400.616292553193
3401.650075966417
3402.018995474675
3402.755376578573
3403.323326085369
3403.839789903350
3404.808246028422
3405.769744495105
3406.269938612920
3407.190879131306
3407.893817916116
3408.898092296179
3409.264256898270
3409.797607136889
3410.270657251223
3411.201229420989
3411.640610366223
3412.802081095349
3413.142249215869
3414.428585752961
3414.788665942036
3415.632872367002
3416.332565166288
3417.097752054997
3417.574050632690
3418.523715424458
3419.127535919390
3419.689088597222
3420.597916104024
3421.108528606317
3421.797006518822
3422.394606755634
3422.762599641902
3424.613406753771
3425.029049516169
3425.670757712332
3426.282413362006
3426.690378508004
3427.795266331290
3428.158300777598
3428.791798424703
3429.630662463204
3430.345054813112
3431.061079564519
3431.690261882080
3432.864701084018
3433.106943801430
3434.002334627935
3434.807919100644
3435.342556533591
3436.288719295159
3437.197115323449
3437.438225467325
3438.051345779252
3438.886849076145
3439.059876651984
3440.243320850648
3441.061692887403
3441.714990320080
3442.703763344124
3443.455993373312
3444.118602779116
3444.606149667791
3445.292216568953
3445.808513796641
3446.451541212467
3447.740497054482
3448.097944057872
3448.840947132278
3449.154660791602
3450.196279802561
3450.839114118487
3451.818134409955
3452.497440121438
3453.409428268391
3454.072590815210
3454.404268079427
3455.145794278031
3455.953737639024
3456.629685349548
3457.096188605939
3457.541712950584
3458.699374996807
3459.544970523670
3460.631497192719
3461.001574776479
3461.546040150896
3462.107593394069
3463.134583800791
3463.757133611082
3464.634767550167
3464.988994538800
3465.683161305580
3466.560533759913
3467.165071010193
3467.629793089772
3468.422581458854
3469.514012485383
3470.268340480059
3471.082509583085
3471.745603301940
3472.278198100813
3473.069812661124
3473.258366678948
3474.141867089262
3474.814216298544
3475.719974884118
3476.518017270747
3477.173635603824
3477.525061844699
3478.836444267490
3479.448234957080
3480.221252604365
3480.445166672286
3481.379250370790
3482.347537962805
3482.999397889503
3483.493982266439
3484.119220854998
3484.566472148857
3485.416868137216
3485.981294924314
3487.332567506389
3488.100737674526
3488.609797055269
3489.310139115072
3489.958727658495
3490.697002332720
3491.024500107613
3491.968593761386
3492.832641381663
3493.155977455312
3493.984976821404
3494.921269351903
3495.453054377394
3496.295975736431
3496.835979436001
3497.566472447634
3498.913153690034
3499.352686539064
3499.642757053683
3500.653689217416
3501.109792351857
3501.542186625657
3502.734633597242
3503.026776903744
3503.666453418556
3504.691869713985
3505.873038135396
3506.331725122051
3506.899597237853
3507.761640139010
3508.151392187343
3508.860097719733
3509.603654659810
3510.460166058353
3511.278285246984
3511.762499452965
3512.380931675488
3512.691473970309
3513.843065542129
3514.732317159492
3515.539867577586
3516.346096618795
3516.723017846090
3517.599280791611
3518.317468046866
3519.081571047481
3519.329011917190
3519.736677258620
3520.840556092608
3521.664894362190
3522.567772108689
3522.978168661993
3523.969963861070
3524.678500950245
3525.253527166510
3525.817888777873
3526.885473517950
3527.343740042555
3528.197324110198
3528.613850713564
3529.477311378185
3529.943634134413
3530.833723947784
3531.171847298623
3532.156660259096
3533.134882587221
3534.287555350284
3534.693781124458
3535.100009020770
3535.843273464597
3536.144026661249
3537.347790827957
3537.814258864396
3538.548453743804
3539.415128642067
3539.721383630218
3540.764356861324
3541.586108643811
3542.172243065582
3543.101786873887
3543.393993703383
3544.463153372437
3545.336967002369
3545.738946667676
3546.349692135854
3547.139725695837
3547.587922401762
3548.275343921268
3548.718118107003
3550.131261545786
3550.938652039584
3551.438847303443
3552.107602894907
3552.961867802373
3553.622548948493
3554.090452468533
3554.909940074109
3555.164854101509
3556.602754300187
3556.836703428153
3557.729908913129
3558.308114320228
3558.797936422212
3559.610075055317
3560.906365313855
3561.372236066327
3562.045365096482
3562.915591476375
3563.504494839076
3563.852722684317
3564.679201945607
3565.392123353778
3565.838576439008
3566.848651074758
3567.280377301509
3568.303758247206
3569.511106748409
3569.801491237272
3570.369798755595
3571.201168578805
3571.520354236541
3572.613231865988
3573.504171446551
3574.086791000661
3574.451163308708
3574.995090610098
3575.905630571157
3576.689572084440
3577.241962912601
3578.122004136469
3579.363670631078
3579.616377846538
3580.613237811771
3581.018906430567
3581.626911081907
3582.346824474056
3582.891800158693
3583.446388131355
3584.602610444471
3585.214956362533
3585.776850556190
3586.751943188222
3587.227168161060
3588.123305938125
3588.842969843305
3589.638416591647
3590.248103538543
3590.739931888998
3591.582784035551
3592.506458144931
3592.950527296849
3593.283251313967
3594.031093806687
3594.694999397815
3596.049555192370
3596.861344358853
3597.465877203085
3597.890660366897
3598.666622457598
3599.336905739573
3599.863994232748
3600.711503209303
3601.309057298911
3602.123778252151
3602.773637911089
3603.536875495181
3603.852907471964
3605.235011726670
3605.759054587550
3606.061723781956
3607.270058815479
3608.082130855166
3608.765434431552
3609.256249480868
3609.614882804425
3610.448865343184
3610.952586203467
3611.918201192663
3612.549810350015
3613.297202559015
3614.309359867842
3614.917715524794
3615.929175135729
3616.372575341032
3616.676085091422
3617.461021389777
3618.423904708504
3619.118359333816
3619.701334877309
3620.410968009649
3621.298571353499
3621.405851774282
3622.210002444315
3623.254777587381
3624.248346306752
3625.132474600318
3625.430711951801
3626.018388337822
3626.918543076125
3627.495844717952
3628.125481503123
3628.675039791539
3629.541377930117
3629.751877794010
3631.406783472408
3631.629682306630
3632.612864828151
3633.040981458176
3633.837392651995
3634.664203020750
3635.213022067738
3636.101998819358
3636.732549224659
3637.381784376429
3637.888858570601
3638.616348440376
3639.255489455734
3639.913854314038
3640.656567032381
3641.794848753617
3642.496375677403
3643.288018949338
3643.832729251970
3644.524003861723
3645.101007475699
3645.347324360405
3646.260566096130
3647.489760133068
3647.902265897109
3648.383681529738
3649.050362548730
3649.983905447214
3650.989613083235
3651.427904250334
3652.095616929811
3653.009008925834
3653.546214391560
3654.598773159817
3654.915517050561
3655.547494564020
3656.199349387417
3656.738018329607
3657.435291383479
3658.261144803118
3659.406439029708
3660.116460981148
3660.963751974148
3661.221257687836
3661.723853171467
3662.979228175133
3663.331931993192
3663.898842260051
3664.786215646734
3665.384978010120
3666.187719090768
3666.835989395268
3667.565168718507
3667.965195609665
3668.940761823539
3669.969531512027
3670.784591894729
3671.364167981389
3671.889722859251
3672.295642185300
3673.332210226957
3673.733664468247
3674.542127948363
3674.872711266431
3676.193754694775
3676.564226166133
3677.467558428518
3678.582484861934
3678.875812741126
3679.644920829314
3680.200810175660
3680.740579108408
3681.831518391816
3682.511871122995
3683.239897287974
3683.627412553453
3684.141506005375
3684.870754671979
3685.611530027280
3686.835182591255
3687.538185900755
3687.889610484460
3689.142207512075
3689.512272565877
3690.126782807427
3690.704735628542
3691.367350300711
3691.901996088667
3692.820047877336
3693.603984964570
3694.265996738255
3695.033938653631
3695.697277039021
3696.492212961000
3697.141833396632
3697.847137855442
3698.772854631852
3699.391867255766
3700.069571131811
3700.388181854546
3701.251886741049
3702.095873245531
3702.548711411167
3703.108218960830
3703.714871256106
3705.370112340346
3705.929404007997
3706.315268629386
3707.070402724757
3707.649755731646
3708.193269739330
3708.964278805513
3709.957452337076
3710.266478168005
3711.193027237993
3711.761772120469
3712.337764217517
3713.375101038587
3713.776959955741
3714.957294453449
3715.344732794304
3716.324413445611
3716.879376746264
3717.659737950524
3718.442540766025
3718.832341841900
3719.186108410887
3719.875501838749
3720.972716534501
3721.584033303921
3722.599820105337
3723.219585602391
3723.813432296061
3724.797671692816
3725.303599727537
3726.076397332421
3726.228881168035
3727.414371507167
3727.976310941387
3728.970639130245
3729.357640915772
3729.825921788603
3730.508464044176
3731.524883648850
3732.042941877647
3733.340413568210
3734.007941313032
3734.520892814420
3734.968190331552
3735.795425155484
3736.299849828094
3737.050232344050
3737.801222805776
3738.272007263415
3739.193049032196
3739.714917148815
3740.984116711250
3741.517769106520
3742.167563730311
3742.637747487004
3743.271898792435
3744.536084911583
3745.177482223626
3745.359293033512
3746.304979555334
3746.814694690325
3747.576700354331
3748.041394355989
3748.842689628093
3749.725578198529
3750.736370260835
3751.460684275227
3752.046975640308
3752.737676967253
3753.401722962875
3753.823704555788
3754.608153275495
3755.076602512968
3756.028568489618
3757.053805144617
3757.386542639098
3758.087902250449
3758.532086995686
3759.796375019967
3760.466364188575
3761.167154511917
3761.674096895705
3762.587052187065
3763.143437310044
3764.060983744589
3764.246263341101
3765.182325798478
3765.649279897821
3766.040282040222
3767.349670811589
3768.260709645642
3768.884772621118
3769.700520589856
3770.220413726276
3770.662201792869
3771.665415616141
3771.901263049137
3773.213076166076
3773.622649419347
3774.154744593898
3774.791046523034
3775.652329825140
3776.501041649474
3776.849495589360
3777.815742703493
3778.636384221874
3779.582585785034
3780.216247013015
3780.879077132722
3781.212260731292
3781.707163924494
3782.622377867414
3783.331357180311
3783.918741305244
3784.814901593129
3785.348546749406
3786.514803904836
3787.066731722145
3787.743872277423
3788.342731324833
3789.115242462500
3789.764246967864
3790.247011691950
3791.492954351446
3791.945427186052
3792.239326259541
3793.246782323425
3793.689195857307
3794.048224750775
3795.568209024145
3796.434865354492
3796.996153086051
3797.474934234667
3798.117084834190
3799.042177574156
3799.623436196345
3800.151707283546
3800.515079141897
3801.514466187843
3802.456838178861
3802.983991513890
3803.664910160343
3804.518887306748
3805.348037948640
3805.615223491587
3806.767572908575
3807.328582937844
3808.249602352966
3808.662703060214
3809.346620796403
3809.971831622138
3810.454725811416
3811.296572491826
3811.991077817308
3812.646407888361
3813.606056331440
3814.606922817349
3815.363023787814
3815.920908491439
3816.137279883497
3816.855340390906
3817.648771443447
3818.430021935622
3819.415188468967
3819.704099974863
3820.411275924752
3821.110258942727
3821.680068500188
3822.962079175455
3823.253179892315
3824.082836831790
3825.073959789628
3825.742029999496
3826.028361235329
3827.084224462025
3827.407111815277
3828.176720273066
3828.698795624717
3829.191089593929
3830.259780512431
3831.403077930580
3831.940318372478
3832.396581678828
3833.228653457374
3834.044696889778
3834.458792044840
3835.323826919015
3836.068434262826
3836.454675026386
3837.312512175561
3838.236290050629
3838.646282369792
3839.131878441708
3839.801205487680
3840.822821044208
3841.941368386364
3842.522447987462
3843.059959555088
3843.937757193059
3844.243988614306
3845.018921967777
3845.445657104408
3846.321776200765
3847.200962287937
3847.653647450415
3848.396899637358
3849.278293630785
3850.024555016922
3850.971128001069
3851.440771267296
3851.867618158095
3852.574990366736
3853.946472800187
3854.166298843075
3854.930232492074
3855.488556089643
3855.805139553344
3856.677064005277
3857.603840007515
3858.059611080403
3859.308551434200
3860.115733493126
3860.432796120990
3861.401175042582
3861.875154412283
3862.496553879963
3863.137094319676
3863.661293605002
3864.647852120682
3865.287143582955
3865.969643242986
3866.759639030010
3867.280017955070
3868.130241116774
3868.630619389885
3869.934723720701
3870.436329980937
3871.012226684392
3871.723368718635
3872.122741752017
3873.196860474106
3873.646068917391
3874.160421776253
3874.760470529371
3875.528014523476
3876.612408818775
3877.678496532340
3878.162906286781
3878.546344033423
3879.369562489981
3879.932675881620
3880.683186609988
3881.404092489392
3882.077180427871
3883.047578914771
3883.414812611958
3883.807235185524
3884.717065192158
3885.551765024845
3886.349014641718
3887.167868128216
3887.676227587574
3888.789315554205
3889.322709453305
3889.916999194180
3890.298937757902
3891.148664873572
3891.439117879208
3892.363837422027
3893.437696852595
3894.078773434346
3894.351203950822
3895.596969576663
3896.486936117637
3896.612050535890
3897.550699570319
3898.130145168613
3898.868539259028
3899.866347437365
3900.156384033756
3900.853743084764
3901.860929232456
3901.993375945813
3902.713695206211
3903.434587220224
3904.863119369635
3905.430867731814
3906.184641869009
3906.626234611273
3907.273290636144
3907.678628038760
3908.855069363258
3909.239745282527
3909.844417702525
3910.538513291862
3911.368798518887
3912.212024348862
3912.857758989522
3913.680301968490
3914.043472220207
3915.086976847376
3915.654304459409
3916.617686419313
3917.193822954862
3917.745529257558
3918.422325719760
3918.807701341419
3919.737392822686
3920.249339274018
3920.869230905205
3922.318514734837
3922.510816397324
3923.661435656086
3924.054769675157
3925.026318461412
3925.464651597536
3925.906639994396
3926.395829713443
3927.671023559677
3928.293368481314
3929.018659503440
3929.298199413809
3930.055153706178
3930.750100014747
3931.960836355220
3932.360062797422
3933.407692243662
3933.847901863599
3934.539968567128
3935.416680520691
3935.873396506877
3936.479838235457
3936.903004057789
3937.886799105076
3938.351191419143
3939.216422509679
3940.321989781006
3941.072945345030
3941.577120354375
3942.074761993396
3942.778120678153
3943.562727634212
3944.440795633027
3944.991872651613
3945.651586508475
3946.118661584921
3947.029796073351
3947.561963528297
3948.300323884640
3948.944957237090
3949.640651693010
3950.982730178506
3951.623489264697
3952.203319010014
3952.344350616066
3953.499932302935
3953.849427082058
3954.423321250510
3955.288605102738
3956.046046934384
3956.746416343914
3957.498400803845
3958.060274397462
3958.967788558050
3960.021425713120
3960.165081181935
3960.888386101990
3961.913327359492
3962.282144814165
3963.242466697538
3963.943296141722
3964.518412158661
3964.787094393642
3965.397474880976
3966.250302525158
3967.600328256079
3968.017618644523
3968.998799592860
3969.358512459859
3970.184506698045
3970.937338114170
3971.277914989153
3971.986209883255
3972.752802793588
3973.434822685186
3974.205947125070
3975.011013468270
3975.375345783245
3976.311885723396
3976.961003277220
3977.855326813337
3978.292904297013
3979.602734421774
3979.988460573255
3980.657195865242
3980.968420551605
3981.683367421379
3982.628704505030
3983.050127997745
3983.966569123907
3984.169208271574
3985.528856985549
3986.400568630267
3987.019247468450
3987.732288537941
3988.022042362889
3988.687248227710
3989.504579747859
3990.361388158751
3991.081464397355
3991.689662133164
3992.072134674662
3992.943105451077
3993.635480336293
3994.062627916122
3995.299125623750
3996.132272051305
3996.696288912858
3997.226396210828
3998.155375199245
3998.864251227280
3999.087671503744
4000.068325979137
4000.282790060224
4000.992451609892
4002.307908593209
4002.724564804546
4003.566328970602
4004.375972485688
4004.686639936533
4005.826461292959
4006.385342882942
4006.998517354383
4007.577128175389
4008.470997272369
4009.259307617743
4009.580391961866
4010.376294890164
4010.839540939883
4011.777170499707
4012.086321945218
4013.632027264700
4014.123532087355
4015.008841260872
4015.529013008297
4015.940339899909
4016.549021302466
4017.353604137671
4017.960302924897
4018.808475074929
4019.581649692356
4020.091840000207
4020.446322136829
4021.943464688294
4022.371742929176
4022.965721264532
4023.541258428060
4024.493717746588
4025.399549339319
4025.900038601355
4026.648887802197
4026.927373721755
4027.711561541005
4028.399146368491
4028.835939699247
4029.852968321729
4030.643158816394
4031.669020252608
4032.196830966788
4032.861039335108
4033.529866496312
4034.086213656706
4034.859078340292
4035.436824292130
4035.963027774599
4036.909797400539
4037.863115572542
4038.173747569613
4038.805049679901
4039.291859372757
4040.391276491863
4041.280921621350
4042.116907420821
4042.679588293694
4043.118525981427
4044.049657868062
4044.379747770435
4045.390425300814
4045.842730356734
4046.157250009940
4047.141799801154
4047.964528708158
4048.917403372201
4049.558626570321
4050.293627706421
4051.011494645370
4051.519471768820
4051.901811928443
4052.990966363261
4054.037794252584
4054.213864744785
4054.796284668020
4055.681845487885
4056.002795580030
4056.940834771585
4057.677351066673
4058.491719238657
4059.241021807885
4060.230096449341
4060.776001373137
4061.502890888009
4061.896707021580
4062.589575764675
4062.808373555018
4064.118894910846
4064.668893663573
4065.219481428028
4066.223302455500
4066.663909558279
4067.587080633261
4068.258890673910
4069.081472990188
4069.531146266219
4070.492603778842
4070.978755047023
4071.810629758836
4072.308406570994
4073.123058963331
4073.684444969022
4074.153960734096
4074.700801466392
4075.624342529045
4077.227499770915
4077.536069026131
4077.858206822072
4078.605925739065
4079.370241752473
4080.158603898508
4080.593175225010
4081.208590401765
4082.155335346678
4082.671535706952
4083.391428179921
4084.303447567235
4084.599347152272
4085.630422785919
4086.275194275442
4086.955448622581
4088.051156251810
4088.484646590041
4089.134722284622
