26.277527599915
27.444794227025
27.741521659953
28.631510751905
29.368505030488
30.034378996190
31.111655989661
31.771900141162
32.329253191013
32.608259646637
33.676200920342
34.447688405505
35.024971770422
35.468202608868
36.911644021672
37.980570269049
38.123321887010
39.082885888425
39.506290721468
40.003191456873
40.898518062039
41.620348009623
42.432350033738
43.052285982569
43.848969738403
44.201629578143
45.247807487757
46.049380874031
46.648225595960
47.592808081000
48.218476911648
48.677881108619
49.720704224285
50.269547238225
50.763075940099
51.420762061655
51.838674890661
52.469833998904
53.905289083127
54.454264060709
55.102952958756
56.004716887644
56.370181944347
57.134276635939
57.964954079268
58.261664048485
59.291833236586
59.516531233293
60.789736908297
61.282132624641
61.535749936794
62.301035521190
63.340034984330
63.726480262492
64.721902151541
65.662011471258
66.299620049149
66.829832463383
67.227785537961
67.927106530810
68.434134755100
69.399120515123
69.785942499485
70.539040965259
71.446616746386
71.732741429550
72.967747929462
73.836818562265
74.182489828539
74.469206960616
75.202337485476
76.346453667143
76.718692190263
77.629303124201
78.175668055595
78.365178616840
79.401415814040
79.745982121706
80.418312038377
81.296475842136
82.240400965373
83.122193869567
83.424979579765
84.145990059626
84.769766269273
85.595521108993
85.819045353809
86.500643052076
87.149657562077
87.749280403022
88.768220781633
89.306571384858
89.988231634128
90.548148337148
91.038146401952
92.098507293618
92.847236753537
93.229711127969
94.058850101792
94.513431457566
95.308625778719
95.863855775780
96.389724358011
97.029642248668
97.575876271251
98.148370368514
98.777831677171
100.049417590526
100.740196254262
101.143797762648
101.855908788572
102.424114006111
102.957379273819
103.548399831851
103.936315532999
105.231511003360
105.725962992553
106.086951702030
106.458445370228
107.459591744950
108.078376047004
108.714306807411
109.638038168109
109.978717454589
110.731503572232
111.730260273537
112.193877137934
112.904414869525
113.108490676926
113.924613217316
114.200185055408
114.969577401277
115.734373184424
116.475935120733
116.895012665951
118.003642176368
