7.631136881179
8.876691303680
10.145159429201
10.650834643989
13.010693356924
14.023722888393
14.917812455750
16.033054653991
17.531408739936
18.122617014815
19.317009263881
20.380823530251
21.074385337534
22.889669295423
24.065701631437
25.177298025702
25.755940961525
26.717206507755
27.378930702393
29.183464670873
29.603203353887
30.859154597709
32.208680754069
33.214846437064
33.744320257008
35.129545342107
36.285612794347
36.759664963535
37.578477203398
38.394117977657
39.782073042249
41.331396871986
42.207083811341
42.558081251581
43.878482919106
44.543468656137
45.432989427355
46.682250644736
47.183522464802
48.624352275233
49.325069050162
50.134675827779
51.768152233614
52.562011338156
53.169079125685
53.924046999138
55.037040142701
55.549577626026
56.608641667178
57.627954767795
