8.934869505093
10.116567863782
11.013183467013
12.149272017206
13.048603725641
14.598816125376
15.536063597344
16.694349291038
17.800185955228
19.587427859865
20.375724512133
20.957506629245
22.445829255015
23.092838417734
23.824554164089
25.345395627198
27.222174066468
27.465004511675
28.549662707217
29.502606897795
30.572849454688
31.738490060970
32.626021080738
33.109613880320
34.384354652522
35.792465696575
36.654402581735
37.965721696903
38.853540091402
39.407185323058
40.234301590976
40.966793014949
42.670690103470
43.098281188650
44.484969795627
45.428403617812
46.543753503188
46.967501715877
48.298067428472
49.431118426862
49.617725097369
51.128939055505
51.437251061277
52.314143406621
54.315441513297
55.009558627232
55.861788795428
56.375006394609
57.390432392929
58.330475593570
