1911.208478184391
1912.098021726425
1912.568050070683
1913.899604673082
1914.688796462299
1915.350404397347
1916.592769429189
1917.039576094613
1917.607615806888
1918.358789651680
1918.924288626888
1920.180010342203
1920.999643949646
1921.226539606698
1922.277248127459
1922.632594493076
1923.871980409743
1924.810869390784
1925.625688767540
1926.470674783019
1927.208561112924
1927.493442323477
1928.509972420000
1929.255600008259
1929.771062894584
1930.475897433985
1931.439889224733
1932.584376873651
1933.433385933485
1934.076236625756
1934.534347018840
1935.313070423627
1936.630434405879
1937.016408617975
1937.706963166539
1938.578097048849
1939.082938046394
1940.096517395153
1940.496029320826
1941.425393802308
1942.609281661900
1943.584298030201
1944.263293001300
1944.723724517307
1945.622846094610
1946.231385403637
1946.646424742632
1947.645004621878
1948.769526924605
1949.290384967650
1949.984067880584
1950.742593445862
1952.167982361257
1952.329357923596
1953.383046367021
1953.925217574409
1954.933482242997
1955.685895484853
1956.538866773579
1956.916164061845
1957.231696225624
1958.448156489073
1959.200648214170
1960.673838631713
1961.129002945014
1961.771592836971
1962.707760161678
1963.196492047304
1963.924062118823
1964.728539440278
1965.639189101065
1966.233808550433
1966.921163851888
1967.972481651462
1968.491386202104
1969.479671899764
1970.000154483393
1971.401827438044
1972.168979019641
1972.513511880285
1973.342133312863
1973.808851688252
1974.685370322498
1975.506630746282
1976.188672874751
1976.788481153176
1978.217355419718
1978.928586980745
1979.609920234574
1980.303414490982
1981.135125949845
1981.390756847299
1982.830585818345
1983.248086904318
1984.149693361373
1984.869040980786
1985.277688738182
1985.967984319796
1987.153097070169
1988.509404032484
1988.677705893405
1989.565327205741
1990.484233749194
1991.156323493852
1991.710125425711
1992.421367266148
1992.847338009009
1993.993769376972
1995.140773406442
1995.453674666077
1996.470428574212
1997.245335987088
1998.096518159712
1998.700452177944
1999.564051222764
2000.557315540660
2000.992525926079
2001.650071009603
2002.526246827265
2003.164674828815
2003.774311376970
2004.634725792621
2005.813470189812
2006.868148742343
2007.683849111200
2007.885477658310
2008.561353759383
2009.257656543029
2010.373312453556
2010.896414227622
2011.960218448363
2012.272645308210
2013.119172830328
2014.227186449569
2015.102310488997
2015.408998175469
2016.659836888809
2017.287038862609
2018.331539116449
2018.699414879959
2019.390835319502
2020.272975603859
2020.658407601462
2021.318188456588
2022.654917981959
2023.550244221687
2024.272706909255
2025.164433236874
2025.467066427507
2026.841941817331
2027.008694560890
2027.732383684220
2028.613734853011
2029.719269935505
2030.296029751489
2030.701568537060
2031.621054390261
2032.245307764917
2033.668052815212
2034.394921254021
2035.058498764484
2035.772946142154
2036.381007481599
2037.269647300253
2037.611550355179
2038.560449692450
2039.275737086140
2040.147302630520
2040.905034483287
2042.126304125438
2042.925406752881
2043.133801454461
2044.031860512706
2044.748163046769
2045.888510437299
2046.691702744498
2047.125637406135
2047.473937703979
2048.529886313314
2049.304485905889
2050.027435954186
2051.048179744884
2052.184469626316
2052.676696800216
2053.579238074418
2054.122692081130
2054.684235026424
2055.345265662412
2056.233575738306
2057.081625265162
2057.845212505194
2058.726605743346
2059.342600766111
2060.081877563146
2061.238440645116
2061.746826659582
2062.792212622385
2063.315548332482
2063.940589166632
2064.980233874029
2065.554896170813
2066.098362951935
2066.803539147884
2067.320253189113
2069.229850638079
2069.515761989807
2070.421891051610
2070.923003812290
2071.785221497265
2072.417347445710
2073.072042879729
2074.206617083696
2074.552069981962
2075.509883592989
2076.273868063337
2076.736311966848
2077.887731167771
2078.904269153818
2079.062258559236
2080.620189501157
2081.101479542450
2081.840243567352
2082.369925284917
2082.974298486993
2083.569902613720
2084.676949350040
2085.419371026717
2086.149578997594
2087.147799909251
2088.051988494331
2088.930231453749
2089.274899999118
2089.809585030836
2090.987932458128
2091.645219536483
2092.480249074702
2093.186886300443
2093.725995573672
2094.400449779144
2095.116303912831
2096.270508069827
2097.403114767664
2098.098805870369
2098.647728136089
2099.079804700075
2100.218214752871
2100.787966728039
2101.404601489412
2101.963593644919
2103.001178519376
2103.874266114033
2104.866333235290
2105.419745150736
2106.125610411383
2106.913073691258
2107.872636845676
2108.786790591624
2109.092170386080
2110.152580211059
2110.635423519522
2111.300539838340
2112.122981838107
2112.684776999278
2113.761725714444
2114.865546709829
2115.630681953158
2116.333432737701
2117.154813273212
2117.444763465941
2118.274419880014
2118.803574744007
2120.227266134116
2120.718377899671
2121.357154956747
2121.765397809351
2123.142130524730
2123.748416791475
2124.793178862351
2125.241338367517
2126.131461326024
2127.237399893128
2127.606528450164
2128.171479490721
2128.952073946569
2129.587241992923
2130.264958881441
2131.325633193929
2132.510887778080
2133.141214924598
2133.820034383632
2134.431773931778
2135.176245092639
2136.097625273377
2136.677992345807
2137.563497417234
2138.108885756676
2138.937178753030
2139.867613467661
2140.421107003738
2140.860006144490
2142.274446599950
2143.419004437371
2143.682292848730
2144.622096871114
2145.117636939231
2145.626472250366
2146.690139565301
2147.344131696072
2147.736743278918
2149.228586562148
2149.392740373679
2150.766051675126
2151.331222867470
2152.246759348569
2152.720604469053
2153.379227619758
2154.397955425920
2155.461182692007
2155.686709384576
2156.593199317083
2157.057997343585
2157.578358002316
2158.836296257957
2159.913415266983
2160.580682876584
2161.253068221882
2162.335496346108
2162.712245360553
2163.362806820753
2164.125985864374
2164.602075511823
2165.782190983759
2166.456197104711
2167.409933716814
2167.669560940633
2169.084247727307
2169.416517407528
2170.317727719261
2171.403413449921
2172.104450021418
2172.578539470071
2173.229640605926
2174.104760862575
2174.793131158840
2175.416460375279
2176.037045373685
2176.996921900127
2178.582811053697
2178.990366907595
2179.454555601646
2180.194780662381
2180.852647458180
2181.700111704298
2182.617777073130
2183.248722438957
2183.887482508712
2184.826670462300
2185.198103667826
2186.276616028444
2187.147191992599
2187.839520723061
2189.022025454091
2189.417096744673
2190.219614759622
2191.180314085653
2191.557455200515
2192.018640840169
2192.735228425445
2193.926664095939
2194.660038358073
2195.686238794979
2196.159977021986
2197.096833699380
2198.054025542702
2198.482138489406
2199.115704191754
2199.947857678549
2201.044677067714
2201.459369067548
2202.379673223610
2202.686408832734
2203.509319546749
2204.388721804619
2205.602528797811
2206.572579235251
2206.992474112536
2207.822562621108
2208.245878581030
2209.229589444353
2209.542915148740
2210.747552935962
2211.339257989129
2211.804259643463
2213.027970270276
2213.874610839662
2214.683507400182
2215.167639142589
2215.828549537444
2216.952199431017
2217.864769085202
2218.467646369462
2218.760260259558
2219.647661181341
2220.359502180179
2221.239784798086
2221.593038695788
2223.059487968993
2223.878863286261
2224.523630076566
2225.413342180155
2225.878072244021
2226.541776695537
2227.352923912876
2227.821607300265
2229.014305351196
2229.766421201948
2230.356846944246
2230.989781984889
2231.660214337920
2232.987263749706
2233.708222253054
2234.292478053045
2235.175516211451
2235.769840085176
2236.624107976327
2237.354492465794
2237.721668130246
2238.504363633117
2239.076959726018
2240.659297570834
2241.043531657948
2242.152461155383
2242.930903118309
2243.080504182687
2244.072618825435
2244.887910858389
2245.667785457676
2246.504825021120
2247.067076509844
2247.645166984076
2248.472670020510
2249.443870487596
2249.965277152345
2250.987007593768
2251.971658211715
2252.995085605789
2253.340420105671
2253.893992050656
2254.417996858219
2255.533100583590
2255.851955417364
2257.107817364241
2257.597754921100
2258.371932116436
2259.527779017668
2260.282757786217
2260.761020230687
2261.538727730300
2262.471483244716
2263.014814866141
2263.969700323741
2264.689460627865
2265.374617589514
2265.739301052714
2266.607465897360
2267.164457664842
2268.882781922654
2269.397822277102
2270.145249586323
2270.531543960665
2271.549247245566
2272.357245497521
2272.731389395738
2273.420022553313
2274.280347556219
2275.335912852428
2275.856390139531
2276.675184286195
2277.506498576931
2278.148274025308
2279.190833387031
2279.857579455494
2280.776313224096
2281.413361693908
2281.991681068250
2282.701361314080
2283.194754501134
2284.178886238232
2284.853366863905
2285.618088433755
2286.817359331998
2287.769316925506
2288.168221318225
2289.107192738756
2289.558272335651
2289.808829882466
2291.417769802526
2291.906438025391
2292.664517589948
2293.107023639632
2293.958597379893
2294.698403480669
2295.842736390266
2296.373137898465
2297.511307910719
2298.038481980433
2298.977977419322
2299.388662815153
2300.226318413729
2300.766207218559
2301.461714228648
2302.117325471914
2303.148775427343
2304.333492261138
2304.880561641535
2305.414380726853
2306.358886796648
2307.113449095993
2307.767586726221
2308.683339772659
2309.274854059686
2309.805747180083
2311.060074688160
2311.475985380189
2311.831027895443
2312.721439404171
2313.941746702793
2314.989454981324
2315.782958827712
2316.009177608465
2316.955638359246
2317.619110368871
2318.023410747870
2319.117733334236
2319.635926677394
2320.815555814938
2321.109687951463
2321.982785443432
2323.215902261783
2323.769276051249
2324.514218830519
2324.872575670741
2326.233398548942
2326.925759602675
2327.476601455874
2328.196119385652
2328.583933416995
2329.316368678314
2330.279307129760
2331.241043795514
2332.099174364550
2333.025424211134
2333.750580878393
2334.263858448100
2334.996012485388
2335.704179717629
2336.283632239272
2337.181470277151
2338.116692026174
2338.636273132208
2339.495767515103
2340.092021059050
2340.974897836381
2341.718153034635
2343.043699137801
2343.685758444517
2343.832284373716
2344.989731463268
2345.332673047920
2346.425086686048
2346.935057142262
2347.382949067783
2348.282767029837
2349.502758688374
2350.502323548329
2351.083800167063
2351.513538765503
2352.333076949243
2353.138304625689
2353.850276774581
2354.633649211751
2355.709760844988
2355.932004732104
2356.508479297994
2357.595543722955
2358.103932488396
2359.241683713504
2360.279331397912
2360.591113074938
2361.838833591089
2362.300058241231
2363.160514707444
2363.302768898473
2364.061445092839
2365.001440305650
2366.083904474596
2366.621659854724
2367.343984502394
2368.237886949399
2369.336716337250
2369.635389160965
2370.559880321987
2371.170630113353
2372.082553058693
2372.982388427285
2373.390939953223
2374.002775738249
2375.067408233338
2375.280729963630
2376.084709029147
2377.767310933096
2378.221345794123
2379.090819105127
2379.619074035438
2380.058721275671
2380.965649204865
2381.863802769226
2382.408035916764
2383.147186310183
2383.838049765378
2384.828623042076
2385.608432924225
2386.230573576700
2387.098801139593
2387.744359776048
2388.879089544580
2389.742413973089
2389.917027763213
2390.928312612315
2391.316120691004
2392.328941204050
2392.598884599090
2393.645233977404
2394.627595944605
2395.657695052570
2396.088005251342
2397.251740757652
2397.702253237190
2398.259244347684
2398.954105678385
2399.683211071020
2400.778393675323
2401.554641670740
2401.987718838630
2402.618310128656
2403.156937068414
2404.670096417521
2405.187179973224
2406.097782007429
2406.900391565062
2407.452862712730
2408.175431652897
2409.081298178614
2409.388525930100
2409.994855576618
2411.057183561582
2411.715094764273
2412.742846389724
2413.714742605830
2414.333078977917
2414.873540860434
2415.581532354507
2416.436930358415
2417.509792686942
2418.057321736454
2418.380058179705
2419.404184487361
2420.061484289276
2420.688512306419
2421.668823346188
2422.057662084806
2423.705071008359
2424.304040871309
2424.908608179781
2425.383746616236
2426.187249360391
2426.817940104296
2427.445480488214
2428.456232262860
2429.238379036825
2429.747187098298
2430.711799263182
2431.456414530873
2432.305922312185
2433.236156707394
2433.632179353846
2434.625735441398
2435.202906275209
2436.320805727950
2436.705388198997
2437.309730298593
2437.976204918361
2438.407653240275
2439.726659108092
2440.843208826680
2441.599253594617
2441.861146291041
2442.920938381024
2443.664319153059
2444.259646542709
2444.640980174917
2445.804610088206
2446.433309546383
2447.239850099638
2447.947316319954
2448.509434996736
2449.609421069505
2450.029129020912
2451.343252722852
2451.847624468570
2453.050128372158
2453.250315258499
2453.868775301155
2454.467854656483
2455.509427624042
2456.111636011005
2456.724237184029
2457.606669733635
2458.686078181260
2459.698091245173
2460.263645958882
2460.652606361452
2461.369816839870
2462.189150498770
2463.297678323227
2463.819960583405
2464.465476236608
2465.099742919018
2465.875218190600
2466.457642674427
2467.382560562741
2468.633650288538
2469.211222557704
2469.935389729772
2470.694114774003
2471.435529781468
2471.897299297081
2472.809381063600
2473.181083329109
2473.849715499429
2475.393804087586
2475.722116369321
2476.388743761890
2477.461756328578
2477.975447941949
2478.950115957286
2479.705002686779
2480.266923456199
2481.071214064390
2481.846257680671
2482.577574626828
2483.055019466440
2483.927162529034
2484.219128753293
2485.553510485125
2486.598182212833
2487.350228995067
2488.098443460690
2488.577050866882
2489.077494599248
2489.933811551854
2490.650333898544
2491.638818439039
2492.217756487906
2493.030340622109
2493.305485960787
2494.768760802678
2495.441904292739
2495.888331400456
2496.744009321517
2497.881952022984
2498.522807706514
2499.096673306001
2499.817551185883
2500.234333297356
2500.948205503897
2501.907055255893
2502.503059980944
2503.648789827485
2504.546002279857
2505.232648192677
2505.833984311710
2506.536808131778
2507.468658390394
2507.779671296042
2508.661926681277
2509.623715756407
2510.204405206626
2511.104400922434
2511.573483322948
2512.067284128357
2513.183345201827
2514.470064442274
2515.034889901947
2515.777753041782
2516.020854784168
2517.200559636377
2517.749517091694
2518.311532673860
2518.957069532024
2519.832038176406
2520.563522081456
2521.689211114202
2522.534872693611
2522.903599129563
2524.082468608808
2524.321367077622
2525.065589125753
2526.411270175197
2526.733564092144
2527.559704350344
2528.071764871308
2528.586603215530
2529.677659888837
2530.187194536739
2531.434963013511
2531.965476518377
2533.256967667689
2533.564177950539
2534.519141532858
2534.825594253096
2535.408135951765
2536.191450299807
2537.497833426905
2537.724231809614
2538.622582664760
2539.455296132182
2540.051175294363
2541.238013343309
2541.717972664546
2542.450418193411
2543.465023508579
2544.125879605881
2544.547498499083
2545.499759634490
2546.186965838099
2546.821646677545
2547.096051998146
2548.134981945629
2549.646120142146
2550.311800122321
2550.711715761348
2551.495470117404
2552.061851618105
2552.975395357376
2553.742136700215
2554.256566004661
2555.044705471956
2555.930225394800
2556.577014404222
2557.290991016468
2557.964215507848
2558.974892058004
2559.695730376637
2560.693799375738
2561.434592108169
2562.014626488580
2562.569704953461
2563.392949129787
2563.747583746015
2564.613729914935
2565.520327810123
2566.559212709533
2566.833239618275
2568.163962611602
2568.888644343521
2569.563399130810
2569.945432746162
2570.703445626017
2571.583512353515
2572.550879566228
2573.379721607948
2573.614377553969
2574.163656064391
2575.127743694866
2575.898972700192
2576.986518712074
2577.903809832078
2578.600800873378
2579.076347756829
2580.142410835751
2580.275107793773
2581.288303061084
2582.002606732096
2582.355838729924
2583.569732757187
2584.171987037522
2585.194951596826
2586.096294040969
2586.337029983133
2587.108890824443
2588.520183321300
2588.716854808072
2589.681658056652
2590.277967448063
2590.803546995295
2591.760918067761
2592.297323132750
2593.133124194795
2593.454287121015
2595.126485355236
2595.865607460267
2596.333942381715
2597.204334572452
2597.747001566333
2598.271388218655
2599.078372030498
2599.831533564622
2600.932599652192
2601.357498016308
2602.048862011338
2602.649344235013
2603.767474281933
2604.638046221130
2605.263095489348
2606.033324264693
2606.659528066376
2607.945060057990
2608.211479878420
2608.650000419555
2609.467713922967
2610.032400406079
2610.844228245645
2612.099421455842
2612.696531791243
2613.681333367556
2614.159261226539
2615.066279407805
2615.687582513759
2616.120935271511
2617.212932774318
2618.007573965885
2618.335758299337
2619.396099441124
2620.009173817160
2620.614196029927
2621.381279848328
2622.266615507699
2623.455411255988
2624.291459198243
2624.676476896871
2625.349550218088
2625.748335701348
2626.851619603756
2627.391019754768
2628.158305878776
2628.763753934879
2629.662607915625
2630.781814559515
2631.369851771126
2632.363367373436
2632.549393655022
2633.439710271938
2634.335104802812
2635.241327197905
2635.746517719455
2636.452422285389
2637.186014615356
2637.778329773290
2638.108114401481
2639.577777991576
2640.353369319011
2641.219804330291
2641.909625548998
2642.456517001912
2643.525076949726
2643.859459656938
2644.478526101848
2644.969185824201
2646.241759161841
2647.019249543081
2647.583539553841
2648.207281891719
2649.050631633474
2650.235694069778
2650.495050466761
2651.596619965294
2652.260275639183
2653.016480117258
2653.500674484043
2654.449036500325
2654.925621562314
2655.456169637262
2656.504208043066
2656.927567568731
2658.358564029902
2659.310185130945
2659.811415855729
2660.196265375882
2660.922590835088
2661.729418535670
2662.481661962015
2663.563618763016
2663.897144152932
2664.504313420419
2665.332717277613
2666.288336825703
2666.910274905662
2667.674795780726
2668.596409981609
2669.595715897553
2670.193483396818
2670.779664764733
2671.479800481959
2672.167726700479
2672.527584755610
2673.517304424026
2674.209320184666
2675.235818764553
2676.099483133742
2676.703082868626
2677.481474545657
2678.416764145502
2678.846793079374
2679.769131166911
2680.063302725949
2681.315198175307
2681.984348000276
2682.543763690468
2683.168727356867
2683.744754775088
2684.430797795169
2686.014021770042
2686.743158926794
2686.995902718449
2688.040407911149
2688.752826700773
2689.036894441699
2690.110161908943
2690.478641514541
2691.398512811091
2692.165385264375
2692.941716511355
2693.724786516480
2694.756994838890
2695.302713552338
2695.949562733919
2696.563017559441
2697.864039342120
2698.383316136599
2699.084964198171
2699.505528257514
2700.101950548663
2701.065654532400
2701.939699461600
2702.152826631334
2703.733101657965
2704.193171047394
2705.455692379878
2705.840564122454
2706.160081324650
2707.037998644315
2707.680259424233
2708.639879795784
2709.204297943405
2710.328540830139
2710.636205424008
2711.279893270195
2712.290891334466
2713.063737369726
2714.022310440027
2714.811440888378
2715.333952679821
2716.107429340336
2716.773159682396
2717.692110376554
2718.087819322296
2718.733531451981
2719.131623092890
2720.537587251648
2721.518789344014
2722.203848234233
2722.710177910408
2723.544479735313
2724.173034084857
2724.947915467325
2725.768320271372
2726.241793834550
2727.348628972404
2727.736059210256
2728.548914154591
2729.062662789340
2730.074126293565
2730.775525301598
2731.739599900808
2732.754109860173
2733.381905535344
2733.896156789237
2734.591117393873
2735.117223842176
2735.682225742106
2736.775740817948
2737.555287207594
2738.153579253098
2738.753036670355
2740.171740867076
2740.620196755349
2741.284214004265
2742.039585885691
2742.503523923189
2743.763616752122
2744.377510797026
2744.882538422689
2745.656999256526
2746.188036278143
2746.825403168251
2747.644465445296
2748.704193800421
2750.030288165922
2750.256874239545
2750.836272663610
2751.655044982925
2752.579640774139
2752.982329332035
2753.564502956444
2754.541242168202
2755.080210040490
2756.211098629894
2756.784596759204
2757.576792830277
2758.005591197836
2759.211952823161
2759.930774552773
2760.750375755611
2761.398865087498
2761.961726223818
2762.695088361591
2763.370883140511
2764.171875811377
2764.494563602002
2765.467570163315
2766.456107124618
2767.541746662451
2768.121677928938
2768.832462074065
2769.493938020148
2770.230975437179
2770.328274886018
2771.792787968950
2772.681175552539
2772.845424499606
2773.723508494182
2774.281193413551
2775.090769585596
2776.398384646959
2776.735666569164
2777.587069484804
2778.582033972214
2779.245612037861
2779.938037994424
2780.403820940327
2780.910644055502
2781.935506767575
2782.249482494331
2783.518694789036
2784.193814997167
2785.069579278148
2785.927995891972
2786.383828614876
2787.232375816256
2787.841399078835
2788.901223445949
2789.303079493243
2790.037617931724
2790.833320806282
2791.633519898342
2792.220485922558
2792.668490018073
2793.473734381651
2794.964967146978
2795.731681426239
2796.191224096056
2797.014299084321
2797.177999313804
2798.288784094422
2799.018437255681
2799.440334215170
2800.341260075474
2801.159873356405
2801.932438198747
2802.547003700580
2803.819567817441
2804.129809720139
2804.794994300806
2805.786568459831
2806.491378327219
2807.251668321348
2808.216877649286
2808.528355347664
2808.831909271630
2809.849652099761
2810.514499019888
2811.642765545054
2812.469055576498
2813.162011595761
2814.021093013553
2814.787170767822
2815.317191296162
2815.774823066694
2816.585855106757
2817.262852557946
2818.498744623125
2819.053734415708
2819.234050712193
2820.354378854212
2821.098923905890
2821.874552755540
2822.828393426525
2823.749107003173
2824.240658249882
2824.867763588723
2825.654070638009
2826.215450307614
2826.924494001763
2827.785899038193
2828.117135273774
2828.980064839606
2830.619208021673
2830.832936601023
2831.767506068323
2832.178557499829
2832.771346444237
2833.892144940573
2834.451466706063
2835.366682119592
2835.839725369510
2836.508657994020
2837.273751961371
2838.117873919607
2838.534415398035
2839.635972229138
2840.736436868546
2841.229480371781
2842.067610129365
2842.863872304151
2843.205629144300
2844.058814032152
2844.374979477450
2845.270993716004
2846.400464013589
2846.895125529930
2847.850620537811
2848.289678471265
2849.404075624420
2850.283375863037
2850.767643522985
2851.163166817180
2852.365079267270
2852.999067675397
2853.763265506194
2854.348923423740
2854.942246910933
2855.433537773461
2856.248852725275
2857.517998511742
2858.394888744165
2859.076001665738
2859.741327555140
2860.296353333899
2860.971789320723
2861.639173731602
2862.512112494568
2863.082251896499
2864.048144617645
2864.341079112062
2865.640009854399
2866.070717920749
2867.041898944527
2867.581218755437
2868.320319291897
2869.649935185662
2870.152114698279
2870.623678612597
2871.038963075402
2872.135709250845
2872.620318054847
2873.266703868134
2874.112819986379
2874.926812363451
2876.031532350545
2876.946436578593
2877.275863859778
2878.012011058381
2878.838142472277
2879.216077951762
2880.083492974868
2881.085239423717
2881.647039765285
2882.556693139595
2882.884912217574
2883.369545073684
2884.655018667900
2885.542985108006
2886.417892421296
2886.892678703898
2887.642105968289
2888.438266499867
2889.159099495836
2889.758571475620
2890.195630382268
2890.725988601537
2892.128512563667
2892.571306369678
2893.712994963358
2894.223452979034
2895.196762426302
2895.475632111230
2896.597441585161
2897.023290334746
2898.101348177782
2898.634830966531
2899.351890002602
2899.836643583891
2900.663103742096
2901.500227950550
2901.968853611381
2902.946426575887
2904.251572811091
2904.816017380486
2905.502650557836
2905.892913815385
2906.786377689871
2906.953182296743
2908.280604279044
2908.855598002613
2909.534446990462
2910.299777653236
2910.922847015900
2912.210466161134
2912.603427300032
2913.241313259438
2914.319551200655
2914.744338228998
2915.757943667308
2916.478309081376
2916.947506012490
2917.658878062729
2918.220499699759
2918.922135617434
2919.536815241189
2921.259287935387
2921.559317953610
2922.212960322284
2922.975539956025
2923.875915084186
2924.335419833089
2925.051488668031
2925.671699535626
2926.411717040110
2927.475429024190
2928.020005913136
2928.761022943347
2929.126393366594
2930.286420576575
2931.033396039481
2932.192739354655
2932.472002239821
2933.424866529665
2934.057408563471
2934.542812233837
2935.153598742916
2936.131799278948
2936.588750245170
2937.350378007957
2938.401404073102
2939.130622124182
2940.295731575475
2940.753621811054
2941.270412488748
2941.693891563034
2942.743018320209
2943.790321682416
2944.380821495151
2944.750497754650
2945.695931673753
2945.968832006463
2947.110058495510
2947.772378656764
2948.778707101230
2949.512605707571
2950.548936661928
2950.964289727794
2951.568265012516
2952.399136631330
2952.811521348423
2953.615869467632
2954.187100546865
2955.285001712917
2956.054078065756
2956.685250951688
2957.568248085367
2958.124214570471
2959.088373792068
2959.711932231847
2960.710900422848
2961.018514394504
2961.751947620915
2962.806618061996
2963.301406527713
2963.863881173414
2964.394144399126
2965.142389965800
2966.566811001731
2967.417531113771
2967.990728937939
2968.546564187579
2969.085763436658
2970.121712897027
2970.484296749790
2971.166938746750
2972.313768344153
2972.885379851360
2973.275442563621
2974.308181519977
2975.040442447784
2976.063237042433
2976.497126628173
2977.214401997995
2978.311555252818
2979.060820755492
2979.644219788288
2980.074895942077
2980.857062067213
2981.177517091071
2982.320360552275
2983.149045563660
2983.705330566332
2984.951296936787
2985.560969353236
2986.232159879273
2986.961395161920
2987.597783854828
2987.964563545203
2989.104057682875
2989.822103505628
2990.584855885988
2990.988099037301
2991.965768683449
2992.437941027331
2993.082503019275
2994.564202918744
2995.075737142756
2996.038987359154
2996.404454166782
2996.912014102641
2997.986688995969
2998.521043028143
2999.081047280691
2999.799949714528
3000.410099496071
3001.593132608480
3002.567767738276
3003.052485161930
3003.619526849412
3004.594534687171
3005.042837116077
3006.046045656646
3006.747389973999
3007.541131015828
3007.901901358739
3008.751724609715
3009.418778269625
3009.950587384640
3010.856882438704
3011.935743866204
3012.729822750459
3013.376969940872
3014.393758733429
3014.893157956367
3015.179492804004
3015.922905521066
3016.672718530712
3017.598035414182
3018.558398617074
3019.062877948256
3019.417751376207
3020.595959394877
3021.553766932977
3022.211550795063
3022.561585338829
3023.724739517700
3024.315331164238
3025.149122752012
3025.671709812045
3026.309120416747
3026.937116107308
3027.615814975117
3028.199735912124
3029.542554842254
3030.481575608280
3031.040051073585
3031.657962624318
3032.276883327249
3032.834838342565
3033.969837543916
3034.423555485660
3035.049281325412
3035.813829953735
3036.834038058249
3037.156598685734
3038.110370832522
3038.857680209758
3039.351870997290
3040.818074707880
3041.394052544355
3041.842171082299
3042.633388053015
3043.239874632760
3043.786118110325
3044.679959546258
3045.121999749973
3046.036134004991
3046.990282504469
3047.643349748053
3048.703439857240
3049.305265038185
3049.939360120943
3050.617744602002
3051.144933022175
3051.998379445800
3053.026040938529
3053.730495212678
3054.136086319334
3054.612835345779
3055.305322110776
3056.421270073750
3057.281094553289
3058.345392355018
3058.671485358727
3059.462855187513
3060.478872894261
3060.769038855454
3061.453994376677
3061.980518402356
3062.872282013980
3063.700477407559
3064.477531384739
3065.173587151152
3066.264239513938
3066.556819936352
3067.510454286631
3068.068937790299
3069.270520653334
3069.615133272768
3070.569254069819
3070.943984317588
3071.514421559295
3072.785588827776
3072.946342082629
3073.592585769274
3074.542009828823
3075.967048151817
3076.617739034210
3077.031755555918
3077.652753618341
3078.364375938738
3078.963659866109
3079.730613071947
3080.839692685956
3081.085833086069
3081.922225126122
3082.817021800418
3083.248184809610
3084.291588323255
3085.102176084942
3085.904561880667
3086.375144907327
3087.445402686876
3088.128100187278
3088.550750100860
3089.513716702347
3089.813318565672
3090.284033744069
3091.315885680812
3092.498382692532
3093.142103065396
3093.856902284918
3094.546077310747
3095.528218130038
3095.871926583059
3096.821763776228
3097.013704832410
3098.326575233535
3098.822399949790
3099.560674327769
3100.303145144488
3100.823177719287
3101.391335132067
3102.758878768634
3103.202830380891
3104.564630723133
3104.844259108930
3105.585483907428
3105.955872065249
3106.787425381277
3107.657339478427
3108.062625565207
3109.063370782189
3109.563435260872
3110.439822123477
3111.746877451119
3112.105607657107
3112.889085280450
3113.198270791887
3114.166646965749
3115.338829269739
3115.679889547554
3116.421300936413
3117.010817934783
3117.680333441859
3118.331925523412
3119.071488091776
3119.910598973240
3121.113289155779
3121.710971787634
3122.454558448174
3123.139774892757
3123.627794313474
3124.616454936516
3124.962022441528
3125.392755341150
3126.709501045900
3127.399398562322
3128.142840106744
3128.521076808670
3129.489472210124
3130.331126489099
3131.202625793886
3131.912838579760
3132.544307491355
3133.120611062632
3134.100124255512
3134.740703190311
3135.221331277700
3135.702767109776
3136.674467617155
3137.150757221941
3138.691626195222
3139.222386578011
3139.991334371031
3140.606932842830
3141.236088806911
3141.720690525570
3142.650031287719
3143.446719083217
3144.242981441964
3144.784771024610
3145.281295525005
3146.138224903556
3147.286937666770
3147.557116635890
3148.451391930924
3149.484304393532
3150.248266878564
3150.966958627835
3151.709077323158
3151.791460221448
3152.597698055360
3153.458481184002
3154.274440722078
3154.797256518579
3155.819494936328
3156.736146918337
3157.298108650858
3158.288912262939
3158.702935184409
3159.421142220291
3160.104776921067
3161.084840054286
3161.456516013261
3162.662683229629
3162.945437688153
3163.566322056329
3164.348302366471
3164.752391558229
3166.495716862199
3167.048456402620
3167.580873159477
3168.218581678197
3169.023311181688
3169.685278379769
3170.307124705103
3171.004606328439
3171.490535574687
3172.406836258175
3173.492903171375
3173.914491140988
3174.743723600672
3175.761647153598
3176.055137753006
3176.979462955978
3177.738255961552
3178.736562926341
3179.275260649039
3179.629387739002
3180.510069371097
3181.084216034447
3181.731896257553
3182.662707336737
3183.399103672087
3184.351684825284
3185.376515555663
3185.935964125026
3186.627134417788
3186.921062975211
3187.625213484525
3188.441722972005
3189.473558138624
3190.053976053084
3190.792651208432
3191.145070982457
3192.105573422976
3193.032339804927
3193.798291861465
3194.436137378557
3195.371108354803
3196.281684435774
3196.399738344622
3197.420472423722
3198.083669929834
3198.647011472880
3199.174606940706
3199.784077021746
3201.034005291112
3201.878331749527
3202.905038060675
3203.257604590164
3203.516214061719
3204.928613323231
3205.334555736359
3205.945141493280
3206.901834218177
3207.348536899472
3208.281968379476
3208.928838975884
3209.597230920101
3210.024490127696
3211.111312162619
3212.079029676931
3213.074293789259
3213.513508384974
3214.087999114724
3215.059372200266
3215.201839812704
3216.156630141842
3216.610866554824
3217.791141639831
3218.438230058305
3218.836576939984
3220.013271392343
3220.880604956778
3221.478098852458
3222.141846622858
3222.671230855301
3223.394820705943
3224.819921550948
3224.974402711735
3225.624293010044
3226.162024924693
3226.902987266224
3227.594345534116
3228.497452574755
3229.649934367734
3230.206218390121
3231.261048177817
3231.402879536030
3232.471991495480
3232.912798903437
3233.483845142340
3234.347792017758
3235.043123322855
3235.785565082822
3236.623885475349
3237.422531777284
3237.938580237419
3238.742587373749
3239.514608538164
3240.549362720177
3241.237944387708
3241.854031310008
3242.284992065933
3243.180463668833
3243.717824833721
3244.694410484838
3245.109429324343
3245.427838497224
3246.936650325894
3247.979926150364
3248.331756333687
3249.213419840378
3249.720565408648
3250.305781680005
3250.994606552827
3252.033718746642
3252.491389762718
3253.517508158387
3253.925412120309
3254.527286952504
3255.205046105617
3256.345614363716
3257.095903370579
3257.762991956383
3258.544278442941
3259.410143279908
3260.096960909780
3260.733415047845
3261.058945585616
3261.755473830817
3262.426176623938
3263.486969372972
3264.255099344351
3265.066906834688
3265.565480767778
3266.805361355940
3267.326173539069
3267.589152039754
3268.673013485418
3269.468358852966
3269.883046188607
3271.009120808826
3271.322310914123
3272.128280159732
3272.687997158097
3273.430410344416
3274.133398549196
3275.535367811169
3276.428368660437
3276.583930468571
3277.379485915421
3277.850358631222
3278.691865500044
3279.504552770254
3280.094225784662
3280.661862835579
3281.653676100113
3282.157468480960
3283.455445162260
3283.764345825805
3284.681375874891
3285.102121969988
3286.154278642895
3287.082574101746
3287.433442197739
3288.283960728633
3288.946770928556
3289.445064960782
3289.935781791164
3290.964374986394
3291.560404614943
3292.890125282364
3293.392514196869
3294.130839677933
3294.940512249354
3295.607005339516
3296.169154351678
3296.680311692889
3297.245554144834
3298.676455367734
3299.064276520860
3299.674347818404
3300.341020865036
3300.965479937294
3302.038895842172
3302.933321769217
3303.587920713795
3304.211313110849
3305.170449516284
3305.552464002240
3306.490824606539
3306.742111597996
3307.837227144614
3307.964388356283
3309.105610556632
3309.768611027075
3311.177174828152
3311.602455566537
3312.135670372684
3312.905638108991
3313.430101523110
3314.261059846845
3315.297648256328
3315.827952120486
3316.383968010763
3316.822495003741
3318.142884577494
3318.344018446855
3319.150999900038
3320.036622872337
3321.102811138667
3321.816430164851
3322.791791469323
3322.920730793762
3323.567040302742
3324.387219025778
3325.026723992592
3325.595030999734
3326.616523579322
3327.313841595862
3328.037451294605
3328.821091886433
3329.604942816426
3330.406249616247
3331.233573273402
3331.489536278330
3332.425704641866
3333.356148224950
3333.873084661943
3334.697133809495
3335.233465334745
3335.739927254334
3336.119467536438
3337.620500364113
3338.732977398840
3338.888700151640
3340.066806482978
3340.281676799250
3341.186418479398
3342.014873066097
3342.205496232010
3343.217189622030
3343.868579035000
3344.794237594334
3345.387663626974
3345.986936207298
3347.060859622179
3347.720794228506
3348.138787971477
3349.281781181458
3350.189463249128
3350.687808208799
3351.346861118725
3351.701834901834
3352.530648263570
3353.343260342337
3353.892674449120
3354.747707312441
3355.391276739824
3356.704534706238
3357.412823972309
3357.905539262196
3358.575064914258
3358.919849654325
3359.964458777777
3360.591589967889
3361.572215136556
3362.075163362720
3362.774018096678
3363.334362931831
3363.984587277054
3365.042049834952
3365.706407663948
3366.936012867479
3367.354062159508
3367.809604530773
3368.785305439676
3369.553855105155
3370.099162717089
3370.322465532228
3371.365478468489
3371.825367187777
3373.294132368638
3373.703401979886
3374.472635688235
3375.280169715399
3375.773378235570
3376.880488362738
3377.231778110491
3378.058957977869
3378.791776065047
3379.524593706719
3380.231144320614
3380.711348110465
3381.398162774499
3382.221498664713
3382.803645519103
3384.272103344779
3384.750527138703
3385.516024344478
3386.209839830921
3386.730701790833
3387.167420608316
3387.876154982960
3389.013048395840
3389.584739982102
3390.151468534882
3390.875017487169
3391.708711863273
3392.764228179444
3393.428616033178
3393.796807967185
3394.566924024917
3395.729504237489
3396.241716246540
3397.063152050146
3397.449110215905
3397.947943039914
3398.931160896615
3399.366982741068
3400.168610637254
3401.500745924225
3402.130598649725
3402.762282647604
3403.477044407328
3404.112777739811
3404.848944242310
3405.401328077472
3406.146147205503
3406.803764303282
3407.654657795342
3408.578185474074
3409.023080424087
3409.577299401569
3410.322749694204
3411.535612738821
3412.234717188688
3413.016079420140
3413.661616089953
3414.071408336720
3414.854845538848
3415.784154183023
3416.132553595588
3416.698127974976
3417.546494389516
3418.507319414633
3419.353637765722
3420.237897465817
3420.967699351698
3421.366992088820
3422.162662634365
3422.599737740432
3423.701042237114
3424.499481894684
3425.072069298813
3425.705932333048
3426.053408793354
3426.994417938652
3427.753192830102
3428.807843530491
3429.333336626177
3430.230066690310
3431.339801190853
3431.679669832399
3432.049394769866
3433.090327676906
3433.379244794238
3434.012501234778
3435.220780175118
3435.923384740825
3436.291473643439
3437.412953893578
3438.180771072955
3438.686776478835
3439.581460092047
3440.248387556784
3441.042678696287
3441.713286451671
3442.291302601384
3443.094458850551
3443.842618314039
3444.272721432791
3445.006492651753
3445.407132892035
3446.952522164471
3447.965525700919
3448.446766210210
3448.642320254842
3449.571647392751
3450.292536942535
3451.060851686952
3451.579572341179
3452.276721078720
3453.353626895698
3453.602685611432
3454.539263787472
3455.569551521328
3455.767673708574
3456.980002371083
3457.504256446276
3458.392960935598
3459.217696915366
3459.816864024649
3460.492686574760
3460.908441646082
3461.476132494286
3462.306614952150
3463.197209408100
3463.899757907109
3464.929655862129
3465.468104244118
3466.496021476604
3467.113917769746
3467.640179549225
3468.114476975010
3468.786537093585
3470.057562854261
3470.490615974908
3471.229731530028
3471.773074085881
3472.321998092789
3473.199834102229
3474.099596430533
3475.012715279201
3476.054430664560
3476.174123562439
3477.151216590588
3477.911571224947
3478.086479282403
3479.169740369674
3479.759339701969
3480.240351725789
3481.004451824499
3482.228181111438
3482.905909957834
3483.748236546170
3484.054994475335
3484.960005537824
3485.481072510750
3486.797819870750
3487.124850301843
3487.641188092211
3488.460369510715
3489.220764799885
3489.750155641920
3490.585254945837
3490.944702452060
3492.224272541583
3493.172562250400
3493.913263413104
3494.327274244801
3495.224465091659
3495.794412721252
3496.023482869801
3497.100828206196
3497.678197010355
3498.687638305339
3499.450113073976
3499.832207981550
3500.439920072408
3501.900498448320
3502.317770700111
3502.801847633301
3503.876827425380
3504.274308103163
3505.395778684474
3505.888141226030
3506.553898413571
3507.004431587072
3507.535070167983
3508.375398571883
3509.445357277152
3510.310356529010
3511.213259678242
3511.647557403004
3512.475857220402
3512.891796718364
3513.818113163019
3514.278000079891
3515.213039022035
3515.845446423507
3516.490691788272
3517.314159268415
3517.894642000709
3518.781113888071
3519.375027322036
3520.068684685934
3521.431277119297
3522.002088724875
3522.417123081473
3523.091377361468
3523.657877122366
3524.408251882501
3525.213744550761
3525.679621843979
3526.559668481711
3527.198526423658
3528.422604882868
3529.164258951551
3529.658443765080
3530.236075421260
3531.098724287774
3531.625271859828
3532.374763840540
3533.536881946034
3533.843871390441
3534.478531364443
3535.150102783170
3535.775219438743
3536.386165475677
3537.921699534643
3538.249804411120
3539.267743832188
3539.579748696417
3540.618535443955
3541.222413706330
3541.812999415308
3542.206233220510
3542.842124619277
3543.983769206400
3544.756539996240
3545.312346201701
3546.171511407815
3546.843099380901
3547.603581764850
3548.506232877537
3548.956365547255
3549.781100564090
3550.791174765986
3551.138632431679
3551.592207175213
3552.673580755863
3553.044904408358
3553.913700215818
3554.275263624291
3555.653244374996
3556.557900261302
3557.262184808408
3557.957150319632
3558.157804020610
3558.787944244287
3559.826571148362
3560.406179208035
3561.468573923576
3561.755452057640
3562.348641757054
3563.434452604884
3564.003298020127
3564.891640821011
3565.626549110840
3566.195826043955
3567.288138643864
3567.903699111467
3568.589581426581
3569.026971207788
3569.795925558601
3570.500114580218
3570.806024797690
3571.722146435831
3572.884326963839
3573.667464667829
3574.233031517250
3574.987801024863
3575.795095200445
3576.375293697191
3577.048095356633
3577.660695750277
3578.342687694773
3579.233250192538
3580.255937593202
3580.462438064787
3580.936793885518
3581.814045246301
3582.708729130251
3583.965517542860
3584.319191321967
3585.282277182242
3585.726649244197
3586.303365984996
3587.227200120898
3587.596851312732
3588.316544073799
3589.107799984050
3589.895681359977
3590.528353753034
3591.530708581710
3592.450860682748
3592.993315044086
3593.656903896097
3593.868199788701
3595.302756669040
3595.882695723933
3596.584889381095
3597.069495295605
3597.845173850262
3598.087889846406
3599.302477488345
3599.897918895168
3600.524959641506
3601.927739057053
3602.372854808940
3603.114509607991
3603.803466390554
3604.312224301640
3604.874644419166
3605.600371287557
3606.340158471675
3607.271240062611
3607.863468515259
3608.715690307246
3609.116944369314
3610.151864613779
3610.778669139979
3611.733445812471
3612.507982633363
3612.964272836984
3613.655814836548
3614.467253907736
3615.350944118732
3615.599563259154
3616.259423491611
3616.906444389193
3617.628452151428
3619.199542478323
3619.729328079040
3620.131796789780
3620.903371212590
3621.712179119153
3622.252604382037
3622.835156254538
3623.780977497625
3624.489673903498
3625.017681586901
3625.957646353383
3626.222145361679
3627.328696742969
3627.911238265319
3628.856781291385
3629.494528862688
3630.453924275331
3631.322519397782
3631.695255940524
3632.299636727120
3632.773428467911
3633.434646418433
3634.578340124940
3634.887921772795
3636.044432850803
3636.398588027469
3637.672439459513
3638.286680798748
3638.935442217403
3639.509214405381
3640.012031121269
3640.960694285492
3641.946338470885
3642.411643488459
3642.863988987079
3643.960000830540
3644.217739877887
3644.746840930507
3645.928002985587
3647.048922136279
3647.695230307570
3648.276041006957
3648.961805009976
3649.398794368292
3650.392214441939
3650.946337179008
3651.636824563971
3651.889325528498
3653.159668180452
3653.888086280047
3654.608836065655
3655.420463171626
3655.874060316779
3656.738893096620
3657.587227889941
3658.299531417872
3659.116574667974
3659.500614512375
3660.339140053405
3660.843812621732
3661.736498182437
3662.082141947525
3662.808505704375
3664.111037191307
3664.546458135246
3665.817384153144
3666.326543294196
3666.705117882917
3667.485922590142
3668.192457521156
3668.438598843839
3669.745562614353
3670.619047091383
3670.868358595571
3671.558595829597
3672.130193017852
3673.463203179684
3673.916205765337
3674.730393139533
3675.396900581091
3676.311554135398
3676.939618603120
3677.720969866783
3678.073408118899
3678.776036065927
3679.379798539369
3680.030962417231
3680.977501095964
3681.855388371605
3682.843942505646
3683.509627362820
3683.868651935756
3684.626413755303
3685.501156139833
3686.107572930041
3686.840199024257
3687.434307450764
3688.297893972144
3688.776435850873
3689.762084160071
3690.255149483196
3690.679822597296
3691.756691426192
3693.138923388491
3693.465522498534
3694.177423122119
3694.593516166869
3695.492486798175
3696.000761091695
3696.608265436143
3697.553104021921
3697.986527342584
3698.926740016514
3699.680969267727
3700.557275181858
3701.208676956825
3702.171491555660
3702.504789010708
3703.110997814002
3704.102834329445
3704.857310353686
3705.740729897625
3706.093073562528
3706.558808202631
3707.239777619720
3708.009383216683
3708.942409270736
3709.997247475618
3710.687842485977
3711.144124103490
3712.208619133926
3712.817491635773
3713.232385664114
3713.698800954479
3714.592002626263
3715.403838904733
3716.123998300324
3716.936972873833
3717.499438262304
3718.145485483014
3719.136638168030
3719.780548532342
3720.465097417185
3721.513214857337
3722.185712237392
3722.537145099925
3723.139175580804
3724.212564395183
3724.450945600423
3725.472801901577
3725.760666091496
3726.520136207396
3728.155455811875
3728.497502950080
3729.325656421451
3729.816607255531
3730.332841877151
3731.003986207645
3732.153851313730
3732.566548112213
3733.229425032810
3734.154166450510
3734.504230637578
3735.425713365560
3735.901417125256
3737.061044734752
3737.614443932123
3738.526882391036
3739.437638518123
3739.743252980309
3740.867754443757
3741.019483291093
3741.837407575228
3742.358788839502
3742.854331911114
3744.326444831997
3744.659699818651
3745.503653198161
3746.281279883892
3747.058644696626
3747.880249802582
3748.401470703252
3748.917549623196
3749.798601295875
3750.502280386874
3751.461749388825
3751.888828529349
3752.427823459412
3753.028756875521
3753.809165727453
3754.665005217312
3755.933758243502
3756.405368450354
3757.277242285896
3757.731095163782
3758.169102245392
3759.048279833891
3759.864416348120
3760.137283891418
3761.357705210848
3761.683055100357
3762.399907979308
3763.549203258061
3764.409597783540
3764.660571253933
3765.320347431295
3766.366422444052
3767.084275908799
3768.041143924955
3768.367621119048
3768.945264316700
3769.528280431205
3770.522602550790
3770.913851525800
3771.630703839342
3772.633642364580
3773.696850977435
3774.329175480585
3774.948455176310
3775.571223210062
3776.358676976133
3776.820387219099
3777.355390030581
3778.286181310479
3779.259674341262
3779.906569028866
3780.180975114082
3781.251558918412
3781.490924467342
3782.866539686908
3783.652769741060
3784.262083857077
3784.695264273686
3785.763141170696
3786.319280458791
3786.892402484546
3787.562834619111
3788.200540938436
3788.533464551543
3789.685819212681
3790.679095298384
3791.402468948821
3792.081651762125
3792.936785615173
3793.161548148306
3794.178775808991
3794.594330853187
3795.730216733989
3796.356467155218
3796.750856431489
3797.429354026941
3798.349235358774
3798.837712335405
3799.679845090435
3800.403281063793
3801.326608791769
3802.408653342602
3802.913233028667
3803.487133254352
3803.998842979981
3804.461657478961
3805.378963703500
3806.163374370934
3806.771082002356
3807.525470824648
3808.350726678353
3808.977066773645
3810.097772770955
3810.683865096737
3810.992341551664
3812.040137648803
3812.632741835874
3813.572744162402
3813.963357969495
3814.943308993930
3815.404702672547
3816.013387928731
3816.336983834069
3817.400277513590
3818.657742714555
3819.454070736799
3819.896502205525
3820.415134173270
3821.335260330270
3821.998004582755
3822.630299134133
3823.063475530693
3823.840953255907
3824.698671074026
3825.626589658571
3826.154057701217
3826.600390667430
3827.723456326486
3828.354567355211
3828.980450813091
3830.124297577770
3830.775045677231
3830.999154385647
3832.162116848337
3832.431486502353
3833.003309596709
3833.823102852561
3834.751478914869
3835.080600707948
3836.186263352417
3837.174155744033
3838.044240142231
3838.391270818875
3838.966364972393
3839.704515834421
3840.083431054190
3841.463722085978
3841.923822774706
3842.568537597866
3843.132294234263
3843.689829258605
3844.591325434925
3845.530979016373
3846.035017092886
3847.166591651694
3847.799071205071
3848.400086192225
3849.145404044709
3849.753974686718
3850.377813485577
3850.899407675688
3851.524304133116
3852.402219455748
3853.154298565079
3854.333179242830
3854.801032790831
3855.298968859044
3856.243530189927
3856.862526151615
3857.831294860504
3858.123916800246
3859.048078110741
3859.619927792420
3860.454291881152
3861.057773844497
3861.733370548815
3862.207054220861
3862.787825478646
3864.484550154376
3864.784811368955
3865.738701753588
3866.208386699661
3866.814914969314
3867.527248837857
3868.023954608313
3868.812343868866
3869.605729774150
3870.378616436475
3871.014171408058
3871.524248120574
3872.655490128139
3873.379107555424
3874.017324827685
3874.767931240436
3875.058158376171
3876.600215093449
3876.931654719921
3877.479498260842
3878.148345333606
3878.529041803335
3879.506167913283
3879.970067465524
3881.091258060317
3881.908162960383
3882.607075434412
3883.544140904096
3884.064080238282
3884.665815787282
3885.116710974648
3886.256449340838
3886.357462568471
3887.525738773451
3888.185991998193
3888.867844924757
3889.426671855403
3890.308992269885
3890.678980134511
3891.921905017794
3892.707719465692
3893.474239890578
3894.018288932059
3894.561036380101
3895.080128182926
3896.264050553345
3896.618086793767
3897.028323359959
3897.759253895058
3898.814195192256
3899.734650875508
3900.711682996402
3901.007481472405
3901.751506421442
3902.280269989764
3903.207013787637
3903.832595672189
3904.605935882171
3905.384863781083
3905.903707693881
3906.570936466240
3907.008320591148
3907.984032263107
3908.748855575683
3909.682691325049
3910.380624345374
3911.214841298712
3911.896747415850
3912.546719633451
3913.140214502343
3913.470052554841
3914.161092278453
3915.078417326623
3916.174661389239
3916.583865957185
3917.016832918763
3918.280758563681
3918.813620840846
3919.728917489022
3920.163214320613
3920.854768050174
3921.859024069010
3922.296240240478
3923.232459131669
3923.683694855170
3924.265337472206
3924.932339712439
3925.675621607464
3926.203326008161
3927.736150358628
3928.575334320578
3928.747970953896
3929.407492140761
3930.193408091458
3930.795593652097
3931.535504884638
3932.253169913856
3933.106413487241
3933.268777141246
3934.451317525791
3935.235288151902
3935.654967834354
3936.746897111573
3936.989573279371
3938.177377530958
3939.089999987308
3939.429139790255
3940.226562235381
3940.914648744009
3941.246799461578
3942.083536980065
3942.747507135623
3943.365868953309
3944.339316642923
3945.238434674909
3946.094027187617
3946.447220413557
3947.687185771867
3948.056123505046
3948.261537839416
3949.154807976001
3950.146710690662
3950.931046891074
3951.486415481233
3952.199384747140
3952.536984684324
3953.178084217019
3954.525272739683
3955.171588150334
3955.903751393730
3956.677907140451
3957.266188223153
3958.012816963996
3958.678199702427
3959.096493331696
3959.751551300376
3960.620041388936
3961.070572513659
3962.239215883666
3962.873044032780
3963.762942147862
3964.428472620257
3965.025121635367
3965.456495572891
3966.567098244969
3967.337033729035
3967.955175742670
3968.394159528561
3969.015665767502
3970.011909855005
3970.513574201714
3971.070548191723
3971.827568202734
3972.879886037650
3974.012061302394
3974.557545864529
3974.977279383513
3975.600445800426
3976.170311277817
3977.099269825818
3977.476837758124
3978.450756894684
3979.155855726416
3979.975204911387
3980.262578840919
3981.380453907461
3982.095351748345
3982.924624810073
3983.386568898213
3984.421964812836
3984.732357421260
3985.814281126971
3986.493606059586
3986.850669758884
3987.610439826788
3987.934030687537
3988.695389163212
3990.015938391781
3990.733346019760
3991.434897036423
3992.103457299851
3992.773906403374
3993.443038746264
3994.141730600834
3994.842416668263
3995.064653046186
3996.514525506814
3996.894034701623
3997.382292997379
3998.334185602978
3998.895021859684
3999.691908470595
4000.427421690407
4001.527823533348
4002.093734926887
4002.960633862639
4003.359004628386
4003.818455919773
4004.600909664016
4005.298207476413
4006.110652229491
4006.631151975205
4007.322203812198
4008.304832998678
4009.480556785223
4009.978222730959
4010.254439286807
4011.126834927009
4011.685369372203
4012.590350537364
4013.465775220072
4014.144658056944
4014.404461214947
4015.260098322311
4015.843815652694
4016.679026612328
4017.171018619423
4018.657308051199
4019.083629311810
4019.718959631544
4020.543898041195
4021.237897093279
4021.681780616089
4022.514217536445
4022.884544261016
4023.480954284407
4024.686803403713
4025.287881724271
4026.227192575651
4026.509794588040
4027.352960435970
4028.495508223258
4028.815835977977
4029.653109305124
4030.384034557630
4030.975299903974
4031.793384496021
4032.352759507486
4033.063558256109
4033.562890727409
4034.130593828503
4034.996564355384
4036.187586146202
4037.070642012290
4037.449311777444
4038.443022286524
4038.698404578423
4039.270737532267
4040.014444491764
4041.009308385331
4041.703574563391
4042.091761897180
4043.113752713095
4043.328437964943
4044.498826183974
4045.367112484487
4045.848673420837
4046.397197141899
4047.543670767122
4048.454185920147
4048.845739780821
4049.163618526197
4050.216534809948
4050.538305798598
4051.140048584678
4052.304570857237
4052.603904057696
4053.895317110436
4054.539128132457
4055.239116882433
4055.900883315730
4056.595343621166
4057.142709103673
4057.857779999904
4058.673439919463
4059.121052187722
4060.259653590944
4060.756403191359
4061.389136951964
4061.627399654739
4062.697776853032
4063.679720793556
4064.785557981773
4065.309561252775
4065.611638406752
4066.383983133508
4067.268499561260
4067.862305209053
4068.341213821873
4068.907797116031
4069.795052587941
4070.594834673516
4071.382527294345
4072.266319483497
4072.958716274018
4073.506379397138
4074.229229410142
4074.821136653708
4075.715104526586
4076.619966636866
4077.092007822057
4077.653366108632
4078.312911579442
4078.746016118049
4079.852446224396
4080.372695927624
4081.259989118015
4082.209112650446
4083.081638017665
4083.581067883180
4084.331300821821
4084.812356360610
4085.214903150583
4085.972918234023
4087.013999943890
4087.725267196315
4088.272168386382
4088.859648316761
