1911.368357627685
1912.670646954872
1913.306958013941
1914.020978487052
1914.193455823550
1915.497622472152
1916.045662617556
1916.558460977499
1917.230694905812
1918.012272562964
1919.266755861734
1919.714484423110
1920.807288844430
1921.315494954055
1921.961239778815
1923.044372894107
1923.728444207128
1924.471902458144
1925.165790473593
1925.818242004298
1926.549349647523
1927.186292476214
1927.763891352230
1928.786683506936
1929.780869367550
1930.640905326656
1931.628244770404
1932.139640059146
1932.644942421524
1933.256374006439
1933.970386583082
1934.928807509591
1935.887773090255
1936.509043820231
1936.915431614617
1937.717702732411
1939.126944492083
1939.483378254144
1940.277115891514
1941.130252286767
1942.001753608671
1942.897702941619
1943.152229021570
1943.846486265365
1944.772656525089
1945.198109706464
1945.886934824919
1947.396135577128
1947.979253956559
1948.847127011207
1949.515864357415
1949.960555922122
1950.924430809257
1951.730120564800
1952.245827585104
1953.204532431591
1953.634349458833
1954.848833697442
1955.199324005965
1955.987647393265
1956.540746600524
1958.166502176898
1958.593801928413
1959.669921055562
1959.760986832021
1960.879265692784
1961.177468871320
1962.068760885603
1962.947076048511
1963.323712837092
1964.545019368957
1965.133781235868
1966.242391770536
1966.909120586321
1967.603064495389
1968.365113040672
1968.737398091176
1969.893961847028
1970.827774114832
1971.486166392320
1971.728729780360
1972.375770915562
1973.326382614343
1974.151974214970
1975.293267468634
1976.062365171623
1976.673746530628
1977.681866138152
1978.075070128135
1979.042583101353
1979.210040723474
1980.017440868508
1981.236017298057
1981.766158326740
1982.512308127081
1983.389258796038
1984.131457629943
1984.951906637164
1985.553950096582
1986.751394096280
1987.411041543422
1987.821301166188
1988.578958753531
1989.440142169693
1990.074520620693
1990.673623541932
1991.354581660702
1992.133113521561
1993.711089679661
1994.367263128949
1994.781586444900
1995.312050660087
1996.222574611154
1996.810463737721
1997.932717839974
1998.240399102140
1999.294653020832
1999.862668139172
2000.548448320385
2001.290657580602
2002.313782572513
2003.170973371503
2003.706936766629
2004.909620479387
2005.434606044862
2005.972368019861
2006.990633244382
2007.416068389316
2007.602625158021
2008.845685186576
2009.879230334971
2010.575109745286
2011.356584828208
2012.093829410423
2013.213483832952
2013.642086921077
2014.029437569006
2015.048103083404
2015.957724335783
2016.549354889688
2017.384348583905
2017.976510085949
2018.480478468167
2019.227861300083
2020.417288157736
2021.391125510820
2022.235925283804
2022.713449259280
2023.554579532447
2023.834461387225
2024.765365671688
2025.607405279214
2026.195698848519
2026.937742703860
2027.633390480587
2028.823925030967
2029.698130678417
2029.961795749827
2030.984570863797
2031.462760987904
2032.702267472997
2033.435387395340
2033.852024371345
2034.547064296497
2035.152771503820
2036.094728406748
2036.615179880859
2037.337081065735
2038.708562560278
2039.526425036113
2039.957527595135
2040.925147062923
2041.526454560748
2042.082180254710
2042.697413897239
2043.430050883168
2044.641622653983
2045.283995056956
2045.696171809732
2046.472795617100
2047.345897043528
2048.344354658724
2049.224423030398
2049.942051851347
2050.263850418410
2051.533606193111
2051.988386330804
2052.713198429567
2053.144489452092
2053.900349084405
2054.620784697404
2055.835725249021
2056.639539990578
2057.570495209293
2058.231005194717
2058.464659753140
2059.540156012082
2060.158641487299
2061.090332551755
2061.725479512276
2062.590416522147
2062.882234710853
2063.818347472015
2064.767856148922
2065.351207209378
2066.086182669069
2067.482786447880
2068.014231547178
2068.753683427800
2069.324899043021
2069.601068685557
2070.697486197416
2071.361437455409
2071.983929352745
2073.138194715645
2073.506117518473
2074.617434499361
2075.563179411193
2076.124903785213
2076.617561101174
2077.611079243617
2078.322446803418
2078.984491271963
2080.078320846142
2080.325372522684
2081.231461938180
2081.718108500462
2082.134078463470
2083.840360554726
2084.566984444044
2085.274086399450
2085.750758369802
2086.685209073631
2087.323377403080
2088.035707650960
2088.493574047211
2089.340001684595
2090.133461946673
2091.298730340189
2091.585407887401
2092.367124460145
2093.473613388339
2093.959902481445
2094.900646677695
2095.679237149668
2096.618082174083
2097.170819211117
2097.434418014425
2098.513025928141
2098.951246504992
2100.028777659776
2100.351400660773
2101.553713254310
2102.656154169411
2103.307421928117
2104.043798793951
2104.484428796018
2105.067939027205
2105.757931548568
2107.155758087105
2107.557622016362
2108.035320544072
2108.826520468444
2109.710136231982
2110.289624815141
2111.537092932625
2111.931224349729
2113.244282606715
2113.548999858117
2114.361931033473
2115.201152032783
2115.692321166355
2116.315898256184
2116.882114769372
2117.818400962805
2118.684995057007
2119.932552165026
2120.362755372329
2120.922476902780
2121.800816755850
2122.847013768012
2123.138117226844
2124.021240258699
2124.729674098965
2125.510853047736
2126.384486818649
2126.808403296486
2127.432170593426
2128.186983840751
2129.335403921872
2130.523381663787
2130.963621826424
2131.662211280265
2132.214946390413
2132.979234375945
2133.769466446805
2134.030277001458
2135.354649025551
2135.977178483497
2136.471270316300
2137.393434188823
2138.583511689485
2139.115160050849
2139.764370817596
2140.231497444343
2141.497716972348
2142.323845857811
2142.698071291521
2143.496412306837
2143.983521566374
2144.539860882624
2145.590833644652
2146.332336495517
2147.464324336414
2148.107669664705
2149.115078909621
2149.582546575262
2150.105576933447
2150.921488963005
2151.669991030329
2152.218829783864
2153.193419096859
2154.010069518327
2154.662392090167
2155.261582030762
2156.047201446938
2156.923958983961
2157.989173780577
2158.735413561913
2159.297543950373
2160.013652806393
2160.479014481002
2161.554403877888
2162.058595331223
2162.830433801302
2162.965078981531
2164.493991300633
2165.609233814745
2165.944162904255
2166.882060689808
2167.457613408566
2168.004370328140
2168.853076042684
2169.781610159415
2170.413959077667
2171.203934402556
2171.820996298275
2172.180363657958
2173.451111338695
2173.810993853518
2175.273755948228
2175.598741475216
2176.519242005045
2177.636642960212
2177.952588173886
2178.498879516425
2179.001680729149
2179.832052239052
2180.795328079422
2181.639075618514
2182.257702992687
2183.005371352192
2184.071170036706
2184.751741159455
2185.306848533791
2186.201202684454
2186.713890355590
2187.765055148284
2188.452961263896
2188.944079499455
2189.696284707816
2190.348793855694
2191.025496452545
2191.662262638882
2193.346198673320
2194.045835724840
2194.198719658338
2195.168045065681
2195.589045352204
2196.661629962581
2197.126079344765
2197.962404240317
2198.517610965745
2199.525284978740
2200.097971136390
2201.182176934254
2201.743466488783
2202.333884630289
2203.340760215217
2204.259053476676
2205.094666019213
2205.313015790711
2206.390950795405
2206.827991205819
2207.430590183253
2208.157906660450
2208.998864551828
2210.041019635322
2210.721787080251
2211.870149296546
2212.250680357748
2213.120451824526
2213.844147123911
2214.032160455038
2214.982890542716
2216.151943215174
2216.687121390061
2217.476000506587
2217.844407033814
2218.409945991004
2219.864718679745
2220.503301817064
2221.179615704891
2222.331450723634
2222.597607717156
2223.454109362943
2224.180180065144
2224.665751367110
2225.468531155117
2225.926637686209
2226.993996565562
2227.809711009923
2228.911656230603
2229.446286837991
2230.166904139390
2230.714120428067
2231.502374515224
2232.490763388631
2233.400210315681
2233.623370202330
2234.186562588289
2235.474650289913
2235.844758494561
2236.423508466966
2237.277808671553
2238.426613761352
2239.466671905825
2240.079581556616
2240.528051539086
2241.174102704705
2242.016578508974
2242.359775759258
2243.461985050294
2244.108316377067
2244.871063977223
2245.690312801226
2246.370299939223
2247.187587941029
2248.246778844573
2248.743001310364
2249.330167271111
2250.245287108662
2251.072607545371
2252.036283114391
2252.182478830863
2252.834561160680
2253.675704230309
2254.090807110362
2255.598134233060
2256.367623419774
2257.095688209599
2257.621024912011
2258.497384070804
2259.394247302140
2259.547579384220
2260.347118588714
2261.325046109086
2262.144195871765
2262.668756244638
2263.427351094081
2264.228960772834
2265.059327312553
2265.596076685767
2266.784913666576
2267.618072749101
2268.227996837875
2268.786685573506
2269.422070845996
2270.011810028323
2270.879786726305
2271.633683173594
2272.196757071328
2272.966179996329
2274.273614364996
2275.077842849518
2275.659451872054
2276.093741503462
2276.669197107512
2277.963190741270
2278.219918111100
2279.343656150030
2280.024465045981
2280.345906842158
2281.165860616043
2281.895179917830
2282.740860404429
2283.802873294431
2284.720908344879
2285.175961711592
2285.985990578238
2286.731988746301
2287.371517775531
2287.933529440237
2288.598936229962
2289.032292422541
2290.600725709456
2291.047469935634
2291.631523089083
2292.598389096159
2293.375197560840
2294.144540928199
2294.736053415327
2295.747113443006
2296.103034517580
2297.082605758755
2297.749267762337
2298.419904696282
2298.855961057181
2299.695498293466
2300.352657621125
2301.908170091938
2302.240469184906
2303.405022309929
2303.735917981777
2304.435571277465
2304.710505894059
2305.964973970278
2306.539052987084
2307.432149794005
2307.915954686375
2308.622088875406
2309.578268645073
2310.493801260047
2311.158416675203
2311.683174962401
2312.614624301951
2313.799646390414
2314.135579613679
2314.827034976553
2315.271820182174
2316.092825283255
2316.805612173041
2317.429656184689
2318.369939019128
2319.548502616142
2320.244240611074
2320.648560210911
2321.715543104995
2322.271692288078
2322.803930936807
2323.568508507985
2324.337227299610
2325.275509605056
2325.835235950865
2326.775379461381
2327.011883683521
2327.716857344818
2328.977723063957
2330.191566151197
2330.393262907022
2331.156431169928
2331.877897402157
2332.626079689916
2333.348080286094
2333.870490259695
2334.339618842700
2335.583176986802
2335.960583874625
2337.240671947211
2338.016886202615
2338.533456066094
2339.250590190384
2340.089312445358
2340.455777512949
2341.824813520403
2342.267644515721
2342.952157024319
2343.455619509341
2344.128431822317
2344.939838069515
2345.921017219016
2346.475037228045
2347.558241206243
2348.593282118630
2349.174782575552
2349.466813404408
2350.546736195428
2350.723241149283
2351.492951119357
2352.628808191207
2353.318271380990
2353.915624505670
2354.618711969558
2355.567520450773
2356.436132257524
2356.953492934030
2357.852038226161
2358.698164071419
2359.261933230029
2360.009901360028
2360.620629507087
2361.679379782174
2362.004784209528
2362.268802354861
2363.323743273693
2364.656866334347
2365.573791670899
2366.139379855160
2366.481170946908
2367.414965871500
2368.049462929693
2369.003046539045
2369.341591328708
2370.214929976918
2371.013179769443
2371.789070064940
2372.500576955124
2372.936151333308
2374.162425033090
2374.686641660885
2375.687211663942
2376.492091108421
2377.262348984490
2377.734737453820
2378.382389979007
2378.846175729088
2379.758734973251
2380.481296523786
2381.227754228201
2382.418772446391
2382.595086168396
2384.173525968535
2384.484505598649
2385.080479160312
2385.776285177163
2386.259873500080
2387.709496314763
2388.038345933126
2388.871574066275
2389.212623917731
2390.051113691003
2390.740874335070
2391.611656023444
2392.819163659934
2393.508870665501
2394.044575660360
2394.862242334501
2395.600990293946
2395.966676814788
2396.845892110757
2397.527044408135
2398.076372329347
2398.943734072527
2400.116815490508
2400.583582875251
2401.673028461798
2401.768874437045
2402.813610790995
2403.891578043088
2404.422382860497
2404.963425014263
2405.876351385637
2406.429452247103
2407.024984867048
2408.072782803915
2408.284455806916
2409.074278292333
2410.692094064233
2411.094421919547
2412.074232573974
2412.354736656147
2413.265259296104
2413.778410306968
2414.351687404888
2415.267632442876
2416.278430353630
2416.911026572887
2417.259864338409
2418.022431392949
2419.249692134909
2419.955169285149
2420.482173721563
2421.383795309683
2422.116505530902
2422.960242239729
2423.693748531425
2424.185579424618
2424.611582271042
2425.269952191220
2426.233980618740
2427.169537972537
2428.026143748396
2428.837114589461
2429.695206939544
2430.072863653793
2430.889276648022
2431.528356842689
2432.332985485402
2433.089683705412
2433.655298792522
2434.639297528859
2435.107596934028
2435.921387927820
2436.479295601298
2437.349960207083
2438.435534600710
2439.452277979822
2439.992529171525
2440.505348120353
2440.796717444810
2441.993080855535
2442.638130608174
2443.043920366799
2443.983586824588
2444.597191366879
2445.717008629440
2446.569325929449
2447.145805466434
2447.933770227888
2448.522487472107
2449.090074921064
2450.249502762516
2450.949399684682
2451.368885014171
2452.286548545500
2452.718464151066
2453.372733344363
2454.027100534529
2455.492772625184
2455.977571696345
2456.855592519512
2457.482130925134
2458.406995874836
2459.004737243430
2459.388342037933
2459.977868599889
2460.834314569954
2461.914862296394
2462.603898842513
2463.010946677160
2464.108451880243
2464.493483250322
2465.816653931260
2466.271511856817
2466.865194785140
2468.157420639769
2468.312153210383
2469.150790064746
2469.776328026559
2470.549705955519
2471.077698217883
2471.854988119799
2472.481167958575
2474.098792020854
2474.601966387138
2475.208684087572
2475.771074008139
2476.343531493298
2477.219964593895
2477.916173358895
2479.002395200677
2479.252161436515
2479.949289398460
2480.800279487513
2481.648963817268
2482.392193750048
2482.941501955010
2484.057322001160
2484.923050844889
2485.508741056038
2486.148362310175
2487.066481227591
2487.171118766304
2488.228693770170
2488.507929114387
2489.639552773488
2490.565999995752
2491.184080286789
2492.209141096357
2492.686502488127
2493.626036509536
2494.260135981130
2494.814626728082
2495.528248692442
2496.279318193154
2497.446428165531
2497.914238029665
2498.182219564757
2498.956267358746
2499.716259801408
2500.895029442601
2501.890563922134
2502.447948884213
2503.106443381074
2503.777064031109
2504.538729337030
2504.949197535864
2505.942057323253
2506.325649447625
2507.207603655816
2508.259882991753
2508.572005739145
2509.794380886125
2510.574638979370
2511.171349362375
2511.334873615651
2512.880925404168
2513.422936852080
2514.243690587749
2514.569697071081
2515.221506464346
2516.003027119154
2517.015854452459
2517.157777852402
2518.294385898715
2519.402222953066
2520.136783256296
2520.921544435194
2521.583217158704
2521.781887375916
2522.675839109192
2523.408614576933
2524.289674940989
2524.888292467329
2525.820210275748
2526.539008892657
2526.717905791106
2527.972092931706
2528.772942312211
2529.647586444137
2530.324663882246
2530.835955167458
2531.740051567168
2532.559735850813
2532.927921281688
2533.656891952620
2534.365745067002
2534.629569028667
2536.146287751034
2537.169232311211
2537.523760486471
2538.196431925957
2539.204037284619
2539.568688408543
2540.505119985292
2540.931102055037
2542.074864549561
2542.592300449634
2543.158748119868
2543.956822562813
2544.729654203257
2545.267857077754
2546.313861847688
2547.056979979936
2548.280927140703
2548.583057066494
2549.453225619685
2549.831787888066
2550.568480753691
2550.966150705512
2552.218846422394
2552.805515795420
2553.407287567707
2554.149102234442
2555.432941896481
2555.990485906591
2556.555378793924
2557.258089032498
2557.918297035699
2558.815673329262
2559.784898333755
2560.168940131771
2560.799136262544
2561.682910188822
2561.916668937818
2562.834473110282
2563.829908586682
2565.027993874269
2565.590477723750
2566.261410522249
2566.647492469643
2567.635374190499
2568.491461550269
2568.798353802987
2569.229256679521
2570.548798148215
2571.082183523314
2572.046486470754
2572.591590375689
2573.197857788655
2574.254354670650
2574.866587333719
2575.908997366736
2576.460422584901
2577.123919240555
2577.641288292064
2578.635386929944
2579.095481752557
2579.648437466760
2580.365875127575
2581.409398834016
2582.221661436870
2583.313544583988
2583.858979014557
2584.731669739684
2584.797749501474
2585.700279417814
2586.371160795996
2587.580509781652
2588.035925888447
2588.660922505288
2589.310125844823
2589.864751592229
2591.029394732484
2591.780065917966
2592.516043021063
2593.124647318785
2594.345670655286
2594.879827114313
2595.189732128482
2596.073878407219
2596.546026411311
2597.319375388030
2597.976520396733
2598.965298275019
2599.842948364460
2600.732130386701
2601.143199158612
2602.112915099283
2602.655310745653
2603.388470696153
2604.241776736364
2604.888355036186
2605.430769127121
2606.414220147897
2606.938325375900
2607.850537787287
2607.997585041725
2608.847087502267
2610.590002838695
2611.019403682953
2611.427805058699
2612.389272245049
2612.829969847687
2613.506930310744
2614.349702833566
2614.876089254847
2615.692538219199
2616.449095391714
2617.222585060597
2618.004529635651
2618.905198856478
2619.626229412821
2620.113279636415
2621.015868193004
2621.660083258089
2622.695988923410
2623.384805853816
2623.721871097039
2624.393249905794
2624.793676568815
2626.092135048301
2626.479612138636
2627.732664531913
2628.425754213840
2629.134641788300
2629.977527514611
2630.714139916799
2630.890977149877
2631.663580296609
2632.505448826351
2633.361645921859
2634.308064513692
2634.685230699376
2635.144201172613
2636.449074901566
2636.822725443935
2637.775548607262
2638.849796121523
2639.395309381372
2640.045888850060
2640.522894745919
2641.454079514869
2642.107987387131
2642.577718916286
2643.476583510795
2643.748931337524
2645.165054919627
2646.153932354362
2646.782415111867
2647.298543811249
2647.740476233169
2648.674193678673
2649.560677131936
2650.203077403100
2650.814628878822
2651.554470884266
2652.265229132501
2653.026881595326
2653.363674892402
2654.548894238210
2655.242999972053
2656.240004367537
2656.995771562003
2657.609274445658
2658.471170271424
2658.689824215265
2659.555648180024
2660.016289284888
2660.819505710799
2661.966918960369
2662.597488134276
2663.055656738551
2664.033393061010
2665.014990275447
2665.678807011197
2666.205739784708
2666.673686207057
2667.872792346227
2668.549878011552
2669.095887551154
2669.836145781651
2670.330530299315
2671.016050307340
2671.572568912162
2673.051975474811
2673.646795664949
2674.610917297551
2675.197087482125
2675.470011112589
2676.590881633522
2676.890165736876
2677.769956560634
2678.663137231170
2679.112772826942
2679.785774882146
2680.986139037794
2681.467690044788
2682.234728607456
2682.855850646910
2683.747289841083
2684.714356850868
2685.436659933594
2686.059590420695
2686.378976055616
2687.176600487799
2687.979003981287
2688.672973953519
2689.131938882249
2690.107846759045
2691.222644417881
2692.046252158073
2692.646505717822
2693.084329381151
2694.257824577456
2694.367644260851
2695.015898720370
2696.184371965252
2697.071747383504
2697.407641755163
2698.062516920296
2698.770324540930
2699.398983830770
2700.794487148110
2701.229771937896
2702.241846009988
2702.579107006553
2703.491948236861
2704.349137513060
2704.788343597527
2705.357965337701
2705.775565399980
2706.825778882634
2707.776510685504
2708.436456588616
2709.382492042822
2710.109426130953
2710.645727373392
2711.352878001926
2712.067915807765
2713.140251816561
2713.377265256244
2714.569160329962
2714.712807330416
2715.589241295129
2716.336161741001
2717.042699842386
2717.628503653024
2718.678411610154
2719.935666105574
2720.398530152557
2721.017555000805
2721.400862134142
2722.092579756638
2722.906326932503
2723.750182497405
2724.275260325397
2725.158632682912
2725.824950191407
2726.500045719923
2727.586282721129
2728.389368573928
2728.599310301464
2729.617814892382
2730.452711687265
2731.196693749570
2731.714716912626
2732.633130570707
2733.106073326957
2733.556406460608
2734.275694139095
2735.066511070030
2736.636801726289
2736.981975664911
2737.493920975367
2738.498554365670
2739.292376001085
2739.575536320106
2740.415435329784
2741.108364745682
2741.625503387303
2742.923601709992
2743.259688112125
2744.075084977239
2744.482126408558
2745.495725913290
2746.458190648475
2747.091511153612
2748.244157250857
2748.340202142871
2749.433858683421
2749.978438795276
2750.170030300785
2751.478109340436
2751.753936695002
2752.652924134948
2753.280078070553
2754.551920424567
2755.267740861949
2755.969454254659
2756.550538943119
2757.039885330600
2757.608300477728
2758.993957138176
2759.399011916214
2760.175440420789
2760.556944102234
2761.260091287394
2762.145167426886
2762.946027246531
2763.506591331377
2764.897574872585
2765.256657039227
2766.102708628034
2766.886738143005
2767.238890472097
2768.113699134496
2768.564112477541
2769.138216874883
2770.234008855441
2770.926550966635
2771.745169341023
2772.577024530548
2773.068852526852
2773.890235056753
2774.884202253368
2775.396385113645
2776.086776315632
2776.734800646802
2777.591117470708
2778.319008808971
2778.950423301878
2779.390913292419
2779.913938145329
2780.982875474705
2782.185768933484
2783.051871895188
2783.453799334203
2784.060209155294
2784.755970872478
2785.538219808825
2786.048260327098
2786.774068326291
2787.726204842922
2789.740906061395
2790.737447130262
2791.407380559632
2791.987664111425
2792.639844301970
2793.849267004058
2794.570803667278
2794.936711607283
2795.470703829347
2796.202285470876
2796.910709058912
2797.432676233034
2798.748017089814
2799.002379573205
2800.203399995169
2801.070513625353
2801.678329354267
2802.137086513610
2802.895752373076
2803.490089840869
2804.279119320724
2805.269197449690
2805.622227606245
2806.609997948010
2807.213852464145
2807.581580429812
2808.432552826705
2809.688615767754
2810.399382835996
2811.181099036688
2811.736420064840
2812.246552592585
2813.026650801857
2813.921605205640
2814.327312421071
2814.946406769215
2815.517289913712
2816.731060073278
2817.734262712675
2818.082295523101
2819.122121770431
2819.403442611600
2820.427007050429
2820.968978360489
2821.833807969357
2822.689209577912
2823.286991261084
2823.558059463760
2824.736613963155
2824.965634869654
2825.882346917887
2826.747921397713
2827.808276862434
2828.439610004779
2829.246791020322
2830.124738634914
2830.365955080026
2831.056656487347
2831.409525954165
2832.578663139839
2833.558817145756
2833.858081770982
2834.707193142037
2835.261439848243
2836.519911688459
2837.000613435830
2837.776004782238
2838.348958573710
2839.424699666112
2839.773622033952
2840.917374976187
2841.297809906850
2841.650335114045
2842.578188933873
2843.340609434366
2843.659288831293
2845.282352825560
2846.053707073323
2846.497876649080
2847.165657148216
2847.660240160815
2848.718973123282
2849.193001130249
2849.927265905807
2850.608167176588
2851.286047596872
2852.319142614216
2852.666780179431
2853.507375711139
2854.350899511972
2854.801677207547
2856.275612854793
2856.770669235920
2857.281602763607
2857.944043971912
2858.782260928851
2859.183308408924
2859.920224594990
2860.572680245245
2861.427462094690
2862.237645277667
2863.114326182909
2863.833185462187
2864.906366385826
2865.279112551161
2865.693720306494
2866.546295799550
2867.303743236072
2868.219262286066
2869.044808678473
2869.428467970926
2870.024097265790
2870.440904787343
2871.609872398034
2872.559564234193
2873.356179952905
2873.909731831813
2875.077525381517
2875.224099966527
2876.133847710981
2876.710327906257
2877.184377609359
2878.052529482522
2878.658827359076
2879.700154056262
2880.344449386406
2881.137003873653
2881.963117431535
2882.490890025600
2883.288990915444
2883.975897411447
2885.106039688564
2885.566635448022
2885.889122865919
2886.775526100581
2887.566946922774
2888.333850613278
2888.687824747039
2889.264270749085
2890.719303812498
2891.693385171600
2892.171901163454
2892.690040579201
2893.477800066248
2893.826793396755
2894.822001730656
2895.379869997264
2896.374058908464
2896.860686009730
2897.575109770959
2898.321597387435
2899.114737834782
2899.804269681333
2900.975032897257
2901.269495426410
2902.000295843459
2903.095572779593
2903.671484179478
2904.177610345899
2904.915838003151
2905.318076408138
2905.870418341049
2907.049571713269
2907.857699964627
2908.749544997188
2909.401170328823
2910.038445805229
2910.895839681795
2911.619104585669
2911.984204981156
2912.605824322624
2913.721072149217
2914.481401648495
2914.867693272577
2915.595147369588
2916.377203360651
2916.935380350634
2917.836403675989
2918.903028455086
2919.729617063340
2920.401202725081
2920.804582557476
2921.423310331926
2922.170844862094
2922.894315259785
2923.572797372824
2924.155745367952
2925.128020709472
2925.536947412787
2927.209223842948
2927.430913050765
2927.857110758662
2928.746154300831
2929.354839643406
2930.426911228250
2931.133134388271
2931.529169395115
2932.341278453666
2933.013806272799
2933.420946209096
2934.337521911196
2935.009582991407
2936.177592320191
2936.922823718830
2937.648715795166
2938.244091897053
2938.990352087331
2939.539476234653
2940.255164284680
2940.659416734079
2941.452264721447
2942.770320532473
2943.078138193101
2943.908110400421
2944.198009076224
2945.641317148777
2946.061837563480
2946.914581715542
2947.633588451766
2948.246506919879
2949.038235883880
2949.738950676665
2950.380528816616
2950.860572326025
2951.637314807725
2952.008862340300
2953.307008573690
2954.275513499497
2955.015525544083
2955.531731445070
2956.394511581059
2956.742448866284
2957.269095597363
2958.485054332955
2959.144884566567
2959.562510752022
2960.395240846934
2960.987646634808
2961.843645431476
2962.611426586114
2963.429579887524
2963.867020009829
2965.192737143388
2965.733746477104
2966.511577731893
2966.996202663638
2967.470678697140
2968.083129627454
2969.038743748777
2969.765515680258
2970.161763992488
2971.488709847562
2972.054102454559
2972.860212659869
2973.616876550066
2974.241667500422
2974.853426487666
2975.541187163718
2976.249850171996
2977.180407906448
2977.805682612377
2978.512729233712
2978.929821647651
2979.610256550217
2980.232527620513
2981.678398664441
2982.501911983665
2983.065964526017
2983.314384502981
2984.376449794475
2985.236840995826
2985.482308675657
2986.122832194413
2986.904344371094
2987.711110145574
2988.565626963737
2989.237526566903
2990.117107344229
2990.761957157350
2991.584604945582
2991.940578888362
2993.176530252259
2993.597186625616
2994.624228762948
2994.995166172534
2995.604873559621
2996.176848811091
2997.044629108910
2997.736076593626
2998.476341615053
2999.316740374966
3000.556150830356
3001.070589430664
3001.789902088635
3002.018619360313
3002.832162070458
3003.502028810226
3004.247832254737
3005.424318305900
3005.718811091150
3006.230510240051
3007.197517902138
3007.829254808881
3008.972931910675
3009.314157416029
3010.292556382246
3011.124690878589
3011.710868538832
3012.264636227389
3013.031017755400
3013.918795051078
3014.139513569651
3014.681199133172
3015.559212532752
3016.943951447208
3017.424117344294
3018.340190382050
3018.829469847874
3019.330423212784
3020.458900103988
3020.893498654617
3021.543147460637
3022.408074562141
3022.929194489059
3023.898622844349
3024.435897849653
3025.107617021701
3025.496167377088
3026.776298662556
3027.641106189498
3028.265391257662
3029.259930845758
3029.669276153990
3030.178361134538
3030.758028530356
3031.758582758715
3032.004360107868
3033.165640959364
3033.849125178372
3034.287384215410
3035.472399266865
3036.160552025808
3037.127169867329
3037.403829711095
3037.888569543280
3038.871619279580
3040.128420553052
3040.298702596635
3041.080235559843
3041.364420236529
3042.347790169848
3042.897343162083
3043.698859992922
3044.844731026890
3045.700457798208
3046.169933412529
3046.992341497522
3047.630179926711
3048.160796306035
3048.910949406308
3049.398979863073
3050.318211427870
3050.931757109470
3051.912007329663
3052.439163387975
3053.426313505282
3053.724374614746
3054.619621498682
3055.734934791384
3056.364089223860
3056.895231091158
3057.639867021360
3058.133431094250
3059.148498449151
3059.538536159364
3060.132554375424
3060.957296200351
3061.454406466448
3063.102164653096
3063.512994392950
3064.165196770097
3064.828519887984
3065.488402682231
3066.036560651125
3066.778241163760
3067.647622108532
3068.378778085533
3069.164023426149
3069.622292442766
3069.963160975633
3071.240372380233
3072.108237464280
3072.491835154221
3073.592987013581
3074.189741277193
3075.032045620542
3075.778150255316
3076.111756144583
3076.861111667630
3077.115910086235
3078.203484459215
3079.085421212260
3079.827276727786
3080.474098823509
3081.431999642866
3082.157336997096
3082.874194598730
3083.168884226756
3084.155090259878
3084.975256216404
3085.487338339012
3086.192264579462
3087.199379939665
3087.441739850017
3088.133308548567
3088.858084025664
3089.647574021122
3091.027726956993
3091.669723014440
3092.208032158501
3092.627355607958
3093.400876441133
3094.004528549899
3094.941870146892
3095.568723569465
3095.869440789976
3096.908071381936
3097.827563177792
3098.402199646840
3099.418415823589
3099.781050241601
3100.704037624931
3101.194375883153
3102.345591148619
3102.900741752048
3103.521662255327
3104.138079303239
3104.733020792251
3105.424168565758
3105.964078173930
3106.842562360589
3108.013096050983
3108.667039571380
3109.224533178698
3110.414001348975
3110.602630064915
3111.442133433356
3111.956460485423
3112.263270951384
3113.844691309871
3114.072229942736
3114.996605637786
3115.471724874303
3116.058849679228
3117.032924533753
3118.009555180566
3118.642921048364
3119.355280377016
3120.068107104075
3120.876019226711
3121.410669216976
3121.961829062427
3122.645383115797
3123.464098989160
3123.788509470208
3124.773175526219
3125.765586425646
3126.965203458104
3127.270436457778
3127.651334676694
3128.475962508855
3129.317095617247
3129.928439110601
3130.915814427964
3131.320165474583
3132.155334068327
3132.402692147172
3133.748563208931
3134.047127517330
3134.644643692342
3135.768407354091
3136.663454568574
3137.625127515023
3137.996444246464
3138.419347742551
3139.381598778092
3139.894346810000
3140.368280709653
3141.198799561922
3142.180931849008
3142.863630817613
3143.392112585547
3144.397241076163
3145.166451786014
3145.827435726690
3146.462943309830
3147.345648271825
3147.580237442620
3148.764741462050
3149.523548203014
3149.985545983116
3150.561405382048
3151.116769022192
3151.618487035976
3152.980505721348
3153.919689995266
3154.403052234092
3155.356442249573
3155.733163563573
3156.504322450151
3157.116890869042
3157.985438571021
3158.157721669614
3159.350703789789
3159.890878427967
3160.821279520064
3161.203567353705
3162.323098489713
3162.870167037756
3163.595114562188
3164.223920963364
3165.585415724252
3165.987632898333
3166.301065826333
3167.183116359754
3167.587327690494
3168.549106437123
3169.313928188000
3169.564231571110
3170.595492209975
3171.719236921042
3172.509298683397
3173.112988614381
3173.823377447155
3174.143362145674
3174.778098905319
3175.869293505386
3176.479269224368
3177.188546836435
3177.883969389758
3178.505388404961
3179.100450502977
3179.747283960864
3180.863230510238
3181.709556081220
3182.392509537358
3183.010182254925
3183.633156297409
3184.671904688159
3185.021265869096
3185.516155431633
3186.268789271260
3186.776618209799
3187.774049771391
3188.858718154422
3189.512962648253
3189.941866035788
3190.808520470673
3191.794386872203
3192.088905794283
3192.866463642150
3193.727564377260
3194.329002020724
3195.083576658943
3195.774869333591
3196.200337346568
3196.962317420228
3197.803623704819
3198.301431262231
3199.843263364272
3200.271825899062
3200.947613321283
3201.684815865226
3202.197414188422
3202.556070022283
3203.473722794953
3204.299947363656
3205.145225906521
3205.588284429685
3206.133753861474
3207.306171234543
3208.122336626182
3208.789647699217
3209.117204592621
3210.021832811899
3211.060015111601
3211.599889180533
3212.248643109595
3213.062576243224
3213.249818053258
3214.128138995419
3214.692841324494
3215.569330228983
3216.508998067293
3217.649448963317
3218.026414579689
3218.643616399207
3219.359187247389
3220.319654462439
3220.500068747324
3221.485918807657
3221.788670434338
3222.988667268438
3223.794267165360
3224.173737576486
3224.746348237093
3225.613111869630
3226.418993259324
3227.582230818153
3227.981600317086
3228.831620331048
3229.383105100794
3229.897490934183
3230.790950546284
3231.560241036729
3231.734954281619
3232.476285497415
3233.598875070737
3234.239117748753
3235.267550126524
3236.042890765214
3236.582948519637
3237.162551148646
3237.644725280967
3238.536593300322
3239.468011680151
3240.323697387620
3240.563530725033
3241.110531112030
3242.085809301931
3242.545197934566
3243.545662164897
3244.441104543848
3244.961335372947
3246.026351467958
3246.765026608156
3247.439895940000
3247.681084957864
3248.259635468280
3250.757031325784
3251.322778350303
3252.114941115854
3252.880613232481
3253.699795755168
3254.238234619211
3255.132179333415
3255.839780568325
3256.293616206490
3257.449395079675
3257.674341588157
3258.495705314402
3259.310107643510
3259.896394984286
3260.268191774025
3260.848143060127
3262.611796684431
3263.121123284612
3263.757795900539
3264.279688282708
3264.865235010148
3265.861190978406
3266.239011036526
3266.946848939237
3267.721708099202
3268.527850540435
3269.053608664372
3269.938792876544
3270.599955120470
3271.414887163247
3272.082102752659
3272.851358248255
3273.669424755503
3274.407137882551
3275.161156449435
3275.775240719621
3276.259620670362
3276.618960852744
3277.546200669437
3278.441364512153
3279.036226490859
3279.989548961277
3280.725171508538
3281.831527546326
3282.072349763289
3282.933777501548
3283.314700075360
3283.984273112437
3284.827487682373
3285.989295600078
3286.240089152997
3286.854475188977
3287.647779785019
3288.039680316296
3289.406924125990
3289.666593393467
3291.010318459123
3291.650350828982
3292.031322405247
3292.712757242899
3293.502487752442
3294.199257369894
3294.665322469999
3295.361492635333
3295.961683271277
3296.875226541241
3298.078830333041
3298.469636882420
3299.300385859026
3299.910319965182
3300.324991944241
3301.460506677322
3302.251887986933
3302.740329667410
3303.148127379045
3304.294505871699
3304.699052748527
3305.284269528425
3306.087502710880
3306.631019818001
3307.945528116204
3308.545689812236
3309.662644449137
3309.753087803415
3310.657393029303
3311.260650739053
3311.647176022923
3312.408019064948
3313.430844739265
3313.988454121872
3314.946489857302
3315.279584968566
3315.933935926175
3317.336847465956
3317.793226054540
3318.266277830059
3318.991316837347
3319.951675492617
3320.750454571212
3321.246183828696
3321.869524006064
3322.418426943858
3322.947756224226
3323.762861784690
3324.584947319748
3325.880969908559
3326.307452200928
3327.031243834081
3327.741304890884
3328.409422345705
3328.853676294741
3329.663523392995
3330.496367407920
3331.045617599812
3331.785644227219
3332.417930743302
3333.365842054241
3333.971653225949
3334.386353003959
3335.399272826562
3336.399519897505
3337.263149020766
3337.633535755619
3338.496842494191
3338.617029036001
3339.681789203135
3340.205130348095
3341.047386633089
3341.469551873216
3342.326840925645
3343.334803402594
3344.357497198180
3344.773185464245
3345.316060258517
3346.231214461542
3346.707888817475
3347.319091105269
3348.330243048630
3349.183150761900
3349.556740143356
3350.211159353680
3350.672182843145
3351.502010218133
3352.373520757170
3353.528237798487
3354.063748221588
3354.629514374157
3355.597141389240
3356.088844231137
3356.925972251834
3357.255835944164
3357.897591869069
3358.398194320587
3359.868167146145
3360.235083394985
3360.744721433793
3361.868709621464
3362.582025124121
3362.971425904001
3364.101890915453
3364.445479831261
3365.497243895293
3366.029957822183
3366.673177297266
3367.229673491626
3368.167112895761
3368.476247149132
3369.330433140412
3369.853067205448
3371.054604285420
3372.104620287593
3372.762569969394
3373.227090509988
3373.536856650242
3374.304251566356
3375.197406132175
3375.987730312444
3376.427871454403
3377.358104656388
3377.864214124380
3378.544285326800
3379.573118599185
3380.107707971430
3381.007136219461
3381.476650632003
3382.591969048582
3383.156266435939
3383.919487263195
3384.402998370284
3385.004982034077
3385.751985685798
3386.270671369788
3386.750064951222
3388.167787641479
3388.758863156931
3389.630366313493
3390.033769599015
3391.071073278381
3391.674457327246
3392.238386016957
3392.653345685506
3393.663363033585
3394.308955472167
3395.186245880623
3395.887955655588
3396.201864471805
3396.793032761975
3397.744290167856
3398.815611286169
3399.669824096533
3400.141410225335
3400.906140700118
3401.635330937458
3402.021336500876
3402.899276719239
3403.191008785480
3404.441388169139
3404.612560748936
3405.473191185811
3406.503965050120
3407.354963434703
3407.998478577044
3408.729517112000
3409.033129332688
3409.810863747545
3410.955273264376
3411.575615034354
3412.149191467412
3412.674235554576
3413.147664270691
3414.140910577597
3414.756943707514
3415.417331575840
3416.263175415025
3417.569025306947
3417.989061624197
3418.467851249962
3419.382456154131
3419.993051129146
3420.262148115376
3421.060994109668
3421.978655433053
3422.627380403986
3423.586934438512
3423.920944123091
3424.813181391097
3425.431071621104
3426.520094248966
3426.953036219032
3427.966325581291
3428.579187525128
3428.791647388999
3430.126643714712
3430.530747923473
3431.196734990624
3431.494143878304
3432.254936190888
3433.095656316305
3434.370374993938
3435.112266528265
3435.560669479563
3436.327459077626
3436.833438444025
3437.595767694027
3438.408064542855
3438.724229168194
3439.915170525155
3440.308767367510
3441.057519613955
3441.709576587874
3442.327256210314
3443.407049922805
3443.961161980066
3444.549128216759
3445.748003751640
3446.579884127342
3446.804124774616
3447.504948798508
3448.050096350794
3448.648918949334
3449.523273940379
3450.156841416693
3451.059032349753
3451.591413161114
3452.566303321065
3453.588033467444
3454.036890615893
3454.593941202048
3455.099193329896
3456.052697978124
3456.741448667614
3457.662208951833
3458.006017413572
3458.800352834536
3459.416716321589
3460.063776657684
3460.427657815756
3461.982982229883
3462.665806676780
3463.334448874999
3463.837045914248
3464.783832691274
3464.946042035458
3466.134634399788
3466.545042759480
3466.945266099457
3467.762108866723
3468.799367871995
3469.511781733998
3470.304152701313
3470.801449354631
3471.518085365169
3472.482104170710
3473.022838174502
3473.834280146137
3474.545303925724
3475.239454837906
3475.777559880014
3476.263167409853
3477.210083519883
3477.746677697055
3478.223594672797
3479.443591732127
3480.328425705252
3480.966543052338
3481.892277459311
3482.354275681510
3482.681342873491
3483.629341285273
3483.852493167727
3485.231724201988
3485.860817210312
3486.425673094113
3486.703083989923
3487.706246596753
3488.738502438548
3489.241861342131
3490.052241544985
3490.834800535690
3491.411445210248
3492.470739815593
3492.938260494219
3493.303464323413
3494.300824341485
3494.488565868071
3495.335059168046
3496.178664436132
3496.978781499002
3498.259344681263
3498.547581223310
3499.164789295641
3499.913779779245
3500.547975187209
3501.515604150030
3501.871567307504
3502.600702363287
3503.371272915828
3504.136470270685
3504.882927778983
3505.208058019874
3506.108842407152
3506.621385577006
3507.915245763749
3508.904814936888
3509.203675211589
3509.769542729879
3510.432403002850
3511.219174271567
3511.773659285062
3512.391242595973
3513.070849775665
3513.929445719964
3514.750027209625
3515.260667550951
3516.404233243932
3517.025272826507
3517.623339185104
3518.200881673800
3518.738265902381
3519.997856177699
3520.460659934206
3521.078102438713
3521.926716595521
3522.209631616709
3522.612470819606
3523.802511429687
3524.674653869717
3525.372088227372
3526.430252048208
3526.673252786183
3527.957524733616
3528.090193452165
3528.672803414433
3529.368860487441
3530.090547433108
3530.917941735393
3531.595866495159
3532.441604099028
3533.038668726904
3533.561180012108
3534.709034573184
3535.120691646012
3535.978217080572
3536.938155012355
3537.495747171372
3538.079427198861
3538.512447994249
3539.462278170016
3540.139630736771
3540.631735031832
3541.222986049400
3541.834832650505
3543.495988180395
3543.907724546611
3544.639629922348
3544.990435093750
3545.850026977324
3546.394122036532
3547.077292959328
3548.156316487280
3548.524217850466
3549.155714423920
3550.029916783185
3550.554905563106
3551.250065826885
3552.101721684709
3552.935710234930
3553.760902207267
3554.375415122351
3555.165881840899
3555.878179277809
3556.563382170682
3556.938040599524
3557.337258795675
3558.247494233250
3559.072635305990
3560.069773613895
3560.480968712657
3561.410446178847
3562.168149535277
3562.875800582169
3563.600451103849
3564.191676335746
3564.563531789953
3565.614114487415
3566.495696310143
3566.994582689508
3567.521600382658
3568.067186605901
3569.006803564032
3569.340577614472
3570.635528685589
3571.544990808718
3572.212053388983
3572.912236714385
3573.118745789389
3573.954610813571
3574.739554062427
3575.360930282716
3575.866249575046
3576.895966283610
3577.234836350468
3578.185802204588
3579.139927557185
3579.909102993841
3580.348532840955
3580.731649985162
3582.078157038170
3582.655040666691
3583.338931976883
3583.990266804122
3584.384467439306
3585.192538383775
3585.862240803482
3586.502267617826
3587.004463873869
3588.385936134111
3588.826572072505
3589.982524655701
3590.359274105914
3591.021024929055
3591.615626645543
3592.331208972042
3592.850965074583
3593.510905719102
3594.708867530650
3595.345198218453
3595.573532758854
3596.333326348220
3597.057121359902
3598.212932905421
3599.025295960537
3599.285034504470
3600.301208565987
3600.924673760798
3601.593581912138
3602.312933268413
3602.808563735813
3603.354391536913
3604.011289297682
3604.693158341394
3606.020539051647
3606.487473401712
3607.336912006290
3608.177600771916
3608.477726906957
3609.169261449791
3609.920954574703
3610.747174590973
3611.632330439329
3611.920812232263
3612.592645181781
3613.345268544223
3614.260378444164
3614.618147058451
3615.430638257850
3616.352350019364
3617.361055863559
3618.107459939285
3618.573796577586
3619.165404235991
3619.679076011571
3620.218275588843
3621.276237469544
3621.737146279977
3622.638333837080
3623.063632436318
3624.197963605890
3624.851705860731
3625.515579133728
3626.379394698116
3626.873126936188
3627.453551614044
3628.497427265068
3628.910133109077
3629.978837056150
3630.308094578510
3630.994695627694
3631.423212458773
3632.129410265424
3633.019320400550
3634.427394272200
3634.848610598961
3635.410987431385
3635.920772196457
3637.021441061320
3637.634513950695
3637.814261971336
3638.628354001417
3639.341131632799
3640.404403002969
3640.807371615787
3641.711888866676
3642.140218574122
3643.135676226718
3643.792593714573
3644.443225144311
3645.509560865845
3646.023909916640
3646.762402935396
3647.147059057570
3648.075178075709
3648.413637909233
3649.087684331246
3650.143278478476
3650.478095125259
3651.354761400703
3652.648338059317
3653.295517521143
3653.674894495551
3654.413712031831
3654.821287650412
3655.472345514712
3656.717083197823
3657.096467602137
3657.832323866672
3658.509800344613
3658.962645773216
3659.676931353052
3660.776239732259
3661.283417805010
3662.146929890679
3663.072270813054
3663.686019409243
3664.223422283208
3664.956346446397
3665.501493828178
3666.266227482683
3666.759048190456
3667.122253102129
3668.511610064672
3669.079553523617
3670.168244813359
3670.321676351964
3671.255130548202
3672.093318304193
3672.564506643273
3673.474733969274
3673.959283580942
3674.681547801209
3675.427144204373
3676.157452018473
3676.825887013953
3677.351453870802
3677.609856621698
3678.939958048035
3680.045782519169
3680.533130368055
3681.261384180490
3681.944845265582
3682.458946123042
3682.937686684287
3683.723806055474
3684.491927239553
3685.166452876192
3685.922940529367
3686.603500806224
3687.092179572798
3688.441841896361
3688.796881135119
3689.505441196303
3690.192666124537
3690.750206465851
3691.969401155085
3692.684613679014
3692.946243044583
3693.286973564723
3694.250623170508
3694.859764056521
3695.614654571618
3696.305664077686
3697.594841674963
3697.918222148175
3699.041511764844
3699.306638571577
3700.135728313382
3700.617685400076
3701.392599448463
3701.862359098234
3702.874965498607
3703.682025905263
3703.968916869476
3705.020840816737
3705.439823804332
3706.114142567929
3707.039492613035
3708.302442877917
3708.551847838849
3709.243768367321
3709.763326679460
3710.785309287171
3711.050695185938
3712.001841163202
3712.503077964490
3712.816203219721
3713.935678174346
3714.912040865994
3715.790837474282
3716.412164217196
3716.849382712294
3717.509159202649
3718.323353065998
3719.013027669868
3719.595064682221
3720.639809825020
3721.089298528388
3721.598083319370
3722.259953128086
3722.920181814467
3723.918843328625
3724.558987900698
3725.437615792167
3726.172927079852
3727.212783376285
3727.404677692518
3728.206599317863
3728.725534642358
3729.192934756660
3729.873892125621
3731.074194376238
3731.521988592502
3732.343478781700
3732.766796626932
3733.916164439866
3734.739443915432
3735.118242284285
3735.671733785983
3736.700366016388
3737.385888759243
3737.900833229863
3738.704790104826
3739.328541691669
3739.887343076844
3740.521941007087
3740.960420200425
3742.039990787704
3743.432525643319
3743.680553512786
3744.537989451606
3744.957164113035
3745.442348970255
3746.545758645986
3746.898397594211
3747.740628147842
3748.381198324874
3748.819632469755
3750.033638414129
3750.628217211397
3751.002122326466
3752.044969383686
3752.685097149926
3753.357517283868
3754.450354798480
3755.003341722659
3755.453281865034
3756.189872035628
3756.819938573118
3757.320935362669
3758.046238905197
3758.773317764538
3759.531167814937
3760.585451809493
3761.264804625878
3761.846566791823
3762.906121171297
3763.251560786092
3763.898133752175
3764.093303742738
3765.380877329015
3766.179887401089
3766.817434693109
3767.198422522641
3767.894084099575
3768.451014210585
3769.426510852219
3770.468039411216
3770.997010673339
3771.784907774271
3772.513117722031
3773.058068314254
3773.888864572462
3774.333762979701
3774.851840338792
3775.518746406867
3776.544435590886
3776.824473341640
3778.024769287395
3778.860097546122
3779.518634245591
3779.953609266582
3780.621868732629
3781.498186361121
3782.254913243563
3782.943081398655
3783.601628380282
3784.031227664940
3784.803577504017
3785.667738891711
3786.028120459889
3786.940968425331
3787.285148942458
3788.896049362635
3789.484070199932
3789.992654923890
3790.711368331126
3791.037808980508
3791.895648411582
3792.587041197065
3793.029539169620
3793.991378495139
3794.889513944757
3795.275829354776
3795.836919328314
3797.084343857925
3797.497402878663
3798.393365601048
3799.013869497804
3799.573078780818
3800.529316244474
3801.100311703613
3802.036336217474
3802.377304144389
3802.765861568819
3803.547589584075
3804.070503524919
3805.476731580909
3806.086069632008
3806.707524188367
3807.681486123725
3808.045043465755
3808.928663398552
3809.283563921427
3810.138972913192
3810.660286577869
3811.478726963775
3812.333371281686
3812.973410667390
3813.338415101147
3814.275320167382
3815.007353213508
3815.619164752245
3816.670634918699
3817.404264516102
3818.153215584506
3818.775060741468
3819.024174609660
3819.614705571650
3820.841363475894
3821.170565622112
3821.664682453048
3822.553847299058
3823.397415215368
3824.452819556004
3825.138014442672
3825.780745337098
3826.011432909724
3826.894721174594
3827.539618745230
3828.631219463879
3829.111836846077
3829.607577503838
3830.481544280397
3830.820885641387
3831.809626892320
3832.093423657589
3833.328967053987
3834.378637756421
3834.686435226366
3835.422306370834
3836.276619669015
3836.927900409904
3837.354368765374
3837.962852286550
3838.508516530178
3839.312865386480
3840.308579013245
3841.103685779031
3841.473946758513
3842.365933353949
3842.975118752397
3844.071112050349
3844.435543287908
3845.187995550852
3845.824690824532
3846.685551952780
3847.285353187517
3847.976969756536
3848.328634425047
3849.240051262513
3849.629775627459
3850.514541946820
3851.631247207707
3852.660112764800
3853.102489449991
3853.389248155041
3854.480157217788
3854.700565777965
3855.388793811881
3856.370858390990
3857.197658439668
3857.546941888233
3858.202669906371
3858.955994150180
3859.915270769245
3860.675098488008
3861.176336353087
3861.738403024909
3862.962761494217
3863.654919715327
3864.082448860184
3864.668773458907
3865.502371312436
3865.832265231259
3866.450052394141
3867.437505308579
3867.994054914930
3868.940032400773
3869.980534807608
3870.377197752608
3871.132368839862
3871.824692303802
3872.375820937234
3873.239865927724
3873.503421386432
3874.511164099461
3875.246515801527
3876.061722836378
3876.528055249458
3876.998633674580
3877.503257891855
3878.990062727636
3879.434364408668
3880.623568152772
3880.928726472890
3881.327193763136
3882.332529798094
3882.929796903896
3883.543380849736
3884.051188410795
3884.627079523621
3885.609894746446
3886.357148696988
3887.214392404337
3887.841711633188
3888.767384983851
3889.207926272632
3889.739429945349
3890.468948392969
3891.679238531191
3892.076767794956
3892.586654476646
3893.373830090703
3893.698743668960
3894.679260485856
3895.269741930274
3895.969535990766
3897.051576199955
3897.617914457801
3898.763714343135
3899.197798175583
3899.721871402646
3900.178234192491
3900.835216038652
3901.582737603397
3902.478257103870
3903.190983009737
3903.668666581891
3904.493597590900
3905.195125087210
3905.903698910548
3906.892658696882
3907.270958194736
3908.312822162892
3908.714720598366
3909.549505930379
3910.289384366182
3910.731439752528
3911.506917554014
3912.051831571297
3912.700517935043
3912.991541199590
3914.684154132272
3915.434405508309
3915.830419860930
3916.373381466202
3917.226113058972
3917.764553280747
3918.706053698340
3919.035599476591
3919.705698828780
3920.817550461455
3921.134215094602
3921.864176354838
3922.673203510160
3923.255731517776
3923.954065381562
3924.890648024357
3925.937424605964
3926.147854177360
3927.227748749147
3927.772461387528
3928.069814666712
3928.831940387629
3929.388921754816
3930.200780731311
3931.099127966349
3931.653878710871
3932.320237811220
3933.442868844011
3934.220739004877
3934.729810805655
3935.059098203625
3935.938017242267
3936.513385503145
3937.550548623353
3938.279378165106
3938.697984316950
3939.401036743626
3939.598667089016
3940.833034897042
3941.242000887640
3942.425644423802
3943.184568132529
3943.950328766467
3944.438195280778
3945.072480059415
3945.693248533011
3946.452465270179
3947.062506062755
3947.499660834219
3948.230463294140
3949.375495153283
3949.824551331961
3950.726981407369
3951.360691681763
3951.969924048705
3952.611777829133
3953.656109753087
3954.316410059620
3954.863268133932
3955.488401477373
3955.969695367382
3957.112653113035
3957.469476651499
3957.826111160357
3958.678204630744
3959.569375114027
3960.787150710310
3961.322057959464
3961.897641408309
3962.701133747266
3963.182416615730
3963.567035491139
3964.460253628726
3965.184999846676
3966.110914156445
3966.525842637658
3967.388930518506
3967.681624723985
3968.556638640492
3969.808614611217
3970.170159071969
3970.775500174995
3971.554244682156
3972.631612090670
3973.026682035856
3973.739858427773
3974.155450049800
3974.727444179064
3975.378136791614
3976.231651553818
3977.030742753328
3977.947156666920
3978.699098851956
3979.351443444826
3979.908833382576
3980.809634192340
3981.297115298316
3981.671400401519
3982.928433185952
3983.447058795518
3983.751149644587
3984.851590231036
3985.520491830457
3985.800083972173
3986.697322259515
3987.316012886832
3988.696899426594
3989.400031430230
3989.719091041552
3990.403772195614
3990.901887737812
3991.776771488448
3992.288109125217
3992.986373927320
3993.737132256721
3994.234276855868
3995.103551166044
3996.194491248615
3996.812681576962
3997.238037745648
3998.169909298197
3998.566077498593
3999.492380296536
4000.107848289928
4001.097753364250
4001.443573665296
4002.200510352565
4002.611925317861
4003.211883601126
4004.037985467663
4004.975690272818
4005.866198469938
4006.547257427210
4007.258928425162
4007.897999645465
4008.605956922222
4009.351656378040
4009.558567713862
4010.100733296242
4011.196982558461
4012.127044912773
4012.712034904569
4012.992515450893
4013.870474016297
4014.881634631386
4015.461392267801
4016.127584661194
4017.026219696640
4017.659315521695
4018.286524573479
4018.883897692656
4019.636580415502
4020.095183309530
4020.916858594896
4021.356276425242
4021.985273799361
4023.140922674046
4024.098077122836
4024.827433916979
4025.446987657454
4025.720413283584
4026.233923193162
4027.404496275192
4027.968711220421
4028.656830576503
4029.270137367132
4029.881414903063
4030.646311362927
4031.279984176260
4032.151309246970
4032.597294072402
4033.655687245748
4034.340224286721
4035.232302723930
4035.864120193060
4036.310821877101
4036.874880700519
4037.656009746614
4038.084799232073
4038.892039591783
4039.472619408584
4040.711979126207
4041.213100703906
4041.703511309758
4042.892732114763
4043.310952021754
4044.220837716114
4044.406857676428
4045.345355337880
4045.896453581434
4047.099322023904
4047.466516807915
4047.855522075867
4048.808935364577
4049.034947714566
4049.849101513653
4051.347079072569
4051.782273277041
4052.452967341224
4053.099960229743
4053.940778853590
4054.288768338721
4055.012923153363
4055.551348280064
4056.471704655406
4056.892728391406
4057.935017309523
4058.266347747301
4059.473270922595
4060.075280059213
4060.578187371716
4061.375674557260
4061.893781458185
4063.081492077683
4063.640839012015
4064.140950433813
4064.890376685144
4065.122249829208
4066.031802191902
4066.861414601549
4067.453961828519
4067.849698139183
4069.299557567086
4069.989026106701
4070.644546823373
4071.212097550922
4071.640602804137
4072.566902655115
4072.866671485330
4073.689997543681
4074.780503140216
4075.115313968091
4075.907560937130
4076.501210927840
4077.030452335868
4078.068982945095
4078.770175461113
4079.702125760395
4080.188539703498
4081.036471966463
4081.325114754463
4082.447735167828
4082.995840669314
4083.440372435864
4083.830662536732
4084.524727507875
4085.718535282906
4086.381670006038
4087.455127918886
4087.797452513028
4088.386955009909
4089.327918050924
