7.133026695833
9.170540035435
9.833344958287
11.089818352591
12.626607034693
13.491003131042
14.418328712057
15.173201730219
17.109978163144
18.623833830164
19.392269911900
19.981542349871
21.615188749575
21.930696425071
23.332776281660
24.427457799869
25.693809262040
26.491160425471
27.630975700164
29.282707903477
29.728200817946
30.519654347215
31.678201360204
32.475054928083
33.223449003147
34.824940060946
36.106957306676
36.967219517991
37.718969525658
38.563744969070
39.340985359586
40.981649784318
41.403674865788
42.319001673330
43.072648904355
44.644426862583
45.774429084883
46.285798060605
47.749330241058
48.293776276581
49.135354189417
49.621031426659
50.838525425182
51.917864578827
53.251735441358
53.942217682905
54.895684882372
55.786310658214
56.583584644293
57.877910732819
58.357228717390
