1910.620806256108
1911.373800491741
1912.087307262589
1912.971600195170
1914.033543631014
1914.595356413613
1915.274794114076
1915.861763350391
1916.357475342541
1917.199899552299
1918.341540279729
1918.843961646260
1920.001989223614
1920.700116514229
1921.638549048257
1922.118830178593
1922.913433497632
1923.806002046315
1924.464838136581
1925.200827000951
1926.104431177141
1926.798261388877
1927.216290164127
1928.165329185753
1928.671228715929
1930.595016524287
1930.931123423326
1931.485354178222
1932.137161770366
1933.145208890707
1933.539076542445
1934.530201252977
1935.059930384832
1935.843440864841
1936.871613689842
1937.581702400299
1938.621832001051
1939.049814860382
1940.144043848457
1940.542583567575
1941.821511566597
1942.285077796698
1943.323071952942
1943.635967825863
1944.203735513157
1945.087935351884
1945.894806771624
1946.841961813111
1947.971732425868
1948.506071491393
1949.501145428166
1950.339392167235
1950.723293450668
1951.052007151057
1952.173139946673
1953.234714521687
1953.826136305316
1954.585975932694
1955.062079460884
1956.000406020357
1957.105294893733
1957.763021887073
1958.673725006668
1959.486857267600
1960.127872282294
1960.759956917375
1961.467116930994
1962.257237217111
1962.978234729540
1963.272775118972
1964.645316533481
1965.820722336827
1966.412119932215
1967.173878644837
1967.442958625125
1968.554020521907
1969.350779157425
1970.172045717741
1970.811337506216
1971.301812273070
1972.467671896055
1972.969753225054
1973.546254972286
1974.614980576534
1975.626977271875
1976.559504247609
1977.392868175099
1977.683170578029
1978.605154552378
1979.082981994080
1979.983248934292
1980.381069503116
1981.919891972259
1982.177814915109
1982.987920518925
1984.079054212746
1984.946719581549
1985.549893531911
1986.231323818159
1986.884231860257
1987.922151873392
1988.885452781707
1989.254645772779
1989.789758128574
1990.647560461309
1991.078083113387
1992.653046699670
1993.269585376425
1994.369628850852
1994.862275306815
1995.421041080076
1996.315497850330
1997.088998133611
1997.395238688084
1998.610996092792
1999.202842219173
1999.975456209535
2000.839418689163
2001.872799025057
2002.196342161380
2003.083338365691
2004.328916286647
2004.968929724414
2005.648053675514
2006.188290646090
2006.782984566624
2007.756445308803
2008.417382397946
2009.014102977100
2009.836137374557
2011.235151609607
2012.064241168627
2012.437479416264
2013.346626522700
2013.768674717159
2014.706062793575
2015.311005475456
2016.568599734869
2016.951769821850
2017.600855259972
2018.467376266578
2018.920359580486
2020.243659088871
2021.114275026837
2021.889140950207
2022.376212594257
2023.428168916011
2024.163860396180
2024.701693312504
2025.079540161437
2025.925663606709
2026.812472137462
2027.931450401676
2028.735594665492
2029.248625540590
2030.287279587784
2031.049826436950
2031.533888264332
2032.406949700402
2033.388353183183
2033.879447712846
2034.673921172090
2035.430759680083
2035.949952407247
2036.924485595188
2037.380478671393
2038.822933334831
2039.782359409291
2040.307162572859
2041.079818031700
2041.455871095595
2042.059868847989
2043.217729346121
2043.884643918403
2044.529539534498
2045.277107087795
2046.192026530893
2047.072431277220
2048.159235230650
2048.325661203681
2049.182300236226
2050.424962168567
2051.040646563125
2051.511417559937
2052.517060454971
2052.934521049791
2053.543641727755
2054.318864171286
2055.322912011453
2056.710406810983
2057.043784834054
2057.786872019095
2058.848809740895
2059.180045091349
2060.119179216383
2060.588612482645
2061.306591416421
2062.556016690682
2063.136338677709
2063.877180498819
2064.129588309320
2065.474085344036
2066.228833581084
2067.396031458127
2067.746418073598
2068.697622437136
2069.176486262375
2070.043621171433
2070.784344269663
2071.082870852916
2072.150572672230
2072.895216676267
2073.827453028091
2075.136888959228
2075.525061533365
2076.148687588155
2076.875713687041
2077.449041692321
2078.674430618357
2079.426843453629
2079.864909004632
2080.658887725195
2081.046568823161
2082.437813034554
2082.712739343694
2083.843473303114
2084.833898943480
2085.650408794870
2086.498590662775
2086.720354480934
2087.607534045717
2088.253705470509
2088.797756249512
2089.904099265765
2090.676520027492
2091.370932138287
2092.406969216743
2092.974430023936
2093.776338059024
2094.801948346711
2095.388106496516
2095.900372976767
2097.169961556073
2097.383998622136
2098.458233816132
2099.042142594639
2099.490545266761
2100.076390483603
2101.793416107779
2102.617792537490
2103.061888076601
2103.758843936119
2104.539541726936
2105.252121401547
2105.892179812136
2106.606071665475
2107.526048232072
2108.280856463703
2108.858665264971
2109.838923271619
2110.592641591927
2111.444337098220
2112.153185643764
2112.924266633135
2114.115033058952
2114.736469394406
2114.962607336959
2115.723901965533
2116.444184192253
2117.362373738244
2117.978519086917
2119.110076668179
2119.729118222958
2121.083806726545
2121.427620370122
2122.116634791555
2122.714138400234
2123.369691044173
2124.483395040800
2125.259347477314
2125.743516715842
2126.710856236359
2127.061673434581
2127.901036254862
2129.005815684549
2129.928265440690
2130.908104285665
2131.317446224539
2131.983540698709
2132.787239115869
2133.610483835702
2134.133991375331
2134.756521378621
2135.385758530061
2136.790625873550
2137.472724507375
2138.265029730774
2138.966568890963
2139.507832408570
2140.511265903614
2141.345271836392
2142.005798527098
2142.569355108598
2143.604704634587
2144.020309677176
2144.755308483564
2145.446908341250
2146.390015637785
2147.418388419444
2148.520039092315
2148.923895380078
2149.778731629337
2150.361628092651
2150.958300519694
2151.409587918667
2152.678733057252
2153.416321447353
2154.210155351697
2154.482398139134
2155.643468481835
2156.895854792716
2157.165861516102
2157.765390151828
2159.056627417312
2159.425490770983
2160.636518967523
2160.943554250377
2161.567880165190
2162.114994071379
2163.161628029440
2163.701211751662
2165.140552174315
2165.977569811541
2166.436251711154
2167.108631456680
2167.936824838440
2168.658649670024
2169.222606460851
2170.378545654632
2170.529744358456
2171.726518074972
2172.410575883981
2173.142574703209
2173.742335708794
2174.603808581706
2175.952470252158
2176.496363295038
2177.260519335480
2177.646794198540
2178.543943601509
2179.189374761378
2179.865614970526
2180.661741430214
2181.254025493651
2182.387539323506
2183.466986726409
2183.883859758739
2184.931624129630
2185.478528335327
2185.893526176803
2186.863562409289
2187.863626317760
2188.672958548214
2189.118738608870
2189.633598395463
2190.479452133597
2191.154177403549
2192.671782184660
2192.990767150571
2193.945119986803
2194.754728905943
2195.699767851726
2195.903126385793
2196.633004357117
2197.380391602301
2197.993455481473
2199.288291264945
2199.725191486552
2200.567663904271
2201.582647289261
2202.082077309899
2203.087650782596
2203.578456460004
2204.709668370904
2205.341752915386
2205.885190765569
2206.496213197275
2207.661766741508
2207.943865992715
2208.615868447859
2209.408569085442
2210.949980978242
2211.603312673560
2212.444904446146
2212.789189632656
2213.176702492250
2214.466338980066
2214.973541474990
2215.718370520658
2216.610099158414
2217.261290115868
2217.872523009345
2219.010628717902
2219.525690823411
2220.536814898581
2221.190723937772
2222.152063171819
2222.853066753433
2223.650227582491
2224.075537707217
2224.995194045838
2225.231281200600
2226.042509569786
2227.451875350719
2227.938579875091
2228.987381485644
2229.603232022824
2230.517814586540
2231.112153929661
2231.850686954713
2232.243890982010
2233.271987962999
2234.469677121163
2234.654850502363
2235.426145818619
2236.024427622090
2236.949542596039
2237.881848246858
2239.039008202462
2239.627678066156
2240.308788712747
2240.977049193752
2241.620900821770
2242.252861989852
2243.137225435037
2243.683748547452
2244.601055497268
2245.193596896604
2246.615755559186
2247.193856655897
2247.781801229884
2248.367979926874
2249.190840868202
2250.294132228507
2251.003552823040
2251.490359239061
2252.142589175254
2252.843335784668
2253.692515919282
2254.354293731984
2255.071871665945
2256.485529593068
2257.165189131872
2257.674772121751
2258.660861414127
2259.074684902213
2259.863404713219
2260.201801634270
2261.423122117325
2262.036514995308
2263.053890514224
2263.718233373439
2263.991184744328
2265.412138677063
2266.101999094137
2266.831113022427
2267.582970229960
2268.184145359352
2269.253107187773
2269.737824589258
2270.427479790677
2271.029323915753
2271.481825600295
2272.590450557757
2273.896156250887
2274.601158173080
2275.065421275290
2276.071959291889
2276.535613823719
2277.131910056105
2278.049591182661
2279.090320084768
2279.344542558044
2280.258520556063
2281.052415229741
2281.640989913967
2282.712621814474
2283.338536652660
2284.057744576945
2285.511029703644
2285.920917140270
2286.337430371365
2287.257945528166
2287.537659572647
2288.538149154441
2289.389986441103
2289.912433254392
2290.943644106363
2291.765765451469
2292.831978387538
2293.470533274798
2293.841148772856
2294.738570143036
2295.484080059804
2296.302450002391
2297.138148108060
2297.758403113208
2298.529099453021
2299.017863846302
2299.503889798719
2300.838979004088
2301.970142840019
2302.602934103322
2303.136039603132
2303.841247424891
2304.689642209963
2305.476817865966
2306.003834313211
2306.263886893514
2307.605953054256
2308.394047109944
2309.144491142213
2309.870458483056
2310.806052871078
2311.260020335543
2312.357888656117
2312.983199187087
2313.823269374363
2314.541765431367
2315.172856605985
2315.695216259924
2316.474789539668
2317.334766881832
2317.842235915073
2319.035354379151
2319.961720979078
2321.071895417114
2321.314608545767
2321.838333773071
2322.738166026314
2323.136225998373
2324.294860471770
2325.417335405921
2325.481432280036
2326.126917929612
2327.227523232953
2328.154524189545
2328.700397337368
2329.801924681323
2330.267449590699
2331.423234138991
2331.865626877233
2332.726451423289
2333.078625828235
2333.965859742187
2334.540397123913
2335.148334290104
2336.476103470706
2337.426728904914
2338.038938727256
2338.560500745985
2339.428262568494
2340.274541874644
2340.856285880023
2341.541489278902
2342.352624035352
2343.121597061822
2343.943613073602
2344.557615250862
2345.111769671288
2345.792649738961
2347.343895281359
2347.922124420807
2348.592310070926
2349.527981581508
2349.792687499239
2350.536874072840
2351.520858833513
2351.786805405251
2352.924667323480
2353.566059046325
2354.420464937991
2355.261826726484
2356.355203088380
2356.826038678989
2357.481555929598
2357.933177438704
2359.354724805780
2359.939121242163
2360.496463232581
2361.260065535430
2361.559291810907
2362.494491884225
2363.379233941246
2364.356221930978
2365.212109426664
2366.103100959872
2366.725176526775
2367.466536764982
2368.046151654185
2368.483093172159
2369.605408204742
2369.992517863435
2371.149615717301
2371.855392655157
2372.391796846675
2373.335018930864
2374.061002375548
2374.866509819790
2375.854376351962
2376.682258793779
2377.168890453536
2377.548002884721
2378.889127152044
2379.263896162554
2379.750407815068
2380.606000027765
2381.225168825133
2382.823882981755
2383.526291560448
2383.954078243459
2384.601836102849
2385.492306585171
2385.946551587437
2387.001043023606
2387.550149157530
2388.540733975812
2388.991956408469
2389.836675157633
2390.272204341077
2391.636866018041
2392.070141410858
2393.047229880904
2394.005679519465
2394.524788704545
2395.484860724085
2396.156115955735
2396.238551833928
2397.043240111851
2398.010896709372
2399.148483322316
2399.458784190124
2400.537241899502
2401.396582866887
2402.112552587863
2402.981865796264
2403.295383900881
2404.089599472669
2405.194612675057
2405.730918736082
2406.651737017930
2406.899210783118
2407.912837830260
2408.347046399871
2409.253773978679
2410.642235362028
2411.450619263064
2411.879643010707
2412.497168769989
2413.236485298971
2413.941429278944
2414.713976355976
2415.416710587656
2416.017653506555
2416.822251021647
2417.911585148191
2418.653065516020
2419.344245269800
2419.879767394993
2420.864744773975
2421.711484701676
2422.508318657104
2423.185730694926
2423.697276320535
2424.321062408741
2425.232563019241
2425.802547527136
2426.347029682971
2427.930593905841
2428.272383304345
2429.406260074892
2429.999384045955
2430.679851882958
2431.343833061246
2431.746076264560
2432.597128817832
2433.716176896243
2434.591556756133
2434.755202136372
2435.614078556857
2436.275083507177
2437.709147309632
2438.068524697489
2439.008980973909
2439.623703296633
2440.627136119769
2441.200389549567
2441.637404002234
2442.558005594293
2443.070358707032
2443.598186476565
2444.902065150804
2445.656710300991
2446.692525052340
2447.283323074183
2447.959590789217
2448.279724131814
2449.537434350709
2450.154428308178
2450.847617434155
2451.694836934856
2452.004790752004
2453.113203961496
2453.783108363304
2454.292112200115
2455.264452007205
2456.385693581808
2457.407371914118
2457.858438585195
2458.182573592530
2459.058327990684
2459.779248469432
2460.392969562585
2461.216040607450
2462.019277850603
2462.876816013410
2463.482958546000
2464.648327199825
2465.213264585977
2465.892569478867
2466.701803341004
2467.337548471039
2468.145066282359
2469.154896198997
2469.647796292204
2470.340614840547
2470.620619468242
2471.461373257021
2472.575587038127
2473.825492129973
2474.302450974612
2474.930531429382
2475.731142537856
2476.761379597998
2476.867766845096
2477.742034826344
2478.298291809625
2479.579558816974
2479.951449358952
2480.818877334415
2481.602319472824
2482.287876639468
2483.321132775067
2483.717304319171
2485.102746065023
2485.470373281160
2486.261095210341
2486.816141721465
2487.436876572032
2488.170288039200
2489.083581050294
2489.633691747638
2490.251805036004
2491.967787945783
2492.248485720297
2493.159424513463
2493.625469291824
2494.248166992604
2494.867409992043
2496.129877628647
2496.754043357198
2497.112629019561
2498.156202058622
2498.587592241121
2499.430285937090
2500.341597217127
2501.242787936659
2502.200245605895
2502.676804450667
2503.620048141918
2504.143608376088
2504.974425584356
2505.469876670637
2505.974552910743
2506.779629910963
2507.858812424827
2508.827679316702
2509.507640805353
2509.937807900000
2511.083086738719
2511.872848040736
2512.158661676103
2513.213353678069
2513.863837934055
2514.565723530785
2515.452780647563
2516.191428534580
2516.334553210458
2517.268614827752
2518.269832574359
2519.512936988953
2520.054274467388
2520.905831589148
2521.587109437572
2521.778938766279
2522.762498393855
2523.430437395768
2524.325565229361
2524.985733357724
2525.811503851373
2526.246407556320
2527.620435483430
2528.237646395998
2528.896880584542
2529.302062288181
2530.545832648517
2531.438687707568
2531.969196765463
2532.413374017638
2533.142102210229
2533.888300611324
2534.473385960182
2535.393773817220
2536.362019124384
2537.338155315334
2538.146789004376
2538.606918082242
2539.382509262806
2540.007781958644
2540.903911561559
2541.167934070110
2542.256159986189
2543.228978958728
2543.779460538294
2544.229702596160
2545.228907164452
2545.777818703404
2547.190611685497
2547.819314641266
2548.342467002354
2549.073280789008
2549.802189302326
2550.562689396647
2551.294747000999
2551.633438250786
2552.368788641314
2553.408419676324
2554.454064760772
2555.201992493975
2556.194589704723
2556.313797709456
2557.178408300160
2558.200719784757
2558.449915660888
2560.825688790114
2561.399945686771
2562.383208615316
2563.096211278274
2563.937177530398
2564.887948965631
2565.704170254952
2566.573021639399
2567.219480869347
2567.647242060340
2568.139538714100
2568.916920241974
2569.953996654463
2570.586259335025
2571.528707487825
2571.902738967457
2573.304545422671
2573.582517027566
2574.680693377808
2575.083951948491
2575.999811452378
2576.820857404521
2577.436823871937
2578.291098429663
2578.699821892438
2579.664911088302
2580.074812765254
2580.552936981627
2582.327913581261
2583.071340695448
2583.490708377505
2584.240528986060
2584.760162491246
2585.845008380328
2586.186663314553
2587.062196283903
2587.729365957280
2588.413874775213
2589.617810392378
2589.921254450567
2590.677552652523
2591.860822258321
2592.167015875455
2593.332839496291
2594.111350741934
2594.786531107462
2595.271326830949
2596.152826534884
2596.464504402012
2597.329941279119
2598.102745827716
2598.997028195453
2599.873791222086
2600.688517352205
2601.696405788752
2602.233974583457
2602.884855560643
2603.178096660187
2604.126854665364
2605.375699447667
2605.678422837453
2606.621082432508
2607.039124467880
2607.556005024649
2608.717834486813
2609.752763388889
2610.177468595257
2611.569156493171
2611.754079488896
2612.479658206097
2613.323696498059
2614.044650865875
2614.355041834581
2615.265209638995
2615.951541890985
2616.902205380115
2617.956199815913
2618.692220686326
2619.127678139139
2619.936368346723
2620.639507003235
2621.722336401733
2622.369370546545
2622.673965562169
2623.675036190284
2624.399774838852
2624.970992786005
2625.818625514891
2626.147190015726
2627.438905551787
2628.693545986805
2629.152496284628
2629.646425604443
2630.452436344986
2631.093433136023
2631.706770103174
2632.296980970018
2633.451262044960
2634.076801560863
2634.735733906250
2635.339915488671
2636.463556616995
2637.213424596196
2637.973183339771
2638.536370143837
2639.261956188480
2640.413200478001
2640.920030183002
2641.643165879430
2641.969095782779
2642.617594848149
2643.505898930548
2644.426802280908
2645.539352918267
2646.228774828712
2646.834100704818
2647.750714093188
2648.313421527766
2648.808921911832
2649.715976574531
2650.304210061198
2651.387796392072
2651.805253057129
2652.544398224258
2653.602567647215
2653.882908949682
2654.790502417744
2655.929728104200
2656.782346774475
2657.390517319202
2658.119515547461
2658.450729159853
2659.174615418971
2660.273408745621
2660.791751747699
2661.109598104981
2662.259382690156
2663.260923653693
2664.287300009036
2664.742123032484
2665.298548827118
2666.114184785863
2666.694528340832
2667.756234106314
2668.433379027512
2669.034931981165
2669.917845977890
2670.158073597954
2671.093509322036
2671.749024603234
2673.049893651008
2673.881134853047
2674.188832495582
2675.348601602602
2676.037695400861
2676.397677991685
2677.135174513101
2677.877475484365
2678.186804042748
2679.826412177099
2680.135322919667
2680.820856166602
2681.664160773492
2682.710397675757
2683.223110590041
2683.996695435655
2684.769513854464
2685.524713947410
2686.277649771227
2686.871659916676
2687.589646367674
2688.240496068668
2688.791572774211
2689.576458532421
2690.675305530250
2691.885422390612
2692.488815412063
2692.835899530872
2693.711756188704
2693.976531116914
2695.196506566248
2695.728753704963
2696.647002439214
2697.098000106484
2697.896756854604
2698.711730569829
2699.673123796088
2700.387801382976
2700.749856204974
2702.077195344262
2702.783037967522
2703.441042233028
2703.959878584154
2704.751802631052
2705.311417076138
2705.837863750648
2706.769316759233
2707.572133930656
2708.589288334287
2709.513415007236
2709.949757553305
2710.780227555435
2711.699540680196
2712.121865640385
2712.594568794916
2713.646178600374
2714.473957394222
2715.338947487447
2715.679103138368
2716.344738041299
2716.922584496016
2718.249707528706
2719.087709675249
2720.012879620611
2720.304451776643
2721.074490275985
2722.079771749130
2722.459829448697
2722.984169857759
2723.813380233773
2724.750809041594
2725.194264221060
2726.453526009436
2727.144110213319
2727.878046399329
2728.721202629622
2728.924817493655
2729.974538920077
2730.994593190532
2731.679685983942
2732.270997175661
2732.412724131657
2733.739758620715
2734.087147974413
2735.054396591779
2735.679778523375
2736.919136508835
2737.766426791290
2738.415562413930
2738.890953921134
2739.708344043521
2739.966691401349
2740.969361258578
2741.796068180200
2742.584841011083
2743.142166539066
2744.256728427741
2744.421139897394
2745.663692396048
2746.436633805970
2747.088133250210
2747.885547489793
2748.664887893606
2749.192427603262
2750.128063246597
2750.837157228245
2751.102768820579
2751.929909121909
2752.370438885861
2754.272988552064
2754.438483205368
2755.368363855122
2756.083232590596
2756.556533625699
2757.507756237263
2758.141221644452
2758.664653013589
2759.644261542834
2760.313112808517
2761.101393905135
2761.639745590769
2762.378959568129
2763.378286833706
2763.994539073090
2764.997843935943
2765.868338933534
2766.600239758793
2767.078150912817
2767.541188352590
2768.287839768134
2769.102021274428
2769.744867849906
2770.854027707829
2771.132730152072
2772.268011296836
2773.485003802976
2773.836459227124
2774.280798744066
2775.014565305102
2775.949845351994
2776.699878933141
2777.618900546562
2778.195842360250
2778.505246044356
2779.379088370282
2780.156700032213
2780.818035751482
2782.214480318324
2782.824452300285
2783.456641788927
2784.223646408525
2784.667856722412
2785.778084846424
2786.047618517876
2786.773507943071
2787.374997441793
2788.621514956794
2789.173767268272
2790.049834361909
2790.816563801804
2791.220027313819
2792.330418782477
2793.233138629685
2793.669674046202
2794.433834480844
2795.245282731486
2795.768056193467
2796.601306665887
2797.051135330807
2797.877633464575
2798.474131879280
2800.003856102260
2800.489755320984
2801.360523116298
2801.923334909866
2802.612996436061
2803.056969983968
2803.732783320070
2804.894097561799
2805.564455447708
2806.250101765753
2806.605590614456
2807.494672362625
2808.694199125892
2809.133724458836
2810.188294862940
2810.474794637031
2811.811455737352
2812.345462692067
2812.995576388596
2813.412863422703
2814.147256995111
2814.769661595651
2815.669274384812
2816.448376763018
2817.550332982635
2818.350285513473
2818.768208059382
2819.702414602658
2820.393061477805
2820.789666834957
2821.908889670734
2822.478437862670
2823.043261438039
2824.012587832931
2824.812815785191
2825.190087302148
2825.741104198266
2826.875230462729
2828.045681980045
2828.834332918929
2829.346126185780
2829.685826752375
2830.683673968588
2831.221745783645
2832.149326013079
2832.497350882553
2833.319145542653
2834.285765391869
2835.036267450672
2836.026960742680
2836.554049999461
2837.471865716780
2837.918977425892
2838.562736556724
2839.892896174078
2840.217890475430
2840.963752103283
2841.671197588774
2842.311399471133
2842.510521901729
2843.937951209536
2844.623794147466
2845.602883324481
2846.247189610025
2847.321963587410
2847.560240256812
2848.459695100491
2848.978179766754
2849.314350517511
2850.568401439242
2851.339395666660
2852.078478060310
2852.492159826646
2853.386840021702
2854.390088756682
2854.985509626440
2855.751305435793
2856.784474233495
2857.355323176561
2857.783678061142
2858.905472471837
2859.091155502030
2860.207718384587
2860.513920115912
2861.173299169135
2862.255885212030
2863.613489432200
2864.256136611233
2864.504066394329
2865.146408301863
2866.057824052758
2866.751271631355
2867.606316704827
2868.141780922554
2869.050995791864
2869.468423497868
2870.380574397483
2871.151007122759
2871.735632561923
2872.690118232969
2873.677948005785
2874.413228079587
2874.973657693857
2875.940858777610
2876.248965298257
2876.943716203227
2877.468589914724
2878.355995463791
2879.223311893802
2880.199933362367
2880.654297615272
2881.615397698554
2882.560046789593
2883.064339705398
2883.807565174056
2884.306891746948
2885.057846852758
2886.399076633409
2886.675913967780
2887.161862004540
2887.961431139302
2888.602578048009
2889.251730384115
2890.743397222162
2891.310083684490
2892.001016409327
2892.830215239827
2893.324949836648
2893.949251691679
2894.652979411816
2895.474433853661
2896.065783677790
2896.793348744225
2897.667928075282
2898.507840734615
2899.362976320037
2900.066081709241
2900.430937427480
2901.427487744302
2902.650162082141
2902.869334646127
2903.829988187598
2904.067945443866
2904.855313795300
2905.921490225352
2906.285501529957
2906.827671014333
2908.161397686498
2909.096268942511
2909.716500751902
2910.575453193428
2910.959508130029
2911.518796086038
2912.455116460654
2912.958595816845
2913.914304926752
2914.901432971719
2915.202905289134
2915.974857338115
2916.506486281043
2917.746134785702
2918.655344145151
2919.007283710826
2920.126784849910
2920.477835288231
2921.461047574306
2922.196528493093
2922.603451914877
2923.156074357756
2923.742253975897
2924.885969177539
2925.871336593216
2926.553310400974
2927.344595443449
2928.050061770799
2928.606860711203
2929.413058407614
2930.016647814646
2930.997914426695
2931.524772603942
2932.310020372714
2932.889362606807
2933.684562225671
2934.247204367951
2935.306562792497
2935.722474535306
2937.295022059246
2937.706046970287
2938.487241273501
2938.835712993965
2939.444948372476
2940.382872806660
2940.841016893914
2941.916936247607
2942.610880288491
2942.887682602189
2944.345693897350
2944.937904564270
2945.659195340004
2946.347595471140
2946.888408974163
2947.838647730388
2948.762934438905
2949.165604102264
2950.057565209607
2950.646300428371
2951.041583606550
2951.811341709180
2952.659560143320
2953.955563935663
2954.719847018210
2955.289131997616
2955.667943991426
2956.978662021087
2957.273350320149
2957.907085403743
2958.410332606425
2959.456664689461
2960.241223923039
2961.101096021252
2961.554422725069
2962.302047344194
2963.120388947674
2964.153631163968
2964.776595689384
2965.503517804056
2966.388147671624
2966.873363454403
2967.441687462030
2968.317180996090
2968.772559173358
2969.578259479699
2970.275792930685
2971.172528318965
2972.582736508672
2972.740232799315
2973.831656229082
2974.208668221809
2974.600077661950
2975.515945356631
2976.682708837764
2977.247300682189
2977.693221435145
2978.399876120538
2979.125272919581
2979.977433169417
2980.841837049290
2981.516152123273
2982.505423484866
2983.192254456427
2984.082629274418
2984.736439126238
2984.794536808608
2985.986249871044
2986.396965834218
2987.051974278052
2988.035570418024
2989.153109664549
2989.505242406761
2990.518578416128
2991.166269019848
2991.780606636791
2992.822539545634
2993.171210242491
2994.085832397773
2994.607450821938
2995.649671289893
2996.226055148798
2996.767752855464
2997.297820768413
2997.986281367594
2999.560196692643
3000.156215845488
3000.923256561965
3001.355809887014
3002.179159557092
3002.689494795680
3003.499975305703
3004.210335561039
3004.702247614884
3005.892753717520
3006.368838161821
3006.939732699290
3008.258664255738
3008.920071767775
3009.163882324316
3010.157195920549
3011.036147423929
3011.896749348267
3012.577793623983
3012.977713022933
3013.575270098477
3014.140136607255
3015.268392161962
3015.723693471281
3016.823108908066
3017.617031853296
3018.547654026354
3019.308589318111
3019.577176378809
3020.343199446185
3021.108405660646
3021.575337900130
3022.827367827286
3023.280706102221
3024.002226927720
3024.668227660979
3025.339958900317
3026.224442443939
3027.012714238078
3028.257587458915
3028.614514017439
3029.169776597573
3029.965548535225
3030.748248902835
3031.366294240932
3031.933639440815
3032.662155258241
3033.085970536398
3034.454756482147
3035.516177772985
3035.900109510003
3036.505644116145
3037.244139687493
3038.121176363230
3038.623133003958
3039.578663509280
3040.256877630155
3040.849502631314
3041.578406618333
3042.162698395608
3043.002455214138
3043.545703344142
3044.839286008792
3045.352882917200
3046.414147598202
3047.025848617931
3047.621993573415
3048.302637693379
3048.769504860600
3049.201404037204
3050.611227156167
3051.065054760675
3051.813184190860
3052.560305847774
3053.332370450919
3054.434878319893
3055.103652466657
3055.321713353650
3056.223140791531
3057.291901278797
3057.998682153821
3058.306912891160
3059.373421029360
3059.575029328181
3060.458303370901
3060.972212800836
3062.302846307653
3063.229979448171
3064.019647089272
3064.355238164128
3065.038855879429
3065.825358508207
3066.517902787498
3067.221922383302
3067.900598194422
3068.516545870925
3069.423536734545
3070.339903012368
3070.835020522642
3071.502554584435
3072.486834717603
3073.093494878093
3074.413664167751
3074.732044383348
3075.234963893676
3075.959557701178
3076.799758227100
3077.391090970778
3077.858588065890
3078.767564981081
3079.642240843936
3080.605715692561
3081.450576402359
3082.094439681978
3082.808755402045
3083.310310115009
3083.925013292452
3084.679933563656
3085.667941000142
3086.611521803093
3086.837790811317
3087.556130310983
3087.991280165054
3089.231393604204
3090.093503088482
3090.854618963226
3091.494885462786
3092.406575232036
3092.955738963114
3093.756376371027
3094.271631011537
3094.716853995618
3095.496710215398
3096.349957460338
3097.411197765748
3097.788832913680
3099.172618016116
3099.377304673778
3100.170468485003
3100.869280065987
3101.784904526447
3102.477855773754
3103.176165540288
3103.745047156868
3104.478768271814
3105.143030601993
3105.951305414930
3106.572843043221
3106.981284014950
3108.725432334993
3109.341296296313
3109.778396037605
3110.544133247496
3111.074302983678
3111.577748764319
3112.766950118591
3113.033915256061
3113.975287489156
3114.944248596620
3115.099022875153
3116.393632504343
3116.958682432847
3117.843733201295
3118.420595692252
3119.365703458920
3119.822416876237
3120.889363084468
3121.618962275375
3121.984442700109
3122.441972501561
3123.499885156038
3123.656986169760
3125.056801830608
3126.185028008405
3126.424477144166
3127.258231650166
3128.272416106388
3128.707080108119
3129.391364423830
3129.786966666003
3130.834470105684
3131.537641763352
3132.421460333505
3133.077828236828
3133.325056979163
3134.469110184290
3135.091012160510
3136.148266016457
3136.950977739280
3137.588066572083
3138.571455947022
3138.656399723121
3139.379351032408
3140.295214233505
3140.996893058030
3141.496767101116
3142.236203526910
3143.217329789637
3144.332622787473
3145.050081148936
3145.437428895902
3146.223005504558
3146.528535933654
3147.922636663011
3148.415150840830
3149.261851036251
3149.538455176093
3150.422637732639
3151.267932433068
3151.533136049825
3152.732146470620
3153.505535533552
3154.500798106482
3155.225478924607
3155.717060147947
3156.468331822289
3157.181809334127
3157.685495243903
3158.216872111349
3159.020281705503
3160.215507616081
3160.726103997858
3161.419173027385
3162.114419974986
3163.060171744068
3163.917471245842
3164.369504519975
3165.263267899571
3165.804547504542
3166.679216861049
3167.393064653212
3168.092166973723
3168.586523665755
3168.917801073815
3170.021066761622
3171.029558758702
3172.104083744685
3172.708017530696
3173.275292290439
3173.763284968381
3174.688939300877
3175.179531163730
3175.857531577230
3177.056282084314
3177.366237317301
3177.932249725125
3178.916427424680
3179.715111138346
3180.568545760195
3181.073296201133
3181.778573300546
3183.042769363724
3183.662375958372
3184.068800239621
3184.804679686421
3185.304227345277
3185.977632707914
3186.831524636303
3187.621106043125
3188.169276657152
3189.481698738522
3190.061429162979
3190.917636392563
3191.284301159752
3192.207773706537
3192.743442393315
3193.304243476995
3194.414662547536
3195.081726474236
3195.592398781504
3196.509951707207
3196.874355104288
3197.442069987247
3198.798053144483
3199.847533807145
3200.221159531382
3200.860436714490
3201.594264428112
3202.398016191031
3203.067703506669
3203.488702135633
3204.199004192840
3204.855223574997
3205.927991542813
3206.794413619785
3207.450457155207
3208.161764855781
3208.931917156737
3209.573941457882
3210.179016999041
3211.290179737202
3211.765813924434
3212.595302790285
3213.073261524566
3213.556662437612
3214.674864072279
3215.038325259067
3215.913503157870
3217.102597394332
3217.641688086855
3218.870237807828
3219.161507503396
3219.734750000451
3220.107820489141
3221.056742527737
3221.820230380886
3222.874913898224
3223.104655398957
3224.219483694883
3224.394328374464
3225.794303137151
3226.501642610370
3226.810855141786
3227.954099684812
3228.550051620079
3229.389280194991
3229.988156657330
3230.575980985982
3231.403772202394
3231.825130819198
3232.403328414006
3233.225196609441
3234.775333802667
3235.172456045777
3235.879227966883
3236.569135705404
3237.126005189242
3237.964908904766
3238.791805796573
3239.237357952577
3239.814352395127
3240.992470784460
3241.636460623017
3241.947634463029
3242.976205328834
3243.491082967588
3244.523790300682
3245.569418439408
3246.101717333529
3246.914085038646
3247.264393065924
3248.302902251493
3248.457393113875
3249.384057362737
3250.015088107950
3250.980463940188
3251.617541278006
3252.395382544353
3253.589054398679
3254.114414847622
3254.654103955307
3255.391799154198
3255.767965847599
3256.983882953809
3257.796372906385
3258.326424767917
3258.902795630433
3259.293509799967
3260.175967440551
3261.144040765027
3261.846845657949
3262.947133158545
3263.602580087317
3264.181695222134
3265.013557329953
3265.552370595185
3266.121403044493
3266.829642112405
3267.408912454498
3268.479623832537
3268.961220921164
3270.046889164002
3270.628796419008
3271.452435702146
3271.819866645108
3273.243639093352
3273.392333982809
3274.565009282092
3275.011707512636
3275.462242796503
3276.484750947029
3277.149467973780
3277.680350221427
3278.148653824480
3279.031597233022
3280.509323732594
3281.151596314033
3281.668290893625
3282.167928722345
3283.124676714093
3283.538432545664
3284.162040732341
3285.242128108981
3285.853930300566
3286.510835839223
3287.161089203137
3287.898486646156
3288.614716595944
3289.802024206208
3290.259939216511
3290.840750368567
3291.913769738580
3292.731282462786
3293.200619886195
3293.809926619515
3294.296509517545
3294.973569100765
3295.690246150712
3296.856083719023
3297.456310004026
3298.259598188647
3299.261233364291
3299.648372172049
3300.676891966514
3300.962428024310
3301.570150738061
3302.799702141987
3303.170377366137
3303.964536571787
3304.750993170136
3305.312807856573
3305.849827143892
3306.675952309537
3307.721413916140
3308.721157853073
3309.473084458346
3310.002351086363
3310.308162272367
3311.149818747182
3312.033970475302
3312.655854029058
3313.104421538416
3313.941935520079
3314.745114925593
3315.803027858785
3316.463774579911
3317.399679897604
3317.506102497230
3318.392385545684
3319.545072896783
3319.948497052982
3320.821634972719
3321.380095267939
3322.132180074586
3322.479262180557
3323.453415239766
3323.888240513349
3325.199154838934
3325.868724090502
3326.814559470330
3327.271147700177
3328.201906997635
3328.712384327605
3329.245001928078
3329.795867995807
3330.551671311846
3331.816389571488
3332.314590190358
3332.826603102822
3333.373942882822
3334.635430846689
3335.206252258218
3336.036847732130
3336.741399092493
3337.460775085580
3338.081711509114
3339.075501976508
3339.509217515358
3339.851747666634
3340.829263313871
3341.446374149236
3342.010643635958
3343.559194707134
3344.021281754324
3345.013814084416
3345.261590500157
3345.906069687574
3346.671197513399
3347.591087384801
3348.210422901975
3348.941183798058
3349.579022319158
3350.071866629896
3351.187710440849
3351.763270872858
3352.334464731533
3353.242254781531
3354.386442337526
3355.052549173008
3355.514948516945
3356.348857182178
3356.794158317990
3357.292870490099
3358.324637997308
3358.778661219660
3359.633273333243
3360.528454239242
3361.423187178144
3361.933923613527
3362.927415731589
3363.683604370005
3363.937771813169
3364.896489664113
3365.432299047292
3366.542688675943
3367.141246890272
3367.664508480493
3368.419276587398
3368.655168334232
3369.590811755324
3370.980841692694
3371.755515134369
3372.080395290508
3373.002704151123
3373.696522840234
3374.296314366074
3374.915655371934
3375.543958631599
3376.159579668604
3377.124968380013
3377.837859133711
3378.564189103041
3379.408523345011
3380.063125900375
3381.041161915355
3381.237834524291
3382.317466507808
3383.574892125747
3383.634536667242
3384.169190750118
3385.042149628500
3385.667265869696
3386.468490437630
3387.006345594480
3387.790232399635
3388.769476198910
3390.001459024934
3390.445501618280
3391.048004462401
3391.451245507254
3392.271802814832
3392.899182837871
3393.843230636749
3394.593612414149
3395.132536001478
3395.896071669029
3396.475161650298
3397.251581891193
3398.290847720526
3398.897670115018
3399.797460692856
3400.462077139427
3401.138890968959
3401.800160006054
3402.527494532818
3403.312872204089
3403.656151364480
3403.900363624256
3405.475220555277
3406.032209142360
3407.291280137743
3407.504943889832
3408.158076127965
3409.255521164955
3409.661247582932
3410.529820773392
3410.891785994311
3412.061195309140
3412.480038430483
3413.399168117020
3413.807111481749
3414.489680191715
3415.292801420929
3416.171854276687
3417.241019345826
3417.964547601518
3418.683546281698
3419.050001677481
3419.840108670051
3420.323671914149
3421.002260527143
3421.993889265554
3422.636758770426
3423.286863759112
3423.884446518714
3425.226081984992
3425.877488280685
3426.193330197435
3427.082098077709
3427.594363004032
3428.669673554702
3429.656292767510
3429.844281775228
3430.400835187495
3431.299388026370
3431.734054468964
3432.648805144803
3433.286456182581
3434.666845342568
3435.310719575951
3435.656693069125
3436.702263756319
3437.145110620528
3437.887075103238
3438.419974871702
3439.165613126413
3439.824523287963
3440.824837048352
3441.635815568527
3442.004717166589
3442.775656669146
3443.568269846767
3444.531286417331
3445.440784570505
3445.905227493286
3446.514861889242
3447.421440578674
3447.870313960207
3448.688700185661
3449.232643924034
3449.946333591486
3450.320772404546
3451.813038090025
3452.531822127968
3453.208369987299
3454.029611650303
3454.595893003414
3454.923136632797
3455.785604394444
3456.727390131204
3457.481121047908
3458.064471331478
3458.719615819581
3459.205458891774
3460.001668422408
3461.201697308630
3461.558590199424
3462.464096079732
3463.348535973306
3464.185246955129
3464.859148128516
3465.202969481659
3465.850989893950
3466.393355538186
3467.383853124444
3467.901427340896
3469.046694865441
3469.498617446508
3470.419690092082
3471.315935560586
3471.990147219058
3472.279126792117
3473.393124523148
3473.972281550875
3474.690700592796
3475.320784823123
3476.270112625331
3476.746514104051
3477.305280654567
3477.951448820385
3478.620861024505
3480.191794200514
3480.786571838880
3481.366073869084
3481.972554744986
3482.348269800244
3483.542575470819
3484.040277415834
3484.390014294894
3485.441269544993
3485.997673137691
3486.997254803385
3487.542601530278
3488.523907978195
3489.068087103426
3489.884965901665
3490.443411035078
3491.609176476413
3491.972214114692
3492.919624967348
3493.465644691054
3493.886050532930
3494.526992443958
3495.339138718442
3496.148604252875
3497.051738280037
3497.780342823488
3498.909151250765
3499.225040377851
3500.219512958600
3500.550156164853
3501.212192328429
3501.646690729383
3502.988115153401
3503.693906521706
3504.069709842846
3504.636709856640
3505.633460195161
3506.125431341670
3507.339614766795
3507.886333019503
3508.732704810387
3509.496923021901
3510.183807663246
3510.495418400731
3511.619439341000
3511.933376767987
3512.544998650432
3513.457751047782
3513.870194894432
3515.315864637626
3516.110554856917
3516.590067046231
3517.071872531469
3517.879638323437
3518.717870943914
3519.345574546704
3520.225125578017
3520.839800148844
3521.181246994262
3522.236461673151
3523.036160045332
3523.257146563260
3524.081031197213
3525.317557449804
3526.046940122593
3526.882026164426
3527.480304660918
3527.996925334054
3528.689529170672
3529.232287895436
3529.916631163293
3530.660033935675
3531.682559121194
3532.275833927250
3532.819033279328
3533.782568928384
3534.634745396441
3535.529320254493
3535.853134778584
3536.350250195161
3537.606843380676
3538.143611480803
3538.967672686794
3539.480622193990
3539.883094522292
3540.626596909490
3541.262843931386
3542.524490900360
3543.314035873205
3544.073645656680
3544.669820336027
3545.511744002761
3545.857148135711
3546.612720793517
3547.388040140379
3548.011636829087
3548.679300691417
3549.646685912394
3550.157428304704
3550.933605198004
3551.832253900071
3552.369464098957
3553.008623221109
3554.272077948383
3555.086565526629
3555.209278044290
3556.138837396161
3556.475149279331
3557.548289993840
3557.961836766523
3558.838010602867
3559.179690855192
3560.355830680166
3561.440453032223
3562.079921627054
3562.693608403349
3563.156562536489
3563.944849041614
3564.517567105906
3565.494037176572
3566.029607281781
3567.036519214801
3567.651922997486
3567.776872406789
3568.677007657224
3569.739584849552
3570.428731033242
3571.520552084340
3572.063726390405
3572.438290837827
3573.765590204806
3574.095007174872
3574.533538334681
3575.329126786340
3575.671316626685
3576.787446122106
3577.779085446911
3578.254955234326
3579.145296573535
3579.837188846341
3580.631183229445
3581.257511016542
3581.922307190637
3582.702388210058
3583.429593712100
3584.158536452437
3584.804762348335
3585.255718203274
3586.128212265688
3586.847461051174
3587.207034049609
3588.531023747401
3589.773667891180
3589.937844949907
3590.636572586438
3591.400567763334
3591.715366129898
3592.483203766364
3593.587586062790
3594.033909948069
3594.665413592750
3595.415175018549
3596.246599220088
3597.193287807701
3597.806096936853
3598.378545275131
3599.204554304134
3599.988336325878
3600.922989657550
3601.441689097578
3601.996289821260
3602.578317026615
3603.522600934662
3603.676657667591
3604.588028831694
3605.712960280326
3606.758507241319
3607.078338714352
3607.885828921353
3608.712300788156
3609.314918531060
3609.920270518892
3610.427679546575
3611.165763676785
3612.363669107481
3612.653216481848
3613.675266034553
3614.035630469302
3614.447680956921
3615.934345639935
3616.525219280733
3617.283355187667
3618.175910711675
3618.541838088017
3619.346215235597
3619.872395343319
3620.791816893101
3621.074608644843
3621.833488754925
3622.771056969564
3623.472402135875
3624.488497543796
3625.434535710654
3625.885918548686
3626.249400781414
3627.104221516361
3627.775789085576
3629.120496817633
3629.198484554691
3629.993520698995
3630.483077509765
3631.306380811205
3632.066153049349
3632.705513030362
3633.692221853340
3634.340509394953
3635.637903152251
3635.957591779706
3636.528106234195
3637.118522477485
3637.949938423559
3638.401566598778
3639.016913935020
3640.248836270653
3640.633088201364
3641.464907117122
3642.297695181894
3642.910921959759
3643.820773884454
3644.414915553270
3645.316347002043
3645.829551072830
3646.467208573614
3647.363613765670
3648.185139143497
3648.453407113696
3649.355581807878
3649.477434471500
3650.559862363548
3651.997977456072
3652.642353847674
3653.001802544622
3653.870002249712
3654.326133998189
3655.270172529787
3655.831139996299
3656.241207797686
3657.366158099018
3658.020462462378
3658.490051394151
3659.409880850610
3660.031822514521
3661.123800690832
3661.373622647396
3662.397760293396
3663.249549690046
3664.011306064600
3664.698439387726
3665.128542929074
3665.653430347285
3666.221234421711
3667.331104420465
3667.868399217693
3668.518832538105
3669.603689954023
3670.397814017983
3671.187737372978
3671.877104239037
3672.303793644975
3672.740895960374
3673.766619896882
3674.631554798276
3675.218653759801
3675.986831741278
3676.444641190644
3677.079628346472
3677.948662095062
3678.529058602245
3679.993864745320
3680.337397541555
3681.207344790647
3681.611866779975
3682.481226595771
3683.117669434091
3683.668036891266
3684.557097468292
3684.729778066127
3685.662807046975
3686.916866248332
3687.629959813061
3687.918368587283
3689.122565462268
3689.323676223923
3690.347407772771
3691.084877461403
3691.843352540629
3692.342649942480
3693.097911735525
3693.774062961241
3694.568743127013
3694.801631810102
3695.776721313928
3696.555639509926
3697.807935923152
3698.254730529136
3699.170700976588
3699.757883234850
3700.430139448056
3700.513000739686
3701.565035469543
3702.339997603824
3703.176073137950
3704.069046388413
3704.205384148404
3704.975234482206
3706.333344908878
3706.785081020642
3707.538207874033
3707.955786528774
3709.142087623358
3709.771624717218
3710.397901185067
3710.999660410803
3711.601620182791
3712.132195537374
3712.802617315389
3713.701262820279
3714.662736512352
3715.631296355346
3716.284813650361
3716.869814356998
3717.272445618247
3718.392204705616
3718.762629539284
3719.545855890299
3720.255999148755
3720.907544236515
3721.755189937986
3722.575806917856
3722.839458179005
3723.839634106868
3724.332964898041
3725.760812117071
3726.294044328998
3727.050720734499
3727.407991628758
3728.052738686796
3729.034409108338
3729.381654999919
3730.176840495041
3730.682164407515
3731.846925572245
3732.226764031819
3733.693553649172
3733.929070231261
3734.678988275881
3735.410280409063
3736.206369831128
3736.345587566031
3737.765660923835
3738.424577671871
3738.863987819155
3739.380964992703
3740.105037885866
3740.693572275944
3741.738080640876
3742.738492615695
3743.262742303165
3744.130158938173
3744.856319464607
3745.511886945802
3746.252152971765
3746.455395944989
3747.175514761624
3748.019191683089
3749.093625690382
3749.451304197295
3750.293299333257
3751.180885039157
3751.735267568212
3752.571297249145
3753.309068177187
3753.965465477792
3754.903509031651
3755.385859914840
3756.147033797595
3756.483022496026
3757.604854235176
3758.145195395564
3758.461321857631
3759.222531924858
3760.712784883247
3761.445429970866
3762.217191943684
3762.377192887495
3763.126406028294
3763.867038795951
3764.585068712098
3765.392240993527
3766.114343105456
3766.491666440859
3767.651423671427
3767.929991272461
3768.892597854891
3769.640059933151
3770.452334133546
3771.139383927081
3771.932071225934
3772.940840007821
3773.112285036357
3774.156485863660
3774.445148059528
3775.041096690602
3775.759702542755
3776.559042918929
3777.687509017439
3778.315881734875
3778.879404609304
3779.884101955273
3780.755921230545
3780.974448659320
3781.611155359136
3782.563676469553
3782.996527967950
3784.268579138811
3784.636499881201
3785.163820367332
3785.856178003116
3786.402271876842
3787.554291817851
3788.286629497562
3789.347300923246
3789.914404965059
3790.371571879781
3791.091000806811
3791.809463422695
3792.258881182189
3793.259822701372
3793.631440985423
3794.443730706555
3795.240101787989
3796.175405709048
3797.119123547064
3797.581113364899
3798.167501162466
3798.642818546126
3799.997212658628
3800.588224034037
3800.964768613397
3801.803896739476
3802.454082708292
3802.854591330670
3803.831120475302
3804.487103918075
3804.992252484474
3806.589963958468
3806.846563497795
3807.801500360275
3808.267333677049
3808.968041930654
3809.647031039663
3810.065001640206
3810.791417578386
3811.850621259857
3812.595965063530
3813.065167782700
3813.770692815727
3814.417024135621
3815.545035941428
3816.182146796757
3816.914804356876
3817.566554048993
3818.139739565528
3819.139924414089
3819.783907917671
3820.203417887184
3820.697354462283
3821.471640175962
3822.110067068634
3823.290299558234
3824.281080844260
3824.766536906210
3825.376178228311
3826.183047916864
3826.757055878095
3827.285133888973
3828.193517241074
3828.946020242415
3829.746417120614
3829.973976187691
3830.898284701258
3831.802440541991
3832.239939246970
3833.115229269929
3833.887188137034
3834.880842531698
3835.730353875832
3836.214250837333
3836.833551433283
3836.993683649389
3838.115179728868
3838.709686884314
3839.419496051692
3840.208202489575
3840.816611120169
3841.902057172101
3842.780420610712
3843.113026465719
3844.067455274143
3844.468085275744
3845.153435044130
3846.179458010667
3846.807159376544
3847.418954699361
3848.093573271182
3848.852435993716
3849.141943970103
3849.786873163726
3851.336942391796
3851.919993253248
3852.696576291780
3853.122368891756
3854.050915383031
3854.471148079868
3855.492070048853
3855.850158414089
3856.188014785096
3857.259348799862
3858.295953942063
3858.765723938695
3859.473956839956
3860.286656100944
3861.016041608070
3861.697123153705
3862.561214440320
3863.154898452203
3864.115798955671
3864.646752902174
3864.909468014535
3866.028288297660
3866.462668666729
3866.980763602767
3868.034790838031
3868.620329459981
3869.757004526833
3870.813064079483
3871.041242404026
3871.683344988800
3872.285450468354
3872.779218689348
3873.796267942060
3874.571555801689
3875.331774892212
3875.827123114360
3876.251150995413
3877.261348109575
3878.195622291826
3878.771238976289
3879.451742626202
3880.500081965157
3881.068504627301
3881.767450042374
3882.384904448523
3883.176292374176
3883.408971315700
3884.328745974350
3884.747679510887
3885.767738278725
3886.809989379802
3887.515615309503
3888.252822158872
3888.619496437555
3889.524223536469
3890.418312453242
3890.774159049315
3891.495831348082
3892.291636973952
3892.980570378343
3894.015673858836
3894.107470858896
3894.891051987244
3895.555237197545
3896.500967229265
3897.913155441647
3898.253278366467
3898.571875419078
3899.780807901991
3900.011428634952
3900.697230374058
3901.394966764830
3902.069457406070
3903.083212479744
3903.334092353554
3904.475615387895
3905.021213361131
3906.159498270400
3906.722467378373
3907.159247372532
3907.777136751796
3908.754698263014
3909.797760768244
3910.114053391444
3910.879744988350
3911.176661267138
3911.840867278770
3912.987034331104
3913.266314475676
3914.486743910024
3915.349320836989
3915.906631950919
3916.836721413400
3917.275996556175
3918.012024560249
3918.315347356532
3919.179568627525
3920.153308712535
3920.481269265085
3921.659550898836
3922.066457111291
3922.789470421093
3923.456053363780
3924.461092596211
3925.029621237931
3926.176954389394
3926.546314524782
3927.172690298763
3927.780727260895
3928.657219196698
3929.287759616933
3929.843469028607
3930.333220845814
3930.980844934689
3932.504701814604
3933.098098907293
3933.790063988235
3934.350232467784
3934.982224990573
3935.567107603432
3936.506980044556
3937.014765679750
3937.963341160905
3938.422972251120
3939.309467721545
3939.656336590173
3940.465975293997
3941.315131661895
3942.297375340439
3942.756676302417
3943.694508325180
3944.683090796221
3945.033922964864
3945.622036607997
3946.343475081606
3946.802519042997
3947.309631996965
3948.621644900034
3949.169878568125
3949.779300068299
3950.598936017859
3951.639897284799
3952.248789179055
3952.698482612082
3953.483927538814
3954.085712427556
3954.979795773853
3955.765155094163
3956.310550897639
3956.900824876210
3957.505474847037
3958.300491389799
3958.660923412866
3960.024537373732
3960.922212588104
3961.685957674754
3962.223778968423
3962.408446552714
3963.427381293221
3964.202991431963
3964.770572367301
3965.229074205368
3966.219691865705
3966.787356069473
3967.606731037753
3968.790992080244
3968.977262064976
3969.572054520245
3970.697763120465
3971.277218209283
3972.235646591004
3972.787311251822
3973.303417384948
3974.023472075351
3974.654650221945
3975.211754957557
3976.033524089071
3976.567651495096
3977.792400861601
3978.538136298693
3979.220563048605
3980.016634474528
3980.543556214240
3981.194057630967
3981.755051340431
3982.166225882624
3983.567900126687
3984.088214960444
3984.672867941214
3985.160100259121
3985.869708724085
3986.753757785196
3987.861980805415
3988.339258245751
3989.083856448167
3989.770816938201
3990.690378566797
3991.198359478324
3991.705204360415
3992.293176291974
3993.209312867486
3993.416010528870
3994.597560040886
3995.384931113813
3996.540240715442
3996.753055183490
3997.596164259591
3998.270842786974
3998.722604778839
3999.728973082147
4000.621210816505
4000.942370599535
4001.509588682465
4002.501058135028
4003.021337244687
4003.830982748879
4004.263961575953
4005.120930862846
4006.397892819220
4007.099087185198
4007.625722231751
4008.270766822009
4008.681234657291
4009.443587201709
4010.090506012203
4011.141665147863
4011.210118410017
4012.445693418736
4013.102872750038
4013.647376146347
4014.767670570060
4015.357778683076
4016.043165175283
4016.502680394718
4017.504226804953
4018.112554589267
4018.906317650678
4019.665470942065
4020.139501343245
4020.530766649696
4021.115349597226
4022.175000776336
4023.291118074587
4023.940353948026
4024.740825496494
4025.074701666705
4026.168287416882
4026.743191316788
4026.981040431592
4027.903222368162
4028.502730783735
4029.394639384117
4030.276799019834
4030.713450695971
4031.260779704341
4032.394239578291
4032.967242336006
4033.524639351092
4034.783676846437
4035.346853083387
4035.815178376864
4036.581434035520
4037.081085218030
4037.705441400969
4038.655490062031
4039.015100486621
4039.898125649940
4040.462355871538
4042.010857203102
4042.431791283748
4042.975128466832
4043.743429267798
4043.964847396767
4045.029682234282
4045.697602679359
4046.705791827971
4047.017786165752
4047.709505501087
4048.387730803362
4049.067684875728
4049.846288855575
4050.641874146351
4051.653131689833
4052.298350504572
4053.015263022507
4053.520676366387
4054.465237046242
4055.027713288907
4055.278768959449
4056.079246285676
4056.732191483122
4057.808000222530
4058.650103695802
4059.101510274456
4060.070016457134
4060.473344072159
4061.587408711573
4062.175891216322
4062.576866658474
4063.384849482858
4064.383261420087
4064.794156475811
4065.508313070437
4066.159524333936
4066.842070127714
4067.106816958612
4068.414353317804
4069.567031432819
4069.889689501859
4070.927532153580
4071.293466100627
4071.801945134473
4072.500465842200
4073.273260450236
4073.928480241285
4074.866405421100
4075.394498147231
4075.772946895210
4077.096355339892
4077.578550327988
4078.564904462176
4078.909471325956
4079.558890786425
4080.727787895780
4081.468170366060
4082.053729230241
4082.308720549375
4083.028394425659
4083.876592876575
4084.485159824642
4084.982177631731
4086.216315432063
4086.923585092703
4087.762118658392
4088.503269748996
4088.952487045906
