8.096510356735
9.440733875130
10.368663505661
11.165925471962
12.546905435203
13.931819134976
14.911314100728
15.590738298986
17.656486102425
18.456952406834
19.620951467876
20.888212913374
21.420308668122
22.468424138712
23.130556291402
25.001447358587
26.080578863862
27.042123944567
28.079463642178
28.725556036994
30.285935992860
30.816888445703
31.911090438600
32.735688388659
33.862295260248
34.729611640485
36.618449965592
37.231999784530
38.096489558005
38.689368210505
39.616385120144
40.868374737874
41.611349993474
42.626033275116
43.990515422612
45.022679706724
45.434520518140
46.849491394155
47.540709211378
48.741935418485
49.513326617917
50.077718374484
50.778232486423
52.114995391939
53.712251430789
54.458776559497
54.861559046393
56.437777351738
56.742171126900
57.491687368567
58.506590631595
