7.506059908282
9.280980158248
10.124137412805
10.989791807776
12.420396613719
13.445433313295
15.482634608860
16.374072864300
17.157780273248
18.360039449240
18.780782715795
20.581138216872
21.357447911945
22.629110886598
23.720220735710
25.017260568669
25.846089062260
26.786951793495
28.208481772362
28.740740699304
29.412372576254
30.392375956787
32.345498602221
33.300639611296
33.953930643248
35.081419911559
35.762296236974
36.798344916194
37.785783370144
38.915461084213
39.481850266964
40.929109658828
41.655220909574
42.829264141678
44.209504923938
44.946661072841
45.360981513337
46.210583350659
47.488253239189
48.034141113893
49.344010844081
50.529523266463
51.740755174534
52.426123360516
52.686641621676
54.127146147432
55.130196290601
55.854608636506
56.847990779044
57.437972840829
58.241159815557
