26.507037487786
27.170984594563
27.710900039748
28.535987265362
29.142642439919
29.819032622880
30.610412399100
31.555695193368
32.189522960683
32.551431252143
33.664391148047
33.931596551952
34.802528136630
36.154256413770
36.957364554404
37.337638017682
38.123248872037
38.445964207782
39.390296880845
40.236443417408
40.617638823432
41.145949648235
42.142813907784
42.909358784216
43.967296943917
44.424096626949
45.165094254994
45.840285093232
46.376800359716
47.340617271695
48.177032202295
48.616004833868
49.283882876947
49.936052711185
50.555572495862
51.118491361837
51.771325457546
52.858434103369
53.815398363486
54.137602571265
55.214742100142
55.781931110508
56.556837758387
56.755102680752
57.203843705084
58.291804322001
58.899017353912
59.797196515258
60.446351815523
60.962862238202
61.334378224879
62.615153524872
63.360161975671
63.797923251973
64.416485657345
65.440975127194
65.943277985040
66.593720154275
67.073218192607
67.937376176704
68.216354788068
69.076210068927
69.433720942245
70.447994426544
71.760689436758
72.057254396118
72.714424466015
73.281884859510
73.966527714061
74.359431622111
75.353100861654
76.081483711404
76.469466481964
77.143346248010
77.747565785975
78.713355016971
79.090433105604
79.714170190567
80.720186057793
80.951447662877
82.559486563377
82.789648047833
83.134253114679
84.058431566411
84.597431064129
85.086361295773
85.581630914880
86.388433987375
87.003050264112
87.879808330602
88.349957799380
89.313749872544
89.891643689224
90.806929644414
91.013519266053
92.150458344616
92.208348642922
92.915587105215
93.784403914326
94.646651860519
95.291661037262
95.482813502276
96.236334693720
96.406104053306
97.587709023648
98.258595048325
99.224253820596
99.983884801500
100.246361385695
101.142833364627
101.430366566520
102.563886150435
102.785352960337
103.047610528809
104.001725678982
104.691735357238
105.507323742826
105.888805049647
106.691065426485
107.560840633245
108.025827855832
108.749166862945
109.023245606038
110.208510078975
110.829247100542
111.286080538915
112.027241850752
112.405088608106
112.830810192016
113.843327447608
114.351325853894
114.767471201613
115.386751927987
116.334473164153
117.266998644709
118.044875213727
