7.923054266486
8.667848463211
9.957085544633
10.660785800948
12.520694803130
13.293385112023
14.097420886513
15.819716250450
16.793674232651
18.281896590888
19.487744409670
20.273180605482
20.857945769051
21.925503002349
23.257315091569
24.392453744710
25.835437964544
26.594039207522
27.626086019246
28.586573463500
29.637754972329
30.608175877226
31.660924415454
32.456859242316
32.960336140191
35.105944586824
36.032987224332
36.833510823259
37.393190130042
38.654286972512
39.518094701021
40.005960111071
41.540245308102
42.410416679537
43.527366805753
44.570482147133
45.173848058007
46.494110749209
47.588589805923
48.153318133866
48.807765418557
49.924812908323
50.471676924401
52.193964197929
52.827480676576
54.478158211193
54.754696526570
55.696917976363
56.159289764822
57.409748238587
58.653917205075
