26.341871980512
26.839866543132
27.586159666951
28.088272724220
28.942530036697
30.134775718462
30.464681307339
31.635065824136
32.048984039115
32.636399313446
34.020879652313
34.357159858194
35.114869256977
35.810404053199
36.602001752150
37.215607205259
37.613343163429
38.523479802697
39.156700510431
39.782479685675
41.203715235361
41.732769495009
42.503874644821
43.190742503176
43.560803081015
44.432495926474
44.619459561367
45.905624256171
46.561212131740
47.307339162652
47.738173937175
48.111996580068
49.420407142883
50.106179038892
50.765973388645
51.348190840662
52.312553285478
52.978741901855
53.795855928889
54.120106811637
54.703053023255
55.362413237523
56.077256419083
56.508797301111
57.724513649589
58.293658244389
59.337767959204
59.760461543531
60.444404419459
61.179427066060
61.608021547047
62.506462328130
63.139402174797
63.932673671359
64.075241549946
65.281285300963
65.953800425934
66.315762094747
66.648243005367
67.742471123544
68.723286794548
69.574160233815
70.250298620716
70.566126508149
71.298654702931
71.639182910932
72.753034969033
72.991843138450
73.924571555349
74.112859555158
75.340769637934
75.779178772807
76.702056560081
77.289600930655
78.149395222783
78.630606386176
79.367616442895
79.530597506824
80.985220765215
81.326647316881
81.930488385821
82.596405516369
82.965774113240
83.695104486885
84.116987268948
85.140106689045
86.157054756622
86.424849353150
87.480041513128
88.020377158402
88.665182529278
89.292729546282
89.831487666298
90.224589851255
90.723891547841
92.024002158257
92.337090440454
93.017273818577
93.682625791335
94.252181146275
95.059752593575
95.672950497025
96.429619807380
97.103397022893
97.958396606082
98.430451921741
98.848133336142
99.849204725871
99.960630790421
100.935095356488
101.385253638158
101.880781173290
102.618524767739
103.184933767033
104.678016710405
105.148315242164
105.538575005183
105.915963124440
106.669904738126
107.362918523929
108.094206157201
108.525116939396
109.315548257390
110.045223630711
110.474946725636
110.892806576447
111.946999849658
112.305502285894
113.005815617233
113.814756311614
114.546609387566
115.372554010404
115.876264131537
116.354731373135
117.193421391446
117.677455344562
118.151151168973
118.402167685789
