17.470844999513
18.334039305392
19.618994906927
20.178336033127
21.609565139675
22.432998286611
24.044251177388
24.926905511625
25.550705352267
26.799578024134
27.778854277709
28.968381683426
30.217872302677
30.893634943465
31.954871711815
32.650538420359
34.036090568000
35.215700998899
35.857936901619
37.157603864253
37.765412574945
38.612937732429
39.969100368099
41.206016551394
41.682081935509
42.794203447597
43.799393786205
44.377880858674
45.692636055778
46.999758929166
47.442307448026
48.616745862793
