24.175271288514
25.316844792423
26.429891719604
27.328553027077
28.271261864496
28.921349187429
29.665805158893
31.125179966195
31.677887526177
32.892023014697
33.775674428771
34.367750505402
35.314246612111
36.037005469043
37.454897051019
38.154113077224
38.915406790088
40.096357218194
40.406853799078
41.575907638221
42.223222635665
43.674282457412
44.297846913868
45.049394753347
45.809447403017
46.816301634039
47.486375912917
48.425036499825
49.602288318591
50.480950228115
50.899218674024
51.777643879477
52.802546499585
53.363944165452
54.606093427542
55.478870506107
56.032117957275
57.305714344726
57.592507823340
58.265607175128
59.590329482012
60.476607072334
61.101068083157
62.068066925432
62.893068718452
