7.947200772364
9.859802526675
10.769937801908
12.261702101280
13.295700141793
14.799845844038
15.627270869978
16.440858438708
17.685104013387
18.406292788111
20.174313640587
21.572331017959
22.677859902640
23.019162602941
23.884768867255
25.588561554954
26.305018634608
27.161475178050
28.265918542726
29.674515869890
30.528927708311
31.731617005378
32.875540846375
33.504918199618
34.298926335231
35.357488581921
35.864481061266
37.694936048409
38.824196047118
39.490181730204
40.362228198822
41.674518068243
42.132300196076
43.211273118744
44.370434162961
45.042081337905
46.014037610219
46.650704160041
48.502951242440
49.390667800918
50.129393127307
50.777422285990
51.965503576886
52.313632890933
53.454038215943
54.744281786769
55.157923929868
56.876564281410
57.603897970942
58.127022426717
