25.839091882628
26.807821744394
27.289835213650
27.759131677396
28.256217032881
29.518675114455
30.008380610892
30.540147183172
31.573535001756
32.430100908705
33.412068338606
34.094904094474
34.568012759260
35.053506617324
35.905194202506
37.240782770498
37.433591689640
38.026796128052
38.904861274243
39.295884811964
40.183916025326
40.713780352821
41.844797879820
42.914897099303
43.364518381054
43.891362636038
44.902051492792
45.250585123118
46.080474659742
46.481116122202
47.169511961824
47.904468109523
49.044082115383
49.495757071139
50.145480605319
50.976090183842
51.485219710618
52.565458287882
53.100670956411
53.971103001256
54.345194286474
55.034655564791
56.018644631278
56.383096030078
56.938739595832
57.667205717930
58.088165343953
59.221032671828
59.983269120127
61.208992810001
61.415924334901
61.973888146465
62.563919968895
63.474515329243
63.703906698418
64.568878948663
65.648497419142
65.980089656622
66.663111502771
66.970648632487
68.006944540219
68.931325201358
69.575028487012
69.832924293196
70.919013729422
71.766899102759
72.377025477273
72.867630575198
73.327945695699
74.096159578431
74.560431886293
75.030633904855
76.190499855345
76.670677200580
77.420650270194
78.402698078930
79.043680702438
79.449963097398
80.190649123794
80.788005438348
81.610061447215
81.887604056094
82.848662350298
83.453391085408
84.055692211686
84.805228283591
85.340601574559
85.774580984784
86.243025155172
87.924575341060
88.051899127506
89.238583173318
89.447487902481
89.866196858630
90.726902305173
91.371675852725
91.922773492046
92.531107979991
93.028479898554
93.749450293655
94.591087068146
95.306971131801
96.117656694603
96.466066079748
97.397400976440
97.922747624947
98.437915042812
99.064440838118
100.217706143949
100.548858422264
101.137092721333
101.673294154490
102.031591602653
103.024005213822
103.422670241041
104.091625615055
105.158787575713
105.799693353411
106.330359846218
107.216195156739
107.953221390081
108.358218395570
108.529913092296
109.273182792544
109.939486970651
110.872036568162
111.531509203081
111.966296207430
112.516900397401
113.417271545626
113.691217378190
114.844405425436
115.291870509301
115.956907531063
116.742796051869
117.336688238641
117.896871848080
