24.413682787026
25.353133964331
25.962819836644
26.949597443316
27.938098939891
28.748209453339
29.987979454419
30.991113460374
31.632681833550
32.243499305380
33.511608205042
34.187603818418
35.331020701111
36.438772912141
36.903479221676
37.985674446280
38.700369997175
39.315412622194
41.038920259218
41.282031992701
42.329633571593
43.354134318143
43.935148143606
44.705612223072
45.618213805390
46.993286273051
47.528575979229
48.294891507135
49.401427102621
49.748747943105
50.943434894513
51.566276065989
52.836589739854
53.661976519453
54.295692211563
54.966534499220
55.944353369355
56.680969102926
57.736061201172
58.504946114985
59.553464875695
60.262995568906
60.816435474922
61.575313800327
62.707516906552
