1910.869292822668
1911.533925546229
1911.941220680068
1912.597559179959
1913.369778263545
1914.509330849559
1915.165066974740
1915.776802491940
1916.836830477329
1917.039934246815
1918.019926875374
1918.736186564901
1919.289994546388
1920.335483731428
1920.974773186893
1921.842458977804
1922.479773241638
1923.481930429491
1923.754088186860
1924.387895446730
1925.298707777837
1926.150427169575
1927.473017686259
1927.584522958535
1928.192570755792
1928.923021072843
1929.980296045364
1930.602512400753
1931.129047858511
1932.011120108426
1933.068502369349
1933.588747512435
1934.326653677328
1935.055207061092
1935.710440956493
1936.134308275737
1937.269230925933
1938.273104144722
1938.655066780774
1939.736377680706
1940.040675439627
1940.948116414737
1941.334247828851
1942.489849243966
1943.254814401343
1943.991622107163
1944.404030440044
1945.698403187331
1946.171174395928
1946.674370597184
1947.550692923573
1947.968696518315
1949.123722141926
1950.222118716266
1950.628019882151
1951.093887425740
1951.958435775574
1952.658647304977
1953.496218197028
1954.070887878687
1955.121753425406
1955.748054954586
1956.500442939198
1957.375724429193
1957.653240879738
1958.724184590301
1959.370141601246
1959.786185806732
1961.004773757381
1961.976896326226
1962.353826276172
1963.042628050624
1963.815537728678
1964.133285965435
1965.491793350809
1965.973828629294
1966.950440307380
1967.552311431450
1968.052964382824
1969.310359665309
1969.694673723156
1970.254975146907
1970.842610711786
1972.244568616808
1972.686238514549
1973.466525803585
1974.318817672465
1974.894503014076
1975.330645688257
1976.217968117423
1977.081118270074
1978.001466071887
1978.638932674969
1979.508471085950
1979.812096575467
1980.766556498384
1981.527475036261
1982.355765816126
1982.647713441421
1983.692170029335
1984.781588808745
1985.448922824874
1985.883527187931
1986.402604561175
1987.342353246210
1987.962736366115
1989.021567243292
1989.897579718360
1990.197431475352
1991.204834852499
1991.806846769553
1992.491137164546
1993.336488323449
1993.750201096442
1994.956615358651
1995.462115918083
1996.417685081285
1997.054105712745
1997.760815869132
1998.416048592117
1998.917774051604
1999.678566622154
2001.101126387485
2001.525392915365
2002.170150223048
2002.605926851157
2003.708703578009
2004.414831468892
2004.793960110144
2006.043025083804
2006.266909663782
2007.468058086366
2008.284768799450
2008.743154339268
2009.441477682694
2009.985123112709
2010.828630417943
2011.822733707476
2012.433026545759
2013.395838567822
2014.060810733143
2014.559831459365
2015.090322326443
2016.137035532765
2016.893831261981
2017.507713700964
2018.352480276601
2019.301738329287
2019.619068665254
2020.801209115133
2021.285051401159
2021.650817360035
2022.401406305063
2023.882767483402
2024.244079442316
2025.199114225307
2025.420993762364
2026.369901019699
2027.053165909420
2028.008863722020
2028.293401811997
2029.561790058680
2030.183484485772
2030.741644506188
2031.760547046569
2032.205988360296
2032.875738957019
2033.797237453630
2034.154555843372
2035.449714141087
2036.166631631806
2036.794137433300
2037.444605784390
2037.968800434597
2038.656141159409
2039.659601163670
2040.646048295047
2040.999669577614
2041.742784093691
2042.739099147393
2043.451751734566
2044.027561160632
2044.422042232033
2045.537626169787
2046.064574347502
2047.357020592257
2047.742506379871
2048.586658941882
2048.952778574009
2049.845005131524
2050.610333149716
2051.161573203603
2052.303206492093
2053.084868644039
2053.607516332748
2054.075004383496
2055.154422361939
2055.924289226636
2056.300765540238
2057.025285453638
2057.994368255640
2059.072059999697
2059.516467808455
2060.232522747819
2060.819705397760
2061.381330794856
2062.245195259996
2063.400098250463
2063.870652884899
2064.530153354175
2065.421703883589
2066.217052503564
2066.528143821806
2067.612813122565
2068.010708245731
2068.926635808664
2070.032919691131
2070.314524142090
2071.357791581257
2072.092902755149
2072.518385960180
2073.011434471439
2074.024145407796
2075.058489950704
2075.790624115958
2076.309773451101
2077.080705570338
2077.548897530356
2078.643128618050
2079.291000439962
2079.723707691422
2080.656839335486
2081.545431416535
2082.645792938824
2082.806151040490
2083.450426190830
2084.295144753140
2085.029502309423
2085.674175741182
2086.721043971286
2087.718593434000
2087.917348593917
2088.597428776567
2089.654179252482
2090.046697657932
2090.800043963737
2091.849387406326
2092.535048817669
2092.959349272135
2094.205548778882
2094.660102967706
2095.412296032144
2095.952791082155
2096.333246979139
2097.897873840260
2098.330043801048
2099.230100923914
2099.732364360806
2100.290593426213
2101.298944436908
2101.785218188525
2102.725961497888
2103.258291884419
2104.373039932085
2104.863047452356
2105.792445658541
2106.243230965310
2107.030082547858
2107.720549013972
2108.319254904064
2109.252090050196
2110.335340105982
2110.829440768470
2111.500676009457
2112.120931058790
2112.551828732318
2113.781093046596
2114.441762292261
2115.040048456628
2115.935700865358
2116.605428584144
2117.454716083920
2118.004204114222
2118.874264899041
2119.132102117929
2120.024853757903
2121.399376316547
2121.871563282234
2122.221997329286
2123.277795450840
2123.898958684375
2124.361663607614
2125.224417427657
2126.159139009158
2127.025342326022
2127.641056874160
2128.076512776599
2129.141870421264
2129.829911686892
2130.276757336664
2131.049359353532
2131.882068640096
2132.663576638391
2133.794206389962
2134.381503638208
2134.573381960941
2135.254800890866
2136.347367099243
2136.988325207800
2137.863567839120
2138.635599172384
2139.163608379202
2140.129060833402
2140.611958912218
2141.536348120198
2141.831801666579
2142.908401416303
2143.533354937113
2144.549328533495
2145.170331751260
2145.952268718807
2146.427033800720
2147.218156960778
2147.679350878851
2148.678437797855
2149.821836378248
2150.294839893807
2150.812476016896
2151.556709690786
2152.365673114537
2153.261599544918
2153.785431406216
2154.166549103365
2155.456437959893
2156.314678481422
2156.723264039799
2157.574317771805
2158.188471634032
2158.671314756179
2159.503569487500
2160.541875605265
2161.326857642963
2161.790342641856
2162.819382712777
2163.202893242164
2164.007098951178
2164.527302547422
2165.735502598480
2166.130037131161
2166.858728396081
2167.860112472552
2168.655022328780
2169.185259910929
2169.716287210823
2170.527761171624
2170.969876169780
2172.444669544828
2172.864978395009
2173.658888504400
2174.250572780441
2174.710789254534
2175.930782030483
2176.374008139146
2176.902700749603
2177.994593378087
2178.753322921995
2179.467966173844
2180.112147082064
2180.809461299658
2181.600687852798
2181.960684784051
2182.914511028876
2183.769510953338
2184.803592175167
2185.289315484537
2185.974311295126
2186.254288915597
2187.525963523689
2187.882706327205
2188.890991603610
2189.769071676292
2190.100826521880
2191.057143281712
2192.089680712655
2192.540019977666
2192.805520391084
2193.718958854957
2194.669401971010
2195.606399517169
2196.322225006791
2196.719569223913
2197.715036886606
2198.199093403897
2198.740437936541
2199.793118077561
2200.562753903679
2201.170217059510
2202.193806106073
2202.620541534695
2203.292144685733
2204.246018085063
2204.777435785237
2205.496903510724
2205.937624620718
2207.528033757867
2207.920421546741
2208.416950183428
2209.206242780079
2209.691166714449
2210.599279143630
2211.418250242393
2212.196388404200
2212.968284215150
2213.513018211678
2214.428546943835
2215.114713563451
2215.649253653558
2216.398660071568
2216.984009297361
2218.161062825205
2218.646519700586
2219.667154366743
2220.094334859478
2220.913769427492
2221.436605060720
2221.982522473287
2223.053883259871
2224.130008759520
2224.522816333762
2225.093383161735
2225.920890435311
2226.770380101952
2227.363950757702
2228.125545370464
2228.501643880551
2229.757138433723
2230.365945620832
2231.335250965330
2231.837920444539
2232.250992511362
2232.931068642569
2234.055367366896
2234.602091689896
2235.379010412826
2236.551060478537
2236.771572891281
2237.393315837460
2238.295355880571
2239.009469729587
2239.674043421847
2240.404616907625
2241.242375050273
2242.044325267715
2242.805489986338
2243.492642233318
2244.006235693108
2244.755668966302
2245.115353834945
2246.581063956637
2247.304600474501
2247.774872443438
2248.204728460392
2249.368347963677
2249.854557722867
2250.548023299052
2251.269075981869
2252.091127916157
2252.872631681196
2253.733826663578
2254.464410717937
2254.804118445448
2255.756208030257
2256.435057146752
2256.758204264931
2258.234817945359
2258.613841463211
2259.649432934395
2260.035833993388
2260.702065544801
2261.270885340641
2262.449370492996
2262.843007563479
2263.928868779843
2264.166524949329
2265.373319713642
2266.104287516638
2266.609843863252
2267.129188170250
2267.866660125016
2268.680348878686
2269.683203995610
2270.485278168501
2271.019384586019
2271.639613121523
2272.260008071523
2273.207051488841
2273.738514933803
2274.427518166374
2275.596150608724
2276.109482651987
2276.749590316361
2277.370620988262
2279.286978979421
2280.275363222584
2281.309945200795
2282.109702983174
2282.641399924548
2283.246716980232
2283.907020835596
2284.449304990972
2285.633516697895
2286.230873841374
2286.824746078582
2287.803226250935
2288.336463815448
2289.274692996969
2289.820345835009
2290.250701298607
2291.182778344386
2291.979735924815
2292.767215288513
2293.650520615156
2294.317097540746
2294.803206449927
2295.536913095044
2296.131566827207
2296.898022521814
2298.016339874917
2298.767002138988
2299.044470737228
2299.970497079071
2300.749058554154
2301.357568955274
2302.152351307407
2302.788533017849
2303.192473328536
2304.758735548710
2305.250981719132
2305.615073434368
2306.474447334707
2306.984345575726
2307.990165998819
2308.362358556005
2309.611909699049
2310.191602952173
2310.849675424787
2311.532882269936
2312.268854034294
2312.946748794235
2313.624282234588
2314.306902042065
2315.264528440663
2315.888637842023
2316.655596732919
2317.684811966154
2318.179235530766
2318.345003414996
2319.184315532614
2320.356819967843
2321.161076958359
2321.675875652682
2322.645601518258
2322.842339277121
2323.844150048500
2324.752725548276
2325.030983989292
2325.920593292055
2326.693486111908
2327.733838839476
2328.274677051198
2328.907328885633
2329.589760143867
2330.291135142839
2330.877713458118
2331.661830817450
2332.787741874386
2333.325665143771
2334.314818575345
2334.439575962725
2335.159250292949
2336.242349097495
2336.845170423565
2337.465679259716
2338.381728650947
2338.976806721554
2340.060423551701
2340.468062046072
2341.236715202423
2341.738390934524
2342.316714049161
2343.395505920121
2344.487649231460
2344.902708968405
2345.311246081513
2346.442351234509
2346.820547768621
2347.756495444171
2348.071291000621
2349.367839212951
2350.036416392605
2350.372656213057
2351.506293156402
2352.275509132415
2352.465729660378
2353.528659395989
2353.971637768289
2354.749085585985
2355.947166260568
2356.620737477722
2357.270040920717
2357.471942198110
2358.428370496637
2359.147044893038
2360.257491911652
2360.486253216300
2361.401163495705
2362.391494518513
2362.881152383746
2363.556560174595
2364.442026707452
2364.823147436522
2365.471047324413
2366.648167780055
2367.281725315453
2368.063475307393
2368.774096399438
2369.285975638694
2370.014508832724
2370.530324620037
2371.559255411250
2372.356679765371
2373.171628813342
2373.725240248228
2374.189057035186
2375.379783666006
2375.883464996713
2376.553897220134
2376.855224722171
2378.104064093489
2379.037749225514
2379.576611218612
2380.251748766876
2380.790515333170
2381.536119906371
2382.115541227995
2383.258543539246
2383.729380469796
2384.733904375919
2385.146141166385
2386.145887153766
2386.680833640482
2387.115872482859
2388.226020332278
2388.805308387593
2389.360878498801
2390.486693079364
2391.169502238496
2392.023809100276
2392.235318374001
2392.909263423620
2393.799814000192
2394.512012359355
2395.630713544836
2396.284645136026
2396.621058534055
2397.315054770608
2398.524543227742
2398.841891043008
2399.467274078595
2400.206971450211
2401.212118053728
2401.957117991539
2402.734126532519
2403.245615901236
2403.866551988172
2406.091660793943
2407.107198812402
2407.804601081614
2408.217926284551
2409.159090743858
2409.448803160954
2410.518124751184
2411.164309080754
2411.841649317995
2412.626899166442
2413.327793453335
2414.426669405055
2414.765882522618
2415.561191534995
2416.036411137716
2416.521837307152
2418.000635555946
2418.467800604672
2419.068803679107
2420.008264254308
2420.611582098471
2420.979171559093
2422.022398340144
2422.715922489126
2423.233407421138
2424.325814544551
2424.975124511431
2425.590035986492
2426.369498144935
2427.041141704280
2427.697963957427
2428.278527867864
2428.906878152356
2430.422026865199
2430.742168747167
2431.358878215836
2431.862444394871
2432.690081900153
2433.582993729970
2434.053367922694
2435.049096814992
2435.664299554395
2436.373608936577
2437.256061422357
2438.025053119853
2438.418699619489
2439.025634673275
2439.834866009845
2440.743390785307
2441.558894337949
2442.256587338989
2443.022953534019
2443.490381254420
2444.207169918798
2444.835096055044
2445.603983140888
2446.795225990404
2447.100235400906
2447.939198495153
2448.517352806884
2449.560189989396
2450.022357388159
2450.686208356220
2451.193377130921
2452.160272981821
2453.107953309981
2453.985454010178
2454.444949258320
2454.846373161153
2455.603193853687
2456.622186805925
2457.063810555165
2458.071440300459
2458.653964788779
2459.621043848392
2460.181492033915
2460.620494717771
2461.675186087166
2462.146429240107
2462.953141392558
2463.436362373126
2464.925520668772
2465.046641616888
2465.868827322452
2466.872939385356
2467.173566124726
2467.469014924701
2468.804179900793
2469.751253096613
2470.217234747524
2470.806523681524
2471.591686924390
2472.412040559941
2473.183833801379
2473.501221934923
2474.343107650900
2475.149006771139
2476.167026252995
2476.718910587022
2477.456204290519
2478.090717643718
2478.587522329799
2479.356169328419
2480.223311196642
2480.872316927838
2482.125117554333
2482.347887875129
2482.976143357430
2483.778782743451
2484.470769582781
2485.279259903772
2485.886616817281
2486.688773032854
2487.276826230961
2488.506410239840
2489.002171430005
2489.475468167315
2490.015324126238
2490.913155196230
2491.518830021744
2492.738477291692
2493.234205147019
2493.931629072367
2494.493015516780
2495.268212663425
2496.038373181027
2496.828373151855
2497.021569798806
2498.470929019474
2498.917748826222
2499.556454880941
2500.454958947332
2501.091921418761
2501.878129419572
2502.072132001582
2502.946864691677
2504.236520360311
2504.730446513199
2505.522854266238
2505.934911865736
2506.757687190579
2507.246981285251
2508.339328769880
2508.938246253633
2509.544026480999
2510.313913238425
2511.407631502731
2511.848755612072
2512.525522897558
2512.971780209385
2514.007661765708
2514.336758162277
2515.650927010482
2516.144577181150
2517.033371350518
2517.438991207671
2518.301777704979
2518.736266968679
2519.514311897080
2520.637241533724
2520.981130419239
2522.078744495044
2522.435054501754
2523.279806565748
2524.109425367134
2524.802459457545
2525.147498406259
2525.781491978933
2527.081390612610
2527.790220707493
2528.509730254001
2528.877410575480
2529.480722638237
2530.430425585198
2531.221735782318
2531.575864973471
2532.858415604848
2533.353517516727
2533.915367697846
2534.882846439225
2535.458527916923
2536.130996166409
2536.583103751821
2537.650569917243
2538.293592766947
2539.033303032458
2540.198279533271
2540.412757491441
2541.106403683151
2541.565031822524
2542.454067507475
2543.546065293193
2544.056170104644
2544.873714265404
2545.378382822848
2546.243449272079
2546.971508344054
2547.541992752047
2548.401733102964
2548.637627330839
2549.831165503055
2550.898856470504
2551.233928953565
2551.751884296493
2552.740866987348
2553.176543501481
2553.854976464174
2554.745103880426
2555.623937091871
2556.408566596442
2557.104044250496
2557.318129648822
2558.458172562975
2558.964070871261
2559.793902220114
2560.427033966503
2561.036730970820
2562.140499671178
2562.929186292451
2563.302658452163
2564.099668359546
2564.674328542835
2565.099094724482
2566.341624467377
2567.261252710715
2567.640858319529
2568.227499941382
2569.232711358374
2569.832320571243
2570.318263135537
2571.184359855673
2571.813479633540
2572.850286257063
2573.309544974691
2574.224644656490
2574.938091953408
2575.570779672857
2575.961879443356
2576.850372643135
2577.476151961897
2578.567847598776
2579.335060502616
2579.949058123950
2580.531113800912
2580.764075175814
2582.293181771030
2582.579409717187
2583.127340502699
2584.103797724207
2585.039545543093
2585.463017608868
2586.564548065659
2586.881350768652
2587.368255768506
2588.307979223153
2588.942505030774
2590.036079514367
2590.702471819443
2591.210913523681
2592.092612440110
2592.464198811233
2593.452589975505
2593.768447319713
2594.946151226304
2595.746269764759
2596.033655253632
2597.116122704991
2597.638446105937
2598.584575158084
2599.080987111440
2599.463591513932
2600.282031738185
2601.524586788067
2602.285703936322
2602.559790511154
2603.427059752718
2603.942517751619
2604.713331491435
2605.449275878538
2606.349405134358
2606.885553713404
2607.682101806278
2608.579369333739
2609.276882991059
2609.537143277721
2610.529073840648
2611.164600525889
2611.819126075765
2612.563428316235
2613.743478365999
2614.175216420249
2615.039113994078
2615.144031378796
2616.127068893691
2616.835308028401
2617.619978153880
2618.759755255415
2618.982901464302
2619.702764256277
2620.542992569663
2621.431948547881
2621.932450643430
2622.405631287613
2623.075551765171
2624.313024465086
2625.043227096112
2625.458815560063
2626.283451074628
2627.045397109119
2627.319236316363
2628.240056311981
2629.120079893981
2629.785318179522
2630.791097983182
2631.236684804977
2631.787928632593
2632.608815192712
2633.518859415249
2633.840593622168
2634.691645132263
2635.481545480991
2636.197705557556
2637.382988075335
2637.638830657665
2638.236567922031
2638.837129499751
2639.495012845866
2640.778439070168
2641.113132010449
2642.072157304970
2642.665305735068
2643.231627785204
2644.215611697723
2644.609924984876
2645.353511387447
2646.169623330765
2646.789481552422
2647.798496275479
2648.604110898207
2648.895814933024
2649.715911939420
2650.609101966820
2650.930904236039
2651.497986743094
2653.018298054656
2653.567200618231
2653.901996242050
2654.642873260571
2655.419733621472
2656.154512196201
2656.849527501039
2657.527095521747
2658.185818971609
2659.143814511594
2659.791083010554
2660.714084436707
2661.213678343891
2661.499643280831
2662.394432788778
2663.281699060656
2664.066723852642
2664.922563974271
2665.402073850358
2666.314682370130
2666.710408319173
2667.381822910408
2668.228587404733
2668.991561377566
2669.676529614821
2670.681201531087
2670.860648304199
2672.187096455346
2672.437520777187
2673.314700119903
2673.733726930269
2674.351670019920
2675.572951062085
2676.372000904307
2676.901916121892
2677.682061114706
2677.850197512019
2678.913239448475
2679.791643807705
2680.228415207627
2680.965383133771
2681.978680779016
2682.702118320034
2683.122226072720
2683.950921616750
2684.665110504336
2685.391065909371
2685.599718505243
2687.000245591672
2687.486207441561
2688.508318229087
2688.887665130928
2689.645643861392
2690.105220379263
2690.875249688042
2691.720745438876
2692.805377485103
2693.235672763931
2693.564117487854
2694.867341457759
2695.458917787441
2695.924869597758
2696.511481143515
2697.354568464139
2698.037958113779
2699.137814513780
2699.827559050999
2700.292397044532
2700.811748521039
2701.763698653673
2702.229071541837
2703.054647804556
2703.879816620693
2704.747369405102
2705.372910892060
2705.903864191107
2706.707975681597
2707.328964113605
2708.151307490966
2708.823964758959
2709.179600447408
2710.426719274479
2711.198150374456
2711.832763544582
2712.318241140811
2712.945113689600
2713.514488016524
2714.513657357942
2715.385620751510
2715.949687321424
2716.794601443552
2717.266083161826
2718.008087525586
2719.020607534461
2719.401362617485
2719.769086655719
2721.037529504409
2721.676633196424
2722.498279972318
2722.965009969309
2724.029885956787
2724.334404162096
2724.961698910265
2725.558669225458
2726.808108586039
2727.485613124365
2727.996356523674
2728.929355964244
2729.205110843734
2730.017840997095
2731.027957153485
2731.440733132216
2732.166372978146
2732.836988011923
2734.027814167781
2734.590133070855
2735.044409086836
2735.810609747796
2736.205723459472
2737.257277470289
2737.838453791860
2738.874540331152
2739.529026439436
2740.087996750332
2740.733246481973
2741.447953083943
2742.208053466594
2742.707767971515
2743.726648579769
2744.362962107133
2745.100536149301
2745.744710486846
2746.733366783364
2747.283046276026
2747.520307150433
2748.560975321133
2748.972069438737
2750.478174439128
2750.981776197623
2751.299581550556
2751.937201436037
2753.024186639716
2753.381086536399
2754.283938027314
2754.830960183262
2755.904002051716
2756.268749288844
2757.408578878308
2757.798073862909
2758.507989542843
2759.187710972689
2759.716271552482
2760.576017807116
2761.528401382848
2762.104288298206
2763.036273653418
2763.709247053484
2763.933056394919
2764.553239373866
2765.842772824241
2766.249720511170
2767.088026138306
2767.766712269030
2768.504313886791
2769.284876207468
2769.866001008631
2770.667563713319
2771.188990573440
2771.527849635843
2773.054736384679
2773.574494998577
2774.207269806363
2774.864893809690
2775.376113432937
2776.322652103750
2776.785614961861
2777.550300932725
2778.564626512584
2779.217298051325
2779.843166840361
2780.422896102487
2781.347311349122
2781.835792610106
2782.659411572136
2783.116156825023
2783.944637300421
2784.992372870835
2785.735532939084
2786.188291921240
2786.952481956545
2787.288022204074
2788.099892010092
2789.113032979039
2789.901550735294
2790.394929029268
2791.210829516313
2791.756843650011
2792.975888742552
2793.030058050741
2793.728454369440
2794.580686403782
2795.549259089988
2795.973904115736
2797.088290876482
2797.756283380097
2798.001528614184
2798.874073942359
2799.515339925133
2800.173223535851
2801.074813974857
2802.180270096002
2802.481844878554
2803.103755209916
2803.694303170601
2804.763785156543
2805.312517184880
2805.916324307614
2806.448151514980
2807.553702076515
2808.470664233288
2808.860511808215
2809.556322170220
2810.173547741924
2810.864813237552
2811.357228576744
2812.689621495479
2813.191557647485
2813.702892577309
2814.715510513460
2815.206022502668
2815.775834534571
2816.544001721129
2817.344353595604
2817.963425949722
2818.854226241856
2819.491301306020
2820.228098513742
2821.066153789411
2821.717478322440
2821.990974304471
2822.646627306824
2823.794062801204
2824.636987077393
2825.318322875325
2825.890130266646
2826.272504933708
2827.390777798647
2827.746070469709
2828.847921302090
2829.110869019767
2830.062138749928
2830.928556426580
2831.656247515193
2832.356739041625
2832.665351958351
2833.566950573617
2834.247988340095
2834.847425195573
2835.750404176267
2836.886151544783
2837.195979937594
2837.730900607007
2838.429977309279
2839.228717151542
2839.878605323085
2840.679066878834
2841.495403527741
2842.279641112551
2842.524543532953
2843.814469870100
2844.341795162026
2844.842016525145
2845.273172685982
2846.141703914137
2847.366672372192
2847.881156503007
2848.441337973414
2849.372178689753
2849.658650420642
2850.443720461147
2851.398780037448
2851.709221312361
2852.930150045497
2853.443014780822
2854.094601237029
2855.001131832212
2855.437151788713
2856.155334011643
2857.072744571386
2857.366017947297
2858.158294976804
2859.444804507608
2859.868161785977
2860.581435053765
2861.174090651419
2861.574042202866
2862.436286558771
2863.404848943386
2864.211513613653
2864.523276905431
2865.525088984225
2866.285900124751
2866.723637296798
2867.589933758652
2868.231393873500
2868.653709097361
2869.571570490039
2870.660211878722
2871.200968629103
2871.720701314734
2872.540116240027
2873.204900130058
2873.687457019365
2874.331564779049
2875.446787229062
2876.317521556767
2876.735182275042
2877.319637994980
2878.008130720161
2879.109044440765
2879.571035462181
2879.801546252134
2881.187489504863
2881.383224376126
2882.639906088609
2883.366023791336
2883.733259103708
2884.359373674276
2884.840202922820
2886.034478625267
2886.467243785321
2887.542343375661
2887.964869088979
2888.923826092832
2889.335577034720
2890.056578951252
2890.788074149038
2891.491835137352
2892.138844695649
2893.030077876713
2893.674437494310
2894.496273886237
2895.276855836508
2895.677636417731
2896.477448464120
2896.770786506851
2897.842401756576
2898.831695610643
2899.633369611733
2899.902937255855
2900.566633024971
2901.348717971675
2902.309550859673
2902.675681574889
2903.418280357190
2904.114162811925
2905.265894178317
2905.654563259612
2906.487367574335
2906.943710751436
2907.810515348273
2908.277390679019
2908.918145781122
2910.077771267303
2910.772330298767
2911.360868601533
2911.969572134933
2912.808905044416
2913.173356791628
2913.888180858594
2915.084286123657
2915.553647192670
2915.988583449651
2917.053441360476
2917.898737542816
2918.325060470955
2919.034608699728
2919.546719788331
2920.152850575201
2921.322344403630
2922.010013728612
2922.868854053022
2923.112401840180
2924.033317591913
2924.409820870882
2925.613233183077
2925.869899570378
2926.646575989061
2927.828317136737
2928.275136019826
2928.759956405676
2929.750440174835
2930.376644002472
2930.858706394828
2931.704647355144
2932.114821355641
2933.405116194232
2933.979243479955
2934.934560931200
2935.033773950192
2935.687579645146
2936.576025499871
2937.409782235323
2938.008185040357
2938.967823760183
2939.479197552021
2940.053719369213
2941.290105054163
2941.458373221947
2942.208741673729
2942.749596765145
2943.589856162194
2944.627812236851
2945.234924841572
2945.813439743883
2946.676068849019
2947.245555821116
2947.682358617344
2948.394161628753
2949.435360811249
2950.217604326142
2950.765710703164
2951.487438755407
2952.212269249117
2952.703712095102
2953.722505978964
2954.196080104886
2954.772636242946
2955.493892816818
2956.605519323842
2957.593815905429
2957.812039766474
2958.022685195147
2959.335360448218
2959.628397162049
2960.522631179037
2961.483957062759
2962.075390247820
2962.787917444407
2963.370487981191
2964.222116989024
2964.711041171339
2965.465973762210
2966.098921682498
2966.940742815595
2967.695698120838
2968.450627564208
2969.147445161409
2969.915772586177
2970.332978391481
2970.958463444606
2971.508522816836
2972.960045704389
2973.268813881179
2974.186698810516
2974.508851121705
2975.274415217413
2976.193976474121
2976.772669432767
2977.369612315141
2977.971011482841
2979.083583328240
2979.687834950898
2980.355837090155
2981.277777821851
2981.548491380077
2982.089550237376
2983.068959289238
2983.882893247253
2984.418866297463
2985.576962568178
2986.100615033291
2986.420065472366
2987.193444959704
2987.954746928383
2988.841870662955
2989.329854946081
2990.166760167153
2990.784248430463
2991.867084657648
2992.212845826233
2993.022535794815
2993.615491957827
2994.080361979678
2994.792700108213
2996.210604268971
2996.593163351919
2997.141986140140
2997.766937694425
2998.586597534275
2999.403249039673
2999.696592343405
3000.597837117568
3001.607600652477
3002.001996194739
3002.962836420521
3003.483678007367
3004.267094066010
3004.882508745768
3005.471946413638
3006.124616783584
3006.884497004480
3008.159869549724
3008.420848053472
3009.213753465459
3009.861011720046
3010.119863404166
3011.246866515611
3011.921396072555
3012.711648013514
3013.356385759679
3013.917229024985
3015.005982706274
3015.492755481838
3016.196320038085
3016.490928877770
3017.530170596885
3018.101635207052
3019.108395195032
3020.043293501942
3020.159587129016
3021.178649602614
3021.696548324741
3022.142396839804
3023.332259467342
3023.617687045095
3024.826403591572
3025.424856460603
3025.924267318927
3026.471135481657
3027.597154324524
3028.174361114052
3028.617883849145
3029.038251992130
3030.456971621050
3031.023685268650
3031.727204230993
3032.351058221331
3032.941618402609
3033.376773695137
3034.365418793771
3035.102433861394
3035.966879927280
3036.461749774061
3037.260230630556
3038.026909453786
3038.542341144806
3039.322280770019
3039.785794353183
3040.678301143203
3041.511266016728
3041.972936811221
3043.158767335640
3043.610092304973
3044.211510570611
3044.711354491073
3045.562291644920
3045.996176086912
3047.435438729568
3047.812886721567
3048.372995736265
3049.096552075254
3049.814063404873
3050.589693430037
3051.174076676690
3051.910817305260
3052.369851447093
3053.430703992425
3054.392899863694
3054.814524569399
3055.333454498616
3056.025015203985
3056.902878881334
3057.249666036532
3058.243594584398
3059.077602027874
3060.028929586591
3060.272055353997
3060.832033834507
3061.876480439751
3062.301024685107
3063.103627934226
3063.839261658638
3064.584673071452
3065.264348240567
3066.033114706297
3066.943956565761
3067.382396844156
3067.944348663522
3068.256009579670
3069.555134128908
3070.491139956593
3070.827754911011
3071.616448390300
3072.320814045796
3072.855807014643
3073.621824315223
3074.325756497548
3075.015656109340
3075.708939631792
3076.595140360537
3077.392920675547
3077.803586458981
3078.567024128047
3079.342751607661
3079.882787628324
3080.326368773350
3081.442421730532
3082.290330299070
3083.021767049145
3083.534040710017
3084.028456517159
3084.591302866209
3085.734709204448
3086.255451156226
3086.858135294979
3087.887671941211
3088.244825402179
3089.269410848186
3089.969681994402
3090.362354929602
3091.001574903400
3091.735959203461
3092.468963961657
3093.607758339918
3094.071160712612
3094.800878916520
3095.189263400140
3096.261193657519
3096.633438843756
3097.153766291309
3098.355322822204
3099.054817900098
3099.756257777415
3099.964401274758
3101.254672984483
3101.770441058124
3102.175211127596
3103.078026529903
3103.526407534428
3104.472897440953
3105.551171776793
3106.082150357076
3106.500857416949
3107.285625084410
3107.630419927395
3108.718232505715
3109.551784298721
3109.915236587191
3110.882885341829
3111.702781364657
3112.125156665059
3112.885865851642
3113.524349108346
3114.359146248365
3114.683759279209
3115.679446980031
3116.588299419223
3117.111137316930
3118.032565899416
3118.461427978559
3119.036218147439
3119.700516834041
3120.368010435935
3121.583210171353
3122.104132230958
3122.708286596063
3123.274597467864
3124.092635613306
3124.858850049446
3125.523614863224
3126.060275131273
3126.514278258115
3127.951241853794
3128.320513975251
3129.081628473105
3129.741186515565
3130.252486179502
3131.017179754901
3131.517963132249
3132.504148539662
3133.455853932502
3133.795885229697
3134.750149708773
3135.309222394468
3135.742989743499
3136.787353008300
3137.137100230992
3138.313860295882
3138.544064791321
3139.409294839081
3140.467758770717
3141.150301966291
3141.417483147566
3142.067437814324
3142.709593539220
3143.705239858127
3144.348860099558
3145.480765454333
3145.816645736320
3146.192875020343
3147.129838769193
3148.048247421462
3148.482700891806
3148.910938956834
3150.182322083496
3150.556157667005
3151.597423093993
3152.085864654603
3152.654282430774
3153.635371035180
3153.992639246870
3154.509308570119
3155.504670742936
3156.614795189060
3157.042143988744
3157.634151583219
3158.401182694301
3158.738992152319
3159.745665193288
3160.460986860287
3161.141158049558
3161.746783452710
3162.600023037307
3163.364900671011
3164.056229155592
3164.712306269029
3165.129645798676
3165.719806953261
3166.677581345210
3167.824361859030
3168.009002946565
3168.889001768170
3169.647509012628
3170.311606058211
3170.477002371473
3171.674223168828
3172.229958965424
3173.122891216084
3173.754984861431
3174.449817885999
3175.137336952504
3175.845704578968
3176.479223421835
3177.289372229135
3177.521004341354
3178.419311254625
3179.832009912293
3180.121748327400
3180.637094034730
3181.192479185588
3182.042265619579
3182.693504664561
3183.496133527671
3184.121634892946
3185.013808287957
3185.668740003935
3186.221500742150
3187.071480284379
3187.840611592754
3188.082635864140
3188.869836963492
3189.819596964627
3190.503688991374
3191.228073904610
3192.091170334151
3192.787639502446
3192.928152852720
3193.814851800175
3194.444767834539
3195.436535216383
3196.285502152626
3196.839387698176
3197.261786153708
3198.141042463288
3199.079553847184
3199.456154656031
3200.022094594533
3200.822433631629
3201.526878663251
3202.700772423015
3203.041003621499
3204.018597380147
3204.119536572152
3204.955569878854
3205.810394514489
3206.354756565184
3207.294693953136
3208.063072736763
3208.660438910639
3209.415876637176
3209.933747208155
3210.434821923408
3211.781411962971
3211.864411350015
3212.491076088006
3213.624812065536
3214.419234811754
3214.887895026929
3215.727376359446
3216.195816089582
3216.848853796429
3217.237052348801
3218.679820090597
3219.219348571905
3219.803979926370
3220.365091834494
3221.136991830982
3222.018793469998
3222.431080151704
3223.086567991808
3223.815842851826
3224.979299293579
3225.117701158772
3226.358248447001
3226.687605881788
3227.420272226373
3228.091504203800
3228.581957698125
3229.375468486727
3230.360678891461
3231.071586368512
3231.962688821141
3232.164829761044
3232.717793018747
3233.752195130310
3234.389056942053
3235.044685645801
3235.827419139820
3236.348577193465
3237.373650829472
3238.121718236356
3238.597781563464
3239.149170693005
3239.768807452713
3240.485687013875
3241.512144867037
3242.117618080777
3242.975697714444
3243.586968885656
3243.928047339639
3244.848873359629
3245.480379531112
3246.176200105733
3246.798025751663
3247.947110864367
3248.421056968094
3248.793353186014
3249.908943418745
3250.648547164917
3250.869459763127
3251.770641580562
3252.087673104812
3253.510018493942
3254.193590371764
3254.632973853952
3255.171099304890
3256.031876958032
3256.504693259782
3257.245428547135
3258.331395695895
3258.686266351338
3259.370436458019
3260.405748121980
3260.933315576127
3261.751157878458
3261.903245281778
3262.980989765181
3263.543594376161
3264.187315420479
3265.334658899366
3265.804899918333
3266.583090621729
3267.148040047418
3267.686943658574
3268.250050148456
3269.219259805339
3270.034865699983
3270.765661189815
3271.258032620615
3272.064613529631
3272.603525638494
3273.625183252384
3274.178214276184
3274.371240924906
3275.313477073003
3276.330756744311
3277.152489901196
3277.704775780570
3278.209654555469
3278.828240785476
3279.537228299551
3280.505492025428
3280.703665783190
3281.967121183162
3282.623737072427
3283.183412166291
3283.657902135813
3284.759041100926
3285.029744989115
3285.939662235838
3286.412356492093
3287.356844838817
3288.031872214134
3288.805656517783
3289.739673644147
3290.070295254493
3292.341006530830
3292.919761365575
3293.831388936339
3294.132139300049
3295.029560717640
3295.685294840971
3296.277643107753
3297.140726582667
3297.528449760925
3298.334745849901
3299.192769500376
3300.041951728676
3300.743598876670
3301.036669825824
3302.037782953982
3302.419070043706
3303.249232999438
3303.708936026406
3305.014558820240
3305.659250862815
3306.038156049814
3306.695026812765
3307.380793667716
3308.164757490616
3308.941591540751
3309.394265437127
3310.348422706629
3310.764559727861
3312.127540808313
3312.366519739008
3312.903776313859
3313.732217961690
3314.302185072598
3314.760057002283
3316.215615065943
3316.589184678061
3317.138824244427
3318.036537810043
3318.568733651156
3319.219843071483
3319.919782645971
3320.497318098751
3321.542358515078
3322.102559897808
3322.792717359428
3323.441017596499
3324.397153432230
3324.918297318512
3325.329418681123
3325.983718565248
3326.870877466563
3327.767952960169
3328.556753093639
3329.265766057199
3329.693057005316
3329.979530350482
3331.160473122813
3331.923179767598
3332.367736009836
3333.039064358038
3334.168694509129
3334.566020340757
3335.365720845550
3335.938278260255
3336.808110080593
3336.978966054106
3338.013817002759
3338.648468416161
3339.699063777465
3340.371199773968
3340.680059108824
3341.743187925654
3341.967759794051
3342.677278563758
3343.555105555247
3344.577249376573
3344.936583091137
3345.795791736391
3346.208287615731
3347.321522830357
3347.787427685183
3348.448745262720
3348.860298218655
3349.643476136320
3350.848966331864
3351.375926448805
3352.097640369022
3352.534966103988
3353.224882771347
3353.959249512449
3354.572257824892
3355.358244979656
3356.324702993499
3356.769972215029
3357.533138775025
3358.288424041986
3358.905647186493
3359.335092325645
3360.322187942307
3361.004174962752
3361.342462422421
3362.448810744974
3363.404880032962
3363.887843749505
3364.263125691018
3364.978971306910
3365.605834191610
3366.462206224629
3367.323958874656
3368.064118277588
3368.671631315081
3369.121457032803
3370.061617078012
3370.702469008288
3371.437380372995
3371.821485347268
3372.483827425184
3373.889566613029
3374.101495780787
3374.822778282321
3375.629705184479
3376.313979361006
3376.779166798840
3377.219984113479
3378.448325181005
3378.976916275707
3379.988598168437
3380.524283434328
3380.838923628459
3381.692103711331
3382.538961121903
3383.105721782525
3383.775560006335
3384.442155091434
3385.271370625912
3386.072602705268
3386.929422052526
3387.434987235913
3387.593462949591
3388.593719321721
3389.217196699698
3390.288250872297
3390.927645337405
3391.425744700769
3392.354803790365
3392.786776350255
3393.448313532239
3394.240952977517
3394.774010248901
3395.752176935885
3396.243724415242
3397.139217462865
3397.795320750712
3398.606494950883
3398.892177348271
3399.928966179305
3400.318834382582
3400.734829341435
3402.222070359800
3402.953859289557
3403.142483362772
3403.885502420316
3404.431447771949
3405.496476675628
3405.959229229814
3406.536415218549
3407.505865321560
3408.161596093150
3408.782319987980
3409.778108358303
3410.168071841123
3410.821123675789
3411.325521706854
3412.155715292869
3413.004934440551
3413.716928219896
3414.555733634711
3415.126561529410
3415.699854631271
3416.397288998028
3416.779603211827
3417.814471478675
3418.734408513394
3419.090807981190
3419.874965470236
3420.768490307603
3421.135618354801
3422.266416637874
3422.583765637499
3422.994806577009
3423.840615077159
3424.880580387186
3425.815140020750
3426.049776288779
3426.878952215845
3427.390877583606
3428.000328568211
3428.889452329438
3429.680932250383
3430.024448186420
3431.299979062254
3431.652997005614
3432.435411554538
3432.835724824791
3433.916873501918
3434.370767256684
3434.871628890553
3435.711438547265
3436.582780271696
3437.555906291918
3437.849058282459
3438.763181968350
3439.010187498175
3439.783238373407
3440.498675547149
3441.462672786971
3442.375754124368
3442.697994091815
3443.119262940384
3444.481591363579
3444.895836010054
3445.208637883040
3446.089284656111
3446.782379041277
3447.585311976951
3448.416258933343
3449.167788114470
3449.663282115665
3450.339725562658
3450.873545706841
3451.617478798353
3452.280762179337
3453.164587073906
3454.080903443417
3454.585571612350
3455.128663198232
3455.730203147196
3456.589133832940
3457.406569689874
3457.739248077798
3458.584074476083
3459.203674325343
3460.432093993787
3460.792270279742
3461.440620058844
3462.083288747373
3462.466140434485
3463.403704207252
3464.179563028772
3465.104548698044
3465.580659578803
3466.318058437404
3466.944154552677
3467.536521153389
3468.490563391941
3468.750817776041
3469.626740907318
3470.449576593546
3471.280863375727
3471.732311381507
3472.562316718520
3473.281159346914
3473.940917276307
3474.308004581399
3474.797050661687
3476.289439651069
3476.828664797566
3477.241787845934
3478.123342270189
3478.657771006837
3479.151064940352
3480.152645754103
3480.925633025775
3481.160948440816
3482.191633581343
3482.923487461139
3483.797056839467
3484.261156299232
3484.928033404743
3485.269609297595
3486.428746560497
3486.730803772318
3487.770970402144
3488.574665494105
3489.302332759228
3489.706173610796
3490.231955071843
3491.144322881473
3491.728499983070
3492.417172229843
3493.459883605991
3493.903572450919
3494.446837634988
3495.495093817698
3496.078449527583
3496.639456443550
3497.297327651877
3497.644071572359
3498.746205818697
3499.712277503821
3500.449171085260
3500.714292297395
3501.267090242988
3502.308990653533
3502.783448982370
3503.404475971335
3504.303457047673
3505.037202644462
3505.718021848689
3506.452807896092
3506.941239443173
3507.875508122909
3508.274051400761
3509.032244887819
3509.536862783704
3510.668505857836
3511.125193486932
3512.195231443529
3512.709011057191
3513.092084670153
3513.692723770187
3514.387325213505
3515.599813466551
3516.013010674840
3516.599870399617
3517.579179101612
3517.970764827210
3519.049546229718
3519.262784334996
3520.093559080471
3520.829726277711
3521.161567746085
3522.534470210099
3523.192230949426
3523.488215370605
3524.256569948420
3525.118826108710
3525.427738277502
3526.204779403670
3526.966100159995
3528.001274160119
3528.598578968754
3529.101914732596
3529.665248937882
3530.572004271076
3531.193399320494
3531.902700551876
3532.368550774161
3533.119262286349
3534.177660627146
3534.766878070827
3535.535780896616
3536.074579872579
3536.422802651553
3537.167893866406
3538.113353835738
3538.888564075044
3539.556559005329
3540.289739108170
3540.785490004400
3541.531524997707
3542.466347728468
3542.670268186936
3543.376031258131
3544.458956052983
3545.041089096771
3545.544290710964
3546.750725512867
3547.048576053703
3547.860927667597
3548.082697427754
3549.190286304697
3549.457128523434
3550.854095969145
3551.316376005355
3552.016942065286
3552.529185937792
3553.007830662234
3554.069152020736
3554.740232710878
3555.203749347315
3555.798207823656
3556.859032521167
3557.657268833795
3558.199080717149
3558.649842012721
3559.572909294817
3560.006784414224
3560.583187697232
3561.545335290608
3562.692257364150
3562.767115591575
3563.668307092250
3564.419765911473
3564.920762674104
3565.377871337851
3566.502451393883
3566.947124543056
3567.968710981630
3568.296683659552
3569.137457625483
3570.129536380042
3570.454883903730
3571.274303348698
3571.524568427440
3572.328122799925
3573.447484995090
3574.222553426310
3574.786290467837
3575.173234923468
3576.059311511270
3576.550431432639
3577.429450490689
3577.952193092358
3578.844909792874
3579.433225062735
3580.291527486881
3580.997274720020
3581.496205865990
3582.143672436050
3582.978881164269
3583.397879193531
3584.154006355308
3584.990325730102
3585.900244814728
3586.706407729733
3587.062479918985
3587.366158702414
3588.291384854710
3589.272909164000
3589.563669734158
3590.732572431958
3591.193677157233
3591.845394741739
3592.505190419950
3593.510105600127
3594.015964364131
3594.363922182575
3594.941465449582
3596.230037184504
3596.725108073826
3597.608419570868
3598.049086972486
3598.770313021538
3599.452720840823
3599.914783059465
3600.662456171046
3601.572229090476
3602.409578674483
3602.954832125886
3603.505484385366
3604.341525424459
3604.913484437604
3605.608010263456
3606.318838456600
3607.017324205665
3607.333112837086
3608.924079966982
3609.120098692058
3609.801838317614
3610.460050447039
3610.992612219192
3611.524882509922
3612.713684313478
3613.232119436181
3613.977732113803
3614.587644126625
3615.520439064577
3615.781413858986
3616.761180127499
3617.162825242421
3618.013270972614
3618.592428466940
3619.442483849276
3620.388257095928
3620.759726617566
3621.543433512024
3622.226189441091
3622.702458269658
3623.300056037005
3624.053698305317
3625.325410399457
3625.822860097456
3626.160197941723
3626.850502468948
3627.642623433216
3628.566606428411
3628.929453828101
3629.486739356233
3630.435333034015
3631.233556289323
3631.810822746023
3632.859217564785
3633.170886058833
3633.564819517887
3634.479153739881
3635.016769907953
3636.266778884744
3636.408794139179
3637.543316847552
3638.085432253506
3638.726948801901
3639.098573018752
3639.974188768351
3640.926742507693
3641.194280954147
3642.216621010235
3642.835803624100
3643.473732601949
3644.462477117961
3644.958452112724
3645.329036941977
3646.076238471557
3646.679775756220
3647.788123286457
3648.607844049397
3649.111197697719
3649.578007943966
3650.186623667057
3651.205441663275
3651.631323072540
3652.324656161636
3653.089343236868
3653.853122664535
3654.674349085574
3655.236501063795
3655.885596872855
3656.489925810928
3657.274870911114
3657.893877770660
3658.204839195691
3659.589827669178
3660.201248326111
3660.742487384104
3661.362994655292
3662.031242472004
3662.584089727958
3663.195460236714
3664.401264256486
3664.826238774856
3665.409257332304
3666.110451714006
3667.226580022749
3667.537442470911
3668.173212815639
3668.811655770781
3669.336744367795
3670.345817499579
3671.293442927037
3671.598307212910
3672.704758804899
3673.001390927614
3673.400926327846
3674.570493663149
3674.898169377830
3675.750218736955
3676.609843949015
3677.492876797596
3677.735857377515
3678.432069762855
3679.332880834030
3680.014521835369
3680.514004363838
3681.030673978011
3681.901867011311
3682.933572577190
3683.699557107839
3683.946247883227
3684.793769398491
3685.137223845827
3685.938654111120
3686.898727639879
3687.470139271406
3688.296578380100
3688.868423333381
3689.614395029491
3690.169012116666
3691.064153206034
3691.583955136842
3691.910972632232
3693.067661028730
3693.642220424746
3694.562269676097
3695.031549404478
3695.840899676671
3696.548392617503
3696.932120575111
3697.359075807816
3698.526860583141
3699.375987772245
3699.937975929528
3700.703325925137
3700.934129876488
3702.062394954776
3702.506830115214
3703.229940591147
3703.973416064400
3704.456505079744
3705.263606452473
3706.556218400855
3706.727234681653
3707.390930106933
3707.761562917939
3708.868328433344
3709.282920636594
3709.977887506109
3711.120051182567
3711.666408307374
3712.121052898570
3712.989122681479
3713.461320535824
3714.131905907333
3715.039186150077
3715.462318107488
3716.352390442241
3717.093579126883
3717.678975834607
3718.561760994795
3719.190980352128
3719.779754936771
3720.055951629132
3720.849890560953
3722.034362205516
3722.762869500856
3723.198627083871
3723.822291780008
3724.534386965465
3725.134616654467
3726.011320663253
3726.573808794601
3727.015994661895
3728.263269796202
3728.639170855648
3729.431809988158
3730.145673235695
3730.745218321495
3731.377506523402
3731.799047587501
3732.767768066533
3733.459471653651
3734.312434422594
3735.126708522073
3735.598865382567
3736.053032323720
3736.624020975865
3737.639814950189
3738.277495351916
3739.162262712136
3739.356711186974
3740.488520911185
3741.153547946461
3741.743951426633
3742.382867517893
3743.046535041271
3743.474224834174
3744.257776191796
3745.502857276388
3745.937170015988
3746.527661082152
3747.118740535845
3747.864226014567
3748.504583603452
3749.189183247423
3749.663180302879
3750.961042393061
3751.453593853653
3751.746312179251
3752.806596655968
3753.369244114393
3754.156409454622
3754.529232110090
3755.322581794800
3755.892366743175
3756.939828767931
3757.854034735601
3758.207517180745
3758.752795718853
3759.393730144562
3759.999896966183
3760.941334373648
3761.584140517100
3762.490271700268
3762.806020002461
3763.683057209591
3764.587594486148
3764.915225724681
3765.580686148367
3766.286713580519
3766.959383858009
3767.737443240107
3768.574542898430
3769.272328866447
3769.900590736394
3770.523563930516
3771.139964001971
3771.512525473429
3772.476706297994
3773.478798133166
3773.837253390647
3774.989305098929
3775.277179503359
3775.561061903506
3776.925899822453
3777.438611536574
3777.868756375829
3778.343250023788
3779.518421886910
3780.367257696880
3780.859403667582
3781.469612684570
3782.094549517228
3782.760841038091
3783.250565568632
3784.153055332071
3785.105676447137
3785.537244136626
3786.499665199524
3786.773780624027
3787.703418862543
3788.297015915512
3788.715416067597
3789.824534784068
3790.245206077539
3791.062963088692
3791.694614211336
3792.744910039379
3793.214036560802
3793.660071004281
3794.288419979441
3794.909306272614
3795.775104935075
3796.946380644711
3797.177849074409
3798.062672268602
3798.287201844509
3799.409622092460
3799.837814925284
3800.605410792475
3801.262568016251
3801.811001933313
3802.963252565467
3803.366074547896
3804.186979338160
3804.865109817076
3805.164698662305
3806.062881163305
3806.798381744616
3807.146324108811
3808.443267217812
3809.168035776611
3809.479095965063
3810.179908714686
3810.636154497554
3811.779227113283
3812.024455833325
3812.999648913458
3813.698631752868
3814.235916802339
3815.118179090044
3815.803658074965
3816.531172492549
3816.984070986739
3817.497132992310
3818.082974175139
3819.456129803457
3820.008570684470
3820.303100146823
3821.335816143915
3821.865596112540
3822.425868298155
3822.986448987628
3823.970228827692
3824.519851156321
3825.377514435273
3825.967350884001
3826.821575037522
3827.212781909288
3828.016078298206
3828.810610717708
3829.239236875810
3829.690874281275
3830.828078403866
3831.637301720522
3832.476080891918
3832.681624595638
3833.422815364854
3833.802317356032
3835.015220451655
3835.422461547726
3836.195428699017
3837.033794483791
3837.555641222152
3838.314930046758
3839.091848114326
3839.690007896296
3840.023204292133
3840.982904359506
3841.522634344388
3842.426761972413
3843.315739995100
3843.850487849995
3844.320514232970
3845.214664583178
3845.612899493845
3846.246229665507
3847.036973876060
3848.175615535577
3848.752553840718
3848.959270308709
3849.819180065627
3850.691078697821
3851.431151551537
3851.774968583199
3852.339011189546
3853.303518556510
3854.022860161793
3854.912148164450
3855.604347091013
3855.971676785141
3856.536658469562
3857.248537153627
3858.001719751479
3858.943918756422
3859.351839216377
3860.272746663953
3861.034937348811
3861.463638159861
3862.031708853445
3862.906555185637
3863.492858075475
3864.227776084961
3864.775242773816
3865.678117249456
3866.478730247689
3867.185673991442
3867.559863812290
3868.361902888694
3868.888917197487
3869.287252031284
3870.686916644363
3871.220228938200
3871.959970455301
3872.174367812780
3873.281513157925
3873.639283668400
3874.682728387165
3874.998852689416
3875.669634703720
3876.497914041069
3877.542647638829
3878.053735525724
3878.382575532535
3879.593995439119
3879.781566496453
3880.344701688885
3881.244326919184
3881.986463769576
3882.980194150600
3883.509987375420
3884.000487105227
3884.731651490845
3885.269784128951
3886.029298388590
3886.840572806765
3887.413237590104
3888.298634488683
3888.590416231154
3889.795139391423
3890.459270935545
3890.929933911197
3891.157949337325
3892.074469034810
3892.985987914201
3893.550227251584
3894.731648222380
3894.924928089248
3895.689041397120
3896.173229736974
3897.041535194398
3897.769889714056
3898.132902358212
3899.079889127827
3900.061823485703
3900.327149170881
3901.217577512836
3901.786866926248
3902.554165041839
3903.238027639084
3903.649025641630
3904.151211318222
3905.627094349489
3905.968411065656
3906.751449612058
3907.284908866850
3907.767129608646
3908.444963414781
3909.422596994819
3909.903512339328
3910.759886279654
3911.365377602887
3912.041665718500
3912.893941763869
3913.642449976172
3913.808491536594
3914.869793784764
3915.075825519720
3916.172140088143
3916.955309229387
3917.683493205764
3918.163904261690
3919.081540032331
3919.437466935829
3920.056513309472
3920.629851175655
3921.899722950299
3922.248502907474
3923.052069889316
3923.621853948450
3924.360865500780
3925.049695956251
3925.707584987559
3926.320658311605
3927.004125536105
3927.355882686820
3928.843570753794
3929.223479869216
3929.990345075643
3930.270106518042
3930.949490003512
3931.923178717747
3932.293618784283
3933.278951886871
3933.838178931060
3934.861441347146
3935.331710205634
3935.646437276914
3936.769089066385
3937.368261370330
3937.673468932784
3938.548593450345
3939.500600070911
3939.929129164087
3940.801630236778
3941.733632708178
3942.174643598463
3942.338949234311
3943.300895102521
3943.889453204903
3945.027582783203
3945.678487013342
3946.147835379431
3946.735877738246
3947.522061157712
3948.312066115804
3948.864452189406
3949.374261722779
3950.119667756383
3950.960705779421
3951.732023879753
3952.512579880851
3953.019473915139
3953.528408958673
3954.386595508779
3954.753857985739
3955.582147879699
3956.445179351040
3957.238190325983
3957.882188018780
3958.544291445033
3958.929940208041
3959.632454745813
3960.474236086134
3961.325359773772
3961.671143460368
3962.311521618952
3963.485194809470
3963.996519017630
3964.576523267706
3965.313550416205
3965.819634850350
3966.278971468292
3967.164205665735
3968.226431344581
3968.881826859863
3969.331785820069
3969.822135767713
3970.826661911918
3971.396330157936
3971.857762820321
3972.563785947114
3973.607096708765
3974.089456576073
3974.826692177802
3975.501293289790
3976.255960970750
3976.884453712151
3977.383772536049
3977.965171459326
3978.680244192559
3979.750536973834
3980.422419038819
3981.108001778951
3981.538194441362
3982.150915732904
3982.669964216304
3984.006381234703
3984.104214151441
3984.849603230299
3985.920233063458
3986.227479457535
3987.260964007208
3987.893910363151
3988.189869775896
3988.998518160930
3989.545394527647
3990.454314923130
3991.253045367294
3991.880036525749
3992.718181932009
3993.268279260127
3993.570101415934
3994.409032406550
3995.290696150594
3995.648823495340
3996.815600913421
3997.460632379654
3997.755367459334
3998.577835975995
3999.471488510556
4000.034903980129
4000.587661747453
4001.053555201653
4001.808823621602
4003.115561701381
4003.660593578504
4003.896804110043
4004.726722384300
4005.381247784719
4006.031404749652
4006.536723822477
4007.645007448748
4008.274894003868
4008.680802351309
4009.683351478467
4010.322632175930
4010.755095962135
4011.468451631988
4012.187782583938
4012.831112822988
4013.568708573836
4014.195322957200
4015.395162035361
4015.647771289295
4016.291907163161
4017.014102629965
4017.270774565737
4018.306272678282
4019.123422716005
4019.999359936923
4020.313599201954
4021.130515649405
4021.630234900575
4022.628494860989
4023.050011037220
4023.843139761379
4024.080523399399
4025.233017275007
4026.021936066645
4026.678506365145
4027.319217278816
4027.719429362852
4028.581499159196
4029.071240354252
4029.802046927186
4030.526305673595
4031.674157691862
4031.965957807923
4032.734058768728
4033.149385070808
4033.921489555409
4034.815538714938
4035.310524586264
4035.812556812991
4036.859254831842
4037.357501382317
4038.279377038066
4038.855450396780
4039.749784159951
4039.932246797067
4040.227989604100
4041.591256470636
4042.355994973829
4042.863194468315
4043.605570273387
4044.283541256102
4044.784287899763
4045.626866405746
4046.106429587918
4046.817895237930
4047.644018525182
4048.278997668795
4049.014646814569
4049.864217951975
4050.347210460740
4050.919732225470
4051.694807626218
4052.396257915174
4052.580085027532
4053.822093628497
4054.811328563438
4055.353518994276
4055.476653395784
4056.266435411360
4057.256795171712
4057.607634683597
4058.557122238000
4059.145638620768
4059.717253471238
4060.682420451584
4061.334424622538
4062.016830491135
4062.476690574233
4063.085362474527
4063.872908973242
4064.322112184955
4065.564676825675
4066.148573173391
4066.528573493372
4067.572405909512
4067.869451647647
4068.521976249122
4069.238739754150
4069.975788396462
4070.828720365261
4071.608058630699
4071.980522784741
4072.620464808505
4073.849424878037
4074.092710774394
4074.534424692682
4075.356123344956
4075.912866089064
4077.089240540638
4077.642855684762
4078.396481970616
4078.854148315914
4079.436054378682
4079.929469232077
4081.154629649606
4081.441993686746
4082.199606112525
4083.014777802414
4083.873653152394
4084.312202389774
4084.850967000853
4085.748263882763
4086.242359923694
4087.054982550380
4087.346168769152
4088.658802727866
4089.083860479291
