8.117529005877
8.700589540277
10.453178393762
11.096746148507
12.087587859763
14.314925189218
15.394122971625
16.309966123344
16.987860105929
18.226500625525
19.267558554902
20.660733865447
21.201222007370
23.107157458322
23.740045250806
24.704608766292
26.378171672812
26.938386508901
27.827016322445
28.429244566088
29.651777140931
31.015814419150
32.376409250706
33.169026222648
34.250415547375
34.829360488575
35.782423575566
37.018052755580
37.853974138777
38.856670027553
39.744045202318
40.586241138645
42.305923102178
43.173910572321
43.749055657984
44.672649530901
45.670885018059
46.404682407110
47.194563902988
48.229053518733
50.098480286978
50.451503342342
51.226306028579
52.499277204866
52.946402226001
54.363591320790
55.231900283804
55.629219845186
56.693805053412
57.476843755710
58.848483982543
