25.944247627714
26.678050563744
27.383864652479
28.111028124141
28.845626560311
29.582896526789
30.340459474388
31.017189245782
31.611459988318
32.369181539690
33.576052996903
34.199443889688
35.015900481409
35.906799530582
36.175888669015
36.899447088676
37.355724102929
38.231247789463
38.979611210708
39.833639889591
40.430802626791
41.127858307843
42.278961174907
43.117175839407
43.338693488263
43.874885708398
44.934954868697
45.396823177155
46.694959509489
46.915086906429
47.595745895727
47.902082765051
48.865917902988
49.506594351709
50.326006685980
51.413318621126
52.174257451508
52.714612891200
53.266858765906
53.943377135663
54.591191137676
55.471761584848
55.644369277171
56.357065210850
57.448436742272
58.046517327779
58.629918350320
59.590372373403
60.181126727132
60.526423274438
61.592228760440
62.557984897027
63.064147436632
63.411800755486
64.151100582120
64.977362586456
65.550288785974
66.003089339590
66.718015235012
67.242432504818
68.171685550347
69.263219555907
70.041363826598
70.333653682801
71.148853130053
71.702474632558
72.069511740070
73.015583860110
73.425567356044
74.590599267709
74.961432594773
75.645703743710
76.038669437285
76.723912326996
77.696712158227
78.635780076639
78.908890728859
79.735938146984
80.410212273264
81.458596146729
81.696015916509
82.296055950418
82.884268243643
83.380512445514
83.916168948957
84.923840667761
85.479148330215
86.373528823690
87.121814655583
87.644456257666
88.333771523946
89.192911003393
89.546068851468
89.976418187734
90.992483764104
91.737048368552
92.165713072978
92.508162877961
93.791594099629
94.004973865388
94.478904387265
95.159986419647
95.915694150720
97.266573483812
97.636300453945
98.260944271051
98.970489992163
99.132712827448
99.972332174614
100.521640589869
101.344803366924
101.822239494324
102.392765532827
103.046824418166
103.834391440700
104.821865630686
105.182606379073
105.762397875812
106.725442378473
107.110366524198
107.560515723780
108.669627073113
109.248955276773
109.692285759064
110.387308061839
110.857373903014
111.416036283993
111.908715060204
112.645391792393
113.566209267355
114.335994574281
114.975659931122
115.688367355295
116.141574858939
117.020587995608
117.520365868345
117.843609336451
