26.611076523222
27.392238927961
27.828055582194
28.273272381047
28.977746369015
29.797815469378
30.633145803014
31.154709865741
32.103096824356
32.558257300132
33.840895631284
34.452615307458
35.221162740305
35.714464741462
36.407706463183
37.314055836954
38.209381360302
38.766693525459
39.217960608089
40.130020018226
40.601123763901
41.038532444687
42.053185409329
43.160986635392
44.055227930693
44.640682781608
44.858613497610
46.087565609495
46.689826463937
47.137207849488
47.414314608099
48.512601233168
49.335031525715
49.954723430163
50.814027280518
51.210976162259
51.923162248788
52.797217965052
53.787711246333
54.276265603425
54.924144182031
55.735681647354
56.407652342480
56.774958828047
57.695587168877
57.938589108089
58.837283529694
59.586293710799
59.970921310591
61.441013761777
61.968813224573
62.788102423490
63.068602928479
63.706728948207
64.537518340780
64.759132717173
66.109354927920
66.694690257892
67.047385055773
67.524322003447
68.392751463529
69.131569613981
69.814700342039
70.614882887276
71.132984516962
72.220467484826
72.853998432398
73.319092055709
74.119332338096
74.426496341762
75.105568560206
75.742233269496
76.305072759933
77.027861843600
78.087442860724
78.505801268008
79.369596128342
80.014246563963
80.633550691218
81.347685836970
81.871554479353
82.744154425056
83.196605332944
83.705740927674
84.681187216490
85.312062381730
85.844494367660
86.306317058153
86.712362057466
87.529427854536
88.838686487676
89.555114951935
89.795879034835
90.881967456686
91.165781554107
91.473214709891
92.711056248034
92.837465485972
93.666709606622
94.090913751660
95.059220748854
95.697698042676
96.280439639612
96.796686073276
98.091151697730
98.443005402688
98.644666296010
99.544963902640
100.444473917753
101.262999414750
101.577661073857
102.256096841500
102.731681228384
103.101718436206
103.996432546666
104.677311202212
105.137347723187
106.151820862628
106.836958120145
107.465384201250
108.493189696526
108.865457028822
109.089631879391
109.855666184514
110.405394774407
111.160109580636
111.823545334933
112.595326674500
113.186517353789
113.547284237264
114.278657081301
115.021274506646
115.496670125200
116.445858979928
117.303447942697
117.765023018474
