26.156491623506
26.716840032661
28.162432970817
29.005666306221
29.449083885913
30.245526069492
30.976109108130
31.393298252719
32.180057141346
33.249944441527
33.943038245977
34.241318552792
35.169854686546
35.661943425134
36.838366329736
37.374886121762
37.947542740867
39.268422015897
39.741953873131
40.539279824889
41.283475391581
41.632701491463
42.022228565819
42.919102934734
43.855935528946
44.523650336876
44.957699057902
46.217301080563
46.829742273554
47.491363058788
48.190003429245
48.892452100963
49.401847278620
50.200710144528
50.941901247342
51.653624839618
52.452394238401
52.735370962349
53.515148207009
54.018938359454
54.712153047909
56.128871494999
56.876570491855
57.369988314419
57.662243504178
58.510099751516
59.469734751326
59.780034207738
60.320306290445
61.123976758855
61.647829201571
62.657852076688
63.388773641979
63.837652885527
64.735565112703
65.512884600831
65.823152946867
66.843745502265
67.416409350415
68.361519961879
68.797872916389
69.327800256885
69.912928909928
70.657621071557
71.113888211931
71.835877704431
72.664270284713
73.560232419596
74.041047545054
75.354716063232
75.635281670526
76.113588549206
76.736466007854
77.132748689277
77.994772669683
78.794429095505
79.612366161190
79.996105612563
80.660562091129
81.198345756558
81.851022169561
82.927307054078
83.511452396235
84.065711633374
84.834364009341
85.762995663062
86.152706530702
86.620808904840
87.348306317242
88.007529792538
88.605671602082
89.030001014775
89.455688512996
90.883716668107
91.363388064251
92.198735623652
92.895735625967
93.122541293635
93.857217049182
94.671385154909
95.441421283832
95.691723720962
96.621357090159
97.046509301866
97.811844815781
98.418536526208
99.185399675296
99.557342636295
99.934478598303
101.280467128922
101.867727393852
103.851398061867
104.291911565315
104.978106956974
105.358496393047
106.109379742957
106.651433661167
107.713410837396
108.027645393275
108.630102636850
109.439484484939
110.442231392323
110.781667537815
111.487841329995
112.106164163478
112.537804595427
113.226311955255
114.380417810867
114.706317549628
115.284971738013
115.727755819190
116.028818124054
116.975274333189
117.734924732137
118.156538513275
