7.567151469480
8.839621188774
9.784546902510
11.457505226180
12.137785986284
14.070413637002
14.579085685905
16.449111021432
17.390241493141
18.250490423208
18.887650041121
20.122842722074
21.351090431177
22.636958145768
24.291399468109
24.752309853343
25.496656254958
26.696655781544
27.897822816782
28.899752313503
29.607922493645
30.498328694965
31.849140522139
33.386465903436
34.090485117176
34.892798144592
36.014752309286
36.668461543334
37.659121829348
38.243028644142
40.095793192411
40.959290172169
41.702001978883
42.732938790396
43.812554263236
44.602544392892
45.897168438658
46.134038900212
47.445590246330
48.058754946912
49.009191821708
50.703565268833
51.471769329280
52.485633954802
53.295007381521
53.708903421126
54.530316823998
56.257098726291
56.479124738668
57.503081903886
58.632142163385
