1910.654021240869
1910.975777700927
1911.891160285181
1912.371031673504
1913.489679702055
1913.901523457777
1914.971385555210
1915.303055862814
1915.755166979192
1916.939477938415
1917.731288934668
1918.255193025324
1918.718458643564
1919.574628169377
1920.535975428506
1920.927929290776
1921.743976007260
1922.619799107163
1923.113562053938
1923.693788732432
1924.688240033939
1925.261697429346
1926.022903308901
1926.768236305960
1927.306982704815
1928.151736308825
1928.587451292196
1929.768458968676
1930.330195366681
1930.814402407988
1931.497090223463
1932.234587221038
1933.279812013252
1933.854610269183
1934.373258304789
1934.980833283080
1935.873542951238
1936.644606886086
1937.339921422732
1938.050942821010
1938.542764228257
1939.336213372934
1940.142824317265
1940.886669205524
1941.430257350935
1942.322715934563
1942.864381921195
1943.480961735322
1944.471874589166
1944.987800901933
1945.683719743737
1946.760159344472
1947.051211542180
1947.434642564865
1948.868725612924
1949.330137465944
1949.930678012376
1950.612420433445
1951.168818459190
1952.326472090360
1952.664760216787
1953.804862641249
1953.966985308817
1954.773350053055
1955.554115523416
1956.478098347235
1957.105936153291
1957.648006343157
1958.243243050947
1959.211645935236
1959.934510999664
1960.405699535864
1961.235129682446
1962.175677199108
1962.547829504376
1963.087952767508
1964.258894678363
1964.757658052828
1965.510820976558
1966.126130814025
1966.874490595162
1967.357302977466
1968.477535910340
1969.125863542922
1969.611193383414
1970.305840134733
1970.918513903780
1971.942848256402
1972.737728068442
1973.095353225184
1973.774614733243
1974.568865214793
1975.351438458754
1976.162679666995
1976.711719280724
1977.313225896693
1978.199799436197
1978.814077922229
1979.429063577273
1980.458883531157
1980.839983776556
1981.808812976639
1982.113378997333
1983.125184950599
1983.677065049783
1984.647550802882
1985.166890600227
1985.824975706075
1986.494773556483
1987.106850960922
1988.348470202749
1988.704021174085
1989.307047572432
1989.805220095795
1990.883781923789
1991.773852017454
1992.030007550916
1992.881774292667
1993.699453048770
1994.104154925446
1995.011673371605
1996.038013524252
1996.272312944434
1996.977947437598
1997.880371276973
1998.536770873691
1999.192218199276
1999.913829228607
2000.769848124544
2001.354290556231
2001.883978653308
2002.676754690992
2003.471419145242
2004.458701620455
2004.812504357835
2005.242015077811
2006.285446690079
2007.029396075234
2007.652149844558
2008.691379977105
2008.820676569326
2009.516928307950
2010.582501185473
2011.414866025884
2011.716827037435
2012.642921965255
2013.119245801586
2013.964545246952
2014.770349911307
2015.501689258863
2015.929529855423
2016.839362166889
2017.483244608541
2018.207037457758
2018.714357622042
2019.930709480068
2020.218859997452
2020.921189586450
2021.604241336052
2022.347442084672
2023.406908854902
2023.668354436043
2024.578757645604
2025.141364830231
2025.695860774269
2026.785196565938
2027.500134647011
2027.947575280010
2028.701134933257
2029.104562490935
2030.506645531215
2030.837625931613
2031.327539851484
2032.266642770795
2032.984927293909
2033.479776637966
2034.413747443794
2035.058503266689
2035.849603338687
2036.280571214578
2037.141754198534
2037.780239366442
2038.741829019328
2039.022365473890
2040.297243185027
2040.522017619118
2041.029701885281
2042.123442477440
2042.920730953851
2043.579288921265
2043.953673840873
2044.757184020491
2045.477400787329
2046.467577613772
2047.044405570076
2047.560918584309
2048.182180233154
2049.164260067093
2049.659727891114
2050.711731045680
2051.047425046635
2051.809640313862
2052.470858293972
2053.366811285465
2053.902745196880
2054.718594223801
2055.402364526299
2055.979798333834
2056.847146498637
2057.276923774826
2058.258546770802
2058.928373179413
2059.678050496020
2060.254744934274
2060.571958904633
2061.944916261665
2062.561036627735
2062.871564323483
2063.721379036387
2064.482341131372
2065.019067509047
2066.027108629521
2066.731651618074
2067.281076613060
2067.598427842602
2068.844344442001
2069.352148217991
2070.233048168541
2070.623090051956
2071.407788898657
2072.282688649609
2072.796193590396
2073.491122405771
2074.377940511809
2075.107732096889
2075.569703765972
2076.148316111667
2077.306178325562
2077.627039270310
2078.626143677202
2079.142599321656
2079.869392898869
2080.285497043603
2081.443378221654
2082.096713004103
2082.757091376547
2083.133361422241
2083.924163537559
2084.929065702348
2085.488171272374
2086.379853275190
2086.575534607725
2087.568361353942
2088.185740737156
2089.282783890767
2089.413740866495
2090.394605442599
2091.199393914793
2091.515572313141
2092.525537226031
2093.138702525775
2093.932689858451
2094.618962822386
2095.122203123651
2095.962716058835
2096.566620693494
2097.384988595050
2098.301417919366
2098.734866075933
2099.176039248595
2100.043816328062
2101.112789223416
2101.588659914969
2102.287418377236
2102.661171175977
2103.672366555769
2104.410574951628
2105.080000156507
2105.736838884789
2106.485376464080
2107.013378982184
2107.691522838723
2108.848087033022
2109.302260658958
2109.573814219777
2110.898112484311
2111.241595776353
2111.868503497259
2112.728772255261
2113.712614004123
2113.952131069093
2114.919767209593
2115.238803398564
2116.230194990531
2117.283925714844
2117.404474532508
2118.411277719451
2118.757077070670
2119.682686018751
2120.546273331313
2121.175497480811
2121.836467418923
2122.368710463433
2122.984341568711
2124.298185556962
2124.456412662827
2125.250806595068
2125.983274703412
2126.625310127090
2127.349356061011
2128.230246311611
2128.705608404061
2129.467701028544
2130.252711210243
2130.860185710749
2131.371383199730
2132.345046948632
2133.323371628533
2133.451388476532
2134.195394649333
2135.215649012156
2135.533658147160
2136.673756531609
2137.259938920549
2137.717310223530
2138.473418951880
2139.056535898064
2140.349958779714
2140.599188748166
2141.278356541995
2141.799589873735
2142.822727918853
2143.555681990093
2144.021714547024
2144.918045366575
2145.476281036898
2146.186865258510
2146.834430051200
2147.663752442062
2148.497667644645
2148.842608151602
2149.725697058933
2150.403227076293
2151.040760039421
2151.722540664016
2152.721950749227
2153.206464666083
2153.909010091141
2154.190992210380
2155.565093893400
2155.987415975553
2156.740359863345
2157.293486284134
2157.905638509004
2158.754356042043
2159.679852198229
2160.122252580988
2160.970550447521
2161.243285676092
2162.380319097165
2162.879557573836
2163.757682287380
2164.363616386802
2164.945196786839
2165.670737898220
2166.479229969247
2167.171338212232
2167.703880979087
2168.687063679131
2169.278501821599
2169.671412369919
2170.594673136196
2171.339086414902
2172.129505451784
2172.871589728679
2173.130407588154
2173.875534671926
2175.115487477360
2175.437197429041
2176.113859773926
2176.989036676195
2177.407511422534
2178.089124475991
2179.312250812359
2179.670867536419
2180.272400394228
2180.819847165310
2181.856006313618
2182.618108977597
2182.928204204504
2183.964559217683
2184.463129098816
2185.302954226820
2185.742850259085
2186.636226996220
2187.445494100210
2188.023264191000
2188.662762570621
2189.323442749475
2190.014565673177
2190.931234345731
2191.447934449281
2192.452698001181
2192.684170644644
2193.298916830369
2194.391382273652
2195.212754375256
2195.705328395919
2196.050643777003
2197.152297124973
2197.580585083299
2198.658498684825
2199.291763745594
2199.541313054277
2200.624417403251
2201.121324774283
2201.926607786446
2202.759287533350
2203.188294440207
2204.097102810208
2204.670238051493
2205.229405368128
2206.218480397569
2206.773269680630
2207.516460001667
2208.210223134321
2208.826972533834
2209.377004398369
2210.305488493966
2211.272713543721
2211.686308210910
2212.003898923822
2212.954811259489
2213.906835066588
2214.492874569184
2215.140532671111
2215.754536371601
2216.378549341934
2217.273707948989
2217.899164341715
2218.705192393326
2219.414186603507
2219.702683000303
2220.659482861802
2221.569852982355
2222.009160953768
2222.677333757277
2223.544292088186
2224.258920823060
2224.679883814514
2225.376502273924
2226.584659847339
2226.962183391748
2227.409411424477
2228.360418529889
2228.884469546883
2229.741454206059
2230.656428070510
2231.060714369289
2231.631927965951
2232.374652122770
2233.224913195252
2234.045676304395
2234.592226714184
2235.243631278670
2235.713695408112
2236.701382300671
2237.643821895188
2237.837628653976
2238.696000849286
2239.593467352129
2239.879576814569
2240.896049065891
2241.554104193209
2242.107997588208
2243.086121676592
2243.561777210574
2244.055704352344
2245.007135268978
2245.788409189172
2246.490943853767
2246.898018301872
2247.826839577117
2248.232873166778
2249.193474899232
2250.012779489427
2250.599362472595
2251.204805294883
2251.499781475289
2252.961821171151
2253.264268720250
2254.081029039847
2254.469085891306
2255.450314113606
2256.008095965292
2256.793668184668
2257.550224398010
2258.104966848620
2259.079558866602
2259.157527066663
2260.416270095591
2260.862713706647
2261.673829283131
2262.253145629367
2263.238985531425
2263.473437858101
2264.244013430588
2265.235378504609
2265.970685164485
2266.414563272989
2267.036034546684
2267.656880644858
2268.848618208194
2269.254448486338
2269.862981251975
2270.773534311303
2271.015425972864
2272.050815402219
2272.860264509728
2273.577374725518
2273.845175111026
2274.735537319015
2275.572022040029
2276.066296371329
2276.997775260256
2277.731125280178
2277.912632793364
2279.252784081244
2279.391330274724
2280.309323151815
2281.045613845510
2281.884048048231
2282.407304445267
2282.888872960261
2283.705621800154
2284.679995926989
2285.247352225705
2285.848539202218
2286.473401394862
2287.097256212892
2288.048215004242
2288.767352067881
2289.315084669672
2290.063432296292
2290.527601936607
2291.276441816406
2292.588750291904
2292.685554815293
2293.248849453174
2294.134234511910
2295.035693407435
2295.481301968436
2296.141072694081
2297.159991473024
2297.643275676906
2298.164168052363
2298.979899070282
2299.806368955702
2300.334409831885
2301.261437157187
2301.786558351890
2302.293350249742
2303.207283875734
2303.756380907701
2304.851701071675
2305.274175588108
2305.799735884568
2306.367628212768
2307.523423923748
2308.087650282036
2308.751883113950
2309.341581234617
2309.890273615860
2310.930936275749
2311.384821463906
2312.388444507990
2312.738588090117
2313.437267730638
2314.344110612868
2314.790864506464
2315.728047249700
2316.329514094199
2316.957619165197
2317.917582806478
2318.042110593710
2319.218213133867
2319.679916913279
2320.578275004343
2321.211167833861
2321.882627941633
2322.161167907790
2323.361591444557
2324.146479581037
2324.674563262149
2325.012571273335
2325.937105154414
2326.703886338480
2327.563764071080
2327.948569242237
2328.872181234919
2329.353726477952
2329.901646620433
2331.094832600003
2331.569665456650
2332.055603463076
2332.981604143710
2333.437749498908
2334.376653485253
2335.010979085593
2335.494646497556
2336.566990289931
2337.097757272741
2337.555499541653
2338.226843988869
2339.499077463791
2339.716375983410
2340.428315832416
2341.208862620269
2341.783456877229
2342.439022855388
2343.545639105071
2344.019180618315
2344.517092725312
2345.136625258795
2346.045245588221
2346.802120181736
2347.586043276565
2347.964062349289
2348.675353055600
2349.420268725377
2350.265672340324
2350.923665354926
2351.433662788484
2352.296296479109
2352.943727217869
2353.481510551872
2354.322443612592
2355.026709143121
2355.808924920896
2356.279069462355
2357.171556332003
2357.461620648934
2358.587153762141
2359.212506004018
2359.863903100146
2360.434544699451
2361.222166726421
2361.624199125071
2362.867316419078
2363.519311206967
2363.752603344984
2364.392720960014
2365.426001808742
2366.149739444268
2366.745498799174
2367.344955140443
2368.142434441106
2368.713128360132
2369.426209115990
2370.226948063194
2371.024673994484
2371.446103220039
2372.140125329176
2373.005037740117
2373.610769120355
2374.200038533863
2375.134539659195
2375.741541241852
2376.479519687820
2376.702394673258
2377.795973345716
2378.682057248407
2379.114767140623
2379.888601518587
2380.207186422515
2381.223918034714
2382.080127054604
2382.522482484140
2383.382115299812
2383.902424256545
2384.365302554792
2385.610485390186
2385.980700532194
2386.814867643700
2387.257766834092
2388.056721520190
2388.818710601199
2389.457485560730
2390.205638266548
2390.872543700087
2391.522339487882
2392.167739243714
2393.097383449637
2393.270262324423
2394.580810833984
2395.054778929617
2395.577395558861
2396.123013553989
2397.129467394233
2397.870784436945
2398.380179056662
2399.311085120707
2399.590968915083
2400.321284408306
2401.306291802976
2402.015586209245
2402.616096336018
2403.100144967849
2403.800613505882
2404.636001927443
2405.588519589046
2406.001651200349
2406.383312639796
2407.688137269897
2407.969602865550
2408.506436840804
2409.758268931677
2410.005154260396
2410.928013298895
2411.343899819340
2412.170927352870
2412.964937626625
2413.475930406596
2414.443287586068
2415.001156456196
2415.517010434545
2416.075792207734
2417.272580292656
2417.748563701195
2418.458936364485
2418.960487290567
2419.547794484226
2420.586786602215
2421.359365853236
2421.681490794071
2422.627138267873
2422.980697681248
2423.970100183703
2424.534911940844
2425.549813846612
2425.745689582279
2426.662605805215
2427.302952786060
2428.003423434230
2428.691769092532
2429.505873545032
2430.068980758822
2430.749490722918
2431.546780784640
2431.891750090368
2432.961405744714
2433.603788733044
2434.458316918902
2434.602747237780
2435.424906962356
2436.314217730397
2437.303325696869
2437.614561010720
2438.072012744022
2439.092614121994
2439.663206283439
2440.353382506166
2441.439884183753
2441.631153151067
2442.323182855187
2443.016501777595
2444.085208984197
2444.492727890721
2445.155797175610
2445.851953869841
2446.796762717252
2447.036032643679
2448.007777114509
2448.569058920121
2449.559561750930
2450.088819016279
2450.440981244592
2451.357520899178
2452.126358034479
2452.949639141102
2453.401934602248
2454.099855516732
2454.956234084558
2455.133336644903
2456.566685577469
2456.916837450477
2457.600620026254
2457.966866355945
2458.979203734016
2459.754096243008
2460.360959970604
2461.007270224147
2461.767588317548
2462.124919258507
2463.275356954256
2463.724475377910
2464.375525394164
2465.224595352637
2465.905241029328
2466.328221748768
2467.121377748450
2468.121878133945
2468.392414082971
2469.466093079744
2469.857174666055
2470.432149338219
2471.350710207909
2472.031271329884
2472.868812563157
2473.364004800484
2473.941971631210
2474.496516755692
2475.695261036849
2476.223466799622
2476.820229775640
2477.248282691305
2478.164106019974
2478.982662704288
2479.508340852225
2480.252584891232
2481.076356348876
2481.428867631246
2482.195884152975
2483.072500606791
2483.791031309411
2484.246882307406
2485.006843681274
2485.832069227190
2486.376701428228
2486.884827023303
2487.945632615896
2488.689373013061
2488.985704173711
2489.840307438380
2490.244583903022
2491.637866304245
2491.773516031572
2492.554297388051
2493.361051307116
2493.671634374870
2494.677383194385
2495.542546707718
2496.026337597022
2496.584350127290
2497.416167113173
2497.839720400406
2499.087756550753
2499.389429998514
2500.021650482269
2500.802215651800
2501.561832929000
2502.074541333267
2502.888971414373
2503.665607175177
2504.166731137428
2505.011959489761
2505.565869213017
2506.124007710877
2507.016397410999
2508.051742667772
2508.190493588349
2508.875494753942
2509.632348874760
2510.571174500025
2510.988550667223
2511.997089676860
2513.800190654733
2514.679186105101
2515.429231996766
2515.745622130123
2516.392323946792
2517.303549717595
2518.028639398227
2518.580845020177
2519.417558719309
2519.883423350121
2520.861192605714
2521.193329035631
2521.956941608020
2522.942256784631
2523.517686814829
2523.898530429342
2524.908052265185
2525.434059022413
2526.013246878981
2526.941987333668
2527.857005273887
2528.130652291783
2528.574941034601
2529.584402892969
2530.468855394203
2531.002530635048
2531.708500936667
2532.117852884511
2532.943970315542
2533.767060489680
2534.522051604821
2535.034453349695
2535.730055869531
2536.356052246800
2537.056369380268
2537.965467484349
2538.449271734305
2539.167816050319
2539.908161178367
2540.439656729859
2541.221935957955
2541.952079988132
2542.538685322377
2543.469975203380
2543.916525085791
2544.562983685395
2545.159525872628
2546.174371072346
2546.848793797905
2547.398365895481
2547.949552253531
2548.529139853744
2549.650186589462
2550.214536160023
2550.731417688612
2551.565725666234
2552.014311686443
2552.791817590102
2553.617751099158
2554.451388190143
2554.881827137087
2555.330907292042
2556.338272600114
2557.026250592610
2557.790549484154
2558.047655382587
2559.260585520717
2559.865758479307
2559.961962374583
2561.142478261707
2561.797598478993
2562.486618250084
2563.254687241579
2563.585332383027
2564.439210951155
2565.138658459674
2566.040698417455
2566.551862320944
2567.188396790329
2567.899479009197
2568.282066050019
2569.580412399957
2570.202404838908
2570.374669788863
2571.147943685818
2572.163987519159
2572.552203591366
2573.536906012617
2574.068978801178
2574.657006664961
2575.377847407954
2576.113300439827
2576.832358494789
2577.392818795719
2578.343512050938
2578.738681821378
2579.585292364496
2579.980982092919
2581.007782695516
2581.634788487747
2582.227205249223
2583.030271543045
2583.604635395317
2583.976834755314
2585.271087197385
2585.756396590660
2586.324301249246
2586.994158952232
2587.438488476681
2588.640926987593
2589.173040730382
2589.727231656572
2590.391923991117
2591.059972291361
2591.888636995582
2592.407528453662
2593.340815552588
2593.936887483771
2594.402119260767
2595.117308068874
2596.117633427842
2596.537782052618
2597.172898776589
2598.181982695066
2598.553308144922
2599.390194583946
2599.737017425844
2600.790099984124
2601.668428683214
2602.062224036577
2602.420810008584
2603.485967486494
2604.055244990055
2604.897967497182
2605.653624556935
2606.021933590962
2606.724327407849
2607.396183161686
2608.474311326699
2608.861698188234
2609.582197971276
2610.165609665893
2610.788070720013
2611.800919143870
2612.256644316847
2613.050810636150
2613.538154709381
2614.455356944703
2614.974416208889
2615.575614890519
2616.539480225945
2617.062011881369
2617.799532683536
2618.527331403704
2618.822484167834
2619.851440436778
2620.617689669957
2621.265006929620
2621.787410460715
2622.368958607358
2623.199818311415
2623.936659840440
2624.650091143679
2625.481613892992
2625.853726860908
2626.193760007692
2627.676620727560
2627.993188419528
2628.613021484265
2629.225717338923
2630.196244833211
2630.538600185271
2631.426674312911
2632.152736799371
2632.747788226792
2633.474064637607
2634.097231721801
2634.657647978626
2635.580992036241
2636.275923605543
2636.717648518618
2637.696093259149
2638.191446984536
2638.630679347163
2639.614923027284
2640.540499073049
2641.028478504601
2641.362560255860
2642.130312111633
2643.123403669862
2643.753206180443
2644.390559553061
2644.983489054493
2645.642435563922
2646.256277308265
2647.234143300292
2647.800479601458
2648.503404029986
2648.909585430680
2649.959852443331
2650.271656940121
2651.371811724464
2651.734493812199
2652.577935244236
2653.173182870940
2653.890156241499
2654.497470100053
2655.183003904278
2656.119643744503
2656.628442081114
2657.296920810159
2657.786726924989
2658.532106829879
2659.731336045314
2659.941391330587
2660.632025397907
2661.244421457022
2662.064663618077
2662.683017540074
2663.726358237150
2664.008747113818
2664.686342202001
2665.416026028286
2666.024651063554
2667.056013817350
2667.705232194988
2667.858606925238
2668.861442801936
2669.603931390250
2670.380512193969
2670.598491515839
2671.823922369038
2672.288876294426
2673.015619413440
2673.285852007789
2674.553017992691
2674.902166259276
2675.718195871337
2676.484795000962
2676.936833439061
2677.500550984271
2678.495009145182
2679.143615001240
2679.989706199477
2680.299710328011
2680.860002167788
2681.823481996235
2682.639580046381
2683.328893169568
2683.651679581022
2684.421814076131
2685.241436209903
2685.887574016473
2686.553231397763
2687.357685316742
2687.893612372261
2688.472330420980
2689.311488669246
2690.073715955531
2690.432261241778
2691.630097837976
2691.942535440566
2692.483847967891
2693.446048059268
2693.914912484066
2694.886329545743
2695.393639145880
2696.259735714668
2696.553181089500
2697.176205311861
2698.486545235386
2698.897685861131
2699.308841434149
2700.152746709641
2700.664211360609
2701.631368774714
2702.403674142179
2702.697755205250
2703.704181179040
2704.104302019185
2704.811684225485
2705.686002960689
2706.440091642862
2706.892693852093
2707.503550671160
2708.510165793004
2708.816119250427
2709.805747236024
2710.176693741260
2711.284603379270
2711.804287876409
2712.157321788831
2712.898775162078
2713.995264537148
2714.523843985318
2715.042789798110
2715.802397608407
2716.311379739971
2717.152402939172
2717.918919941336
2718.678623775339
2719.200686862113
2719.636426066944
2720.451181406531
2721.480856345083
2721.896169983535
2722.605054042542
2723.142997945355
2723.983915357800
2724.548755003161
2725.416637632364
2726.005240851440
2726.562528338690
2727.514549147630
2727.924908482502
2728.574480322994
2729.381883077341
2730.358256421817
2730.588362874035
2731.383567355286
2732.138939098093
2732.522233943881
2733.729980038151
2734.147231117048
2734.822481999807
2735.387451200832
2736.056629238441
2736.839940799145
2737.722795771982
2738.391007885508
2738.728966234271
2739.243303509356
2740.562885171772
2740.881900056535
2741.539791516901
2742.310152741359
2742.951600032571
2743.686245730185
2744.103289681025
2745.173381453306
2745.769997608001
2746.207403760031
2747.053266878687
2747.758212853429
2748.234384352833
2749.135192610402
2749.787745467518
2750.567574251736
2751.052067797033
2751.556826285273
2752.402016229625
2753.461446764592
2753.895614607544
2754.311472006931
2755.008413038537
2755.922197453050
2756.554106231172
2757.308647754471
2757.903578934793
2758.592373848202
2758.968699986379
2760.041493830487
2760.743794901769
2761.208123218424
2761.930496390795
2762.681947294629
2763.170065775887
2764.120613878634
2764.606114938530
2765.361244086462
2766.119244350428
2766.724988994048
2767.182283360977
2768.130504181541
2768.659514293789
2769.737063135915
2770.110871939269
2770.460927827206
2771.368402971048
2772.334606061357
2772.780986022389
2773.701202224749
2773.912746611483
2774.855127172060
2775.354912480301
2776.371923492998
2777.056856801064
2777.439485527413
2778.087153454174
2778.848370703741
2779.717907850655
2780.343775418111
2780.852938087571
2781.566399839769
2782.402963372490
2783.009123714603
2783.386156014717
2784.545863119265
2785.020321838313
2785.794625796194
2786.125029810494
2787.023544278622
2787.796938756413
2788.359134997679
2789.153963135712
2789.987778994940
2790.164689205816
2790.822598860441
2792.212861167571
2792.462412635608
2792.981355244026
2793.979003784458
2794.137224209279
2795.297708926405
2795.964815193808
2796.667986120263
2796.900206446850
2798.144377520651
2798.279606970605
2799.297283429972
2799.975318863017
2800.617159337867
2801.227266186746
2801.883693856300
2802.679680455138
2803.197783849641
2803.996800264203
2804.846590638864
2805.270602858274
2805.872595510186
2806.694114897197
2807.252329252328
2808.269631650807
2808.757773499173
2809.446005157956
2809.721208893698
2810.731233695682
2811.717799328092
2812.195250076759
2812.516574063203
2813.469553902299
2814.106531798281
2814.734255320639
2815.670325414945
2816.161912740483
2816.851134110408
2817.306556779657
2818.243132850705
2818.967646571699
2819.515244698267
2820.214035051338
2820.868363752389
2821.670773765983
2822.210566743612
2822.690884860211
2823.908442237537
2824.326780779915
2824.867105534994
2825.510477535073
2826.202373147521
2827.257850952255
2827.574350490590
2828.440483883443
2828.978493293196
2829.479110598900
2830.402445702527
2831.124434073262
2832.005562079039
2832.290347970187
2832.745410698900
2833.900577262546
2834.438437316175
2835.230262106438
2835.640321166004
2836.574984454331
2836.989956283452
2837.792359052175
2838.603233748259
2839.070337645823
2839.895482352833
2840.594765495550
2841.165443369339
2841.613975884045
2842.766000969122
2843.181560499730
2843.999562080056
2844.507027750498
2845.169405914449
2845.797967827455
2846.719239179970
2847.465686408692
2847.895973851883
2848.614374454558
2848.993982052982
2850.197007484835
2850.744780166237
2851.337004700714
2852.014012479752
2852.409560660658
2853.575030003830
2854.052498162705
2854.570533235462
2855.512703620167
2856.245992940037
2856.414293750645
2857.374339031868
2858.437174578429
2858.542720587143
2859.408588012291
2860.209379012149
2860.914852978858
2861.133788502157
2862.183712390780
2863.102938593611
2863.421333876877
2864.206339900149
2864.564160325679
2865.515143965676
2866.491565632699
2866.866852360421
2867.450035074812
2868.127135033606
2868.906788377176
2869.511767121952
2870.464587878358
2871.033752356517
2871.347899078112
2872.275962836771
2872.901032763368
2873.738517006366
2874.473593894159
2874.711508299929
2875.790693947707
2876.354156776861
2876.776355681121
2877.965807385187
2878.141183127866
2879.192963211727
2879.728610513132
2880.230046449598
2880.928705325366
2881.829662851645
2882.653664803161
2882.994043432337
2883.655805969361
2884.284908425624
2885.167541045732
2885.941420035582
2886.399822317567
2887.355982257624
2887.501929686314
2888.354070188629
2889.323041670828
2889.969661546727
2890.590101016885
2890.840671499416
2891.961293001676
2892.578755481094
2893.151400497798
2893.863067390090
2894.694453154733
2895.160415987671
2895.889897459415
2896.468326842157
2897.270761496193
2898.094441862050
2898.717345086912
2898.997039384213
2900.129978993994
2900.445207270872
2901.260332230364
2902.236552444434
2902.844429306222
2903.008440543380
2903.776121604044
2904.849089885957
2905.604903471235
2905.890165458278
2906.607196027822
2907.411760996288
2907.868896888162
2908.975854135521
2909.337440759533
2910.121558030528
2910.616130561244
2911.475876095797
2912.007424653101
2912.837671266023
2913.476903097100
2914.143789572424
2914.749567278613
2915.437436733397
2916.152774706652
2916.701674836862
2917.671804069986
2918.211653035665
2918.876265197813
2919.228556841686
2920.233167984256
2920.892853071586
2921.762794154097
2922.255397129880
2922.592623326061
2923.442048092322
2924.429837081997
2925.174467639398
2925.250407273106
2926.444320755735
2926.773563678759
2927.445016367692
2928.461072261709
2929.073546580549
2929.519109313956
2930.221307737553
2930.937913238573
2931.735392045357
2932.339523685248
2932.854903216285
2933.830813717127
2934.430802233478
2934.861462476528
2935.498697420991
2936.541696997181
2937.171571146827
2937.644571085482
2938.371438358931
2938.894420543501
2939.743746804991
2940.506897332720
2941.162267149239
2941.787121394982
2942.343739139204
2942.840059192608
2943.984030467986
2944.575531729608
2945.120652313261
2945.658523674533
2946.333451661184
2947.422758067844
2947.625055491655
2948.555004305919
2949.241473810150
2949.697079743168
2950.602324470163
2951.038931015119
2951.916987309065
2952.584158152727
2953.184800744753
2953.984513667178
2954.448938183530
2954.994755268977
2956.301218105971
2956.395893843465
2957.270953613048
2957.927572969140
2958.504444060602
2959.041074616171
2960.332139704067
2960.655986562349
2961.131850577334
2961.787635179459
2962.607865267139
2963.427934116810
2964.050254564678
2964.688418007043
2965.112652708028
2966.164163282816
2966.477039784499
2967.485418375990
2967.924238152932
2968.871586190016
2969.290259792924
2969.811800239935
2970.904066953115
2971.362469401076
2971.901620251990
2972.932743779991
2973.408108521033
2974.048839941761
2974.402479496942
2975.722228682178
2976.117652938567
2976.893195236064
2977.154180689588
2978.019867742154
2978.892101191283
2979.443007662423
2980.309689429177
2980.800542080865
2981.178070821534
2982.243942215622
2982.754462779057
2983.667857054341
2984.256590233533
2984.598811956464
2985.439896522733
2986.382026283081
2986.702602160189
2987.630457850249
2988.111073912250
2989.020094697698
2989.409162324545
2990.137177156655
2990.924461200139
2991.576520349973
2992.395756883663
2992.891656047721
2993.362581832866
2994.180870094816
2995.067489140651
2995.727153225925
2996.203846679458
2996.937082331707
2997.378987859584
2998.404731608751
2998.956512915533
2999.933537598131
3000.076485235391
3000.916283193709
3001.424674598351
3002.665659860190
3003.100588900488
3003.343330429100
3004.378785937482
3005.130293347505
3005.500236963338
3006.376035150575
3007.031461262104
3007.857261627169
3008.276265828545
3008.953336149008
3009.656268571863
3010.455434191018
3011.048353406976
3011.847657130913
3012.342026600733
3013.055527649230
3013.524466130077
3014.501114188127
3015.389197873707
3015.695754717330
3016.301388673683
3016.837985360123
3018.007950228179
3018.620591144864
3018.914765280944
3019.845184088877
3020.466738194999
3020.924963918289
3021.911209025994
3022.686539681468
3023.007133583440
3023.712993791356
3024.723822741274
3024.902940219412
3025.873224339026
3026.605284628791
3027.124202881639
3027.931854158332
3028.400086724503
3029.286771923899
3029.608991024767
3030.791767762992
3031.378662714822
3031.647061734554
3032.513001013705
3033.042501133240
3034.104955815847
3034.662816617357
3035.269006766766
3035.690001745065
3036.511884964545
3037.330505497217
3037.953184389565
3038.716244562635
3039.167649328099
3039.922298800495
3040.430305170772
3041.408526311972
3042.065785036079
3042.646868361909
3043.024481999850
3044.245052702240
3044.516895876441
3045.150906039475
3046.022697177320
3046.821840511316
3047.352427359967
3047.818991964022
3048.530918242658
3049.417527719118
3050.157911112935
3050.626958928823
3051.330576547322
3052.021887423922
3052.446037052721
3053.494790285190
3054.235390113639
3054.633986876152
3055.429349284490
3055.644511312368
3057.027139786212
3057.328686922306
3058.103415469729
3058.671502248653
3059.307416667994
3060.038016512971
3060.958440443892
3061.173970836280
3062.211379160166
3062.892015953098
3063.144471146980
3064.175389521714
3064.711846534766
3065.417669361801
3066.199020909346
3066.898351330174
3067.293443777974
3067.948493521277
3068.880222668910
3069.526061273170
3070.163603795868
3070.943360564686
3071.224828707839
3071.959838797819
3072.988319049741
3073.717069855300
3074.157543001162
3074.467298689294
3075.582102099640
3076.157924244193
3076.866469931814
3077.562781041266
3078.160172902468
3078.794933210233
3079.440612456645
3080.175937267800
3080.976754131551
3081.538447114342
3082.085935464776
3083.060441587905
3083.283420553056
3084.360719594436
3084.713438679565
3085.612956680670
3086.539377411009
3086.817389487675
3087.079728309746
3088.401019575703
3089.225843906986
3089.365167216373
3090.181615664748
3090.963633631826
3091.350665322855
3092.349346706353
3093.115939058233
3093.544338786779
3094.193795926072
3094.767050532200
3095.609749898337
3096.524744032368
3096.808985573075
3097.663146558100
3098.109485944836
3099.089881778071
3099.504789105706
3100.306012395623
3100.994847559065
3101.664553213079
3102.306837299544
3102.931783976082
3103.440507056534
3104.524619206059
3104.933838838238
3105.875986644730
3106.079534728212
3106.861369261331
3107.651906673826
3108.490016964834
3109.041369834996
3109.696456957162
3110.139949948395
3110.952207077209
3111.661751778296
3112.650587209317
3113.004217191048
3113.461960281098
3114.256527240093
3115.124604800990
3115.751968771488
3116.405131053700
3116.849189188657
3118.004413015445
3118.171843276374
3118.892164681042
3119.784839455355
3120.485799956545
3121.134603501307
3121.483574135703
3122.525467724178
3122.973135158599
3123.568280322680
3124.725819249850
3125.040166894717
3125.636188486023
3126.269773329353
3126.959627156446
3127.978900139724
3128.602271003051
3128.915804348946
3129.564153210879
3130.374273662762
3131.331342416241
3131.628075980087
3132.509195770926
3133.088888939764
3133.678091474850
3134.283975369542
3135.319077489302
3135.882899507080
3136.183263927857
3137.283755352078
3137.685134573989
3138.375576562954
3139.126503664608
3139.811116384614
3140.577966227804
3141.032575905399
3141.903049695597
3142.176633539912
3143.188426975800
3143.914285807852
3144.714884355604
3144.954258653047
3145.512440963371
3146.613978990184
3147.209381680638
3147.836291231776
3148.582273334102
3148.996845162425
3149.653686449527
3150.649009705190
3151.144557317515
3151.941668502348
3152.453169498266
3153.008900100812
3153.763576035068
3154.852570355028
3154.965938930234
3155.743324297342
3156.630225187309
3157.169160962910
3157.833242824303
3158.255053571020
3159.508157966808
3159.807305495240
3160.523394404488
3161.020848485854
3161.849050943174
3162.471485471392
3163.457310038493
3163.705763146755
3164.683277847404
3165.085931063139
3165.535633939689
3166.932706080140
3167.217603800251
3167.804321171445
3168.387944276285
3169.156995877736
3169.905968620468
3170.676278622457
3171.208912848717
3171.777626404682
3172.606798832227
3173.135154932540
3173.850178371258
3174.654131425631
3175.182556782641
3175.969252229392
3176.487571432074
3177.169150179785
3177.845986907816
3178.622360376994
3179.251920409331
3180.063928701041
3180.453637539274
3181.018321794712
3181.931554077848
3182.735089581215
3183.288193842323
3183.899952229749
3184.484016475883
3184.980332949887
3186.231642992706
3186.626334374766
3187.208775397587
3187.724660945429
3188.605928831589
3189.427332098572
3189.638777397340
3190.886655835398
3191.315739401142
3191.587624648564
3192.685990054796
3193.222573745618
3193.970697120373
3194.572812519070
3195.245792905435
3196.106798338340
3196.394440995566
3197.231404597176
3197.834145088033
3198.869696488437
3199.372405800161
3199.742702875074
3200.371754200715
3201.363046951050
3202.151232884364
3202.482500939447
3203.379212964478
3203.803420065869
3204.509834053279
3205.217656276143
3206.253896640286
3206.665894879224
3207.021124455418
3207.862167197646
3208.669877800469
3209.374632290524
3209.877730509044
3210.683932772208
3211.211790930571
3211.953892939757
3212.578117833194
3213.261239182526
3213.954852574454
3214.754279302122
3215.286135700180
3215.833087791542
3216.517944486362
3217.310745179421
3218.149684966648
3218.570579194815
3219.407697145852
3219.656040539724
3220.610387789520
3221.390393285963
3222.066032087331
3222.647039727304
3223.287623905111
3223.633054154219
3224.759287025564
3225.580764889733
3225.783310410395
3226.609255328653
3227.176777994331
3228.020049918652
3228.624402039586
3229.364828223435
3229.831298816459
3230.885263408537
3231.213591687329
3231.680696246797
3232.815703908961
3233.360306410254
3233.837045803001
3234.755557602911
3235.264704899981
3235.892321519101
3236.455271319248
3237.483700063066
3238.226977295552
3238.558466112452
3238.937585154609
3240.047968528630
3240.621517269116
3241.668075843678
3241.768444769080
3242.477672141691
3243.355126730498
3243.811737957007
3244.969783331877
3245.100707654071
3246.086733995392
3246.507554726899
3247.180204773192
3248.040553799378
3248.760093697442
3249.197347962408
3249.923340169760
3250.753465114250
3251.325638429608
3251.663478966515
3252.828467406332
3253.383348572796
3253.849097471365
3254.800905454003
3255.108960581380
3255.741151076352
3257.064001903304
3257.233480433310
3257.892733508178
3258.511241849895
3259.189685424731
3260.083140349765
3260.658227713451
3261.383019759161
3261.941880066822
3262.469956005279
3263.177504044768
3264.241525861106
3264.560474712065
3265.342786772964
3265.781137718101
3266.651798582976
3267.321323069190
3267.998694193639
3268.470238005633
3269.480214022827
3269.998445412542
3270.470101438405
3271.167810153779
3271.992026145742
3272.821236786311
3273.281334842638
3273.796166131964
3274.681908514030
3275.145765644276
3275.916924449302
3276.884266202600
3277.322144987658
3277.827542494628
3278.340757712472
3279.367645357012
3280.207702422823
3280.558085849379
3281.182730799256
3281.822747555981
3282.705892959181
3283.204425444978
3284.003835556668
3284.680704576977
3285.212106482887
3285.856552280935
3286.627123278828
3287.260530797105
3287.901576830702
3288.724098553202
3289.267687465349
3289.843646017182
3290.555056251116
3291.219249839094
3291.963154554953
3292.753728542481
3293.283123268431
3293.836667496621
3294.298484855618
3295.587451123758
3295.841231273537
3296.687868372505
3297.316351874387
3297.553971166064
3298.632424419457
3299.477624862598
3299.883922668062
3300.490489024726
3301.231399946679
3301.969907676472
3302.379048451934
3303.391475482985
3304.071169427433
3304.419803360202
3305.126444709534
3305.996953128521
3306.580585952445
3307.142683725347
3307.877178175495
3308.844577422357
3309.166190787127
3309.668213360711
3310.448864136121
3311.602296458610
3311.726074529174
3312.688665168411
3313.110180671280
3313.629016639071
3314.817511464750
3315.123743649728
3315.983072588729
3316.564111172081
3317.174513290904
3317.576571514425
3318.794116220062
3319.306541416719
3319.921169375835
3320.231248598300
3321.386214567945
3321.744109826412
3322.578756647253
3323.189822179574
3323.923963282539
3324.487122837073
3325.208886149262
3325.739597955331
3326.542177234653
3327.206596692935
3328.021271787379
3328.452656007285
3329.062639051126
3329.786625957382
3330.475742884225
3331.503636542579
3331.753154160672
3332.359619231176
3333.317581921707
3333.485978686576
3334.750237263899
3335.287839520545
3335.822104638368
3336.259450752989
3337.098328464454
3337.917863354694
3338.615829138455
3339.121025512957
3339.698354018905
3340.540936646325
3341.167100189022
3341.640889002307
3342.665359004298
3343.099047611373
3343.831308796322
3344.437936329488
3345.014623930856
3345.839345034005
3346.557777286599
3346.994007740237
3348.082979912574
3348.368217069202
3348.860608985665
3349.700733076769
3350.786441484501
3351.242463893601
3351.569391418869
3352.223749615799
3353.224502215802
3353.767655429532
3354.472917453211
3355.247854952298
3355.688109712622
3356.188114293163
3357.205461476678
3357.792310307353
3358.461591374311
3359.099659018163
3359.702849413597
3360.275406783047
3361.221137379684
3361.753074169836
3362.261475725254
3363.245119178085
3363.779283922544
3364.229261225696
3364.997190287039
3365.726219363691
3366.560972573420
3367.149882819161
3367.519956839329
3368.543119221612
3368.668524285695
3370.015269229105
3370.514144866848
3370.841893041665
3371.704760077820
3372.202299468736
3373.109564669344
3373.730698701524
3374.483959652907
3375.069037483142
3375.428436077408
3376.266698336858
3377.294404716196
3377.686958646333
3378.134392339127
3379.148792677679
3379.580460660592
3380.398178499405
3380.823673229853
3381.755065885032
3382.407177002729
3382.996817515232
3383.693487413311
3383.992880945064
3385.292694609281
3385.493483730512
3386.368002664771
3387.030153503280
3387.629935217445
3388.008421646815
3389.018537828196
3389.944129418976
3390.240201056279
3390.856753461944
3391.388759258412
3392.313766865205
3393.223255642432
3393.520673072185
3394.151102139096
3395.007368741130
3395.536448082029
3396.138620063882
3397.123536511836
3397.554293084335
3398.240947345289
3398.828492081918
3399.669219421206
3400.115743122520
3400.901462700725
3401.660212130789
3402.292742235183
3402.824732869391
3403.532399115854
3404.057562036699
3404.986079888823
3405.663348558690
3406.269871139075
3406.931752318417
3407.106188201659
3408.390348209711
3408.912972146999
3409.741674519102
3409.949089789582
3410.825282446874
3411.393231649868
3412.322548404700
3412.845628594848
3413.611069513595
3414.022712092622
3414.825059731041
3415.440721317420
3416.136645682580
3417.029261892242
3417.466780669560
3417.892373318994
3419.074048556629
3419.478973439754
3419.795458321546
3420.933899428778
3421.760868437900
3422.002067975177
3422.576775345623
3423.375138970264
3424.215142865083
3424.869401702538
3425.458128353164
3426.087055972609
3426.647445620397
3427.295487059903
3428.244320150726
3428.828941304562
3429.508699159203
3429.938081598373
3430.531378321326
3431.494336757085
3432.273318707283
3432.689989628538
3433.219120861861
3434.144821296150
3434.712402369077
3435.252799336670
3436.171374872226
3436.634008620704
3437.510913572009
3437.969541770676
3438.525741566858
3439.531387036869
3439.803143391503
3440.955430660102
3441.271240303521
3442.162336624738
3442.248067884391
3443.535600869815
3443.863426786093
3444.934567205982
3445.282190897852
3445.800653331911
3446.489600058012
3447.391520470520
3448.116238806470
3448.780763639414
3449.068728836081
3449.794710084305
3450.768975578256
3451.267883177425
3451.935486349868
3452.612323484762
3453.291443706962
3453.960919158219
3454.343983528966
3455.536406055532
3455.764619303766
3456.649785409303
3457.184752632392
3457.944973443057
3458.463713623884
3459.143480220361
3460.018839798724
3460.588710900325
3461.354550304791
3461.754308651734
3462.166089944723
3463.569732400446
3463.991534471445
3464.329240711475
3465.121042396976
3465.832299041875
3466.432819883215
3467.230609408985
3467.965452523125
3468.585250123468
3468.911410826972
3469.749157688010
3470.540330927979
3471.342842624135
3471.645339173037
3472.445818235499
3473.250035878915
3473.613129045943
3474.484654335507
3475.144348201068
3475.700507292804
3476.652333176088
3477.072378953698
3477.552514122247
3478.341755187826
3479.237586975388
3479.872452349967
3480.332110394086
3481.059165732066
3481.588535933344
3482.295648788711
3483.341876265928
3483.881491128075
3484.055192635667
3485.163130302077
3485.472619900839
3486.400074290573
3487.239481623650
3487.692128790210
3488.259461314962
3488.796389468906
3489.847942473496
3490.408356958924
3490.826283458376
3491.714957115720
3492.403163901438
3492.925567790857
3493.532514669790
3494.232887811179
3495.153002266736
3495.669839771716
3496.190087747796
3496.897835855439
3497.605406782699
3498.162240447036
3499.062602469077
3499.707609304756
3500.290289021753
3500.704210870087
3501.390949533416
3502.476904387542
3503.025481402493
3503.576747083250
3503.986207165957
3504.805895387216
3505.733370769738
3506.108649482177
3506.932941937581
3507.620793967289
3507.997291200956
3508.919104326536
3509.372203797734
3510.343851278282
3510.858753737484
3511.353771164469
3512.278166936170
3512.749139844019
3513.389902186274
3514.113064532181
3514.937978736346
3515.554772967556
3516.029796048946
3516.653810973453
3517.380447029774
3518.184722239942
3518.918154647590
3519.517279123571
3519.925964470636
3520.470144378734
3521.659774655743
3522.194697086575
3522.555299731846
3523.550987030820
3523.931236523548
3524.507394386265
3525.613563932605
3526.023171735216
3526.661483533503
3527.467294423855
3527.776792268898
3528.771215354454
3529.315579754882
3530.113351975293
3530.503245472319
3531.450282173414
3532.015465452041
3532.540526055408
3533.093284556002
3534.204760828286
3534.832851852544
3535.121755069725
3535.758309727113
3536.607376950731
3537.368743061484
3537.856720019227
3538.811267379888
3539.235573310463
3539.683759187827
3540.434349391106
3541.443161760242
3542.020829365999
3542.559047026324
3542.952690835848
3543.963014454985
3544.423702233268
3545.389658235309
3545.863562558645
3546.321546374365
3547.410161222895
3547.703373401077
3548.353431685900
3549.224930493933
3550.043430479289
3550.254121491616
3551.273030391032
3551.734378332492
3552.260008122908
3553.246607522415
3553.818318528935
3554.538409669914
3555.095970980296
3555.525438091675
3556.386457826260
3557.177678915135
3557.955617752721
3558.324885684271
3558.967492372701
3559.526007017583
3560.469489698889
3561.215561778065
3561.791957888780
3562.108734060568
3563.045715549343
3563.683898791134
3564.338217678806
3564.961774136381
3565.811736182835
3566.325115731835
3566.821665219784
3567.624167849929
3568.374981034688
3568.961159557191
3569.547338836132
3570.539775148522
3570.763703892081
3571.611655125992
3572.014050036829
3573.128703253340
3573.813274776734
3574.100488376474
3574.779553635000
3575.381624090842
3576.401817605337
3576.957384097647
3577.611766613259
3578.019313038143
3578.913808666988
3579.391083579025
3580.150380255480
3581.232705378463
3581.353254133152
3582.012669352642
3582.668865411019
3583.775010215708
3584.021501996510
3584.682958494926
3585.638678178787
3586.071051787486
3586.690288055694
3587.407645105150
3588.099187181997
3588.743503078131
3589.551249001086
3590.290276190522
3590.351050977054
3591.335407321887
3592.102977613381
3592.949002715447
3593.263556104509
3594.059543493752
3594.563513580476
3595.188833245612
3596.303169396067
3596.619564719041
3597.528760980543
3597.674124515772
3598.633023287008
3599.231305464477
3600.242823555776
3600.622158384921
3601.105857065334
3601.950305232582
3602.599610966328
3603.307060696029
3603.885700754782
3604.507506700602
3605.550539712645
3605.840665115189
3606.223010286728
3607.401962472491
3607.817072551304
3608.658448313388
3609.102243472153
3610.059729714529
3610.286592997105
3610.999847532836
3612.069687543011
3612.517157139766
3613.328933696972
3613.614376497433
3614.153884388104
3615.503274170207
3615.745151339520
3616.423034622261
3617.079698373163
3617.690034134412
3618.366719864611
3619.176186885971
3619.709956289698
3620.638713802863
3620.835978924650
3621.667871859680
3622.434543642139
3622.949036357676
3623.909254345122
3624.186516193825
3625.057734487253
3625.785941727363
3626.179340087977
3626.811431314754
3627.952013264333
3628.308503078541
3628.903801304967
3629.615252114720
3630.108871647819
3630.917787375521
3631.975212024534
3632.164400458773
3632.866439778971
3633.369819412554
3634.263653735065
3634.990147577111
3635.655214835890
3636.123562556270
3636.958294983263
3637.363253340388
3638.085920445210
3639.090745660823
3639.643608452120
3639.865480410380
3640.910025597409
3641.476754500533
3642.105681195616
3642.756358832126
3643.478954090911
3644.238061953038
3644.760272701100
3645.475203792751
3645.771234793084
3646.907677075850
3647.540013835819
3648.212120810238
3648.427449276850
3649.413204242937
3650.021016384288
3650.611894837046
3651.578643399509
3652.241564344487
3652.435302975332
3653.014401725595
3654.244179594526
3654.749213590942
3655.215515380460
3656.146919417549
3656.294761922147
3657.514039382849
3657.768982941936
3658.660806462370
3659.313060192967
3659.889541399216
3660.580569984562
3661.194235862242
3661.778251422033
3662.753626747927
3663.086313510858
3664.034981323325
3664.441224098064
3665.072163777818
3665.782992945918
3666.541903665784
3667.325721914707
3667.988767759796
3668.159433072644
3669.056906013128
3669.744891704457
3670.734139013885
3671.075954657177
3671.778161126846
3672.202896443423
3673.018266872159
3673.980536162035
3674.330634426748
3675.082064106055
3675.620992948619
3676.474961887865
3676.848307323092
3677.730227732751
3678.444820008816
3678.986237175564
3679.680647723921
3680.187429438685
3681.036195819769
3681.652816200593
3682.157072529305
3683.080467990263
3683.799900765314
3684.230408566727
3684.502421811361
3685.743101201865
3686.402410871043
3686.964307843421
3687.368388658744
3688.295077933529
3688.595035622642
3689.786015412076
3690.160049016592
3690.894011635457
3691.414637641443
3692.173044114791
3692.573068748125
3693.738996379693
3694.333866459492
3694.498150975881
3695.411575174586
3696.105684773326
3696.865082648783
3697.296948776419
3698.057146667300
3698.911879773987
3699.400060482828
3699.847395626427
3700.727600675614
3701.340769612890
3702.070580050269
3702.805676893713
3703.373008468410
3703.776684952100
3704.528710514297
3705.505665858012
3705.998690825192
3706.690129600748
3707.167310170953
3707.890591114426
3708.424301727030
3709.462084580502
3710.109552892002
3710.449188318490
3710.995312379535
3711.978636160362
3712.471664877256
3713.324928196975
3713.904736800497
3714.355860818911
3715.190393071949
3715.955895824379
3716.280113546846
3717.107537514642
3718.048878690402
3718.427077419162
3718.940375827839
3719.827204952454
3720.302357832596
3721.195298510822
3721.696778156266
3722.520723919280
3723.195956943961
3723.373095738887
3724.223099875413
3725.357756440681
3725.780785561595
3726.225089712027
3726.816906430278
3727.586426331419
3728.432429958819
3729.103346596633
3729.462141477780
3730.511737242656
3730.715491412232
3731.450938993358
3732.505358162252
3732.787917814308
3733.669834560554
3734.139104102112
3734.822709711102
3735.547824061489
3736.247804362957
3736.705948428576
3737.689375005309
3738.149658164658
3738.828176482172
3739.326307047384
3740.032485230660
3740.957784078822
3741.614971565050
3741.999350120294
3742.692836239933
3743.228564192255
3744.211949951233
3744.745278054480
3745.610190697200
3745.957749777150
3746.398439485092
3747.500163727173
3747.997177658283
3748.694544013506
3749.479966122241
3749.879850338922
3750.482460991582
3751.275776101835
3752.145593455769
3752.731447438742
3752.925429600227
3754.155863481648
3754.609217331390
3755.001007584628
3755.859676913358
3756.718625864746
3757.188104185236
3758.037046502349
3758.254336885564
3759.082519730747
3759.874783001261
3760.694025346264
3761.061236154996
3761.793915137526
3762.495822841760
3762.832318997637
3763.857180864914
3764.695562300800
3765.051007065814
3765.681419976207
3766.066089996161
3767.287384251649
3767.798193876656
3768.243663709034
3769.027487833437
3769.676872988950
3770.367557735378
3770.785508585891
3771.841105214679
3772.298102686260
3772.865392761668
3773.725820805339
3774.183181766353
3774.816205008391
3775.615213907975
3776.339315231236
3776.876920802527
3777.623327761694
3778.142436998425
3778.594228089972
3779.735329535244
3780.212421155358
3780.937998145451
3781.401603087477
3781.896910435084
3782.826939796785
3783.591580471226
3784.248620136851
3784.703397701288
3785.195220944307
3786.226424600669
3786.580068729562
3787.619461701996
3787.908189860376
3788.838218533698
3789.173606501327
3790.038743361191
3790.588000915327
3791.465677851088
3791.953404242410
3792.595321153843
3793.331105747235
3793.898944993080
3794.671004124799
3794.971443724022
3796.416265777209
3796.518696691545
3796.998880320606
3797.717117063155
3798.544605050316
3799.410113326331
3799.875506495267
3800.400228839197
3801.168296798660
3801.732004508111
3802.331532619402
3803.465724292018
3803.769907498761
3804.321639087192
3804.997245980423
3805.679584920269
3806.523588258568
3807.115787316729
3807.752645190905
3808.174333307140
3809.202725388931
3809.603138509715
3810.245705523581
3810.976490977295
3811.845400199478
3812.293111679388
3812.871605588655
3813.469615095949
3814.435675536975
3814.769687624554
3815.752748156902
3816.438433863081
3816.639411523152
3817.313386267635
3818.417061648622
3818.835487024090
3819.618961223628
3820.154305355690
3820.785033289372
3821.184640525961
3822.388830981724
3822.918792561750
3823.322405889305
3824.101331199401
3824.578750876005
3825.551791249262
3826.072338215562
3826.618910260659
3827.558273193131
3827.919166217477
3828.731826117277
3829.190202196286
3830.025532318183
3830.696109864131
3831.414906139280
3831.896903904955
3832.546361220532
3833.336727956682
3833.735463949253
3834.684669205516
3835.431158120165
3835.895446430395
3836.429238446634
3836.885665364638
3838.162147782138
3838.640691444076
3839.084907421931
3839.662952792660
3840.565870250780
3840.965238581284
3841.914483461697
3842.489500011005
3843.109520306130
3843.734114623257
3844.266455488895
3845.021662248520
3845.968792750733
3846.273255725795
3846.908476908321
3847.851619472360
3848.250409759979
3848.922755707298
3849.554324704203
3850.512929746747
3850.885429592674
3851.695047451009
3852.246905957360
3852.623078551442
3853.677134285374
3854.521283401780
3854.746912019942
3855.514932703084
3856.088156925324
3856.719654181954
3857.678769467673
3858.198072598949
3858.982091054028
3859.198538201673
3860.035277355472
3860.843730980130
3861.420557214994
3862.254124106560
3862.689227358708
3863.258902995794
3863.987133866293
3864.853567498349
3865.328913369176
3865.911994975789
3866.727791400331
3867.442124807815
3868.023616655175
3868.230457100409
3869.482933582208
3870.105673756925
3870.449475749912
3871.313113440132
3871.754712248434
3872.531019189387
3873.165088211222
3874.057614927593
3874.655107779529
3874.990359502217
3875.660572542261
3876.457559460890
3877.244691732118
3878.100920183405
3878.327002431580
3878.757319947297
3879.882571517339
3880.475382238903
3880.987008379680
3881.730241676387
3882.460827806968
3883.029860361164
3883.438744668154
3884.532184984575
3884.874658390327
3885.736122101407
3886.244030423673
3886.984975318201
3887.607975771180
3888.068345446280
3888.954136991966
3889.740674282093
3890.212568885230
3890.876282601705
3891.359475286910
3892.045118506211
3893.128247906586
3893.453539669522
3894.277206913458
3894.585422344711
3895.277198038979
3896.216992603890
3896.943953713978
3897.321324493623
3898.073033057291
3898.638766244353
3899.344241252755
3899.989194240917
3900.857812800356
3901.285773775021
3901.960743107379
3902.664118017771
3903.155651509227
3904.065215269344
3904.637897705688
3905.096987629496
3906.164499597574
3906.619884132959
3906.908617065924
3907.895569705210
3908.475018417736
3909.624232705341
3909.740167683718
3910.204766596895
3911.041103433097
3911.952820503840
3912.459528492762
3913.095841102354
3913.910650840875
3914.322829392911
3914.796117546024
3915.780990122004
3916.714318848306
3916.985335554257
3917.410279577515
3918.373935558737
3919.000129899338
3919.587740281034
3920.489230121445
3920.768512536058
3921.691472166484
3922.209808005521
3922.975468198546
3923.313749939316
3924.372868497408
3924.992066452760
3925.443128346111
3926.107635882579
3926.870228554476
3927.283777948879
3928.290458923648
3928.921021728931
3929.390336774283
3930.164260899564
3930.385475034831
3931.525143220575
3932.315049936305
3932.560375554098
3933.436567507259
3933.901899019236
3934.448113000576
3935.605060404478
3936.011175835726
3936.593989912059
3937.095786203891
3938.127006251819
3938.483184252048
3939.132468025949
3940.064181104673
3940.503864048270
3941.319566948761
3941.650290720981
3942.533032565424
3943.157268332050
3943.769781863927
3944.675799917868
3944.998452041411
3945.856911777148
3946.267628983888
3946.921065996649
3947.949166911319
3948.653116334533
3948.893152277259
3949.429654123995
3950.282843443393
3951.214771072765
3951.662597667316
3952.288413296849
3952.939059364144
3953.531971346340
3954.200510279346
3954.926110534724
3955.765598856081
3956.173036911224
3956.855452933972
3957.308054975762
3958.477453093681
3958.675945057872
3959.431541701410
3960.206324465244
3960.840491679350
3961.507891519494
3961.837484416682
3962.794345714214
3963.448172239217
3964.190693006483
3964.716419681559
3965.236587451003
3965.868280704625
3966.691488146775
3967.512644542120
3968.070713635386
3968.452223671413
3969.231839688508
3969.808033425113
3970.682236710250
3971.345329919128
3971.934581558066
3972.514588969280
3972.927701263071
3973.989808660063
3974.516196828750
3975.181404442208
3975.836064090648
3976.335665276741
3977.141137680229
3977.755879883913
3978.413511833465
3978.979263653101
3979.859189219561
3980.471925389583
3980.996330288404
3981.308297431347
3982.634499582507
3983.031579273715
3983.437219551281
3984.542658301682
3984.843164169106
3985.310323971205
3986.285578037188
3987.194396627836
3987.496493487626
3988.283108687118
3988.481733837828
3989.525592460989
3990.357483825649
3990.883532984960
3991.320137561973
3992.132263593848
3992.650931462118
3993.566728569272
3993.918067926967
3994.892579770536
3995.313642287201
3996.123036584343
3996.470108016502
3997.348594132732
3998.163865964098
3998.446371452629
3999.361695367344
4000.202181479146
4000.324809046538
4001.149187209441
4001.833225398341
4002.838838708270
4003.204692374055
4003.745771379728
4004.493888435664
4004.945931208348
4005.922966289129
4006.695413122273
4007.155713447792
4007.486454935312
4008.450762827888
4008.980670326901
4009.845810076297
4010.477078682523
4010.957654903983
4011.596290070332
4012.412853537436
4012.792005737547
4013.780053236790
4014.423210193069
4014.772295637790
4015.543388786394
4016.420277197965
4016.740876337424
4017.454362047157
4018.285275200958
4018.980339460946
4019.498349781084
4020.123160725412
4020.498806738113
4021.697374163472
4022.139230518971
4022.839637528087
4023.370657243244
4023.815031508936
4024.967529550617
4025.132003377725
4026.234616193326
4026.730362286127
4027.336028351862
4027.623299062778
4028.670945848411
4029.632161182256
4029.823095567537
4030.407058156001
4031.252248398892
4031.994934122730
4032.368201252713
4033.259585659350
4033.814507416630
4034.622071007357
4035.101740093451
4035.648805274850
4036.634371059117
4036.822438816683
4037.973054431880
4038.509355027782
4038.868371288931
4039.713382225215
4040.246627328562
4040.969327602151
4041.842240278418
4042.512642594049
4042.767898295897
4043.402101441424
4044.238382710855
4045.188682519353
4045.493541676943
4046.242484996284
4046.911111604230
4047.216568156591
4048.313260529312
4048.974492523999
4049.381140552395
4050.040378978898
4050.989215013006
4051.237582823723
4052.027749143795
4052.731475204932
4053.649032921110
4053.842562409417
4054.706192262959
4055.281791906974
4056.016709813796
4056.515559424839
4057.369051336901
4058.111322462731
4058.604428538748
4059.088725485127
4059.646227432636
4060.827343324104
4061.273611465504
4061.896516567735
4062.292420506307
4063.094339213868
4063.771117974888
4064.662449185396
4065.007596271674
4065.848925184855
4066.356947149522
4066.909406857013
4067.644009877722
4068.709680406114
4068.897959316255
4069.529799450244
4070.311486176535
4071.071160267487
4071.466985520610
4072.338847577214
4072.815543307827
4073.794209036318
4074.199479632686
4074.729003484025
4075.358187648808
4076.356033994376
4076.818085874547
4077.567548472453
4078.066066674752
4078.774021199065
4079.123580929821
4080.444507824398
4080.681156558986
4081.343179114220
4082.080745546913
4082.426177628179
4083.399561884693
4083.976978781217
4084.870802573034
4085.326847114414
4085.577580445172
4086.646941951761
4087.336042279411
4087.813831211887
4088.567651880712
4089.236291551943
