7.763221118109
8.813816925343
10.168276886383
11.466451872647
12.343554675283
13.775603224834
14.681494591303
15.561249009997
16.610444461770
18.856590645866
19.390993262542
20.666191185435
21.239362908108
22.156894134518
23.749194001049
24.303240239174
25.464122926946
27.210451549893
27.543109868652
28.769456568839
30.095624866085
31.098959136872
31.874609653162
32.158668585399
33.693257061574
34.464012878916
36.285305607629
36.955828816024
38.008883129202
38.733207886065
39.672424983953
40.450617744219
41.736682173489
42.608851047677
43.492218483027
44.163001604140
45.654604128793
46.977687491643
47.539675490840
48.267133366303
49.349969886404
50.299606698789
50.690238358261
51.673891058613
53.211292085933
54.214803064208
55.147076126892
55.866399275165
56.540402139430
57.760571278236
58.848931578762
