7.098566282244
8.039880170470
9.388914735930
10.545290244471
11.009892552104
12.614690808628
14.047273451543
15.112463977938
16.417275527494
17.354011974109
18.890714429690
19.572460803784
20.601835437346
21.411803909046
22.597635684567
23.559862896037
25.775568041185
26.059139973914
27.106781096756
27.742511642888
28.966870824577
30.257382987921
30.911354781517
31.775153024231
33.311121606010
34.007462971803
35.355443853105
36.397861007216
37.095838341627
38.236339443400
38.972613679594
39.279454939011
40.796708381321
42.248823932823
43.180580471749
43.857695053760
44.963714020679
46.004427872980
46.389787961927
47.696694111998
48.776868544284
49.399427221670
50.087347706780
51.274162699061
52.828958559447
53.538288587478
54.543786062285
55.164069262019
55.804993631344
56.968190088101
57.600620886378
58.832377837364
