25.889015886040
26.425099751027
27.045072595761
28.285054427095
28.975691408234
29.770089346917
30.055539867244
31.092367385053
32.019588019808
32.763205818042
33.580616600936
34.066511876048
35.012604748367
35.543934117291
36.321569504112
36.942620652044
37.306493993343
38.248817002604
38.801558380683
40.085162864407
40.848668388000
41.606518007751
42.328009211057
42.542425283415
43.175763837699
44.213643089379
45.022506087963
45.472490979514
46.300937394743
46.693952718524
47.665675190784
48.114284028246
49.240446328505
49.734335730591
50.305660936569
51.753931138238
52.122825274354
52.571165357344
53.316506169954
53.808147319754
54.423474170261
55.347551227670
55.596948508361
56.674292298539
57.480669593795
58.203267961650
58.720072766252
59.902557573300
60.177132237977
60.688224350786
61.615078862847
62.238135621168
62.790683284189
63.611020399188
64.497408053989
64.927574257262
65.178427697462
65.879571801452
66.712149091261
68.038883131017
68.609154371190
69.146124929440
69.690915430235
70.451899187199
71.050512037394
71.732910542050
72.170176873646
72.742288569650
73.704135704481
74.151032897444
75.102233069757
75.653882202065
76.416447802559
77.153431878293
77.793686933878
78.211753235661
79.135077398808
79.960124574461
80.511047832821
81.175249622606
81.596552474917
82.029771498050
82.766484538683
83.695957006409
84.232953603701
84.581817366204
85.934512520472
86.553197445024
87.355819305537
87.679707428564
88.411407491458
88.811945480330
89.430300723490
90.015142987030
91.157212773716
91.724324478471
91.952723452279
92.705599025545
93.441576095288
94.149609918992
94.725655715405
95.564176342055
96.495212372053
96.871515503208
97.480716426277
98.243480336462
98.746444012887
99.535907376974
99.915335414204
100.534582340088
100.913434374971
101.682061345674
102.671580235312
103.503556500130
104.303968258583
104.617709117190
105.018808974601
106.002811078028
106.637091413740
107.126662941814
107.769069702108
108.370473743678
109.196805594450
109.614962141850
110.408113799953
110.791778885689
111.528156638870
111.967354890109
112.981760310768
113.864645335083
114.241423002740
115.388453479412
115.635095660256
116.076961189896
116.653153219563
117.297863222455
117.914649840097
