26.304164435994
27.501566326195
27.911292458478
28.939143835099
29.372331417834
30.284923925773
30.834222607217
31.382029091334
31.922871331916
33.102149952449
33.849387386752
34.315817134340
35.146079816092
36.200553449529
36.557022068747
37.348122305467
38.336296238641
39.269808943108
39.606922266041
40.108330413497
40.990504796278
41.643502811984
42.398461993884
42.659915051135
43.828449296035
44.177155766479
45.995911291207
46.236146136102
46.627843397083
47.420719393677
47.905003469875
48.762511380381
49.449353336759
50.250128202175
50.828469561046
51.527679103147
52.134639529071
52.729841482171
53.597887501193
54.376266225318
55.247354835784
55.761868179921
56.670615352864
57.376298735825
57.725297001096
58.734427981855
59.052172881606
59.501265590372
60.131925173117
61.127455289556
62.059042713156
62.647268661741
63.354691535138
63.991895754030
64.739755052903
65.768636554801
65.887265961860
66.300211054774
67.577110608222
68.049822787368
68.663710889091
69.347066631402
70.058428385214
70.408561310497
71.005163013037
72.006491276402
73.082383739791
73.612153062406
74.351259616988
74.902961802106
75.467306278416
76.059325530255
76.373900018255
77.547070868523
77.969904877715
78.605568954542
79.211635595150
79.923270388618
81.111138157471
81.353604884130
82.254260888497
82.645583148737
83.292794842621
84.097632859203
85.168396946905
85.417671794635
86.101056294735
86.449911419520
87.126198917587
87.959108374583
88.520571194036
88.875047567971
90.079853145303
90.971773360399
91.421041155832
92.104846463200
92.749252551487
93.320464614880
93.934931803526
94.353014914597
95.067187349089
95.655350015578
96.759238593144
97.120788508659
97.917975244794
98.054288496257
98.950805807273
99.885298054910
100.432229013916
101.516802038587
101.710628580459
102.429505461457
102.910013652897
103.961669079094
104.295893276191
104.742901946782
105.402317473807
105.910704790085
106.539138542028
107.699115640698
108.190782069785
109.037830845397
109.838785836947
110.119673753197
110.588265529475
111.274886450856
112.126003630390
112.673078374127
113.280724868529
114.060681128123
114.617060349311
114.909172471466
115.597543686739
116.484569284400
117.270810621488
117.523378483682
118.389897148297
