26.356315472257
26.977651548417
27.469388589203
27.755031736973
28.969106422675
29.583184358818
30.459070769601
31.184681388335
31.699800875518
32.406170360076
33.450550412882
34.212068946941
34.752271156300
35.859397651595
36.306829627400
37.188064393072
37.834496753398
38.477396863042
39.051831765166
39.596992653809
40.340019498994
40.868447938480
42.476945426777
42.899625939323
43.564964455795
44.055505572076
45.259626466573
45.451029056769
46.265676995210
46.951023433057
47.519217150216
48.555632041544
49.031852411626
49.643285600553
50.512162599157
50.768240267931
51.727928236599
52.957178130519
53.576580530009
53.977455345958
54.978000060255
55.398474456620
56.025864940894
56.335266418189
57.343071491624
58.021645940309
58.711991227759
59.240486615403
60.124998214679
61.166970840902
61.677203368852
62.335181382449
63.006573610771
63.242167049713
64.274616382245
65.388177302824
65.770172352926
66.037579936062
66.920308870889
67.286302317434
68.141143608557
68.878381492245
69.540943384697
70.641169258428
71.342985229485
71.754924669142
72.570408739088
73.133833081190
73.544114742451
74.468556977439
74.762452575295
75.407943937175
76.605952499017
76.825178651055
77.871967321133
78.232767151938
78.988182952519
79.671663439767
80.527375104170
81.132891409920
82.093225346611
82.349459211023
82.912402349582
83.619526857605
84.522545686767
85.164902457406
85.207912469526
85.794757996744
86.878114451216
87.712584831323
88.604857356908
89.319291775190
89.852930445790
90.020995560462
91.067959468798
91.416530909267
92.145268804631
92.914814795005
93.581129754215
94.182096853502
94.784418895648
95.346795506913
95.778453493954
97.002503302471
97.560038863589
98.034234590719
98.734634574977
99.722827708272
100.416212169121
100.902802460468
101.065066879186
102.012314287912
102.528265558352
102.744752525564
103.935889981132
104.575770342936
105.163852691371
105.835559566374
106.784787106836
107.315226890407
107.887372293851
108.549025241918
108.964136668853
109.694453732295
110.444646572798
111.141163904424
111.619064790912
112.203504933953
112.962593307072
113.510525347265
113.785143461787
114.569136442405
115.705647739249
116.592691049441
117.125653823456
117.396590876884
118.037772544385
