26.114600007077
26.922226592438
27.608546084717
27.865776055837
28.898663657579
29.464685102571
30.211627197280
31.808393037319
32.394963856026
32.670012127590
33.416780837977
34.299166284115
34.726634930052
35.713094000386
36.501099050123
36.888242201556
37.625109612159
38.584259632321
39.132526395033
39.903558030635
40.579570505639
41.397374589998
42.585512595098
43.098413578149
43.580202143283
44.218439360211
44.995512262250
45.402109717576
46.252770291958
46.682508190787
47.863290171633
48.343134735627
49.326396077909
49.969192485792
50.773152764185
51.514223276844
51.967209083542
52.372678149156
53.481935707691
54.037368699215
54.876592369207
55.616886824928
55.951192405796
56.422853936004
57.003535902496
58.467549467931
58.981139875256
59.751188018231
60.482879937310
61.085569456468
61.677182744214
62.306895342669
62.952308454338
63.440107577121
64.177006699811
64.775732480935
65.833639188221
66.328845964917
66.962726780384
67.997289295119
68.548536747657
68.834006443126
69.776268878873
70.674783241096
71.452419546330
71.749827854638
72.364572666306
72.819196309825
73.874848288318
74.373352915996
74.732606450551
75.571512334258
76.438983440797
77.633413744950
78.008524881735
78.684943313666
79.233215211210
79.568889644658
80.335264060235
81.098401348594
81.662218962320
82.587308090132
83.023191627919
83.662573359610
84.231976653658
85.042454545804
85.717227525120
86.453535444865
87.332790758360
87.850043165868
88.362095138244
89.110497300797
90.047906318357
90.446325833476
90.697181890891
91.422963285166
92.140065339670
92.480056927248
93.789118090984
94.480059220391
95.003020250635
95.829021614219
96.122526521277
96.978030647688
97.832218690046
98.071127059496
98.581665023157
99.470201636879
100.425276567410
100.743297158465
101.097865641322
102.100824759384
102.486875855339
103.270816029867
103.793505750247
105.022432412304
105.568653899064
106.170974463792
106.726386823410
107.407747205911
107.740060065329
108.217562337824
109.210995383124
109.596521153469
110.502373745368
110.949066544629
111.439285408473
112.530415582619
113.323410176665
113.850416859822
114.451875116665
114.575471533577
115.648750692716
116.298154391508
117.112197562090
117.554794005854
118.235018230519
