8.332085384599
9.473875795532
9.795568178732
11.718154967111
12.044315909558
13.562736179071
14.988424383577
16.500064315235
17.039181293777
18.405762525737
19.607085319474
20.771449053182
21.332446912102
22.292963823190
23.317468998812
25.081010382153
25.959390816233
27.338862494327
28.031473509530
28.628402980174
29.569963748955
31.166741944601
31.835622796402
32.734474399254
33.895333024632
35.294451640512
35.937943901951
37.262401128768
38.005460089276
38.806306665584
39.645024928604
40.736520812696
41.136723137875
43.405860756759
43.889137512709
44.833299288352
45.521265744478
46.505179935414
47.806220987901
48.324698779244
49.173924261178
50.396080492939
51.075482956415
52.065903404581
53.479491678863
54.488281396729
55.174817743108
56.015509288264
56.759375853550
57.360857841273
58.541059566703
