7.642610500596
8.298952434478
9.635556566128
11.732193423952
12.992036948415
13.661924815006
14.488605502762
16.250393458005
16.908528104878
18.011478514136
19.062605998979
20.573896227874
21.348821224231
23.237078439208
23.720433529621
24.505101276380
25.533021756707
26.354267576703
27.584321578531
29.051970354770
29.876201757704
31.240622345532
31.706159811123
32.931885984038
33.780852262326
34.929888053816
35.984949461234
36.412137756251
37.238767020427
39.324360571790
40.063023660617
40.867380739120
41.708122522299
42.825486049021
43.274853295665
44.324769735398
45.493395860424
46.379264344314
47.758686068398
48.314961228389
49.378505337969
50.289045932310
51.638788765415
52.161968119023
52.960717140976
53.477878300970
54.949290381360
55.468016089975
57.008398218004
58.147088078979
58.923926210758
