25.919547506814
26.264230113445
27.250012134522
27.700513209816
28.689909354849
29.218383120636
29.682028610415
30.130855151084
31.646182140027
32.233109785883
32.894737238480
33.827142193559
34.358868222727
35.329644209915
35.823544464529
36.586603364081
37.628039581048
37.717076071251
38.954835963338
39.351242325367
39.876059139582
40.755356937061
41.241050533118
42.269129676018
43.417881460581
44.009098980041
44.737516170358
45.197790772755
45.950947694983
46.124879796434
47.158638039590
48.160832615941
48.567853070953
49.132076111408
49.946897312594
50.727773527986
51.648150950386
52.328391590239
52.716520929870
53.574368613871
54.330967625710
55.427362262885
55.676832306360
56.134977262892
56.977307956511
57.397994217756
58.182209305660
58.826028774303
59.529373092008
61.028742910575
61.329654209363
61.606377036154
62.667141008170
63.458201007415
63.814140924769
64.250208181834
65.206314533753
65.824037893238
66.471042686363
67.489952631999
67.780637481534
68.419068047059
68.914731156553
69.922845349814
71.008215250892
71.450943120588
72.269500495639
72.513711774123
73.379151981589
74.125698665711
74.497697123689
75.067719773512
75.874628956991
76.328964055718
77.196682328429
78.047024671667
78.821441854321
79.649795077574
79.988914630623
80.696339296548
81.242549693320
81.741190726748
82.901479651216
83.420909528741
83.978512282793
84.529145579848
85.082761678208
85.576999369307
86.497613921290
87.268554698643
87.858533347758
88.576027432159
89.653662640949
90.149357529725
90.612875973777
91.260703407970
91.686981309250
92.359131779218
92.959127775078
93.551137322118
94.684851944773
94.964456559650
95.686938270717
96.290289507197
97.365026032375
97.719143474557
98.263848890700
99.171792417375
99.859266465910
100.350052050827
100.951487653455
101.523289609680
102.529622029073
102.753440899434
103.371404838171
103.900426782998
104.281170404850
105.753836574195
106.364202154082
107.173018779695
107.530209821794
108.163722994336
108.446234553735
109.485624426501
110.119677965334
110.409989007146
111.099863514519
111.956099030298
112.598401988269
112.977734718646
113.888334785625
114.299786152581
115.192227643236
115.811369671560
116.391990414397
117.212278631844
117.864470748255
