26.405381858980
26.862319036562
27.715983759506
28.543351385268
29.430895421832
30.226832186207
30.655422021022
31.439987852101
32.065568536279
33.014138309124
33.513216506713
33.846388901477
34.767844178169
36.061613091580
37.081726183577
37.472269611228
38.085903543237
38.419543071167
39.601697068015
40.183236824150
40.544091944158
41.749492421886
42.311858774481
42.790248355939
43.522651620447
44.307714335588
45.249196508158
45.855236296037
46.566518324668
47.503934909814
48.157044444588
48.820161763964
49.375814645697
50.046257677492
50.540139511662
50.834938671909
52.193183819543
52.877488572683
53.463099745793
54.220334736187
55.266985732132
55.808967243963
56.213825485779
57.146894626695
57.416223663590
58.396395382400
59.099463375107
59.872160168137
60.452021327852
60.763597296979
61.652452168813
62.164153461800
63.025242060981
64.166214783805
64.766969455649
65.665533724990
65.736658441470
66.606462163182
67.002569982415
68.028132542542
68.411049998279
69.086632998042
69.777522965290
70.279117612141
71.532170947165
72.052110353055
72.611835427865
73.477000986086
73.773260833695
74.580706793647
75.594893302372
76.112061445946
76.674702774199
77.268276576328
77.812266595134
78.461466647742
79.186528852300
79.736813747321
80.233482749275
81.645925502544
82.214212710104
82.602118463450
83.462746444819
84.297256124377
84.651183217295
84.950595426905
85.589564571851
86.593395941132
87.195285223709
87.969216157900
88.614046281270
88.954767909097
89.569569763197
90.537657121147
91.474994343616
91.876695365024
92.582501583716
93.081979450296
94.112913727506
94.411828121403
95.272716729471
95.652283393575
96.023405878936
96.838567606203
97.515823616329
98.026246004601
99.265133729875
100.102123482005
100.175848257903
101.178201816582
101.709958612282
101.960807704712
102.943288886600
103.499059510604
104.399405182745
104.729285453741
105.253525180481
106.183011966008
106.509684313820
107.355782017719
108.028056739076
108.491945907879
109.237586781333
110.535105242608
110.867046101575
111.390862723639
111.926347088884
112.418637027175
113.129926656172
113.657796569797
114.365679069116
114.818336027178
115.802118148116
116.294240416790
116.885154624291
117.921532555805
