23.924389716699
25.327939931537
26.263190244412
27.166485362891
27.916350432846
28.568064884634
29.920674562461
30.682809132905
31.801538192871
32.688814928125
33.369153044833
34.298916757999
34.962689259790
36.213247708942
37.364191466882
37.798439368221
38.818288411726
39.696095898749
40.480057083580
41.099685597089
42.661890734305
43.349660458233
43.881162866693
44.983633586635
45.750164269132
46.340339039429
47.632751862728
48.339869584017
49.460907274283
50.195682602099
50.651451681213
51.617957252237
52.612341794399
53.494076538071
54.304102935464
55.442485721975
55.955617899441
56.662068072735
57.525370822557
58.352782263601
59.604347902900
60.127372784058
61.100893060634
61.818459405291
62.619138097933
63.323395683485
