25.730979490183
26.320960882275
26.981879975125
27.758953030803
28.620102181004
29.502722910909
29.792525728002
30.729328947318
31.453227455154
32.263144237363
32.808030108902
33.824133902480
34.856560244812
35.072173154774
36.330092124649
36.813820313321
37.402164198986
38.017293525669
38.435771607436
39.384262056034
39.952668071623
41.077952809450
41.842756365575
42.365349233059
43.191898256101
44.224744812983
44.539147588522
45.296230469819
45.543334058531
46.875187051351
47.381742021286
48.204227631646
48.555450391947
49.300735617919
49.758628298546
50.685105025193
51.693446594913
52.648667666916
53.138900239340
53.768148879636
54.368831221517
55.088229410530
55.541887192639
56.240167252574
57.098115324775
57.567343256229
58.222895115494
59.199890957663
59.865415718855
60.931686043531
61.194403769476
61.674131020272
62.465541369550
63.714911209533
64.090879945910
64.524032266903
65.306347303533
65.893767380744
66.443311849425
67.119269539544
67.862541339708
68.428639897481
69.369770432615
70.477469648955
70.946004250912
71.465988026252
72.109309815485
72.711734012038
73.359470934820
73.818197092659
74.542219896944
75.438946904232
76.275516780741
76.679910023029
77.068644584046
77.795922234761
79.061250389552
79.383655696468
80.110471543051
80.986074314226
81.600810719998
81.777503108201
83.057885422080
83.455000225987
83.888051882554
84.303525711676
85.030340962955
85.737653214324
86.841232450414
87.486148649636
88.130698302528
88.902183526259
89.365375329048
89.837585615899
90.770329217140
91.043976596982
92.019295597597
92.716177722855
93.076115552138
93.799013619217
94.399428314826
95.104256672067
95.712124034603
96.405030197039
97.062168241653
98.004740107637
98.755712251161
99.519807393124
99.785573724795
100.312194194590
100.839797262178
101.456667651462
102.341229278325
102.847312618971
103.563296520694
104.007426254579
104.952376664259
105.831298815796
106.239039539893
107.020323788983
107.543304129992
108.170584660759
108.598099783402
109.614679656348
110.156562939005
110.887515746056
111.329648859804
111.657418284026
112.776147346640
113.049395002990
113.201369865052
114.964453576301
115.470558521068
116.007804823314
116.522164283135
117.148611897959
117.947582681768
