25.626519322153
26.582656355883
27.472252297767
28.089987099548
29.008642007306
29.412949607571
30.314917671772
31.099502210784
31.651596542062
32.418812464305
33.430827431502
33.809689653760
34.319915427798
35.171279666917
35.736035309857
37.396430551026
37.881499009748
38.455121740725
38.963512483936
39.677223728598
40.477902686258
41.162715334449
41.694217607891
42.211400741874
43.339615346243
44.052651735150
44.464523131072
45.696713888641
46.203764604200
46.783531061009
47.401568428568
48.508215932482
49.142477479467
49.585347514512
50.551974506792
50.939782943337
51.342585626145
52.043878090767
53.115135666347
53.664178790530
54.627575221251
55.319474725102
56.217346754252
56.876755555525
57.329563064764
57.722556726503
58.526698441584
59.085480256328
60.160862664432
60.695457360526
61.437666557794
61.873098797519
62.367630868060
63.611230454053
64.057530020659
64.828223780925
65.834664555993
66.180585040697
67.018747818185
67.453636840445
68.175117214495
68.745486614620
69.506807419356
69.939610955478
70.400054308479
71.404978704417
72.584633551422
73.187016696929
73.682437624994
74.082749830922
74.916448660967
75.645624854453
76.121371953674
77.082330603966
77.662157322861
77.968741747551
78.842641793560
79.468277736075
80.355691725198
80.470628453684
81.262662904660
82.611666041018
82.897003470893
83.868813050658
84.348295298138
84.948974396303
85.663803617112
86.086667926263
86.366497598943
87.393955166507
88.081531420788
88.792898083511
89.410270518214
90.015593457940
90.837453136030
91.577835054371
92.248378761547
92.948528829928
93.325908740921
93.725820599219
94.996882947009
95.696361187562
95.936650596131
96.398603811144
97.235308859962
97.714066869981
98.119841601992
99.312980697433
100.048835672856
100.839440610600
101.456162748470
101.943097596812
102.496187167481
103.217699689754
103.698715316276
104.468044129574
104.748298148503
105.910207849990
106.094251402392
106.944608920931
107.658657329287
108.366975910118
108.944418323900
109.507553702060
110.139804368737
111.066297774310
112.062388705072
112.164253636620
112.821539731785
113.219259455088
114.060832366583
114.748853315272
115.113689567296
115.825239866110
116.249496977870
117.403438518051
117.876033707248
