8.206304638408
8.930228706163
10.613531139014
11.794258005513
13.202311596722
14.126472158670
15.480530350937
15.984462831862
17.346753934742
17.950201358234
20.332514915445
21.284943080102
21.522494283097
22.955994325522
23.931665262263
25.031637636467
25.863107522988
27.005285614114
28.061839275597
29.081305197148
30.447164511156
31.701351816271
32.141471159011
33.406922079756
33.757670694471
34.799319118028
36.115248980510
37.312562172764
38.197165137216
39.633605642035
40.099650743165
40.806808851989
42.095705108326
43.172674865848
43.984541725874
44.670682727543
45.247843730897
47.125410551687
47.939821888688
49.210158797733
49.617829259769
50.649287399011
51.325391849570
52.356437081222
53.066314847796
54.227233743304
55.486926526503
56.196417011482
57.396718131632
57.627448667016
