7.403478898967
8.483529549028
10.046245156488
10.815938756651
12.093317145518
12.820914297728
14.036596433790
16.240517424587
16.998291979174
17.867894070806
18.687524926857
20.221235935698
21.079004083697
21.884649943910
23.208455464420
24.273124705655
25.297993858387
27.058363890533
27.444227318491
28.735611481596
29.239230173946
30.091401946943
31.329512145219
32.461991337319
33.937346218083
34.461098334768
35.877257435442
36.502464871119
37.223218047993
38.680096597546
39.576054873689
40.297425974119
40.745792534275
42.248681228116
43.908874468107
44.457565356718
45.256882762908
46.375346480189
47.087659688549
47.635638345609
48.990354844647
49.733243021695
50.953482788407
52.095703093919
52.843787703227
53.480309399358
54.964697206716
55.799222605793
56.576189946356
56.951031258775
58.264217646959
58.891443440663
