7.547392278269
9.319071716431
11.001251058835
11.789019332580
12.444521157655
14.332114469355
15.368377330811
15.819288568659
17.107782661098
18.482131649379
20.058568320660
20.928809639743
22.194220906999
22.592493272386
23.817788874981
24.515327317643
26.066229153832
27.100371631689
28.340674845067
28.897804887367
30.563478016731
31.187658743006
32.077063237748
33.256371264324
34.069859278509
34.707110059136
35.741185001132
37.704412836535
38.537210196003
39.032368439804
40.076526485593
40.937841688589
41.746631163403
43.100294439892
43.824278928100
44.470199806278
46.174496322511
46.722057256591
47.740293485409
48.980443134318
49.866708313436
50.653180925204
51.196838859767
51.876437397022
53.251505445806
54.298996910597
55.408121594011
56.537262341210
57.045596038266
58.113818082596
58.562148362473
