1910.795640877866
1911.280931790631
1911.801372544508
1912.976741274182
1914.031752685219
1914.558960554619
1915.519506418253
1916.007160159959
1917.307717671223
1918.103702999325
1919.266121326770
1920.142410487451
1920.972108309903
1921.454346453511
1922.321336475572
1922.955516783550
1923.975004478139
1924.780587902452
1925.783881137281
1927.144192042812
1927.735219712863
1928.187371433401
1929.436839174326
1930.092695488224
1931.106481386008
1931.884429531249
1932.570491266225
1933.385199572275
1934.116971179217
1934.935467086924
1936.459567201784
1937.522306499294
1937.869992618950
1938.612442246840
1939.748912738187
1940.286470293469
1940.765487374185
1942.111616227990
1943.054363298413
1943.549250089469
1944.903131280034
1945.460049157468
1946.538737635815
1947.370592460750
1948.110377145643
1949.304971299633
1949.701901534169
1950.523069224574
1951.187192757528
1951.951120587141
1953.297419115125
1954.296251265406
1955.281310337186
1956.130388726819
1956.476591986779
1957.471211306007
1958.101049522264
1959.333933754874
1960.100716018021
1960.631162985516
1961.706664333458
1962.495368073884
1963.629046402753
1964.346849362946
1965.562341723215
1966.438077732970
1966.735509292680
1967.605070960525
1968.459417225211
1969.459125436042
1969.664753199645
1971.397422797698
1972.219754947759
1973.161526544576
1973.736643681273
1974.601423875683
1975.327172316766
1976.543843211232
1976.996401680600
1977.958083289580
1978.894327669879
1979.359215310444
1980.156793948265
1981.779043283037
1982.556000213524
1983.247403584527
1984.283259191664
1984.718344485995
1985.693163642119
1986.124945924140
1987.209807277961
1988.169514624123
1989.189656739878
1989.862076096890
1991.015442573478
1991.930958398887
1992.224164195466
1993.582441186938
1994.272303531222
1995.262706536471
1995.838687888946
1996.274295850767
1997.448899791400
1998.205853387100
1999.533553875772
2000.824729034833
2000.961044854747
2002.108812765983
2002.574106761416
2003.366625549342
2004.372209247450
2005.295371976481
2006.065976437322
2006.735081634853
2007.989681395582
2008.723159933182
2009.408551253898
2010.879189499909
2011.448189027059
2011.977852489592
2013.095887236545
2013.716414183541
2014.227929066440
2015.270536540064
2016.107828018857
2017.750086982216
2018.225103883605
2018.972214964959
2019.801621494003
2020.626383346272
2021.399981837302
2022.204497780996
2023.299629135875
2024.074951991478
2024.449452444844
2025.491060826951
2026.617485110677
2027.710893171145
2028.525071676624
2029.274301681182
2030.155172323997
2030.730076082663
2031.504827221381
2032.098273622081
2033.301093942564
2034.212373951680
2035.099526624243
2036.198394947720
2036.908631794027
2037.742284271674
2038.180441113936
2039.684167757223
2040.245046515983
2040.939269211785
2041.604556138539
2042.772597350243
2042.978173548992
2044.537223435030
2045.620514931006
2046.423364071647
2047.236658398112
2047.852297452367
2048.291364990243
2049.671463524960
2050.037285673315
2051.173952505133
2051.925097443289
2053.115580955733
2053.654523899081
2054.689005342251
2055.627307192513
2056.379790959275
2057.574043508439
2057.892161824344
2058.705860101330
2059.795161183600
2060.148327567432
2060.883245662796
2062.640479077802
2063.328885748338
2064.212525525561
2064.845918263059
2065.726174500732
2066.474922539215
2067.019596065621
2068.405068283922
2068.958729153785
2069.835421980842
2070.391372472144
2071.619172912113
2072.519014225294
2073.555908911235
2074.280584431672
2075.248584620018
2075.935460791257
2076.446050535829
2077.331209313964
2077.947639572319
2079.341778781447
2079.835900974912
2081.336151215324
2082.079422235995
2082.498553960238
2083.409597078008
2084.327891556700
2085.224840184489
2086.125328666556
2086.797527076080
2087.360907791741
2088.392057704154
2089.188373168013
2090.270774318386
2091.840715427584
2091.992397034570
2092.754931094619
2093.622582043141
2094.482402758801
2094.999067033613
2095.979542074531
2096.926644781145
2097.917606070867
2098.739420792548
2099.844671420954
2100.213818362269
2101.433988203193
2102.266391424091
2102.927374067459
2103.910301470012
2104.590599429095
2105.319244774693
2105.801255074019
2106.960210509930
2108.499694694700
2109.026880233051
2109.886888468721
2110.768038133162
2111.474157804101
2111.858028809537
2113.031742769766
2113.998358582258
2114.660503456335
2115.688876104991
2116.101169644304
2117.650467435657
2118.134326674342
2119.082673792897
2120.240492653811
2120.840547838109
2121.665318158924
2122.022392369803
2123.037973584511
2123.943922876965
2124.539037967608
2126.227861149027
2126.728587346745
2127.736045676288
2128.541647967743
2128.805804177382
2129.985625368075
2131.202149177232
2131.430324220689
2132.412268590784
2133.396960383490
2133.920171348191
2134.876130891820
2136.224670222794
2137.097703992298
2137.913028649823
2138.351894643282
2139.478947328997
2139.862144222595
2140.821864761569
2141.484861376803
2142.634460913730
2143.675646679068
2144.493758952734
2145.284630864713
2146.161037638712
2146.920250453559
2147.772677049276
2148.665770068330
2149.536699705784
2150.347992518989
2150.654837172465
2151.597438741718
2152.717205324207
2154.013277418731
2154.689402524737
2155.787439093563
2156.075702141678
2156.993831039625
2157.895722888241
2158.185930598613
2159.873089059512
2160.223922742292
2160.922971906737
2162.276425541610
2163.140165301759
2163.569866834931
2164.813843457430
2165.752341172354
2166.416621992724
2167.077819641852
2167.860534855543
2168.611491746132
2169.294583451710
2170.359412300333
2171.574700607144
2172.778047174143
2173.171105846342
2173.702390945533
2174.762204119222
2175.532557866109
2176.336414283742
2177.223347924443
2178.180259026448
2178.632992972277
2179.784765636703
2180.351430070190
2181.922887138563
2182.374039449480
2183.532449170574
2183.969747192140
2184.849482706824
2185.579407745567
2186.325277032078
2186.873069751871
2188.254062884744
2189.217559111338
2190.047838145516
2190.829320838277
2191.884294042467
2192.212054001060
2193.152210532902
2194.349036811138
2195.081712105327
2195.464005885386
2196.609330667849
2196.980824550419
2198.210563519309
2199.591056618781
2200.068063191001
2201.166862410189
2201.912609487302
2202.431848005597
2202.940561854559
2204.183488454268
2204.898506216760
2205.741029994721
2206.681381396621
2207.754958357521
2208.472148070037
2209.291137065110
2210.046418321261
2211.210568153565
2211.995108140963
2212.443634077123
2213.340021295337
2214.117724141116
2214.841226119220
2215.591991548478
2217.235158840500
2218.185732793809
2218.404078344549
2219.418229332229
2220.216680225131
2220.797082987336
2221.838889750997
2222.504931861325
2223.694475165923
2224.190399482167
2224.984910785161
2226.186547295203
2226.886088760821
2228.049506658869
2228.918496512526
2229.212315273288
2230.639705885801
2230.874554131221
2231.534064717458
2232.387971308648
2233.605923437097
2234.539783951815
2235.567168382470
2236.403716551676
2236.996336109495
2237.765301186985
2238.515649135745
2239.582336593080
2240.374532381222
2241.244614224855
2241.689279880849
2242.458049720421
2243.932820760203
2244.316642565328
2245.880024479709
2246.460519800026
2247.111535889965
2247.855571530609
2248.560378751115
2249.329651272923
2250.214272000620
2251.118402802855
2252.015621155793
2253.236669760844
2253.814534987322
2254.684499045738
2255.261300218288
2256.666952254059
2257.008615202686
2258.090078115317
2258.566192366154
2259.571047314829
2260.218329592244
2260.769780859490
2262.570787878878
2263.261511938606
2264.052765182934
2264.666918337472
2265.610238855556
2266.183848512599
2266.890815610625
2267.977480680964
2268.751931828297
2269.706505543442
2270.395091697147
2271.307015429963
2272.398547336272
2273.228082151200
2273.789689684956
2275.102544126490
2275.642324559433
2276.167248451198
2276.967762408868
2277.825401319316
2278.506985189122
2279.982992473654
2280.786301882261
2281.642148346536
2282.518368149858
2282.971560591051
2283.724527714740
2284.674080933407
2285.849172561528
2286.399541964222
2286.826958535079
2288.231019373142
2288.621395675373
2289.868121898329
2290.811741038036
2291.841580164783
2292.443387208039
2293.192693676620
2293.680311387700
2294.893047374938
2295.155736681379
2296.277480736969
2297.267523516484
2298.420055280450
2299.286624158028
2299.749275679102
2300.585071679014
2301.680107198221
2302.308719406690
2303.141224947575
2304.129206327018
2304.676430403860
2305.429686254797
2306.067290227054
2307.427213563228
2308.647917443011
2309.155309057641
2310.198786571006
2310.495131782659
2311.629018336275
2312.242059631054
2312.689210390583
2314.141616745362
2314.958808843793
2315.376604443504
2316.740843061548
2317.583525115641
2318.110518873085
2319.098667810945
2320.234287529550
2320.668718525229
2321.620766952834
2322.350792373304
2322.675560916892
2323.841606938356
2324.780576035644
2326.024664600111
2326.940615163071
2327.558271880126
2328.417812928893
2328.724114683835
2329.830081318510
2330.769782736174
2331.533128868430
2332.245440331745
2333.174236172742
2333.936797876596
2335.004992794242
2335.683369053540
2337.132060681799
2337.409104787393
2338.487913166672
2338.911138717102
2339.834139519036
2340.536728844855
2341.276676711820
2342.122051364720
2343.734665588517
2344.320430078370
2344.798228105249
2346.119866584423
2346.457349198941
2347.241343699704
2348.572313651725
2348.875495181855
2350.048271872824
2350.528060820226
2351.266652360432
2352.222539599311
2353.613326384907
2354.469220652401
2354.905907064541
2356.119475630981
2356.593638741562
2357.306899243148
2357.795881457343
2359.145086811736
2359.713466595052
2360.810858830596
2361.635005203897
2362.698571063054
2363.317951827628
2364.074161803891
2364.906557270088
2366.148572742311
2366.605699745885
2367.271985521123
2368.072225796360
2368.815212093364
2369.668166712828
2370.803447762750
2372.120351812908
2372.687832926777
2373.375196008970
2374.004664402914
2374.814288409884
2375.702159126831
2376.427729515986
2377.425116711112
2378.179188218711
2378.953469842555
2380.142931344731
2380.601004261353
2381.721677770993
2382.822774866069
2383.343457865058
2384.035568081228
2384.929679960097
2385.780379768654
2386.157583918184
2386.927369970135
2388.521762061334
2389.187622316594
2390.332135646404
2390.846461615740
2391.439131667584
2392.648577708740
2392.930585224729
2394.049381806742
2395.086854763057
2395.678996183495
2396.226255238072
2397.151422985494
2398.409566034890
2399.185298455993
2400.142811100805
2401.006424422127
2401.777195694671
2402.188364577000
2403.113942198572
2403.719140824305
2404.683034601376
2405.749452865231
2406.482832540246
2407.704789114826
2408.547862510046
2408.814094168181
2409.904738216473
2410.682684049371
2411.932982712864
2412.255288084459
2412.964975555077
2413.857485827431
2414.823254053921
2415.181380217355
2416.959750405766
2417.639184977937
2418.477127584952
2419.027344002509
2419.850547292015
2420.511392862612
2421.331007111658
2422.267200608001
2422.992363392239
2423.998184400212
2425.085150125254
2425.427047807361
2426.665685282595
2427.449707637019
2428.288699176968
2429.053711579637
2429.957872852559
2430.753037749856
2430.980988551799
2432.275525752607
2432.530661062892
2434.273612230096
2435.207899801541
2435.643763497474
2436.644047447637
2437.496706508383
2437.843324384063
2438.696729815769
2439.988700651334
2440.499845342169
2441.432961814792
2441.883872676444
2443.123681951022
2444.050461077773
2444.773267688151
2445.924097749553
2446.674627800692
2447.255161804639
2448.025237692133
2448.725262239557
2449.326602617545
2450.519153300113
2451.140241986050
2452.564554459924
2453.227041439789
2454.298042194974
2454.439208051419
2455.373664931548
2456.739596960578
2457.043356280782
2457.941871526895
2458.950648520066
2459.398889555611
2460.170748405279
2461.287190835271
2462.352214311056
2463.519259777539
2464.125868267520
2464.408470037985
2465.623676809612
2466.149306198625
2466.992033007677
2467.555792436116
2468.963818911423
2469.543671014933
2470.558451976507
2471.342163106645
2472.409678645374
2472.720643201757
2474.030689749131
2474.644283506335
2475.434516847439
2476.361735352451
2476.866642910448
2477.372828623000
2478.553742234299
2479.818840270814
2480.722046458136
2481.371409865394
2482.362285559856
2482.832309067454
2483.489650914228
2484.321709713407
2485.419872548891
2486.276362153661
2486.704651149427
2487.775746548939
2488.790861663693
2489.479409697120
2490.461767783509
2491.322142715880
2492.287651567725
2492.969367203365
2493.425809519653
2494.183321351527
2495.299165544823
2495.643859421646
2496.827319659724
2498.341993857930
2498.752597617607
2499.495798959001
2500.244167039760
2501.126331917309
2501.749024330549
2502.862536952549
2503.607227576693
2504.145458083509
2505.177311106369
2505.862067358388
2506.606497766691
2508.185977131547
2508.805906909301
2509.355164496707
2510.454925656532
2510.950219185529
2511.668061770318
2512.484662284951
2513.056405270482
2514.467720957545
2515.046579940185
2516.242943714864
2516.863129444360
2517.709726001950
2518.518057631437
2519.188941505923
2520.201999889258
2521.308993026957
2521.436386020612
2522.416009050519
2523.016869002171
2524.013650411716
2525.333973816888
2526.035082628165
2527.185407195683
2527.674267392279
2528.257520992704
2529.038434311903
2529.865125098357
2530.692928957044
2531.680664110813
2532.411636904119
2533.135236495967
2534.475673359108
2535.006603395850
2535.590358699539
2537.054533539122
2537.548923163483
2538.440239890986
2538.807292314585
2539.948596490996
2540.603178602743
2540.965079607118
2542.412144723849
2543.613032348347
2544.343100371597
2545.031365397473
2545.670022603031
2546.411170811924
2547.434925874464
2547.981405806549
2548.993374749459
2549.809950221611
2550.767646258962
2550.937712465278
2552.412878895955
2553.256700461048
2554.209864271270
2555.048241917201
2555.590092900032
2556.554365660830
2557.353040811789
2557.462247626360
2558.708585969674
2559.533429600896
2560.772037775680
2561.479204256426
2562.420939396271
2563.138712072066
2563.958348101241
2564.361296613284
2565.671499791750
2566.589264611955
2566.924263125636
2567.785114979639
2568.495313634829
2569.489594074452
2570.400388778411
2571.714371933391
2572.367287012931
2573.015837920437
2573.841333656268
2574.546324776615
2574.934655532347
2576.190961565000
2577.068477835927
2577.447151437672
2579.064508940427
2579.457675506540
2580.420012377471
2581.116558193141
2582.117296982858
2583.038416274999
2583.602672080022
2584.528913797106
2585.093901314121
2585.908470362649
2586.575339780543
2587.439471238675
2589.194298449042
2589.548398007086
2590.345720777585
2591.067493163481
2591.930735166748
2592.587594778916
2593.204383169908
2594.403059227167
2595.118165499438
2595.940359824426
2596.527614000649
2597.687202468912
2598.611751756717
2599.348115660372
2600.310133354159
2601.165421294604
2601.696922136916
2602.575026064742
2603.138368089590
2603.772264464686
2604.828147224995
2606.072090447503
2606.677558718700
2608.084550016544
2608.285783573190
2609.155575139617
2609.686080487794
2610.993932160542
2611.549640746767
2612.497238928544
2613.098001109286
2613.806135962290
2614.743951195057
2615.698222635314
2616.763436616719
2617.625587815624
2618.711329944497
2618.983570866802
2619.459156945721
2620.828419186420
2621.156640528199
2621.945034608604
2623.120078689771
2623.994528417095
2624.979817153000
2625.773767787608
2626.293320790888
2627.294621730858
2628.210344059212
2628.893001700961
2629.774098506783
2630.423065204959
2631.225426743028
2631.873803046391
2632.518727938348
2634.225503168291
2634.923730433772
2635.593057454654
2636.389482903851
2637.278153698735
2637.683263513465
2638.527951040222
2639.336978025543
2640.671249178726
2640.905067027936
2641.860614793419
2643.135754333185
2643.477445530802
2644.869901566771
2645.158447300822
2646.358969167325
2647.172078501339
2647.796155630787
2648.236289667844
2649.082567852421
2650.103992684677
2650.783832673139
2652.249043683511
2653.006328024764
2653.707153662623
2654.281376605304
2655.256462130482
2655.630363745125
2656.936994996571
2657.691393137267
2658.226156337457
2659.074602201527
2660.023999759886
2660.825459126950
2661.666560535206
2663.080028132980
2663.514090675804
2664.217807480146
2665.056101292835
2665.725951504412
2666.440613789185
2667.173403678743
2668.005614830201
2669.201536914468
2670.231725050583
2670.878877125587
2671.524815453347
2672.654602350983
2672.931590539858
2674.306475858355
2674.669333798284
2675.745273372984
2676.483096712695
2677.026946232853
2677.594032448435
2679.164154177735
2679.916368216914
2681.006744069805
2681.462695376454
2682.401271666569
2682.999761021003
2683.603837645061
2684.442144458472
2685.397939916921
2686.338203789975
2687.095018658829
2687.851719625247
2689.178053094953
2689.668431589099
2690.135389511717
2691.556832795002
2692.408937933271
2692.641774948924
2693.627597368872
2694.351082881774
2694.989066426439
2695.838447133596
2697.131050027813
2698.103971578469
2699.059334840471
2699.423816520015
2700.177287614571
2700.934169199451
2701.776397305271
2702.872667940842
2703.193421819637
2704.385042646104
2705.025318642365
2705.883311211749
2706.808408346391
2707.724646458633
2708.838231868194
2709.340421059655
2710.077811344432
2711.007807499205
2711.457981826040
2712.397929689552
2712.845270187314
2714.068657029266
2715.296955640232
2716.079772842867
2716.608014577505
2717.576446341092
2718.279713969295
2718.988843991098
2719.730817033834
2721.056704382260
2721.523590391806
2721.865429932587
2723.074190328841
2723.698748878207
2725.003366111415
2725.918911615176
2726.639301961979
2727.388087108506
2728.277191020289
2728.731406462616
2729.339421695804
2730.290337868418
2731.479599597910
2731.862731488014
2733.026276334944
2734.353265693601
2734.434715483596
2735.335476443181
2736.381147310100
2737.098198567380
2738.142718013003
2738.669884908360
2739.251093010673
2740.126896550625
2740.995254303191
2741.577602140102
2743.237487534803
2743.889081885156
2744.643713581993
2745.454438880028
2745.690777570863
2747.029403205819
2747.415645531436
2748.308554691355
2749.425761622941
2749.964451047153
2750.983219149101
2751.699346619600
2752.726262128456
2753.471835311168
2754.509840439098
2755.126231381403
2755.914905234051
2756.625076937450
2757.381066677842
2758.060389910170
2758.542850315563
2760.206464276879
2760.999220307330
2761.643003415394
2762.809632940439
2763.176001809047
2763.825029696167
2764.737898992780
2765.735077729779
2766.423954376499
2767.372208405860
2767.814469204703
2768.609291603368
2769.864811334886
2770.675181545934
2771.482415297866
2772.581818252725
2773.239692989563
2773.667654146347
2774.440330013773
2775.281610089321
2775.993469582972
2776.956543142644
2777.817096700885
2779.153033636750
2779.515519962580
2780.708503208828
2780.844159781283
2781.965705397153
2783.045422383339
2783.671885090947
2784.194673823105
2785.349012020540
2785.666458104400
2786.619343967679
2787.511415958598
2788.987555870547
2789.860092009848
2789.948851145143
2791.019534755763
2791.818600193144
2792.481225392573
2792.979433338667
2794.263385921961
2794.845334613776
2795.879196161583
2796.701198132602
2797.494274270617
2798.345991270670
2799.282205750415
2799.978946659253
2800.794657831958
2801.728882175406
2802.333629331085
2802.970593828149
2803.451573773771
2804.686141525544
2805.615282597289
2806.942970427874
2807.416078518356
2808.091363868217
2809.091840696220
2809.588358359967
2810.114579398573
2811.534440216200
2812.058743026633
2812.958734753751
2813.361098648772
2814.676117932423
2815.413791348126
2816.207344805892
2817.285014442802
2818.236549844022
2818.641733007642
2819.453257930251
2820.090093303633
2820.900959715714
2821.645248318466
2822.462364520475
2823.694589897478
2824.701007490538
2825.344777843793
2826.067490453766
2826.596028347737
2827.726085555146
2828.388547376981
2829.514762528275
2829.653503542998
2831.053474649595
2831.380212210372
2832.045894463618
2833.416075087193
2834.597832456015
2834.995297502231
2836.052840181010
2836.578497368768
2837.263684994577
2838.076210582727
2838.841944399234
2839.391334284860
2840.903574019667
2841.330641332210
2842.246707760833
2843.362641936575
2843.905732856385
2844.690134142746
2845.491048806476
2846.677239565056
2847.054800135989
2848.034517833233
2848.313471900025
2849.483378013422
2849.886111787516
2851.687137395322
2852.003259246994
2853.216447933922
2853.945965565366
2854.298975114127
2855.116317595561
2855.885690284335
2856.897997819279
2857.698894723088
2858.375642159741
2859.139795092294
2860.382210744835
2860.883631583728
2861.730086963764
2862.944309218206
2863.542490848263
2864.305222958426
2865.070796719793
2865.582344168981
2866.475466290749
2867.209603970445
2867.902704313577
2869.366512799831
2870.341078450801
2870.826059779587
2871.464717734092
2872.316626362185
2873.371620131514
2873.601092148613
2874.836284318563
2875.737163957730
2876.137996619532
2876.988132317173
2877.864987162170
2878.804234010348
2880.045658353592
2880.709481317918
2881.322632050066
2882.151907632358
2883.033424234590
2883.601748641607
2883.906043623057
2885.279058151421
2886.096889690074
2886.941185019831
2888.068717662853
2888.609439678411
2889.745947655786
2889.864125308525
2891.056018219077
2892.000816225664
2892.672463708770
2893.531727155676
2893.840344808010
2894.819528199385
2895.658313328499
2896.807459016328
2897.765987436067
2898.854620467293
2899.102314186732
2899.979915353088
2900.583773939288
2901.331129128781
2902.387360255708
2902.998136438054
2903.862164226044
2904.900204602856
2905.612096902197
2906.522113497499
2907.310747452842
2908.006341566243
2909.357508068536
2909.738437416976
2910.189964166952
2911.376702524853
2911.998814729959
2912.435071483138
2913.370326597019
2914.945786938093
2915.713239444933
2916.155769073873
2917.158952252849
2917.904475400208
2918.282500257757
2919.406926549148
2920.111550478463
2921.053102190595
2921.746460698823
2922.633504576192
2923.027107141793
2924.610311858160
2925.097352108649
2926.082323270146
2926.911912314018
2927.693477298510
2928.275345287417
2928.935964988833
2929.628037482907
2930.447699132462
2931.555982235986
2932.379631586841
2933.533691825908
2934.117325151016
2934.918892124802
2935.563847336671
2936.218962521522
2937.489856809296
2938.034389673629
2938.882034065023
2939.344328157581
2940.225057032344
2941.218282749897
2941.920173117036
2943.353682359352
2944.026682458231
2944.657813908676
2945.340953358145
2945.996811482360
2946.949266316557
2947.379859786331
2948.478372021821
2949.321910594819
2950.088422094174
2951.459737516670
2951.713593655782
2952.457136687934
2953.690917643130
2954.394435266597
2954.932368340372
2956.045336412017
2956.629446929839
2957.198911414976
2958.017862173503
2958.663418558487
2960.138523658332
2961.126602955296
2961.695500783259
2962.375656492733
2963.282023956132
2963.812532813783
2964.628404228028
2965.281457451837
2966.576959717550
2967.190030682415
2967.611412411409
2968.787843041801
2969.847761357268
2970.308562806230
2971.544271116754
2972.040042429990
2973.234684347721
2973.678612419641
2974.077821295713
2975.174016789565
2975.715374138258
2976.644048448196
2977.906723234591
2978.658665603271
2979.699694556864
2980.233742481772
2980.831445585986
2981.510802621610
2982.688116808549
2983.478277740598
2983.982966307190
2984.822426421991
2985.764337496795
2986.267507932658
2987.328575372027
2988.526732581593
2989.225345608009
2990.207166930263
2990.575843899499
2991.408670429037
2992.020791326072
2993.047159894724
2993.477018323495
2994.425004113310
2995.886614493878
2996.206376024263
2997.233575714326
2997.987514810018
2998.759369096373
2999.478725175325
3000.444839684321
3001.237469016507
3001.868745202906
3002.649488874838
3003.429877049537
3003.752657049045
3005.326849345697
3006.306007155940
3007.077994878498
3007.650970063791
3008.641948593334
3009.132749943046
3009.812282380195
3010.479336401893
3011.852575290794
3012.260367013290
3013.084477719679
3014.066841042471
3015.001439804706
3015.848220537566
3016.284854778696
3017.666697238401
3018.196618732479
3018.902559778659
3019.771155646843
3020.198891590632
3020.938616129893
3022.027190769815
3022.727596109817
3024.154989710961
3024.937786883615
3025.592496140745
3025.819846201874
3027.247413876508
3027.420819931187
3028.615176549055
3029.412891833834
3030.049716565041
3030.917558372457
3031.607081805633
3032.637376593187
3033.370875331629
3034.630528210811
3035.395915116467
3035.766784637107
3036.602443517121
3037.581326804275
3038.134470036218
3038.486252610420
3039.762610479374
3040.660812831863
3041.862103515395
3042.306651984086
3043.263556186630
3043.959115883894
3044.662034138546
3045.478968447661
3046.411590744335
3047.209073779598
3047.907907657654
3048.466891158945
3049.187296596350
3050.219038980453
3051.623093626131
3051.980405793394
3053.103410997758
3053.794709363364
3054.429529228935
3054.890740893825
3055.796109070903
3056.681891944525
3057.541881040767
3058.322113787754
3059.221718157419
3060.226214622834
3060.928423064053
3061.668328659847
3062.338996132683
3063.648854315637
3064.123676440872
3064.883359441449
3065.283683219447
3066.502290151019
3066.955425566526
3067.643561342254
3069.449478369788
3069.851104698466
3070.681927271898
3071.620984832642
3071.831795887374
3072.796249951177
3073.741189045375
3074.368407784754
3075.247342301243
3076.205547726858
3076.707502800872
3077.816876932859
3078.388937358414
3079.761924330880
3080.244825396038
3081.085456198656
3081.957449185101
3082.535292353979
3083.256675966566
3083.967810951855
3084.523218766704
3085.715421434593
3086.953300925597
3087.454234299171
3088.553516963093
3089.011808700956
3089.825194162207
3090.544184738412
3091.323532900577
3092.376275486889
3093.169289326291
3093.645744727025
3094.180313112897
3095.488648180371
3096.215930921726
3097.236195434563
3098.314115101505
3098.809671589011
3099.500557139278
3100.419233258594
3100.671282380406
3101.752645074107
3102.415216199133
3103.768414674245
3103.884764536073
3105.566376953669
3106.078372803322
3106.560436142494
3107.477014031986
3108.503645048988
3109.349314936146
3109.790706471279
3110.757283825795
3111.435821840832
3112.034485689763
3112.811906048788
3113.900135819258
3115.265234169842
3115.834981127247
3116.534019222373
3117.021485534454
3118.121432392683
3118.586151188033
3119.314948289008
3120.365524730211
3121.076525908933
3122.144149303695
3122.542323529816
3123.670460193385
3124.566061248597
3125.263108410268
3126.156071270580
3126.989422174913
3127.711411692183
3128.356963960068
3129.040312552623
3129.710177306029
3130.417343737048
3131.783414987141
3132.681612218137
3133.520136942250
3134.092494740465
3135.209357972542
3135.450186800133
3136.057259783021
3137.553029206454
3138.091950434907
3138.561871558144
3139.640820317133
3140.243220852644
3141.173027064756
3142.332593059014
3142.878234932971
3144.161245498094
3144.579982378918
3145.346007025084
3145.919125333538
3146.614253835519
3147.654273154380
3148.155692059923
3149.157920823217
3150.497311051179
3151.063104142153
3151.750465888577
3152.572654328792
3153.234637259061
3154.198527400900
3155.039219305273
3155.709844408371
3156.386212791572
3157.284993453919
3157.853008445607
3158.534273705048
3160.015815334910
3160.909826558814
3161.615678194438
3162.141126393095
3162.984178472494
3163.817577759250
3164.315431650095
3164.977199305287
3166.175167214185
3167.024489120146
3167.582956948630
3168.643986435537
3169.647214142212
3170.030798513225
3171.078169322165
3171.966428356277
3172.542975976668
3173.700732822799
3173.971422193323
3174.698162094233
3175.363721289831
3176.434502528523
3177.499887546202
3178.457806544771
3179.323116245401
3180.085288519665
3180.397781112498
3181.215761906705
3182.269739015312
3182.719059722079
3184.125673793797
3184.334478905673
3185.094087759594
3186.286654020082
3187.113964371659
3187.641620875329
3188.962702569343
3189.708181137672
3190.301795142956
3190.895972034421
3191.846739674875
3192.278541128824
3193.412409205890
3193.631337609832
3195.225099474460
3196.099032183286
3196.825039690746
3197.536160778363
3198.143495276665
3199.016901230214
3199.879293767117
3200.564437976030
3201.481916789338
3202.193985918680
3202.840132499335
3203.556672367708
3204.401093556094
3205.850435559617
3206.591217681308
3206.949470597259
3208.212427592984
3208.695303461164
3209.138120175774
3210.123031539991
3210.683433275531
3211.859042765115
3212.527294200377
3213.669791755920
3214.176880021006
3215.314284695547
3215.969730197779
3216.424327839830
3217.561952339915
3218.587178056948
3219.030512835031
3219.573316844397
3220.424284954443
3221.253807788280
3221.935366538075
3223.287233042797
3224.301013522229
3224.745035486202
3225.758715841734
3226.132217832020
3226.877331406686
3227.638175650601
3228.806882306877
3229.229840015460
3230.126590814281
3231.031866608794
3231.957013865568
3232.597074027776
3233.490033251886
3234.499888907433
3235.262545426093
3236.154227452730
3236.284629765013
3237.682697643376
3237.929234450685
3238.604023825962
3239.621605340164
3240.821195919476
3241.884025966371
3242.510310895364
3242.891681208705
3244.056794448724
3244.520558932889
3245.367262000811
3246.168754990568
3247.168851818514
3247.821636067178
3248.470403673329
3249.030647036576
3250.558918355257
3250.975181366431
3252.201583997306
3252.866049357643
3253.579886912353
3254.165335332897
3255.260150218849
3255.359865258264
3256.218820990653
3257.665766627945
3258.008409045733
3259.162570048310
3260.228603245418
3260.727630361411
3261.346541720302
3262.161916747727
3263.147368803563
3264.166499456991
3264.415482076584
3265.336132119965
3266.092581800005
3266.647568730642
3267.759423922016
3268.738109363169
3269.913617241283
3270.502531569348
3271.074095139330
3271.771640535304
3272.510299710746
3273.259636388568
3274.155676302103
3274.806424526282
3275.823100845542
3276.643766660533
3277.586868956313
3278.123254186178
3279.126175954549
3279.998093049116
3280.680760779428
3281.640837691154
3282.111460664048
3283.006842271799
3283.499187065317
3284.509121692443
3284.813814143269
3286.835193939490
3287.095592894511
3287.888986004253
3288.832296362154
3289.421444855045
3290.205241914882
3290.602437185166
3291.924733832016
3292.604470378938
3293.270404696764
3294.024562022987
3294.828377846343
3295.893903463280
3296.662357397559
3297.737991739743
3298.127601152346
3299.367180284669
3299.929061223655
3300.165691027490
3301.073602381612
3302.120644667691
3302.598448752111
3303.862925491390
3304.772883938511
3305.659609372665
3306.343980032022
3306.829523616978
3307.618999398130
3308.707200201747
3309.368292330091
3310.185597985624
3310.864722421055
3311.402274212421
3312.551277881250
3313.000920462852
3314.330171384934
3315.382390067610
3315.955827948683
3316.681765272918
3317.124943992087
3318.208040636101
3318.719882468999
3319.422164943886
3320.327270638424
3321.471897069930
3322.045756109052
3323.066807689238
3323.958648007827
3324.289022343514
3325.462512259171
3326.340988382709
3326.756521990817
3327.805700819861
3328.515809950400
3329.193139195860
3329.449011521028
3330.700871598231
3332.018276217892
3332.633868474132
3333.592148158541
3334.273696567654
3334.760927040129
3335.715079501282
3336.146981804150
3337.133137198254
3338.137675649660
3338.927748792563
3339.263927983239
3340.472988042090
3341.401326946776
3342.129982683999
3342.751983899289
3344.179922352590
3344.429783966576
3345.220466649487
3345.909152848938
3346.593802750165
3347.330661068529
3348.183575349826
3349.139547942787
3350.476611757312
3351.048989701696
3351.606083733132
3352.522774363746
3352.985964596652
3353.929344078078
3354.962130487561
3355.528616895884
3356.157658213840
3357.123651949018
3357.930579179305
3358.377096772340
3359.815879456908
3360.671269862029
3361.415088943450
3361.989435685869
3362.816239466591
3363.511096592547
3364.149606704942
3364.782906343470
3365.795257873988
3366.608518400796
3367.845171137493
3368.465624657309
3369.004000313134
3370.177539302495
3370.821246499294
3371.186653818515
3372.723500246439
3372.969539414165
3373.901019312218
3374.461218500488
3375.133395446965
3376.020441406011
3377.217152491886
3378.343587879370
3378.689293931085
3379.843408407036
3380.186296099398
3381.130237144137
3381.421161380385
3382.511604464473
3383.473214030455
3384.227634175574
3384.727839052591
3386.060627718422
3386.656554372281
3387.545735844861
3388.041912623392
3389.516564056864
3389.753650866133
3390.750680063893
3391.179671808840
3392.033316651911
3392.876581264224
3393.259126902672
3394.595463419298
3395.653541666607
3396.710091961370
3396.931907822755
3397.779253590031
3398.367980925048
3399.418710050155
3400.092731539031
3400.712009625342
3401.850502389054
3402.605607823711
3402.822346773964
3404.226619734005
3404.836174211237
3405.991057599867
3406.803623729161
3407.358846083026
3408.156258667811
3408.862575325029
3409.572589573398
3410.250054565342
3410.742927613818
3412.196772427381
3413.017631135594
3413.686675565140
3414.795931596605
3415.357274991064
3415.828978778460
3416.873601834313
3417.580434543201
3418.603728348030
3419.209387025687
3419.838494592002
3420.435823333331
3421.414686861091
3422.423020036214
3423.429611739501
3424.322564279663
3424.891605852357
3425.854608359480
3426.279314093633
3426.758739827184
3427.868872248852
3428.650219285450
3429.372265231274
3430.274043577204
3431.265804880010
3432.212938925654
3432.588588983967
3433.506025032161
3434.462923591893
3435.232718389851
3435.991037100490
3436.838307141235
3437.009518223560
3438.296258116983
3438.710651786672
3439.479988809792
3441.205743431279
3441.787565648633
3442.268947403252
3443.076215675046
3443.955263554120
3444.507677177138
3445.136642664585
3446.240405886507
3446.971032193807
3447.665409508836
3448.613402168754
3449.214865991729
3450.229927343640
3451.196867716478
3451.911618697181
3452.708497604388
3453.431029818831
3454.354940651821
3454.735823734253
3455.419315790480
3456.158273288636
3457.202735948169
3458.235816816391
3459.193974418834
3459.853693980393
3460.800416228686
3461.119953557044
3462.056038867435
3462.672563706393
3463.938648609279
3464.467099074892
3464.977500378883
3466.046882208776
3466.397956040942
3467.830249098993
3468.377913010373
3469.462869027695
3470.616915038272
3470.787996362362
3471.399331281034
3472.315064730554
3473.219187321815
3473.470254761879
3474.748509920302
3475.413299923752
3476.533634464789
3477.419935393706
3477.975741515058
3478.738062219435
3479.409504819662
3480.662832057697
3481.166410592022
3481.680157389101
3482.810826906130
3483.372429208236
3483.912469015487
3484.651664524466
3486.279428653929
3486.791844062388
3487.934292178012
3488.219916624102
3489.002137466749
3489.857492945411
3490.530993566280
3491.028907724308
3492.252996341497
3492.974384462811
3493.748772737975
3494.447892549668
3495.540474309811
3496.270339740123
3497.023080360881
3497.822978772904
3498.800214815285
3499.461063577871
3499.987345773748
3500.778772408449
3501.287729969587
3502.298320975504
3503.216184226842
3504.513049261725
3505.038654828161
3505.856137726203
3506.735256359125
3506.969228792921
3507.881845281267
3508.832928385312
3509.866457835653
3510.239146260235
3510.927310324296
3511.946408604434
3512.917735718554
3513.313068326086
3514.838040288601
3515.313206104819
3516.187882848098
3516.790003750122
3517.596897434847
3518.015147481159
3518.965074962443
3519.764526983185
3520.368894681714
3521.812480776558
3522.546651051354
3523.256395940986
3523.749489364784
3524.855674457091
3525.358167767404
3526.369339203111
3526.955075082933
3528.095001012667
3528.361606506071
3529.161535229388
3529.941312242420
3530.854023813136
3532.364388104845
3532.731344350856
3533.455722522788
3534.339884507736
3535.177034416206
3535.355065587369
3536.408784001912
3537.024321839853
3538.192740013901
3538.992505890220
3539.455017685735
3540.762715940225
3541.506457665258
3541.925436670439
3542.912601389108
3543.861104297609
3544.710574921580
3545.072395461398
3546.055029575245
3546.468956741084
3547.293289420827
3548.209440512524
3549.423177156124
3550.203469204900
3551.238191651314
3551.643221669359
3552.327458606921
3552.840385009553
3554.043280537191
3554.620306976173
3555.411981754170
3556.283272630767
3557.023574766406
3557.719899730613
3558.935401006816
3559.308477896477
3560.505816908297
3561.472874657351
3561.866408567190
3562.545881736377
3563.358272004886
3564.173637650179
3564.711982775740
3565.297284355791
3566.804435164320
3567.555620441968
3568.627011445946
3568.793208824826
3569.842576521770
3570.662199318613
3571.046286388635
3572.259011076912
3572.880201633317
3573.695885895106
3574.409906428021
3574.917549920810
3575.844557503783
3577.119052358756
3577.859454765613
3578.664324408108
3579.414490331692
3580.083713636206
3580.881464555660
3581.353505973588
3581.917246878753
3583.347475609970
3583.718534563576
3584.701817193648
3585.886534067798
3586.390575148353
3587.165214716034
3587.983993574787
3588.604421805179
3589.682172023507
3590.549369495659
3591.002788516379
3591.429475237896
3592.679478154653
3593.023969529606
3594.108276494408
3595.294728876902
3596.466199457482
3596.619277461683
3597.267515911614
3598.380766010823
3598.690777603400
3599.580500557822
3600.502723013875
3601.375232671962
3601.820157999894
3603.157897505760
3603.590560343482
3604.485516788127
3605.380965962754
3606.341275336257
3607.001483317115
3607.676063174928
3608.451628422643
3609.216019330209
3609.783733531693
3610.378766208853
3611.315125459718
3612.818057004896
3613.283303291837
3614.194800541873
3614.892467095909
3615.524330135283
3616.276701796086
3616.968542729000
3617.880290284807
3618.784559806672
3619.482942407873
3620.037952276968
3620.732952639390
3621.985025219329
3622.820064373524
3623.457934161924
3624.638928203913
3625.124152804998
3625.875025823862
3626.356507853262
3627.172428166416
3627.958400681180
3628.659314346833
3629.832856429908
3630.561516558886
3631.528591562173
3632.436420607617
3632.985881701097
3633.242868791923
3634.751404706584
3635.400467689089
3635.894029826842
3636.887712430014
3637.339186674296
3638.322275325731
3638.806242398019
3640.002478729878
3641.316806754946
3641.705067013826
3642.518182505984
3643.345175590059
3643.598736549180
3644.702318482209
3645.368917976847
3645.979207786040
3647.109361959653
3647.841329821658
3648.756136614792
3649.423831350141
3650.372709702622
3650.995509214617
3652.137083528070
3652.503753982061
3653.484502401153
3654.352423204239
3654.738417869794
3655.365279830724
3656.262941227233
3657.101208761364
3658.679082726645
3658.977358969416
3659.845433846983
3660.593132497573
3661.393545123620
3661.855493030817
3662.514774009891
3663.790337608418
3664.426046949253
3665.117031821551
3665.594445669602
3667.003851480809
3667.454515110830
3668.395102334638
3669.486658132399
3669.990356209602
3670.985253176254
3671.500443898301
3672.068630589079
3672.839907959797
3673.554989585961
3674.621054232839
3675.189171322430
3676.824114900362
3677.103654840807
3677.845520022048
3678.570954938083
3679.286319318850
3680.203876265787
3680.993495206608
3681.798277884677
3682.306787667605
3683.267059370734
3683.850934819490
3684.609198567096
3685.821535807405
3686.813371267605
3687.569064176359
3688.093641098723
3688.775998133180
3689.584305194750
3690.367321510763
3690.792028735548
3691.696067421439
3692.888196292256
3693.492448720302
3694.470517417742
3695.154315588829
3696.055708277079
3696.731301402248
3697.360096344326
3698.534088251431
3699.159847528873
3699.596114557737
3700.741252722592
3701.076740379793
3701.596890131980
3703.205857913887
3703.956771094544
3704.731491923412
3705.711956995943
3706.271606038355
3706.707694834206
3707.563715680307
3708.261521935741
3709.383095669590
3709.897856391708
3710.779066016196
3711.487273052934
3712.473620533704
3713.407030661260
3713.882827355543
3714.888326566190
3715.967718355010
3716.467560898460
3716.969749909363
3717.713131212976
3718.706296080899
3719.092371654812
3719.945913692019
3721.214463600191
3722.308695261433
3722.763553508041
3723.614298681836
3723.970207122020
3725.226288661530
3725.459778575378
3726.736011811232
3727.193463887508
3728.153684079890
3728.737042498761
3729.541773494185
3730.321996856143
3731.401562911515
3732.527636534997
3733.031256386729
3733.558723624194
3734.616924595785
3735.319518665673
3735.588195731351
3736.461921029797
3737.381302337930
3738.373213933881
3739.192843454496
3740.165977937800
3740.805872200164
3741.555669848880
3742.276023693939
3743.076868609594
3743.790626079236
3744.899846873026
3745.520493602870
3745.832637004512
3746.591905970054
3747.745870157668
3748.380667730908
3749.745162371630
3750.389434408152
3751.112703751552
3751.876526168006
3752.333032927107
3753.188579412355
3753.699890503027
3755.064186034580
3755.301058969911
3756.388184851677
3757.134564902233
3758.253907586199
3758.874363485344
3759.291633579186
3760.691046262389
3761.267716531240
3761.974483435682
3762.618450902424
3763.464997556099
3763.941240352664
3765.038197405690
3765.203213377915
3766.995722859951
3767.744412290414
3768.317458974483
3769.101317217800
3769.824973165526
3770.306574582708
3771.382645704892
3771.991681700828
3772.746291079960
3773.897718225104
3774.240466151412
3775.009101289331
3775.968613802894
3777.257121476374
3777.499745605683
3778.663377919450
3779.404559771819
3779.903123708030
3780.812687715669
3781.219317625775
3782.069165852763
3782.727516804422
3783.945854242096
3784.946590613363
3785.418628094740
3786.619028758497
3787.098710832413
3787.665552297697
3788.391383866817
3789.605590152054
3790.245994742521
3790.811653720483
3791.544840234935
3792.318725189380
3793.019532784491
3794.125882538145
3795.060351670172
3795.956900993563
3796.712360463814
3797.424628908429
3797.678694968847
3798.773556791901
3799.287685883483
3800.182593236147
3801.132635809008
3801.669536068031
3802.982657945220
3803.813835425323
3803.970487103932
3805.191923340413
3805.864838671464
3806.810662651508
3807.483179757191
3808.091700772336
3809.057725541306
3809.438455758948
3810.269256484679
3810.951281423273
3812.346075366790
3813.316730632328
3814.098311505080
3814.203507972216
3815.326407250225
3816.183625262031
3816.524390540380
3817.251636869742
3818.644859327565
3819.087564827034
3819.632680124996
3820.770006432806
3821.511852706983
3822.360813619759
3823.291261833117
3823.920947662564
3824.895077200324
3825.449049704274
3826.289079565094
3826.738556429022
3827.369354411119
3828.306873042061
3829.386332871175
3830.150942965259
3831.445522463828
3831.751005538959
3832.519076834153
3833.272654964083
3833.791972807097
3834.893151745848
3835.788194563272
3836.210234867368
3837.080320104287
3837.703523651594
3838.650989367258
3839.473880799620
3840.428200877796
3841.535127085543
3841.981978068864
3842.994297872972
3843.159507357699
3844.021469024085
3845.106965883190
3845.357286260870
3846.300174434897
3847.438071330453
3848.429732762229
3848.893561351924
3849.903495524215
3850.469873054697
3851.178061430865
3852.258373614418
3852.852714542446
3853.593651283039
3854.330911646263
3855.134359793763
3855.651260425228
3856.257853843451
3857.896128585169
3858.616742552334
3859.219576915301
3859.992941976790
3860.966543043394
3861.278983195595
3861.852026454670
3863.016350605956
3863.543255768261
3864.622174480928
3865.422872801465
3865.825222076712
3867.271447778050
3867.674353986828
3868.489301343328
3869.341079010236
3870.320628581834
3870.895835202520
3871.709370025264
3872.046182160166
3872.874659952221
3873.795106997988
3874.456403380761
3875.791158334781
3876.645105732718
3877.303243965282
3877.967331321981
3878.592286781937
3879.212905318621
3880.258926828432
3880.901816050857
3882.008708574301
3882.163818350001
3883.270345877683
3883.996920035664
3885.036184664700
3885.488964728861
3887.139321992859
3887.361146774163
3887.886692150813
3888.977754118727
3889.497039484358
3890.225280921486
3890.767723515253
3891.720565748300
3892.684399612920
3893.790674778507
3894.524725662550
3895.134927965768
3895.774245320124
3896.743433363571
3897.435592885388
3898.024970393409
3899.191664051738
3899.715141177440
3900.465763702536
3900.869228484312
3901.870800484221
3902.988742126575
3903.967084526093
3904.640737024448
3905.532884677129
3905.962499005870
3906.838501092091
3907.519906810492
3907.863959503410
3909.040945301579
3910.105898055285
3910.360946466978
3911.577513869132
3912.419463199669
3913.194531013084
3913.774857269221
3914.516763596767
3915.668308234876
3916.399868268786
3916.804983877180
3917.497436065171
3918.397531186173
3919.034716352808
3919.667147702387
3921.144592760050
3921.865270133482
3922.763287763826
3923.380832273669
3923.825130518498
3924.611970433667
3925.493448413934
3926.190860987408
3927.234642958594
3927.491500588485
3928.823836187588
3929.317527478702
3930.040170395309
3931.224900524940
3931.894979737114
3932.723934191718
3933.574806104163
3934.233507769800
3934.627181561825
3935.731868484098
3936.275151485723
3936.649079235107
3937.989669167182
3939.279407210846
3939.598841466581
3940.519911159235
3941.250758076176
3942.099002994046
3942.392883028983
3943.462742605995
3944.355362034184
3945.144435088575
3945.646170622550
3946.346239323796
3947.163989681203
3948.160303643045
3949.262936750237
3949.816474077923
3950.819267940721
3951.516303091445
3951.939817096625
3952.926446701994
3953.161689164389
3954.201276632764
3955.220544169977
3955.785439869112
3956.788702384099
3957.934315249670
3958.407885203537
3958.947385154781
3959.829321814604
3960.885740283698
3961.438929287514
3962.349006485939
3962.788279626837
3963.870128379522
3963.953004360893
3965.316317767089
3965.830276411323
3967.528603128329
3967.861362900735
3968.624509822514
3969.114890120300
3970.056229990598
3970.655173977849
3971.460235936500
3972.051828929953
3973.293271667722
3973.758211234994
3974.587721334094
3975.656561076744
3976.179231925996
3977.075266730675
3978.098912131863
3978.740696579014
3979.235342765016
3980.432649510634
3980.766710103917
3981.382623388020
3982.086679811749
3983.044736339182
3984.291690880310
3985.159266283163
3985.636996574387
3986.658345981266
3987.197593295359
3987.799860255558
3988.460679615898
3989.722155227696
3990.111960028639
3991.156699500547
3991.584569078273
3992.302107477557
3993.572576859553
3994.128303485164
3995.160073219799
3995.940398266310
3996.757393566725
3997.529842453351
3997.778014772668
3998.553726398230
3999.566633301731
4000.144705640025
4000.923604877379
4002.247129045126
4002.880901319649
4003.775876514223
4004.278772541147
4005.109508483189
4005.662478425125
4006.919099733630
4007.530915147037
4007.927301111068
4008.878765176384
4009.818502298353
4010.065814378028
4011.045482479417
4012.595207905759
4013.032681585260
4013.920830693357
4014.425824886507
4015.265599087210
4015.906077404126
4016.518909143498
4017.355876574973
4018.136734806039
4019.179509526585
4019.819872515022
4020.790230398988
4021.371136845534
4022.479914715464
4022.902857992828
4023.913979528562
4024.558550486300
4025.695914526086
4025.851796423080
4026.677684176268
4027.432981354919
4027.948955177692
4029.430285204255
4030.086950438708
4031.158521162562
4031.837781848211
4032.220491354555
4033.144422661025
4033.781665009643
4034.344112489715
4035.604854370690
4036.281098114913
4036.717456839054
4037.540016854930
4038.815578319744
4039.223736560810
4040.110434297132
4041.116819541285
4042.155827964871
4042.356767508751
4043.105665881398
4043.993595460642
4044.586012930833
4045.159239724715
4046.163861662529
4047.076091298213
4048.192337358136
4049.052980785270
4049.608358366627
4049.886726406141
4051.139032987897
4051.791764083162
4052.437912677805
4053.425013248964
4054.063027542623
4054.716263527987
4055.559548254219
4056.044043994843
4057.414041045981
4058.247655895860
4059.127516583179
4059.642313101531
4060.318813179808
4061.276607684889
4061.617200332505
4062.461137450270
4063.078086732091
4064.305278120772
4064.964955861327
4065.887245464337
4066.618693484668
4067.502953736137
4068.284105042228
4068.608351416825
4069.863198150007
4070.561448518595
4071.300845564051
4071.835948510885
4072.423276210731
4073.401987747772
4073.966483326072
4075.398613998502
4076.214963205600
4076.721569341861
4077.857683737579
4078.206853456551
4078.713853243962
4079.515746149998
4080.607508286260
4081.316559491106
4081.804203953345
4082.900706827750
4083.645002241788
4084.476161907873
4085.265753556443
4085.972992597907
4087.062634378636
4087.721289684217
4088.319488328568
4089.067865374148
