23.846953585893
25.057218373149
25.694781880178
26.931858892363
27.128655989513
28.871320002319
29.704453271019
30.346983255255
31.408056824930
32.220946706828
32.886762851213
34.125874887286
35.024351305537
36.144259732046
36.748745292053
37.335242321102
38.524280304052
39.341209341086
40.239769231231
41.370622864726
42.328488110170
42.597947694897
43.694637620444
44.492250230988
45.494472198092
46.632994402310
47.163301692925
48.172641545033
48.948477776462
49.647024894166
50.347770444350
51.737484094934
52.594713934770
52.997183279135
54.140083654583
54.890025602071
55.466338562215
56.452796426457
57.444502154223
58.648046866526
58.941408242478
59.769243698321
60.796079907822
61.337524932573
62.304830816251
63.359266114014
