25.743723661946
26.481420471043
27.084806785043
27.657367707693
28.240924074733
29.293279270735
30.153073923595
30.370643932507
31.568615099370
32.061944792477
32.562332978123
33.345285455550
34.573037798936
34.947567612404
36.168459024780
36.496154339542
37.682738795032
38.113580055297
38.601349568979
39.141813641535
39.870517299035
40.556864091726
41.619027051238
42.358840683941
42.820622887228
43.704685441082
44.723588725619
45.334671690647
45.607846512659
46.573667195728
47.143720749449
48.106433913323
48.747384014069
49.228982608522
49.885101096487
50.447362130231
51.292428696486
51.689537299287
53.133046657589
54.020241380690
54.366057412840
54.839481182349
55.660020622836
56.210097620555
56.866291755619
57.592030317219
58.247050195296
58.975539608317
59.370054820807
60.470931346517
61.264973863510
61.767706836325
62.391504573694
62.966521995928
64.176981028645
64.590529222152
65.237809797703
66.157454898525
66.296131861897
67.117218098689
67.577376059038
68.486367616479
68.889218998350
69.756885662291
70.794528478638
71.484022843913
72.174154185781
72.574363194526
73.473059571649
73.994579247634
74.550262515170
74.725397052849
76.198416297742
76.639364214251
77.459312241765
77.575443167764
78.442909783828
78.932239287079
80.125557297691
80.792321463447
81.337426904930
82.038633220239
82.780048405287
83.326790317110
83.939591129565
84.654601901597
85.089406146096
85.490190988322
86.290507516228
87.096502191925
87.862339290688
88.676721366058
89.405338247237
90.002807564078
90.589130702232
90.912340399357
91.810923077937
92.559172506444
93.261040421103
93.885517592536
94.173462819489
94.822971253560
95.988593756396
96.165537969566
96.554794037927
97.726769827702
98.230128803272
99.226487626628
100.152573548071
100.530130994688
100.856334090731
101.351655974187
102.115264647325
102.871446602968
103.303947587145
104.001241478981
104.757981739418
105.434221694098
105.999950310977
106.734252287153
107.489098645229
108.213795383814
108.747111214591
109.218353883155
109.946233297217
110.809648310309
111.310268666376
111.849707679127
112.717457825950
113.055854373903
113.368969267381
114.054202217479
114.812778241340
116.159984171952
116.585806374350
116.957451120710
117.834299737018
118.395746938383
