1910.742991587838
1911.497597365029
1912.510805387707
1913.112494907791
1913.575316299000
1914.591541116597
1915.203364908368
1915.769456924209
1916.222386967284
1917.513968944149
1918.100702581402
1919.101091485142
1919.231793191816
1920.299797188147
1920.899086955046
1921.584381936244
1922.116023357757
1923.160302712120
1923.858359826200
1924.719341123196
1925.346631417307
1926.077096907596
1926.307842387269
1927.476975520993
1928.063707733578
1928.808193203361
1929.516231504612
1930.684732143118
1931.101124492609
1931.512241865857
1932.439964359646
1933.048195065823
1933.787343379994
1934.616782394518
1935.593730692149
1935.993149564592
1936.827843140927
1937.620525727855
1938.101118856353
1938.844381103597
1939.336726301719
1940.640945693684
1941.175052231291
1941.871914408236
1942.495888880903
1943.343284332904
1943.873879331038
1944.792609972501
1944.982165079314
1946.226251043627
1947.217924845833
1947.436014238628
1948.537768561517
1948.747540936577
1949.764611169440
1950.308716780553
1951.114807988705
1951.806095206891
1952.782576089823
1953.568740157948
1953.924983851863
1954.923914652200
1955.289006614885
1955.911145271512
1957.143807015523
1957.597739760124
1958.265853912684
1959.378584687221
1959.870227627215
1960.477551519794
1961.024505908873
1961.914136360483
1962.532795166665
1963.491923819377
1964.265909387836
1964.968577971323
1965.409228687935
1966.367060152336
1966.977958137856
1967.519211996100
1968.226223656221
1969.210992021497
1970.337771643332
1970.502326655374
1971.093180025405
1972.101402363871
1972.851407366773
1973.167963251442
1974.007967175534
1975.060309529625
1975.701409528792
1976.407560640162
1977.256812950984
1977.582977377839
1978.270363958041
1979.282327545987
1979.775198681534
1980.650917396405
1981.569058752973
1982.018034926739
1983.154764126127
1983.312302081591
1984.002246431446
1984.847582584601
1985.620494728883
1986.560999981195
1987.147968527601
1987.775234453882
1988.782732782895
1989.189565519376
1989.808379621120
1990.540462178691
1991.300650465747
1992.327862088703
1992.907843618603
1993.716835556999
1994.189540792761
1994.951899339671
1995.707220631550
1996.355135572013
1996.942372576237
1997.887478418224
1998.993375782384
1999.323689739551
1999.904444326134
2000.606565720196
2001.512063610462
2002.166254005008
2002.559705330466
2003.848356248660
2004.392647657345
2005.093475119705
2005.877189739399
2006.356717064129
2007.267684357719
2007.443542767556
2008.959970733714
2009.235192260847
2010.040663300021
2010.993733070848
2011.504856677910
2012.197534544301
2012.872002042479
2013.297811008479
2014.425736863727
2015.289660514549
2015.773769927567
2016.550880324884
2017.378394266065
2017.811473315463
2018.558156007630
2019.497860018772
2019.664223487342
2021.132926257785
2021.594161687897
2022.426803045664
2022.736951381494
2023.808082078049
2024.179555503796
2025.065263628751
2025.763400944425
2026.488467706271
2027.501353533516
2028.153446485534
2028.706723601227
2029.135035422411
2030.095649055675
2030.857388649265
2031.353976454187
2032.422347427561
2033.074982360825
2033.822363598687
2034.374106586912
2035.259276442225
2035.625252522571
2036.338515295736
2037.304428068401
2038.203177121672
2038.830134881603
2039.306691490243
2040.211694316945
2041.075367094412
2041.403478772095
2041.897231332597
2043.098315772726
2043.944156137531
2044.389142584354
2045.367961411632
2045.764960375220
2046.551684038957
2047.242891103830
2047.882496593312
2048.688695310365
2049.418446106353
2050.426887631410
2051.108574618074
2051.436877947434
2052.115622321656
2053.123980624291
2053.535648824127
2054.466840356790
2055.119852976464
2056.180705431789
2056.540218614471
2057.527519281413
2057.894451098966
2058.457181461455
2059.523915966251
2060.039692068861
2061.055576815786
2061.695399916251
2062.322867572439
2063.094624820536
2063.827249966686
2064.259189869716
2065.009261261097
2065.786354557859
2066.952428217907
2067.321503705145
2068.104745476346
2068.625513594915
2069.593834361552
2070.092748425362
2070.767512109659
2071.335977759356
2072.719759190294
2073.175146602920
2073.567164630292
2074.643460107488
2075.173985101906
2075.605821707536
2076.597036089740
2077.365176176101
2077.942177931479
2078.898968621596
2079.785944328955
2080.081086146749
2080.788875598246
2081.406697649677
2082.331986079760
2082.980980565341
2083.927103761178
2084.333319717124
2085.611988944154
2085.800250976088
2086.388867570807
2087.455914742670
2087.711109688385
2088.670957783141
2089.779991614543
2090.175664818633
2090.940226937682
2091.521259125692
2092.473997584764
2092.945297615939
2093.476143188880
2094.346833019906
2095.456216122015
2095.926117101228
2096.753128274359
2097.220160267178
2097.898664442204
2098.900302537918
2099.226579264576
2099.995705084382
2101.008918787225
2101.796187829319
2102.398249520149
2102.966079076544
2103.733141655713
2104.272007769528
2105.079919855842
2105.818835568682
2106.771771910167
2107.240765629144
2108.135918109420
2108.894976367535
2109.420649870081
2109.870472575530
2110.673688619783
2111.788008665749
2112.225594401923
2113.140349718802
2113.711207914533
2114.587815212738
2115.100874967065
2115.698947175234
2116.395966759627
2117.299411902150
2117.941580954306
2119.107796683322
2119.464195605576
2119.903438119067
2120.827850670751
2121.680359563685
2122.164707112711
2122.611687846580
2124.016989097008
2124.438290013423
2125.299334093654
2125.765250498733
2126.439491936654
2127.220323872664
2127.882335172371
2128.569748346753
2129.473940196254
2130.166428318195
2131.108286865444
2131.388184685733
2132.326682594720
2132.785748195148
2133.400870138525
2134.515688124989
2135.123110358423
2135.843672273741
2136.580512950443
2137.366956603156
2137.881816309680
2138.584171067088
2139.160052471680
2139.895258902619
2141.192839347641
2141.490442401582
2142.096848553443
2143.086557869216
2143.640667790761
2144.237417480741
2144.834752134157
2145.841433119945
2146.326385076609
2147.518819039955
2148.059447925262
2148.473218205480
2149.298802149043
2149.894139954924
2150.807784825178
2151.356978743346
2151.997022542084
2153.252259467718
2153.652885228908
2154.363644930576
2154.842699957436
2155.700430007875
2156.330167757714
2157.055930435353
2157.896223995966
2158.814782390959
2159.224626823186
2160.032644407090
2160.958857172878
2161.163417057202
2161.886633591500
2162.728839999077
2163.863649690517
2164.270206450251
2164.906105433207
2165.815154463620
2166.502532088401
2166.885467247961
2167.842423935419
2168.193189498753
2169.419359701924
2170.081888236495
2170.773738304024
2171.374167852907
2171.953642124127
2172.861031267361
2173.403298201639
2173.985415954217
2175.010557878466
2175.718026605519
2176.481489912564
2177.218664817277
2177.749823893837
2178.106169231371
2179.415061710033
2179.633796795563
2180.616930738811
2181.404825667015
2182.108222339974
2182.972432183866
2183.393012392788
2183.942069131664
2184.757716413888
2185.547986424849
2186.281492083313
2187.084861565594
2188.062719531425
2188.189395239492
2189.102924944835
2190.011698538632
2190.490016616588
2190.748589535499
2192.228513918300
2192.811058297583
2193.539786981734
2193.888744842984
2194.992572037897
2195.470266148153
2196.061927198116
2196.795482749342
2197.596607780290
2198.583958970839
2199.144689520309
2199.915751862702
2200.341657357469
2201.222288400495
2201.687093118496
2202.603310646266
2203.369188067504
2203.919240365464
2205.017291306583
2205.605056045516
2206.117181686725
2206.663804436398
2207.579323976371
2208.089009066541
2209.099336398222
2209.789730778468
2210.421101903788
2211.249522243133
2211.981239695535
2212.392825141441
2213.131623404031
2213.767319631213
2214.725561956137
2215.497804308834
2216.274292390982
2216.734345146980
2217.579028833036
2218.115326635143
2218.950270434314
2219.532381620779
2220.044652410288
2221.393614131474
2221.926720821245
2222.479047837552
2223.017583151621
2223.965015287620
2224.586307111729
2225.090340468683
2225.928931433775
2226.833903916729
2227.608786707704
2228.211848996156
2228.840654958886
2229.615755713116
2230.022459215328
2230.819554144169
2231.820195185601
2232.412693104286
2233.068160094428
2233.973996255567
2234.687108538883
2235.232412710952
2235.577418393001
2236.546238784662
2237.496452640272
2237.924519767232
2239.083515699261
2239.471251279962
2240.065457935781
2241.156340322450
2241.373601580789
2242.145563708054
2242.842162091619
2243.938147444275
2244.558236638281
2245.183958302467
2246.014557033653
2246.247618921509
2247.403394466540
2247.908424145440
2248.389666360637
2249.437586195123
2250.401658190733
2250.828279582322
2251.525576176109
2252.270946303773
2252.621467911390
2253.814024173946
2254.108075319517
2255.012439358936
2255.967178896923
2256.585936185495
2257.130172882271
2258.093473812429
2258.286021821043
2259.250637517062
2259.747666743723
2261.037916105761
2261.532957834024
2261.874858360867
2263.176680735576
2263.501544583076
2264.173784718701
2264.695542732930
2265.547308427803
2266.519105204029
2267.199696537885
2267.782252745587
2268.708385114333
2268.999538520130
2270.008542008127
2270.378417349642
2271.339328407007
2271.818416941244
2272.966416905622
2273.637096979211
2274.306682913315
2274.559505776753
2275.528679359395
2276.375447769606
2276.723333730747
2277.657174250174
2278.435438843543
2279.359026236034
2279.911833180496
2280.347673387551
2281.269786464393
2281.736395154735
2282.458667084987
2283.509503576107
2284.034246954074
2284.782257205728
2285.640254745933
2286.209230590330
2286.732809174643
2287.581364613699
2287.991235938145
2288.964815682039
2290.092374882448
2290.326105316136
2291.067159924677
2291.844420960925
2292.653315031241
2293.176749132954
2293.543909145727
2294.691413246298
2295.436859837162
2296.305229851229
2296.715142583325
2297.443393326164
2298.257508912014
2298.628006190556
2299.671204592138
2300.043352591124
2301.160549929645
2301.693969617781
2302.668765667527
2303.309365334916
2303.506033131908
2304.298565318576
2305.476339152331
2305.732364862949
2306.536589341285
2307.605787550695
2308.233965915270
2308.633058886840
2309.514762488969
2310.205138058788
2310.509617357880
2311.583368289319
2312.429156369241
2313.069962819919
2313.813174699329
2314.308773149229
2315.264924335177
2315.770580582880
2316.329848761928
2316.972308750377
2318.176585665448
2318.770185736168
2319.400606144601
2320.008371638438
2320.777651501170
2321.438854531289
2322.078454153618
2322.688390464446
2323.555661442371
2324.496332015884
2325.115887807468
2325.809862076892
2326.193463302492
2327.175141439129
2327.597456914444
2328.478097867417
2329.198035326548
2330.049666560953
2330.620500626119
2331.685848553952
2331.899204368761
2332.753659922922
2333.048476349600
2334.319166029254
2334.765010541838
2335.660848228163
2336.293065971250
2337.141037441631
2337.789408142477
2338.147728205880
2339.054551724345
2339.680678141919
2340.323021283948
2341.536524959857
2342.094808991934
2342.402964699467
2343.398364983476
2343.992828327458
2344.702813198039
2345.331768785035
2345.837705343102
2347.137620454051
2347.818351897770
2348.107541448755
2348.922109938630
2349.652429242022
2350.468553876013
2350.691106651838
2351.837898640423
2352.495542392612
2353.220602644252
2354.120883379704
2354.702215486504
2355.084856078498
2355.820322070246
2356.758790986127
2357.205067004661
2358.397911624239
2358.670093356522
2359.676659193811
2360.286881595607
2360.990180230772
2361.481490696296
2362.058038965424
2363.025671157788
2363.966138920254
2364.385401324512
2365.267773336522
2365.942965546374
2366.442817213003
2367.336471290560
2367.821381184875
2368.374663133156
2369.622214019591
2370.050722395661
2371.006534103630
2371.617795884039
2371.881361057535
2372.914194494364
2373.592077428330
2374.232401167729
2374.719889377592
2376.041381181956
2376.690499242793
2376.910498301902
2377.806920478828
2378.486917888780
2379.107000139229
2379.815528396585
2380.587309978408
2381.601016103436
2381.927744317457
2382.909136253961
2383.465727138051
2384.262406064965
2384.453184933776
2385.391710511600
2386.593551538595
2386.786202534455
2387.835436095747
2388.307632576605
2389.222905338656
2389.800069006600
2390.232252339947
2391.001589535294
2391.880073140017
2392.699313892237
2393.476447587132
2393.991249744837
2394.672434458388
2395.342250113363
2396.106588154101
2396.681265306494
2397.306036587746
2398.287600302694
2399.203293442534
2399.616843054143
2400.363423000628
2400.864692561714
2401.684274932590
2402.295271605186
2403.175957655076
2403.702270227461
2404.628981620301
2405.540206159960
2406.033683988922
2406.335497472651
2407.334361667003
2407.997021782498
2408.525852911154
2409.584119779938
2410.367576705005
2410.729894900101
2411.660753797898
2412.393281608131
2412.793567969133
2413.554621738769
2414.090886149424
2415.264528838479
2415.923502756185
2416.658048735467
2416.859720787061
2418.201529035364
2418.585236030760
2418.885124856214
2419.912595854678
2420.678554233009
2421.559833962619
2422.140953688442
2422.961506604008
2423.468074200025
2423.936806932606
2424.960490838806
2425.558553875620
2426.098362996856
2427.072905146261
2428.008674109796
2428.409728191809
2429.121303026607
2429.710641635061
2430.324909890082
2431.198969589419
2431.925726205180
2432.544503161386
2433.584800094758
2433.981977995667
2434.842441641304
2435.395541906937
2435.931087682868
2436.695017582153
2437.425997272586
2438.564840699622
2438.829270250470
2439.708988132474
2440.421134346154
2440.920226309566
2441.813450176026
2442.300243557310
2442.801942801017
2444.107255433799
2444.701822488942
2445.274043615814
2445.894582736257
2446.594241475248
2447.392052397568
2448.122155986592
2448.275820216592
2449.662364612267
2450.246578874358
2450.880090164451
2451.696248086604
2452.337816911406
2452.640269808475
2453.578947499343
2454.344032170897
2455.151413294906
2455.597225719653
2456.775062083664
2457.190661931070
2458.000076939104
2458.263486467592
2459.162327976062
2459.872150926730
2460.733571410861
2461.409707625737
2462.123781485512
2463.008661493491
2463.296678847732
2464.219773152065
2464.787052272589
2465.341161041642
2466.166191007886
2467.236104055219
2467.996358406230
2468.091870816022
2469.069464866104
2469.884076073004
2470.465564989079
2470.823501946719
2471.954888144836
2472.460287648098
2473.679235650103
2474.041284686495
2474.517064942062
2475.285600846211
2476.184099720374
2476.586902469688
2477.330514507953
2478.274932059830
2478.976832344174
2479.680627704902
2480.362474887578
2481.030983434815
2481.410083079640
2482.286757719970
2482.998883878364
2483.922512905811
2484.537175314146
2485.123132556114
2486.090499285336
2486.649545776411
2487.154246292937
2487.687782256375
2488.607316307971
2489.620145539529
2489.967339898823
2490.983811305852
2491.467076123492
2492.259778532915
2492.672555262036
2493.667315343190
2494.079618112347
2494.775708557590
2495.968286175673
2496.612036648030
2497.006681920899
2497.635936406017
2498.528013372619
2499.092251256304
2499.882157047051
2500.268087600333
2501.487695613692
2502.130472748822
2502.713626395056
2503.402622933474
2504.004756813805
2504.613669813245
2505.382162270408
2506.152442108747
2506.927910282829
2507.597073877291
2508.497986876550
2508.871429527168
2509.837175659987
2510.190539928290
2510.714221976096
2511.922499562594
2512.419522509550
2513.397258422108
2513.773431504910
2514.626508802545
2515.333948234369
2515.866890429816
2516.595047452333
2516.995740792525
2518.344300319551
2518.851597191533
2519.411393241649
2520.264902207377
2520.879068379772
2521.387425394882
2522.154727048602
2523.030756984513
2523.368623022858
2524.501096200319
2525.331224253428
2525.774323508983
2526.373997985826
2526.901782205613
2527.997745133275
2528.353079363207
2529.119202169530
2530.043224891944
2530.746414485365
2531.487402744711
2532.135236390466
2532.420492931917
2533.584388576652
2533.815575745130
2534.726202425567
2535.894842061144
2536.185225678479
2536.785940064246
2537.828533942185
2538.457257676543
2538.745873254070
2539.455068804197
2540.397921460108
2541.277755839504
2541.900546254868
2542.539241876057
2543.235945985297
2543.835893089241
2544.695360215593
2545.110406819502
2545.752072591983
2546.859473176122
2547.437821468175
2548.375206064431
2548.732091783058
2549.339181472779
2550.240564379656
2550.723956077389
2551.487755092546
2552.332220231114
2552.901577536627
2554.010926045871
2554.419599237705
2554.983245986470
2555.759399107721
2556.165131341378
2557.287960083107
2557.750952867045
2558.637987092912
2559.278612319644
2560.336237508151
2560.451730363252
2561.282441349987
2561.994025412372
2562.552906753137
2563.358609160430
2564.367747039602
2564.927254740616
2565.682518800618
2565.960810509670
2567.220705210161
2567.553021957136
2568.018622289828
2568.819286124531
2570.028159452078
2570.615673653962
2570.946439959924
2571.947558963828
2572.479138672455
2573.075290873605
2573.856042264380
2574.496443435733
2575.214338906348
2576.296200060054
2576.690592185347
2577.494030242367
2578.117253762001
2578.576979013723
2579.292832497479
2580.443020695149
2580.618144002298
2581.617928534622
2582.452913067744
2583.114501974781
2583.607901194725
2584.260945920163
2584.977448838159
2585.520388955179
2586.580576128823
2587.284500675814
2587.808905349806
2588.621716905346
2589.362227655452
2589.876155015800
2590.470915686691
2591.207847537487
2591.933897284504
2592.822915145950
2593.676925233547
2595.662846663235
2596.131208890021
2596.873779705146
2597.277479025995
2598.418603272293
2599.250950760920
2599.738136513233
2600.423077309519
2600.888250310929
2601.893378450977
2602.307413743944
2603.000736087297
2603.933719086468
2604.846463202625
2605.062341678931
2606.301535491138
2606.602028442754
2607.171621438394
2607.794090060000
2608.771373856652
2609.531503281032
2610.136164844218
2610.840523006200
2611.730014423970
2612.264759819856
2612.854996059335
2613.342888808682
2614.356304977131
2614.813459124472
2616.002785816512
2616.462899608347
2617.072744722040
2617.773446335076
2618.575443513040
2619.027924315336
2619.849508406981
2620.292464828827
2621.496113659468
2622.092933951948
2622.789494653975
2623.345307261994
2623.861658761412
2624.811773950017
2625.403492402852
2625.917747440722
2626.868562078571
2627.691217047211
2628.367198625149
2629.091993053099
2629.382425479919
2630.293418060145
2630.866506340905
2631.649299460390
2632.426650428353
2633.151772149119
2634.021097919701
2634.395527847551
2635.248648524906
2635.978279016228
2636.335500271045
2636.922908337308
2638.348067418400
2638.734887414440
2639.146653553143
2640.292678082425
2640.790305043850
2641.322882734106
2642.133823474197
2642.552194625926
2643.515585044400
2644.360753511156
2645.053027733947
2645.710925997419
2646.262068526546
2646.937475116703
2647.634766722132
2648.339996780119
2649.041340689354
2649.601206093154
2650.873683861641
2651.321973209852
2651.741660928400
2652.474245470163
2653.186084642126
2654.008484572809
2654.392025018165
2655.465041272318
2656.040991340996
2656.997810589372
2657.322492449395
2658.406765778720
2658.542378578170
2659.242459324705
2660.311164349331
2660.771354577551
2661.852889138512
2662.313304762874
2662.919584172442
2663.915932771136
2664.210822907185
2665.162893563414
2665.316230450799
2666.500797698844
2667.384652447275
2667.953979203990
2668.501232029141
2669.187325752351
2670.043986113569
2670.636712398645
2670.968920999579
2671.999736544120
2672.770990513444
2673.587558619962
2674.171064288503
2674.847439774945
2675.423882674671
2675.985640271715
2676.902910449205
2677.462648049637
2678.296885192749
2678.916599862937
2679.942464026780
2680.483366450531
2681.011050824494
2681.342935370129
2682.717200602534
2682.803285791488
2683.779136735637
2684.701844857320
2685.271337233507
2685.939567894397
2686.572369475953
2687.453174928778
2687.706308670636
2688.424910450729
2689.449393189167
2690.230055070385
2690.908877440836
2691.332141345951
2692.193533571205
2692.913811875303
2693.413246094877
2694.110330332443
2694.654239351769
2695.975808349179
2696.336700413994
2697.041298085928
2697.678071602430
2698.468205817930
2698.835933246995
2699.847732170617
2700.301847394107
2701.069288049344
2702.134005824775
2702.680575833786
2703.182797988703
2703.966273791818
2704.574489242956
2705.064360382300
2706.006287852682
2706.878459763120
2707.298336992450
2708.142127056566
2709.101676900323
2709.567663579517
2709.815979108442
2710.871270248382
2711.338950659419
2712.414546527373
2712.918433703830
2713.818771586726
2714.343005348513
2715.105720798859
2715.610720005994
2716.419723140438
2716.987202626112
2717.538174637500
2718.741235744591
2719.409983086774
2719.866838200517
2720.515460658691
2721.159435552209
2722.186089687200
2722.506670504536
2722.952367306456
2724.302597244031
2724.768811892761
2725.603813322875
2726.082462958319
2726.830622227912
2727.355414765052
2728.123958095663
2728.762933277541
2729.737290398777
2730.159489636676
2731.154653483226
2731.827749842165
2732.313616534290
2732.963484618734
2733.524979799309
2734.354793304282
2735.184324625587
2735.868990768266
2736.664619498441
2737.105430758507
2738.077900895053
2738.669233650664
2738.987086159500
2739.764201902291
2740.735123981273
2741.371780451875
2742.260134776531
2742.804921600029
2743.340672673060
2744.134074396672
2744.920638243595
2745.219395896207
2746.124264083505
2746.882406662155
2747.724115836234
2748.654976067646
2748.864979068558
2749.447262996894
2750.336688235980
2751.095202591868
2751.656009762188
2752.168098988021
2753.445192127161
2753.985425590547
2754.396643345590
2755.255211311363
2755.957264868485
2756.288116486383
2757.175419268699
2758.002907848614
2758.911548813108
2759.178647384435
2760.198545467954
2760.887750542121
2761.327277524192
2762.057093654136
2762.505771845339
2763.499495521279
2764.549866986569
2764.765478042837
2765.559148654520
2766.511595238612
2766.880930209742
2767.493945210776
2768.356051130057
2768.808222462081
2769.715980520671
2770.750263872867
2771.207807173041
2771.674655043580
2772.540866319482
2773.095248009618
2773.844812460212
2774.450874670983
2775.164565670833
2776.061355063759
2776.846341027369
2777.454135456103
2777.994411227607
2778.542801204419
2779.320074567238
2780.087291371233
2780.780446053358
2781.383785088101
2782.491230921521
2782.851728220733
2783.650365835407
2784.141936818884
2784.880574535296
2785.480388244675
2786.159014108312
2787.356078602675
2787.646825503095
2788.483958624976
2789.008354172538
2789.956777271764
2790.440604134127
2790.935567926067
2791.577588731139
2792.794373322943
2793.352651098352
2793.980706813596
2794.541578734911
2795.403992285331
2796.079455083495
2796.365516864623
2797.394161027708
2797.929469430631
2798.952382676997
2799.450636975986
2800.608533555614
2800.690819355700
2801.134851150829
2802.343317808436
2802.893128851653
2803.331366617991
2804.459912604429
2805.000567266684
2805.831145410935
2806.533348834439
2806.866108079659
2807.606025746207
2808.293449576567
2809.188632476497
2809.726054007433
2810.747706226137
2811.160192021741
2811.960796850405
2812.600569835229
2813.271080708750
2813.749147559270
2814.420729128783
2815.492318843870
2816.161790605920
2816.748866554822
2817.597845481708
2817.856524687966
2818.918088110266
2819.443620427046
2819.943507695702
2820.653857030412
2821.908462491740
2822.331072300899
2822.956041375450
2823.495435445600
2824.388460992333
2825.115044227507
2825.243691068466
2826.535991958445
2826.984035171779
2827.814801670799
2828.790853216750
2829.038034319941
2829.924185237995
2830.243021409124
2831.081106296833
2831.928454401661
2832.739220309951
2833.095289180290
2834.194262687205
2834.866813172031
2835.213086683370
2836.039016581921
2836.470608052902
2837.428810371265
2837.998734626733
2839.020476984788
2839.622039291100
2840.093958446021
2840.932013304179
2841.551005310523
2842.205703911545
2842.809215656344
2843.348473825994
2844.659633114887
2845.142205472167
2845.634372685395
2846.400863115018
2847.070720639790
2847.697492545838
2848.380545423709
2849.036006689500
2849.732560665767
2850.775215450148
2851.545308049610
2851.653476205043
2852.656895554182
2853.123223656859
2853.926767086418
2854.546287278954
2855.305597246483
2856.348404242802
2856.547461000852
2857.650703681893
2858.132964749373
2858.806533293414
2859.144953171736
2860.115086724743
2860.870494790165
2861.790866999950
2862.144592863940
2862.983538964922
2863.764228453646
2864.344728915904
2864.860198235654
2865.379045225091
2866.498622027757
2867.026244488046
2867.861530421123
2868.677486345533
2869.202602208851
2869.492222776461
2870.656485307403
2871.339089323826
2871.426353301912
2872.527754742484
2873.581575266254
2874.090145100159
2874.580407056376
2875.343208542044
2875.875511891563
2876.718521555596
2877.356651434236
2877.861304373628
2879.029304029538
2879.469778688592
2880.314674672725
2880.850808463921
2881.495609101108
2882.062334417222
2882.735212017331
2883.624592947372
2884.429420864483
2884.947883174948
2885.722544041708
2886.518513786543
2887.042896117535
2887.568681693742
2888.302574862444
2888.902849619929
2889.938670500687
2890.783502547805
2891.030807711117
2891.848237007922
2892.687774198057
2893.207396731156
2893.747451935950
2894.441923382649
2895.267091740126
2896.229513171417
2896.674525665378
2897.595001297675
2897.938062749915
2898.637920540483
2899.344528330483
2900.145697024431
2900.688316611134
2901.393404856725
2902.420145448325
2903.209129444220
2903.414323969308
2904.053304277777
2904.940186839185
2905.559697608323
2906.147959663830
2907.143564978731
2907.625631660035
2908.690839976199
2908.996358992265
2909.714101928272
2910.435925594699
2911.217209743554
2911.281238819554
2912.812000420563
2913.230178743556
2913.948310191031
2914.443484807015
2915.524751373985
2915.886607574078
2916.455492300159
2917.084319829832
2918.030124382873
2918.745401816042
2919.656543843283
2920.060630485295
2920.674497189930
2921.456706800378
2922.101149846237
2922.761981473468
2923.250239908572
2924.315736622214
2924.959899319992
2925.719718638011
2926.447062556850
2926.723973954179
2927.572627339702
2928.150638482365
2929.185534801777
2929.443418448686
2930.458420989729
2931.351144012050
2931.645961164231
2932.678539671609
2933.092274631009
2933.353027445481
2934.682233322631
2935.064454093053
2935.881510010682
2936.773078857512
2937.286839234334
2937.987060024736
2938.517479304376
2939.516254366759
2939.667684134416
2940.460126678878
2941.563179250335
2942.415395978407
2942.627259118366
2943.323060504666
2944.254996982307
2944.787758198858
2945.488658543977
2945.807504713708
2946.940305390952
2947.803853306611
2948.270119038641
2948.984346573662
2949.686714792056
2950.126389343251
2950.975242384719
2951.543051849866
2952.356441201022
2953.088663016834
2953.773185612679
2954.774858779458
2955.049902074141
2955.724267276071
2956.259738518594
2957.161404493102
2957.818265735150
2958.574270673639
2959.321742448823
2959.973983902006
2960.761347320405
2961.306087629379
2961.810714880868
2962.644393039895
2963.054694332532
2964.250843267604
2964.820003051459
2965.430631644497
2966.131138890684
2966.941510078224
2967.290691631493
2968.111178978002
2968.819518977827
2969.253634387224
2970.389895013039
2971.309622982649
2971.539787930597
2972.032924764965
2973.107766464070
2973.566750559594
2974.244535737142
2974.857065579548
2975.697399396250
2976.652456200167
2977.222656137624
2977.679918267506
2978.539312812207
2978.929741037666
2979.919974432131
2980.168047745447
2981.429520457196
2981.942785205268
2982.435895305456
2983.581774050758
2983.960988900848
2984.584397723569
2984.975806339238
2985.920692083808
2986.893173520662
2987.259860168359
2988.172910927066
2988.895014519784
2989.383055741087
2990.124446877034
2990.768803770190
2991.331018607899
2991.937057234347
2993.170382559960
2993.501974429743
2994.445219814796
2994.897364263818
2995.440155763327
2996.355912070028
2996.969859638617
2997.419237834591
2998.225201745211
2999.407582208444
2999.671209553060
3000.585800858577
3000.999778269377
3001.592521473773
3002.536777997616
3002.955067615854
3003.858469375371
3004.414309641864
3005.525417385669
3005.873010958171
3006.687973035797
3007.090184354704
3008.022299165867
3008.291539720116
3009.339215692621
3010.042911073503
3010.862704773948
3011.388183195133
3011.955487377496
3013.133872551177
3013.301711677304
3013.708871964220
3014.657600531677
3015.722305215471
3016.182116720183
3016.922741168040
3017.556731816366
3018.292039540005
3018.898842208830
3019.417518692851
3020.207311805031
3020.863280644305
3021.651251375972
3022.775157634627
3022.904111223108
3023.740864071696
3024.260387501751
3024.963053502877
3025.844842697169
3026.297467794515
3026.986089462240
3028.014674936341
3028.792201370946
3029.131097431825
3029.727440892426
3030.559195813395
3031.137199844757
3031.741195510314
3032.673776772212
3033.530532286234
3033.792840121601
3034.918020666490
3035.373170262082
3036.009232804539
3036.425756208956
3037.523813204506
3037.755009928198
3039.173964781109
3039.455724164078
3040.054629569497
3040.867384862444
3041.643544823399
3042.080426250523
3042.747540135982
3043.299378484196
3044.405932340087
3045.168353318153
3045.582818786374
3046.386691840122
3046.869912081257
3047.709451289866
3048.316736491330
3048.766196802245
3049.800924885568
3050.410992317819
3051.276113838322
3051.856724569135
3052.570890430761
3053.019944235185
3053.512327296254
3054.720376650052
3055.084589125439
3055.752315973195
3056.731239405474
3057.438672671549
3058.079790469872
3058.369433187030
3059.324789624027
3059.799065047378
3060.573230652522
3061.411198659137
3062.226294832933
3062.724786953623
3063.480688187903
3064.011971217430
3064.980644604763
3065.281615134993
3065.785742544184
3066.885199666190
3067.747090696932
3068.288190838309
3068.826606763404
3069.588155085474
3070.224361585729
3070.936900692104
3071.504048849255
3072.021182152629
3073.210588257620
3073.735750837031
3074.451114821513
3075.209861201798
3075.487000386945
3076.328610470855
3077.075047130476
3077.660765054321
3078.369138569660
3079.309412193172
3079.900528077775
3080.567352742487
3081.318831194981
3081.753225104486
3082.294141096285
3083.161370889085
3084.023202448597
3084.755712894433
3085.079177734832
3086.369629959866
3086.623679021289
3087.203526743303
3087.974278595771
3088.524098677452
3089.317293980620
3090.124919638765
3090.957972202689
3091.556661403975
3092.008811323136
3092.805248833422
3093.624888497093
3093.921201618301
3094.816210023859
3095.309334850011
3096.528358208472
3097.224920354916
3097.452559501939
3098.045673076896
3099.196181035761
3099.562993169826
3100.015815280327
3100.982200614486
3101.840845519285
3102.353995938182
3103.291212826687
3103.794936098860
3104.282441510954
3105.014888473457
3105.614363693792
3106.521259071592
3107.143248522636
3107.872927227096
3108.659681995066
3109.236007574758
3110.023887397840
3110.480293977917
3110.951414159808
3111.877572830929
3112.653579264131
3113.440092946476
3114.065511049422
3114.599815199454
3115.523048117663
3116.003925791777
3116.541837792508
3117.325418939284
3117.866079859880
3118.964852836110
3119.605322902631
3120.116198464721
3120.930778111299
3121.362088401227
3122.082952320407
3122.898253630390
3123.439768172373
3123.998164322891
3125.179475125863
3125.771168412771
3126.323620340291
3126.848210342475
3127.480053179680
3128.380927171646
3128.949851713719
3129.432515424403
3130.593885763407
3131.153633398834
3131.724998545303
3132.481930666236
3133.176494377403
3133.669282676915
3134.088291957617
3135.285766168233
3135.850124174398
3136.669418262594
3137.062243634885
3138.131749533477
3138.476141833964
3139.243116807119
3139.760185422860
3140.292779277497
3141.581289128703
3141.944336304334
3142.691898689089
3143.504236106589
3143.930369884085
3144.622085484945
3145.362675614186
3146.008747951391
3146.480988224471
3147.526475572070
3148.413546247599
3148.798908289807
3149.438645837830
3150.072875365355
3150.805501267776
3151.402655921758
3152.118476237917
3152.924049300141
3153.491388017988
3154.573518937755
3155.008978301606
3155.528584611498
3156.081079118200
3156.939912213829
3157.633083142847
3158.162840038334
3159.285459409027
3159.677407384933
3160.396957612410
3161.264993241688
3161.616127921142
3162.324373024747
3162.988656714634
3163.568071769323
3164.745266462536
3165.286258993889
3165.816518122310
3166.393591990087
3167.372195342361
3168.006817180870
3168.213341866570
3168.988155294987
3170.128970610514
3170.638832548885
3171.433898399112
3171.985011432065
3172.646679358686
3173.307574478769
3173.816364577066
3174.732753586679
3175.252138859872
3176.016591665400
3176.915136238279
3177.643867447426
3178.226512939562
3178.430027603757
3179.469891078927
3180.046515464053
3180.740435348071
3181.583751610585
3182.138977263545
3183.122278073285
3183.567024672778
3184.257682227199
3184.797012500650
3185.497195021160
3186.038890264614
3187.157148752903
3187.575794958077
3188.567808835587
3188.919669233609
3189.666189749613
3190.528594767360
3190.870038388673
3191.529482146389
3192.252076460971
3193.248849377679
3193.969743969444
3194.471869909967
3195.125364007746
3195.684604047728
3196.567921602576
3197.233144972914
3197.474588011204
3198.462073299372
3199.654297356426
3199.886189228307
3200.426230761319
3201.572436177105
3201.740956883358
3202.342977940249
3203.309829501016
3204.046955831664
3204.517382189290
3205.540339509929
3206.062164514788
3206.943445744955
3207.261631821770
3207.816155687689
3208.631209860469
3209.431148722195
3210.248386468486
3210.653215809251
3211.745390152930
3212.083895436628
3213.055558057231
3213.205144515150
3214.129490357664
3214.795646930230
3215.337234321233
3216.647806794652
3216.939457064408
3217.518952910372
3218.204154789793
3219.178725050714
3219.409119387551
3220.301511300535
3220.651151972067
3221.960453806252
3222.338428814031
3223.279863582459
3223.717642682427
3224.168411652888
3225.092688807241
3225.912621952883
3226.030241629846
3227.183233365869
3227.819290704936
3228.714117675756
3229.165573037627
3229.922818522286
3230.325753562769
3231.120974526284
3231.754751341727
3232.490405303065
3233.547146928294
3233.758179309074
3234.642991476102
3235.564756276864
3235.819493042269
3236.616697720219
3236.959720056711
3238.001941479088
3238.777172018108
3239.561967226498
3239.875094187484
3240.908353769342
3241.424203597938
3241.965520427678
3242.634314020706
3243.328132261599
3244.058666760787
3244.804935442911
3245.920119325737
3246.131977853981
3246.630927285973
3247.460532117656
3248.257262078610
3248.901476295988
3249.194471690497
3250.278620953920
3251.166750534050
3251.731491331110
3252.179748516171
3253.046038266833
3253.400150117082
3254.310319664663
3254.844584128595
3255.691839098261
3256.379417296958
3257.230852410327
3257.673543544139
3258.514165212466
3259.035510029707
3259.590133163352
3260.143817869057
3261.240429056592
3261.924464070699
3262.378206406343
3263.275721038707
3263.967054387855
3264.331748942428
3265.300855654617
3265.712817645373
3266.170983778177
3267.470607892860
3268.070274629849
3268.530439905598
3269.283263231502
3269.990262223351
3270.616118547624
3271.110816780437
3271.902979526983
3272.580980876337
3273.335044221789
3274.248149848392
3274.865866119324
3275.299845290464
3275.922209005260
3276.612779822782
3277.452523191147
3277.994442615513
3278.662036267779
3279.538365425191
3280.437439676552
3280.804058155550
3281.374820474925
3282.085332849722
3282.723750449699
3283.482323126591
3284.067370256377
3285.114835328271
3285.665193674458
3286.118355895826
3287.009063148752
3287.719155271484
3288.200421783568
3288.522773322306
3289.659743627683
3290.478337224625
3291.080033375209
3291.723136344698
3292.217918837395
3293.304844461319
3293.559012946392
3294.110447196520
3295.101286569700
3295.526026108791
3296.772179992081
3297.113360990175
3297.816565259570
3298.445600099328
3298.975303435729
3299.930075413297
3300.240995530261
3301.097310167695
3301.928227848122
3302.551992692049
3303.452846586858
3303.951294230105
3304.427535693201
3305.024439560127
3305.940829143860
3306.484409435345
3307.290117507364
3308.060112365048
3308.611287891722
3309.518335982379
3310.115793963732
3310.403061664080
3311.175930105172
3312.029981144050
3312.564253880254
3313.540658100585
3314.177620238040
3314.810038306062
3315.319508775767
3316.081515890656
3316.870673701996
3317.434828270449
3317.588722262504
3319.121758325069
3319.688951639724
3320.069329993598
3320.842166044042
3321.535598498937
3322.185181615832
3322.764189366761
3323.424610519852
3324.094040205599
3325.141198875169
3325.634645572153
3326.397475665935
3326.892302552069
3327.662658354703
3328.048732179698
3328.851399230045
3329.867963029430
3330.140932467471
3331.007767590371
3332.013857484480
3332.440879477377
3332.844482305413
3333.771230941502
3334.123128311522
3335.012845368548
3335.827235437418
3336.502398629511
3337.196731653235
3337.750214878044
3338.750049105865
3338.913044112217
3339.792448795773
3340.235487068765
3341.123996542308
3342.004753292699
3342.670392832018
3343.216162884276
3344.075737917563
3344.253753069501
3345.404953067829
3345.826454559114
3346.320588187931
3347.223578462952
3348.198395472592
3348.793144658457
3349.430829763022
3349.667360251635
3350.937578758812
3351.002283999737
3352.191354159298
3352.284920306822
3353.661909052946
3354.027877669858
3354.809639597180
3355.537307132175
3355.985410024799
3356.678978304360
3357.193741055036
3358.071520975139
3359.041416494147
3359.390482543964
3360.081384743433
3361.111001745227
3361.530875921749
3362.077964468702
3362.541625452979
3363.512232540139
3364.232845364506
3364.866626208440
3365.903451260481
3366.147580553510
3366.820409755717
3367.686474981282
3368.328005375422
3368.607512540192
3369.557720896059
3370.293683502138
3371.213899916828
3371.768938493209
3372.447253408483
3372.694415720779
3373.867338624505
3374.172436094897
3374.997152671694
3375.520584143911
3376.534432691692
3377.332957794372
3377.689600229960
3378.563432677149
3378.921017367999
3379.623382264318
3380.429913649920
3381.111312432045
3381.731298904204
3382.636831992558
3383.349884176480
3383.750674643214
3384.585544149183
3385.134355496445
3385.736639190002
3386.245901285846
3387.427429232142
3388.188045584287
3388.359232704092
3389.247477787015
3390.232975587013
3390.482383076814
3391.084977119445
3391.826667597661
3392.492500523814
3393.565170704442
3394.063701753881
3394.644520574635
3395.419011177948
3396.093856932132
3396.421912575058
3397.390482843296
3398.036052775134
3398.458739616098
3399.643115468582
3400.213431958811
3400.872150992638
3401.429408088513
3401.771790778289
3402.998849963530
3403.234649734304
3404.034175868182
3404.816577102842
3405.674313084836
3406.296647032589
3406.796480988958
3407.552666692182
3408.062705468864
3408.691005707657
3409.424721725434
3410.469041795392
3410.823561875877
3411.620702293781
3412.425608892212
3412.826835563362
3413.712467503017
3414.061261656001
3414.754751456574
3415.544820941152
3416.634020929652
3416.999730781585
3417.659408948057
3418.268214030754
3419.082408393585
3419.756939475031
3420.089625283087
3420.829818347154
3421.865524523746
3422.475114030055
3423.181720564849
3423.931390850065
3424.153363286738
3425.115272741060
3425.736553270684
3426.194454345255
3427.248114287111
3427.735129948769
3428.512419279486
3429.454697441973
3429.841143508556
3430.468289732096
3430.749585448654
3432.071082554195
3432.402487635786
3433.042872064736
3434.145573833406
3434.576012081865
3435.273805535629
3435.950039298024
3436.459317416065
3437.259993545460
3437.586503516149
3438.718938325418
3439.373731212163
3440.194220964812
3440.486352316742
3441.309306064437
3442.066426880497
3442.648069345842
3443.117313108442
3443.759656350044
3444.913707195114
3445.525339085546
3446.086269092056
3446.616818298060
3447.548252021308
3447.837758501778
3448.807775450113
3449.153773229415
3450.129860812176
3450.702668215504
3451.876686883331
3452.064473832579
3452.654596455322
3453.545676959232
3453.936068697315
3454.708279082417
3455.460133288839
3456.304823875128
3456.748181721439
3457.699679657020
3458.284482010737
3458.908538086659
3459.405954603274
3459.943392381268
3460.864596623046
3461.717304307283
3462.207747379737
3462.962108447436
3463.749988079255
3464.322583769481
3464.775701222313
3465.641243907285
3466.110657142910
3466.796598859487
3467.769080223301
3468.534754271232
3469.176328070192
3469.412566186165
3470.383002465686
3471.009931680065
3471.623344796396
3472.275664306218
3472.760149223514
3474.206711618875
3474.497347584173
3474.839545224221
3475.856140564014
3476.342153366667
3476.984137586263
3477.645177223290
3478.368619896291
3479.259187873364
3479.751558399118
3480.586661926860
3481.421111004419
3481.651038913132
3482.263273406644
3483.071645779986
3483.799519002668
3484.506785378925
3485.353001860828
3485.854171134507
3486.539659349568
3487.412933338145
3487.894765632186
3488.227861324045
3489.111232607994
3489.891185265822
3490.716806022124
3491.363698131493
3491.965540079173
3492.633598006444
3493.200996968724
3494.034751226572
3494.516250684336
3494.986342876370
3496.156563103263
3496.656237646906
3497.510966873397
3498.153052366521
3498.575298298337
3499.095412494346
3500.145736438200
3500.768158387345
3500.980820833779
3502.138366499797
3502.928287805054
3503.583122368790
3503.988437251506
3504.616099785871
3505.427288357188
3506.010033541382
3506.518654972719
3507.721090126468
3508.009250081943
3508.936576015103
3509.426078945307
3510.335484533856
3510.718669368574
3511.314681861850
3511.879829667733
3512.943979862809
3513.715685289324
3514.125213336733
3514.856974187148
3515.623397536780
3516.353489544188
3516.635932472047
3517.411213187827
3518.107264869824
3518.905563593176
3519.780506896588
3520.342668150619
3520.960601198923
3521.485389415529
3522.247147374701
3522.889480608897
3523.563262423382
3524.084225247339
3525.030863029908
3525.881813489967
3526.439791553367
3526.879209186441
3527.650736664160
3528.218419493262
3528.823507152220
3529.847518458160
3530.179214830747
3531.031166417165
3531.954660519636
3532.547114323475
3532.858469831903
3533.660875214357
3534.343834201299
3534.861465482286
3535.720241535793
3536.604223405137
3537.184391193798
3537.659841510716
3538.667329898621
3538.956613636144
3539.831113265420
3540.298698543743
3540.796289652894
3542.067900815926
3542.588908404756
3543.321302700656
3543.572230160592
3544.614173021035
3545.284991771943
3545.646045136895
3546.234378610920
3547.276629592996
3547.920734392897
3548.571105180126
3549.496184583111
3549.857212531251
3550.366252561885
3551.116544894269
3551.905155216400
3552.612806381430
3552.989448962166
3554.210802311703
3554.594060756473
3555.460823152068
3555.890007280472
3556.510823136145
3557.025557345552
3558.152010955881
3558.403189240084
3559.411633498944
3560.074928563919
3560.765624533814
3561.262457094266
3562.139491307952
3562.565849613376
3563.040819183881
3563.971576573054
3564.781288565262
3565.493979009833
3566.209855500112
3566.525346609611
3567.556818165314
3567.919916764481
3568.718977889725
3569.234733617582
3569.850723582250
3571.039116313206
3571.563775485061
3572.137667812612
3572.647858998258
3573.390402184233
3574.265749426668
3574.537917067148
3575.286274795284
3576.155485885979
3577.112619686548
3577.334222485916
3578.322043502734
3579.011038353454
3579.136465059992
3580.028055152949
3580.814827852823
3581.505689225094
3582.331007765243
3582.689225460243
3583.828501660220
3584.348728067810
3584.670522878689
3585.388601061165
3586.155658147008
3586.724796432018
3587.914922164213
3588.022990332609
3589.090176154763
3589.667651992563
3590.140650723246
3590.944163469565
3591.517542766437
3592.195673824331
3592.628434625937
3594.041112226389
3594.422839272856
3594.787487426734
3595.675701451689
3596.261299591006
3597.110594135749
3597.338829095729
3598.282346795112
3598.898563147603
3599.841904331764
3600.553557768365
3601.119902864351
3601.430386370213
3602.337130199192
3603.116087575996
3603.376660290572
3604.447111791598
3605.040239888020
3605.796873997579
3606.579157177025
3607.026383564212
3607.783227706632
3608.270831294692
3608.796912342457
3609.818966102528
3610.407126326809
3611.353084932801
3611.611056207996
3612.517352740910
3613.227791890793
3613.910444024952
3614.065915004783
3614.910419483855
3615.954588419097
3616.525995111249
3617.126344254767
3618.067466127494
3618.441445115028
3618.986094892944
3619.882663017836
3620.422921327285
3621.015152642984
3621.688234583256
3622.975597530834
3623.122522865348
3624.016384313748
3624.322018417466
3625.090547756364
3626.034006960516
3626.357131793350
3627.011198344536
3628.031929895441
3628.690610416812
3629.369475736215
3629.856259548728
3630.628188195507
3631.074184707313
3631.754469062499
3632.576391574267
3633.273409517769
3634.080640105409
3634.589153371080
3635.334048240114
3636.095823860036
3636.636731344825
3636.967818102875
3637.822525011628
3638.657926096618
3639.439164246453
3640.066653429292
3640.687834898294
3641.274726276131
3642.059704313207
3642.674022292565
3643.177659652767
3643.703798960087
3644.869644838946
3645.411172261245
3646.226504405879
3646.588755804970
3647.405247141021
3648.078993947983
3648.404664441469
3649.489422765794
3649.910685299354
3650.602496549710
3651.633924283675
3652.404383556902
3652.538702771812
3653.315169068385
3653.961394797916
3654.678462655061
3655.429375599409
3655.966382981228
3656.850435107164
3657.550119254671
3658.264334657737
3658.783324593868
3659.218980640974
3660.223010722008
3660.549925709834
3661.253748843121
3662.556649017262
3662.872341096862
3663.200914445087
3664.330455661692
3664.859968306584
3665.539212504349
3665.789677243808
3666.694669216763
3667.547747405860
3668.407217129533
3668.865166319341
3669.476044950522
3670.264425952892
3670.736303344441
3671.522125467193
3672.080994835687
3672.644978512134
3673.663979055166
3674.351572446699
3674.962610789231
3675.619049460764
3676.194648145869
3676.610847280500
3677.812701502268
3677.879491745940
3678.949475086357
3679.549717395890
3680.410093054703
3681.006717485920
3681.742262410139
3682.013019827019
3682.835084897702
3683.386496182339
3684.412405658137
3684.906513177193
3685.582036806027
3686.528088789837
3686.943290153318
3687.567277747834
3688.272353355934
3688.831260717523
3689.425044214203
3690.296987263742
3691.160293933342
3691.778578043066
3692.452224433405
3692.652730711211
3693.856326196237
3694.377786504436
3694.708218018518
3695.368798971001
3696.730666876313
3696.931836440528
3697.884811049765
3698.207413883156
3699.100395510815
3699.528600163936
3700.349436454700
3700.847161642392
3701.672776754133
3702.435295118090
3703.152831879725
3703.796086057395
3704.488102343815
3705.043167518061
3705.353439535414
3706.380836720625
3707.077101676231
3707.738350699590
3708.334298410387
3709.334587318320
3709.791414252491
3710.313974075102
3711.178226708187
3711.449669025357
3712.292782563654
3713.088082308393
3713.943316640240
3714.600314832018
3714.879892348034
3716.029766814839
3716.432895065982
3716.822064010769
3717.940271414744
3718.084145571873
3719.136100940114
3720.037577339296
3720.641119514489
3721.049314394921
3721.627209258126
3722.591023984952
3723.089007317630
3723.583026002128
3724.422767550629
3725.127602676105
3726.163856791791
3726.570929206860
3727.027246983320
3727.728079192671
3728.593157546951
3728.946855475604
3729.707460110765
3730.573165851531
3731.350379378691
3731.763029670942
3732.624261541377
3733.454957628308
3733.626963953170
3734.292538484954
3735.002122395644
3736.100244080487
3736.494261947149
3737.199761055521
3737.949014796970
3738.680286891582
3739.238010647377
3739.657933360124
3740.514194264082
3740.999505662774
3741.951143117916
3742.683060756532
3743.506821373887
3743.713007428438
3744.586674819179
3745.207574362455
3745.817519039364
3746.682924901064
3746.830119468337
3748.047244747936
3748.826800263561
3749.306566949445
3749.916508020980
3750.513926873747
3751.135319477435
3751.938459436838
3752.537817020418
3753.074176290365
3754.181609648046
3754.613459563628
3755.436066595567
3755.947040234744
3756.593315943886
3756.981248289005
3758.028626591897
3758.471068247286
3759.311774112100
3760.299620334377
3760.453480563501
3761.353935533679
3762.046273024098
3762.599094818715
3763.317284397002
3763.441825140984
3765.001208419047
3765.426715539032
3765.788496900532
3766.945398929460
3767.138874477006
3768.162317066374
3768.439764765920
3769.197700797064
3769.836304206618
3770.769054519433
3771.481720411919
3772.058568176590
3772.809850190421
3773.232382232605
3773.826504852047
3774.751975245586
3775.207895607141
3775.968057104010
3776.584475653529
3777.660767226277
3778.272087513484
3778.535231337838
3779.133536064565
3780.118656010482
3780.598370144858
3781.129555499316
3782.294665010598
3782.602366614092
3783.489336319907
3784.120537336968
3784.793571647178
3785.261447316162
3785.871228652994
3786.564161812235
3787.393045412566
3788.185134805970
3788.855467360680
3789.356713394081
3790.009840257310
3790.952301304234
3791.254669418431
3791.824306482924
3792.609796476375
3793.380728036426
3794.515656879132
3794.635047838222
3795.354466607215
3796.047306637653
3796.825450204497
3797.305408474508
3797.885259544668
3798.677142561023
3799.463637887848
3800.316453114347
3800.740999265161
3801.610993219413
3801.902359073395
3802.705756511583
3803.214351769818
3804.156605068591
3804.814966642938
3805.261964128829
3806.322149221463
3806.962293675748
3807.453130215504
3807.913069730937
3808.577522669569
3809.546182512620
3809.906649683911
3810.847383640358
3811.594853329043
3812.190064315659
3812.749927442867
3813.443258299345
3814.273088262644
3814.516443418331
3815.199622997010
3816.158765240490
3817.125228664808
3817.397175650678
3818.174463255675
3818.722543340082
3819.473274268888
3820.213665040658
3820.610464218028
3821.163072642814
3822.349228386290
3822.954951678500
3823.468232632570
3824.237811895774
3824.789109774703
3825.312730908360
3826.040652154685
3826.984974068630
3827.148040189106
3828.218673995761
3829.072915606183
3829.495791092399
3830.132778032054
3830.883793086875
3831.339650642750
3831.857140760664
3832.984511983443
3833.435665574974
3834.246210351223
3834.775797261949
3835.726537566958
3836.199188615750
3836.753761507422
3837.185173437734
3838.202680000474
3838.675666907812
3839.726981535115
3840.185932603752
3840.877613016607
3841.564952991345
3842.102300717009
3842.788202504225
3843.471695141427
3843.949974660872
3844.749240439211
3845.775117827074
3846.365448081239
3846.941406404118
3847.145134582105
3848.341106325485
3848.798509492057
3849.385516105671
3849.916170131254
3851.023475175329
3851.709124810425
3852.119961016786
3853.050421190702
3853.417471530001
3853.990964121325
3854.871283655697
3855.291262969043
3856.316668922194
3856.940227270293
3857.381158244923
3858.585942028181
3858.829229527127
3859.302654655772
3860.235583484711
3860.529424397518
3861.553226249557
3862.272208758636
3863.059156965560
3863.368690560437
3864.345406691688
3864.925423942952
3865.399411673905
3866.134322817121
3866.588400938441
3867.567361156975
3868.317609136459
3869.009372309923
3869.602336784706
3870.086804874936
3870.844539257546
3871.655614612838
3871.883731942592
3872.852914260656
3873.432286198362
3874.314334664449
3875.194200454874
3875.522209323747
3876.072585388370
3876.694600892748
3877.564495986783
3878.272987278302
3878.560491244898
3879.576023303766
3880.513580040720
3880.911717138702
3881.390412615450
3882.392298245060
3882.747596354026
3883.233496126723
3884.136927340000
3885.089768647822
3885.482266796293
3886.259867282688
3886.961760204080
3887.501279291429
3888.397016751976
3888.705291156391
3889.121321927795
3890.292386479258
3891.035063450617
3891.615586595493
3892.116001715173
3893.080951110574
3893.463855533338
3894.096755572229
3894.767094066139
3895.583254471774
3895.880389826139
3897.287419254482
3897.479572951438
3898.403112782732
3898.701124702314
3899.467209263561
3900.165450565375
3900.843322667452
3901.346601556073
3902.254783635030
3902.901652729992
3903.774559603580
3904.274940179364
3904.806277441313
3905.373313262905
3906.060117297111
3906.922552985405
3907.422939531307
3908.224661055859
3909.078103144426
3909.482986619603
3910.413057191601
3910.710789456690
3911.462887519804
3912.051154883890
3912.699124420736
3913.621029564692
3914.401670998975
3915.014329951689
3915.283474450275
3916.343343546740
3916.891536592530
3917.495868849354
3917.847932304656
3918.764405878719
3919.806394041865
3920.303657855527
3920.838678625222
3921.466377881517
3922.332790931815
3922.739411219459
3923.351666502796
3924.078561937065
3925.039802097807
3925.310436430039
3926.508380792782
3926.982543633879
3927.473479185279
3927.976619264949
3928.746753089189
3929.632857341823
3929.971548928715
3930.867533510294
3931.661688865408
3932.185940627706
3933.107010922221
3933.480900602512
3933.907837248019
3934.814009844895
3935.375104796344
3936.169015895136
3936.975431472832
3937.648218438843
3938.092776214581
3938.941533279313
3939.529420311726
3940.065479652835
3940.751449545146
3941.190948079628
3942.480934290860
3942.843739510943
3943.565751925540
3944.295837772159
3944.664636420273
3945.479315285742
3946.202390027584
3946.819397573838
3947.055685041923
3948.532418335397
3948.898108006697
3949.550420340713
3950.081374298835
3950.830885727931
3951.536109547223
3951.858146669486
3952.827898766291
3953.487199346250
3954.162599124586
3954.948438241128
3955.598187891485
3956.240620264451
3956.684438040640
3957.297108880017
3957.966668637980
3958.957261879305
3959.561498183556
3959.973179310711
3961.041845498745
3961.624723459813
3962.010207147232
3962.733886086796
3963.361135033745
3963.933637309290
3964.899292637515
3965.460808969875
3966.433574652257
3966.785250702497
3967.276120916143
3968.206413225396
3968.919736401221
3969.163471788912
3969.912770763571
3970.841763597588
3971.750990974789
3972.203424940671
3972.665150618562
3973.492158246001
3974.018342980351
3974.731449364553
3975.382934103021
3975.941564672863
3976.841919952284
3977.613312838514
3978.251185124319
3978.762949315871
3979.349341924769
3979.979988372463
3980.749103912503
3981.218653897185
3982.282289628867
3982.706115830791
3983.574272245965
3984.049612846666
3984.972674539630
3985.500323152291
3985.623370779533
3986.744736544700
3987.272434391405
3988.329585190273
3988.842879453406
3989.275318297870
3990.151349944487
3991.025736192194
3991.191425577040
3991.790358850275
3992.676045982299
3993.468175434633
3993.995593142741
3995.128325629260
3995.329290811999
3996.049513213746
3996.497139832364
3997.558584652529
3997.948752007804
3998.497502038616
3999.289765565126
4000.445351116366
4000.702579749806
4001.443546637111
4001.978978671902
4002.528433580146
4003.480777678667
4003.831130632229
4004.618070554529
4005.464206409526
4006.090743691389
4006.960725590728
4007.188832894624
4008.124619101246
4008.722423260549
4008.921195706640
4010.002945820645
4010.864206557158
4011.331984480068
4012.037288272379
4012.737233040814
4013.521994713922
4013.856858655735
4014.570693408500
4015.229213127766
4015.751197504528
4017.025636380828
4017.361360729930
4017.965417336139
4018.634966488082
4019.482563560392
4019.806901516140
4020.653010031732
4021.071201996520
4021.917974994457
4022.843772233632
4023.377729032570
4024.059361971693
4024.746642117255
4025.092739519097
4025.843599053830
4026.616177198602
4027.355719925278
4027.711979484969
4028.753848545299
4029.552631309543
4029.964325685673
4030.621756632975
4031.084375743291
4031.818546421276
4032.716829803426
4033.022410972952
4034.108912264044
4034.626678478470
4035.396737744301
4035.940818043847
4036.523023249111
4037.326650046070
4037.819555076985
4038.169210042101
4039.523562540575
4040.045839386524
4040.586668545184
4041.129118171287
4042.091354570852
4042.524230680036
4043.240067037008
4043.558189971434
4044.499055239671
4045.371642236310
4045.911075786204
4046.926316426286
4047.041374547279
4047.719987076372
4048.644715376908
4049.149656328365
4049.609583429238
4050.591079061897
4051.202585661358
4051.950814981184
4052.848228805741
4053.104535056796
4053.726715123645
4054.347802313307
4055.228073680354
4055.700537975028
4056.536346233298
4057.255194029590
4057.881156547132
4058.615581291948
4059.319021278737
4059.684780446073
4060.236695039602
4061.053504702579
4061.995930514522
4062.325597839463
4063.341162613934
4063.953848275691
4064.367160350757
4065.133663724561
4065.862096385705
4066.328681748333
4066.904424830100
4067.685568270057
4068.955066179608
4069.086847067104
4069.684952378027
4070.369106084749
4071.272354868926
4071.665312125694
4072.297251286322
4072.914910361947
4073.787580041078
4074.740212995770
4075.105628807971
4075.694920672637
4076.529924222277
4077.001916992383
4077.479016948745
4078.475196552675
4078.972834829269
4079.839281182296
4080.324589847130
4081.357429206793
4081.840781020677
4082.181769424880
4082.971897182314
4083.506064880451
4084.418601046189
4085.039615729267
4085.781868228036
4086.385252148549
4087.277634864370
4087.534667308579
4088.453774560040
4088.889696274558
4089.436905416031
