26.078288140744
26.724940484246
28.023599702853
28.699089759331
28.880440782832
29.811883661224
30.201284022118
30.964430465258
31.897762302890
32.658463098370
33.430285378474
34.112011549355
35.086695344774
36.199592958807
36.299114119607
36.764047649703
37.895182038514
38.701124991895
39.242170264780
39.980267335362
40.694730365290
41.262655149964
41.804121476485
42.367582269021
43.711733005652
44.618531437214
45.235644531595
45.806685178884
46.315203262119
47.044854539475
47.787626556264
48.617462898662
48.804341325938
49.570031260903
50.615487583787
51.239865463596
52.060378174791
52.809548594766
53.097711413219
54.190689572839
54.820352865932
55.581321360251
56.356602015957
56.825852765374
57.502536838801
58.105041681554
58.618476215534
59.431773288909
59.952749953820
60.756561121627
61.856643319862
62.420921060646
63.411884646616
63.677348656379
64.583363453124
64.843533047398
65.640351031027
65.922324403605
67.414684223043
67.891562998575
68.226671015201
68.745279183891
69.527499964111
70.702656313503
70.839562467878
72.127621622860
72.421407132197
73.259717245875
73.869717021288
74.828468896792
75.108673631374
75.545925811694
76.330947165874
76.932463171753
77.393806991672
78.530985246009
78.968651472286
80.288863069100
80.745415671013
80.875314668627
81.757238746705
82.524099294368
83.148685676351
83.870490193077
84.309127829702
85.214633251901
85.525975421422
86.364382458967
87.085039416423
87.552249388375
88.024719690948
88.882474863777
90.081834968139
90.741037292325
91.119898241728
91.833456250523
92.240165188247
92.844253188130
93.558103373615
94.247097677439
94.621431816667
95.458683141172
96.314345097179
96.767561612495
97.425945196922
98.377964726056
99.045994138577
99.548010796365
100.089787471427
100.633720660599
101.577872405709
102.269552085265
102.896554291010
103.228257508346
104.105130098552
104.317197334924
104.800817190247
105.778402977135
106.841848761135
107.365367021693
107.954709647981
108.750891062096
109.331558237826
110.073938148239
110.375676643413
110.874371727648
111.598163917647
112.452844761472
112.740354773708
113.753058192204
114.349177282778
114.881277686472
115.283307838230
116.378672033000
116.908095271331
117.375118191912
118.370339974383
