1911.248443995494
1911.829515859104
1912.318362543098
1913.215682862569
1914.024891878545
1915.393822582380
1916.119193756240
1916.910551646504
1917.568859179130
1918.581303162846
1919.173262814343
1920.165967706057
1921.048848006953
1921.445770860635
1922.452792294621
1923.306282481733
1923.757273136901
1924.733263351763
1926.264692667485
1926.963392792185
1927.553564535005
1928.434649009499
1928.932550673529
1929.542207234147
1930.664135310863
1931.593758841314
1932.066577531831
1933.042744219235
1934.179520736263
1934.858993116389
1935.790314472333
1936.372022145737
1937.268905819126
1938.439514697317
1938.990571577109
1939.663674393716
1940.076198810874
1941.198782376862
1941.695265082444
1943.458412691466
1943.833085547618
1945.048943622658
1945.319653095882
1946.477809992648
1947.017031172476
1947.631969515731
1948.565810058525
1949.668205706437
1950.235400424143
1951.055363305640
1951.843056278108
1952.709803933904
1953.836729832393
1954.790230310115
1955.418574022087
1956.169249881968
1956.641722636884
1957.782969689296
1958.342258569858
1958.866313942922
1960.038657928735
1961.028077428720
1962.244324705728
1962.864299134691
1963.450093279396
1963.894538301248
1965.253652409701
1965.826293869233
1966.869734427552
1967.461434391957
1968.000993752674
1968.878977865937
1969.831700977527
1971.017706870957
1971.593586841463
1972.825004473867
1973.468401586988
1974.032441315345
1974.755081554936
1975.703937212073
1975.856881167393
1977.303992840054
1978.326241089611
1978.709513904155
1979.924709259996
1980.649204476745
1981.545080206899
1982.153466594548
1983.253231771083
1983.734301046484
1984.723965609424
1985.510593795005
1986.022056102017
1986.798732332773
1987.462145542100
1989.197048492865
1989.925438747116
1990.508079551740
1991.209464526810
1991.990386934475
1992.608250823109
1993.617725076537
1994.348525679414
1995.184243689104
1995.796712507338
1997.083314032867
1997.599842045099
1998.642967880586
1999.245859689738
2000.419265798123
2001.181135702190
2002.028210750580
2002.437250154714
2003.104076041760
2003.872774591695
2005.027817166957
2005.511925184754
2007.231098819497
2007.426157391938
2008.462052157500
2009.496046251250
2009.753975517227
2010.400557509083
2011.574441586002
2012.611988255336
2012.984420619086
2014.042055663108
2014.323523080911
2015.505852546208
2016.621737036432
2017.693286173544
2018.215118048707
2018.813871724440
2019.940652487294
2020.368769545988
2021.165809911552
2021.819120690787
2022.669768760676
2023.738221949090
2024.977409379394
2025.468809661525
2026.254566371736
2026.975144370185
2027.771533945512
2029.051611128249
2029.382920066245
2030.129031511979
2031.116990060584
2031.575853475979
2032.467772673929
2033.420023430411
2034.416022633966
2035.600495870094
2036.266278347294
2036.977601310251
2037.356435676614
2038.314546071171
2038.921624789018
2039.972779806757
2040.909094392502
2041.619026797137
2042.151310242818
2043.607493211049
2044.259065851487
2044.768306459881
2045.934075370826
2046.568744772458
2047.633233958378
2047.971340044382
2049.052894279303
2049.455784308514
2049.921513424042
2051.596960705706
2052.518631092964
2053.305835459195
2053.983853773290
2054.606744530164
2055.489332388155
2056.265196898595
2056.959916579258
2057.794391399233
2058.739190846590
2059.392138401347
2060.300370814847
2061.014803947536
2061.950334707598
2063.100611568179
2063.875760369872
2064.581273729095
2065.330355189808
2065.636759111586
2066.742856313788
2067.460796133236
2068.180464871943
2069.194535032650
2070.262505095429
2071.320459426370
2071.796154428646
2072.429097205311
2073.429953965596
2073.791589949667
2075.444413557655
2075.757202530831
2076.269034186997
2077.145872674227
2077.946564634036
2078.838835461223
2080.280210687366
2080.780737323025
2081.515936070113
2082.462387938545
2083.211209787205
2083.734067777003
2084.317311823474
2085.247855797304
2086.261939930699
2087.124110508771
2088.045546389129
2088.860005900153
2089.397767354974
2090.573285745683
2091.273651542288
2092.052152125714
2092.836342881366
2093.627748116729
2094.149128105195
2095.270214393844
2095.538029754031
2096.545757763101
2098.075686736192
2098.842991133321
2099.468126154877
2100.155054892139
2100.652437373209
2101.611604283268
2102.391374248343
2103.426461551484
2103.970398592453
2104.773193426108
2105.578439029730
2106.774134852099
2107.532027729024
2107.966560662678
2109.316431988259
2110.071578293559
2110.557152161883
2111.522605120335
2111.976908112810
2112.565707750785
2113.553860906981
2114.777639050748
2115.710066972735
2116.300636519924
2117.487410114968
2117.796076750168
2118.711658100133
2119.353280469904
2120.438283449385
2120.855754181883
2122.232326171128
2122.638338961466
2123.034104075957
2124.226037042947
2125.317669536877
2126.307680360081
2127.148344375368
2127.739549652727
2128.123880357751
2129.345326691068
2129.778879301419
2130.605526066645
2131.406405910183
2132.272630143519
2133.622488470706
2134.113772070546
2135.119185796465
2135.612940730831
2136.232245855549
2137.781148567164
2137.995109039653
2139.059890148712
2139.451682098864
2140.229517397657
2141.116493396226
2141.973753909594
2143.107352918081
2144.154023680132
2144.656583087605
2145.641505055269
2146.241970655409
2146.913600349272
2147.281077655306
2148.584433505323
2149.519170907888
2150.040230438714
2150.961001726841
2151.869203469875
2152.599758153184
2153.848217393220
2154.193727559595
2155.165884119849
2155.946896406354
2156.748639964970
2157.485696750819
2157.879731721604
2158.888598311697
2159.448873071396
2161.177528991691
2161.985921123197
2162.294780134211
2163.150047175100
2163.895617528027
2164.746707360584
2165.419187430894
2166.459302205006
2167.086142348457
2167.685632261272
2168.735764743571
2169.649411726250
2170.195415007611
2171.395092556683
2172.244545205334
2173.193781055244
2173.653798669574
2174.373770346372
2174.882205439566
2175.915238482313
2176.472217499895
2177.801361815028
2178.307156803202
2179.473600989502
2180.505606486051
2180.768490234002
2181.728547488861
2182.300932931555
2183.356416567537
2184.189467103943
2185.014949689715
2185.497520505078
2186.253047377757
2186.832126018401
2188.430286598932
2189.199346418170
2189.942883258492
2190.755194718274
2191.350723580375
2192.031219417463
2193.015050650287
2193.574012580184
2194.071458797107
2195.628998079160
2196.017538700147
2197.148768137051
2197.938513788098
2198.477004573767
2199.406771127546
2200.515780259887
2201.213453897933
2201.723189972068
2202.444539301933
2203.291509308855
2204.190564152147
2204.486375497491
2205.913504120192
2206.897618559630
2207.845991911760
2208.523369586049
2208.997092058403
2209.748286239545
2210.367017794219
2211.504691105228
2212.405150005719
2212.905679060502
2213.759956603441
2214.425611464586
2215.909234168222
2216.107826951018
2217.457379315871
2217.852203429313
2218.919917539228
2219.682374082626
2220.337708015840
2220.745515178072
2221.591219929192
2222.420650286967
2223.630793644113
2224.810699057636
2225.289394959036
2225.782975711771
2227.054565576585
2227.444977597138
2228.281954636060
2229.174377308126
2229.975081128331
2230.673441453323
2231.429107771787
2232.282192385493
2232.896024065242
2234.035381931756
2235.360289630446
2235.985615360862
2236.159673214833
2237.370777633817
2237.869098639851
2238.412797946419
2239.598658635116
2240.314766181315
2240.916153201781
2242.240906247605
2243.026352819187
2243.835169626823
2244.358507825895
2245.100465128213
2246.152104893086
2247.092414912275
2247.666176642316
2248.309702807597
2249.011791658890
2249.555929882227
2250.822552122097
2251.848466345128
2252.862823260344
2253.274348753407
2254.361393618646
2254.814138945823
2255.679044354238
2256.171989495690
2257.029641505198
2258.101882200939
2258.895434708016
2259.715246824543
2260.225194063700
2261.528149836848
2262.049218151196
2263.067555435454
2264.154387625255
2264.339146875847
2265.142295807046
2266.165370823181
2266.757916141596
2267.348583448839
2268.065211715340
2269.616854504296
2270.356729994210
2271.296180605158
2271.828983250529
2272.305338055828
2273.099356751592
2274.344624608485
2274.788748710333
2275.845899114366
2276.200985019462
2277.179455132716
2277.974095270502
2279.061553376138
2279.801126323532
2280.629564433792
2281.680048110216
2282.445458454060
2282.769471864049
2283.566288323506
2284.312556577165
2284.917986751948
2286.163602168092
2286.996065439572
2287.845304639501
2288.693816905628
2289.495320731167
2290.164919605951
2291.019970096854
2291.575464346993
2292.637691209165
2293.493987648611
2294.006328730840
2294.693209471547
2295.531165134995
2296.170521272013
2298.022894502135
2298.302983845766
2299.092700286008
2299.893687218698
2300.352341515681
2301.499873261074
2301.828196482016
2302.748377324783
2303.885109985868
2304.140349827496
2305.618804273373
2306.445516152497
2306.760677318860
2307.687549075676
2308.839643057461
2309.376593727889
2310.539959627339
2310.824829638475
2311.492331062239
2312.221510604763
2313.229729325183
2313.913934964080
2315.152571246035
2316.085746402910
2316.781626756654
2317.484199805492
2318.242890780504
2318.737215914365
2319.465674607491
2320.598125894210
2321.478800240257
2322.144238889123
2322.537123776927
2323.738406803707
2324.588023535446
2325.618899976508
2326.290648283455
2327.117620876747
2327.811791283315
2328.522802159517
2329.437276637026
2329.848146455880
2330.507373977993
2331.464912687183
2332.924242671033
2333.534390586564
2334.343846769891
2334.972621721589
2335.662908338539
2336.464259542645
2337.552224751633
2338.224008982582
2338.598892076907
2339.759671278268
2340.478348358487
2340.904652876266
2342.256336771349
2342.892259745294
2344.175863399222
2344.815405197071
2345.458844954112
2346.095667071116
2346.562335531428
2347.586828820826
2348.365375438976
2349.206647265694
2350.146424508816
2350.857217392644
2351.898592452976
2352.835163963160
2353.282746894747
2353.883677637057
2355.117583321131
2355.885296014609
2356.414663642691
2357.335545344537
2357.899250767047
2358.267816056204
2359.613342875654
2360.980228777305
2361.445131845208
2362.415190008918
2362.689648901342
2364.025206469601
2364.264090935575
2364.993090648680
2366.077198212040
2366.643992067236
2367.761905792908
2368.373124959698
2369.369085445437
2369.945942598567
2370.887627376024
2372.021946859636
2372.695437162934
2373.191389111521
2374.131381446671
2374.638066563931
2375.372823900018
2376.335625654934
2376.905338039440
2378.035751340565
2379.381809930926
2379.864921478252
2380.432899349297
2381.203711315007
2381.967438927838
2382.543078230141
2383.927286158947
2384.412928019108
2385.089889250889
2385.572276384494
2386.749211138361
2387.654439392850
2388.496772530991
2389.579597814663
2389.991247768724
2390.961073262032
2391.830037914278
2392.125300167117
2393.020750805970
2393.441523349922
2394.739021856509
2395.656200976798
2396.504328737450
2397.352696970025
2397.950193979852
2398.773209382265
2399.663536649678
2400.403096140933
2401.062553275550
2402.035812187131
2402.594883535892
2403.387674764383
2404.245871794389
2404.556285802574
2406.322628322380
2406.930200788370
2407.922231642788
2408.516186348182
2408.822404592923
2409.741037588816
2410.630689546939
2411.425396513209
2412.046781439915
2413.148367903079
2413.630569250758
2414.982145331628
2415.511366357769
2416.391136053845
2416.834596681238
2418.147414453213
2418.905273992854
2419.551012629426
2419.899683866463
2420.932534938405
2421.429229747363
2422.300015985841
2423.847825072353
2424.324126446811
2425.080920688833
2426.253704181646
2426.592540447676
2427.154867321218
2428.225534217260
2428.677701432178
2429.913240258438
2430.534864329455
2431.296767849763
2431.958000933451
2432.803473016162
2434.038776190548
2434.698173873022
2435.795764637319
2436.016440580432
2436.959920732060
2437.674987062524
2438.392371702485
2439.094798226673
2439.739983697450
2440.783255380373
2442.111872394789
2442.848718769991
2443.251230784431
2444.130600762584
2444.701463629500
2445.720754093240
2446.659722082727
2447.225889747310
2448.080491591334
2448.445961628836
2449.439878470776
2450.480527995509
2451.116396169464
2452.328517305120
2453.213051193777
2453.652964778816
2454.617587720974
2455.110707761165
2455.861123053375
2456.216303408916
2457.859146725863
2458.165709925904
2459.088957428218
2460.155668959566
2460.774132387862
2461.751697512311
2462.344690275035
2463.213156760316
2463.991039594447
2464.704437192189
2465.782081380637
2466.108929235484
2466.710208675149
2467.506562821179
2468.651302427797
2470.026308782599
2470.686905462256
2470.993320184195
2471.854641437624
2472.706230627055
2473.334337492110
2474.122473392016
2475.028829760693
2475.610730332301
2476.611310182159
2477.404218638342
2478.249886722385
2479.101421569939
2479.673743642679
2480.929390973430
2481.745536109982
2482.158567507941
2482.908371217888
2483.434555831502
2484.558310226113
2484.861760085979
2486.111891358465
2487.039917379047
2488.022121162294
2488.669409220376
2489.688839219582
2490.004599279515
2490.534543223681
2491.696496360725
2492.718902984477
2493.097349312314
2494.135510585923
2494.588494795402
2495.238520720604
2496.611368079330
2497.589278620477
2498.130346157535
2498.944506267884
2499.934356957637
2500.208764212025
2501.172160438030
2501.827737160228
2502.412854032682
2503.271575633719
2504.741461150557
2505.137407582560
2506.229324086636
2506.696042455776
2507.444788407840
2508.512115249352
2509.109812123660
2510.185180736451
2510.510826220442
2511.268044546336
2512.261209115491
2512.820362605432
2513.555816418438
2514.820501210753
2515.863973189694
2516.565486521407
2517.098876791261
2518.014543547177
2518.178997454180
2519.297807042273
2520.010907349567
2521.162508328317
2521.666162514959
2522.229795348871
2523.639238344554
2524.335367321403
2524.801658049721
2525.978321066208
2526.509633265093
2527.426864258725
2528.408058014336
2528.861375786583
2529.268492145812
2530.159480550815
2530.923650034999
2532.301602537476
2533.173941627530
2533.839513002381
2534.600493007580
2535.073584401446
2536.257698319462
2536.683044893713
2537.281249462030
2538.514873411650
2539.097756139940
2539.917503011307
2540.538037899569
2541.665255843213
2542.101097394688
2543.571943681265
2544.215643071034
2544.830352501903
2545.478320706826
2546.169019818087
2546.983542579238
2547.621970020465
2548.472463695315
2549.235798815358
2550.402808362696
2551.351642601378
2552.107805480977
2552.622266870831
2553.261524440474
2554.034117137210
2555.292710041540
2555.786157698301
2556.571548988756
2557.100847644862
2557.892278797235
2558.631800765808
2559.901525505332
2560.797006874474
2561.376695261649
2562.397402727811
2563.030006842380
2563.681245848135
2564.302247910153
2564.906058918777
2565.869799786980
2566.752739702957
2567.728511186842
2568.644676409358
2568.896136291744
2570.326281491112
2570.786337673640
2571.533190160446
2572.673984835929
2573.149231895576
2573.730080497890
2574.896530985004
2575.211024982751
2576.073092787475
2576.599770918551
2578.304815955154
2578.999512064492
2579.817344508288
2580.137121801945
2581.190063309784
2581.482077815888
2582.545684290628
2583.548218639687
2584.028718490919
2584.775936431060
2585.698427612942
2586.576495950073
2587.484065018947
2588.134087842637
2588.947161710844
2590.037575977803
2590.887281162069
2591.053351486443
2592.257224101636
2592.413324813323
2593.197255682402
2594.470958627738
2595.122458799848
2596.401106035108
2596.882919978249
2597.801816078829
2598.450243301176
2599.190037610710
2599.828829049116
2600.603684351331
2601.672392761013
2602.529118715557
2602.785048569504
2603.616641482811
2604.516253776795
2605.548868723010
2606.681354612796
2607.420425779876
2607.860291470673
2608.497710658691
2609.577023983864
2610.064739917923
2610.733003184314
2611.462240533626
2612.562836053662
2613.284934775147
2614.596662757738
2615.186958214190
2615.431526655569
2616.495920243267
2617.373197629498
2618.468552615993
2618.689648267616
2619.821707452389
2620.072396792883
2620.972928906324
2621.875075331663
2622.647011056289
2623.927209234963
2624.527486447312
2625.637175432833
2625.980305287975
2626.850514393916
2627.139478729600
2628.191843788253
2628.909971934429
2630.178297959532
2630.449852451011
2631.316563434209
2632.253218580710
2633.279163002166
2633.842705824551
2634.875084866123
2635.289366346658
2636.470349264633
2637.057489472999
2637.508318339188
2638.528463852137
2639.033472342797
2639.520641587450
2641.429362922528
2641.917381142825
2642.609901161993
2643.410995876480
2644.036529542198
2644.761026850725
2645.551682308690
2646.669909329637
2646.865502630724
2647.919908551030
2648.693664788260
2649.528162752035
2650.198738121562
2651.149553534447
2652.209111493433
2652.928440208359
2653.823628873701
2654.309972885118
2654.890463192969
2655.466428452283
2656.779974175906
2656.947155749482
2658.218363844077
2659.009442192366
2660.057623042600
2660.790968183062
2661.458677713912
2662.100862478012
2662.719705295531
2663.819029922129
2664.667907938008
2665.353664433983
2665.829807558336
2666.569054885947
2667.252132391842
2668.595122136973
2669.457370057704
2670.409088279963
2670.815606209276
2671.545380514607
2672.542745212947
2673.125758689668
2673.515625216073
2674.457303569826
2675.495870000110
2676.261104158518
2677.167869708474
2677.955062964912
2678.708266129595
2679.248739625749
2680.571732299891
2681.160551900649
2681.724850212112
2682.538749769764
2683.240221049361
2684.179128506918
2684.346429381891
2685.622059299323
2686.391048103913
2687.830937105316
2688.412291866752
2688.868290727350
2689.546295727277
2690.372086015961
2690.925782122498
2692.019553001985
2692.892518708862
2693.416983170178
2694.067031705868
2695.021649655750
2696.074700201094
2696.930995423681
2697.295995492080
2698.689889423879
2699.068633778925
2699.938285729185
2700.694482990528
2701.175245160676
2701.722894656045
2702.674420622689
2703.785237691064
2704.950944015060
2705.349577239619
2706.225113723746
2706.962042146121
2707.853737064972
2708.216459612885
2709.276187790788
2710.089598643953
2710.637884646273
2711.604618515323
2712.428927453866
2712.637361181698
2713.863644681439
2715.179173540503
2715.740003089336
2716.508501026861
2717.312842019099
2717.601935938173
2718.491682747979
2719.336046322070
2720.086500732217
2720.776036868499
2721.636549202278
2723.005819513019
2723.307357124376
2724.365216003813
2724.946134104115
2725.443978738916
2726.720328571656
2727.474200504779
2728.238996029464
2728.494447368494
2729.317230471389
2730.252545176660
2730.860572725076
2732.275533211823
2733.105873434763
2733.500090632157
2734.770654960704
2735.092898513952
2735.748899234479
2736.564337173427
2737.089639160921
2738.279072928179
2739.164284729787
2739.588871264206
2740.517836590550
2741.465830215444
2742.101200238490
2743.263429176163
2743.841383718472
2744.599731355832
2745.240067477018
2746.142611525517
2746.718059729239
2747.454802571841
2747.953532222141
2748.997259899697
2750.405707538016
2751.020682907014
2751.929699635962
2752.238897253681
2752.837015072805
2754.012911065394
2754.655769688151
2755.391486741173
2756.279493651398
2757.042121634408
2757.273872349068
2758.852366668011
2759.230314561470
2760.148194971023
2761.252308705639
2761.987206790177
2762.741339200566
2763.184337936352
2763.954603739371
2764.619306652147
2765.202657023029
2766.449147054238
2767.236773624954
2767.946038636061
2769.028291929099
2769.696881773945
2770.432617956175
2770.964721723172
2771.991043966310
2772.537623384481
2773.741925511500
2774.061972060998
2775.086014637563
2775.296917000317
2776.207387914696
2777.540994606959
2778.661356944933
2779.090595612460
2779.748634654300
2780.556760279826
2781.225487459486
2781.930977988914
2782.672965453351
2783.480599434838
2784.142036329075
2785.279513437388
2786.070381782421
2786.889400570979
2787.391088074716
2788.436212914037
2789.045211397800
2790.320479526491
2790.789627992696
2791.131888870339
2792.071808265583
2792.740623396670
2793.645297470390
2794.210445971931
2795.569528023189
2796.447405248798
2797.069733656270
2797.894757557985
2798.516578032604
2799.174758396886
2799.500439622216
2801.176894764423
2801.464056821512
2802.151720725765
2803.278972445622
2803.468665627231
2804.821195912108
2805.732985716473
2806.336983565640
2807.286336862292
2807.822891551536
2808.837678463902
2809.311094686459
2810.005485633797
2810.640926710028
2811.297576495945
2812.549061411354
2813.598161077872
2814.484279462325
2814.739804287869
2815.597439456440
2816.556387807548
2817.071902845375
2818.128434840838
2818.693669009507
2819.398218429474
2820.310720648095
2820.888391701755
2821.644706840057
2822.645311612808
2823.489313904725
2824.813707565687
2825.204361188137
2825.813215122875
2826.364598670166
2827.409776892945
2827.698019470626
2828.776751727223
2829.671720708423
2830.374632074173
2831.106847471455
2832.443170291231
2832.984925553425
2833.406833404208
2834.312831114607
2835.289405636372
2835.982378818367
2836.848871774827
2837.460384879081
2838.023462052554
2838.542968743395
2839.547746616111
2840.978220649186
2841.491409003143
2842.517186630697
2842.944857885099
2843.826002208898
2844.402304621452
2845.385885386318
2845.623644871740
2846.693700006416
2847.698621418097
2848.369415955844
2849.016535869315
2850.093163125561
2850.568054839495
2851.678575982808
2852.651921710062
2853.113272412304
2853.965606964738
2854.481574514598
2855.243003311348
2856.021314484948
2856.917844623292
2857.154235750235
2858.810495955409
2859.603674062436
2860.320010772054
2860.992825080376
2861.689656527380
2862.017513274780
2863.249344933751
2864.048068280612
2864.924241868172
2865.287558500540
2865.925121374815
2867.166639033999
2867.639992492418
2868.936605991978
2869.575858341585
2870.280940094423
2871.210970141015
2872.110839907769
2872.323368464337
2872.926997861784
2873.878125352647
2874.614994387864
2875.647332879308
2876.680693631388
2877.262020075078
2878.012180859977
2878.910828076911
2879.615839578379
2880.293867039034
2881.091147482420
2881.966497975408
2882.590249562702
2883.427675657196
2883.939778005391
2884.742109605065
2885.432581358477
2887.064340930486
2887.649095768239
2888.228905337230
2889.036460349714
2889.469430665657
2890.310843748172
2891.235766087200
2891.671374231732
2893.001948832223
2893.100591567139
2894.346562971957
2895.337678019078
2895.955830203235
2896.670887095216
2897.260633935146
2898.708464724793
2899.031300306904
2899.746926313199
2900.534037056017
2901.116771755572
2901.622605955512
2902.673890900963
2903.853616755085
2904.453609855845
2905.688594654874
2906.026807654734
2906.888363573687
2907.554874019828
2908.102072312020
2908.947609723901
2909.790211002754
2910.872474574136
2911.333332028204
2911.913318177583
2912.773542156184
2914.020790816871
2914.543634876402
2915.690005578783
2916.255571775395
2916.875945670672
2917.491784078522
2918.575390204172
2919.191001640082
2919.290087108145
2920.584824299559
2921.509613088841
2922.858479953167
2923.151476077425
2923.914903620403
2924.603825210945
2925.287127702164
2926.268176797693
2927.159714650137
2927.792319834319
2928.157840085989
2929.312644604111
2929.758366596297
2930.736722325889
2931.648842809884
2932.620678782742
2933.500354999656
2934.198981373658
2934.803327737539
2935.662697074634
2935.769028931794
2936.794031607288
2937.854792227844
2938.556455849172
2939.264901446382
2940.311407008375
2940.958985112663
2941.905547962066
2942.611500287043
2943.261638733842
2943.942569785200
2945.168375202393
2945.600888898133
2946.199603364305
2946.981344926632
2947.617273462051
2948.256082229030
2949.900336387855
2950.702070745415
2951.124921133857
2951.738134742098
2952.778616393161
2953.259502461266
2953.959284299701
2954.850743972035
2955.579610839558
2956.334969117918
2957.196691669638
2958.041972307649
2958.913516326038
2959.343834322234
2960.509795543211
2961.535629855164
2961.890741510410
2962.976524995914
2963.178670404914
2963.939411442473
2964.852184014198
2965.541491733342
2966.302422793758
2967.559944163863
2968.194766600544
2969.389302408161
2969.750043035716
2970.180377946612
2971.131721682181
2971.855826724013
2972.801170066163
2973.747482614161
2974.112733837038
2974.899802122623
2975.376233415889
2976.868297310166
2977.396307994328
2978.533256944988
2979.062273835232
2979.825364889252
2980.633794306489
2981.165809084090
2981.990457088861
2982.516801134490
2983.117319310904
2984.634531660623
2985.155772569729
2986.036530058346
2986.921866096447
2987.450057140332
2988.087988599206
2989.384617232584
2989.774863506848
2990.511512774826
2991.258834306978
2992.156283120554
2992.609667530807
2993.439222386791
2994.164540081989
2995.539704879338
2996.258816957012
2997.222211216943
2997.644060649951
2998.051653114821
2999.063277782375
2999.555603025541
3000.709025246294
3001.299685856080
3002.098659625606
3002.782127337574
3003.840665538799
3004.743322100399
3005.283617806178
3006.043167923280
3006.898571647140
3007.893645016905
3008.466319729716
3009.203833784535
3009.577483507562
3010.391252907832
3011.120857409875
3012.245490516408
3013.480606027474
3014.003205055578
3014.514438346130
3015.522185679619
3016.273607300416
3016.739161099700
3017.381903693191
3018.525115255787
3019.218114074783
3019.792635472320
3020.839482310373
3021.322017214285
3022.102510767944
3023.358749878707
3024.170754346433
3024.810895833808
3025.550876573809
3026.025448062551
3026.940671041149
3027.553797628148
3028.172193416411
3029.300577220910
3029.607871703338
3031.194473406460
3032.037006459802
3032.258498137270
3033.219514953551
3033.839761141939
3034.492534519184
3035.779462763268
3036.292747473945
3036.882242205647
3037.588331490184
3038.231371652107
3039.147082898137
3040.152274614674
3041.109107682196
3041.750368625853
3042.916578167039
3043.108838520133
3043.997374762756
3044.765783114732
3045.069199296790
3045.983908700296
3047.116122183182
3047.934529762898
3048.417193646109
3049.537277649165
3050.129053605589
3051.190505533893
3051.554667518325
3052.671896845130
3053.413207372618
3053.751647295503
3054.923409160110
3055.492890697958
3056.052255134904
3056.520279147883
3057.907911692209
3059.130529493203
3059.612181051555
3060.456875639942
3061.018646314430
3061.395916638469
3062.533135741782
3063.327433943456
3063.814445116647
3064.817080632397
3065.465586848488
3066.212082108271
3067.224187412496
3068.133139323154
3068.461632958691
3069.614523644884
3070.630704735960
3071.092073690281
3071.845965279011
3072.320238392915
3073.007727467664
3073.909087203957
3074.536017299809
3075.820942693847
3076.476675706062
3077.381375616577
3078.217948793370
3078.744781642138
3079.607191465074
3079.907098530382
3081.073958808376
3081.813835846294
3082.804391529235
3083.121972155393
3083.778467770286
3084.732946953230
3085.553928529144
3087.006960690452
3087.420000081088
3087.926763686211
3088.870624109311
3089.646869771246
3090.125894778192
3090.829539880101
3091.709557384224
3092.259876466383
3093.369437211181
3094.480336003645
3095.050615026509
3095.814389789472
3096.239731676756
3097.386637808999
3098.084901227155
3098.888761713671
3099.649734613181
3100.353643544845
3100.534491308738
3102.013016683075
3102.199957583384
3103.303495716658
3104.480093652484
3105.430323288831
3105.718001646871
3106.719147567784
3107.281805751582
3107.673370692533
3108.534881375045
3109.682346541407
3110.289813568811
3111.111810354445
3111.589170539252
3112.791309729957
3113.572448240720
3114.266822303623
3115.026262528419
3115.919083148488
3116.514527545286
3117.534180614392
3117.904269120678
3118.692183702547
3119.233249283026
3119.862987084377
3121.388219272709
3122.198601747004
3122.919073128874
3123.565473096960
3124.158073966991
3124.993556626759
3125.735299930102
3126.488770600890
3127.223104562787
3127.927995734045
3128.861035601094
3129.586274881254
3130.037376248307
3131.373452614173
3131.800183751574
3133.029454625296
3134.027645020649
3134.188933173738
3134.736866398121
3135.701215559252
3136.415552177538
3137.008032462464
3137.926571541210
3138.824464704451
3139.681429698678
3140.696992498041
3141.441005820166
3141.921006836413
3142.558331139813
3143.312409750813
3144.572736575099
3145.008004284881
3145.745667061343
3146.375068975630
3147.113709079982
3147.598290517101
3149.185204489233
3149.754200594841
3150.664038521094
3151.362719345507
3151.940042784191
3152.985071047259
3153.189566399430
3154.151486624052
3154.543976926306
3156.022808724108
3156.262568459485
3157.608107429659
3158.074194590558
3158.767181891861
3159.774964878915
3160.496493833319
3161.355036597263
3162.054743031338
3162.617580361726
3163.568005297150
3163.911484354547
3164.986735819559
3165.398481930994
3166.305092336776
3167.830614408139
3168.444271222456
3168.995814518417
3169.682776652615
3170.281390889562
3171.104579774092
3171.671388624058
3173.034919938787
3173.354936726728
3173.978648444607
3174.795144313242
3175.979825620206
3176.558896138321
3177.300567220024
3178.437060752916
3178.800679932358
3179.985447974437
3180.453487234919
3181.107318095185
3181.661193463840
3182.252301271990
3183.333990970000
3184.223863449531
3185.363774202563
3185.866976635692
3186.614484427282
3187.574091410311
3187.969207996985
3188.825644007426
3189.642292610358
3190.201687795430
3191.463606612463
3191.727858926407
3192.464003592608
3193.249187995182
3194.027018442142
3195.332740512059
3196.155748090764
3196.712364079915
3197.394859354591
3198.056998039206
3198.586828604308
3199.711609532696
3200.119407290487
3200.817507480269
3201.906195131558
3202.746526797827
3203.618877673875
3204.553704959008
3205.022685939034
3205.400859467433
3206.705568800691
3207.621364882160
3208.068115027516
3208.654993843410
3209.592788278478
3209.947995919030
3210.869545096764
3211.841375588286
3213.065839874922
3213.461787461953
3214.472369960161
3215.322165834169
3215.722039684294
3216.192315260994
3217.177305810630
3217.815932065483
3218.800479914598
3219.755868225866
3220.161627703777
3220.907170757895
3222.057350415706
3222.694476980550
3223.623738454353
3224.280610747835
3225.092615059443
3225.719077337751
3226.474398954149
3227.218414730865
3227.794781918704
3228.335425587226
3229.301188728637
3230.758365529456
3231.415850656715
3232.055202326430
3232.536096601791
3233.365926727997
3234.154291729492
3234.808218115759
3235.837084374750
3236.458245183797
3236.928134261966
3237.889520349881
3238.699535814001
3239.539179877316
3240.202107744630
3241.305544738718
3242.240824789027
3242.663679128716
3243.464214212852
3244.218163979877
3244.476751012419
3245.321759586166
3246.384278691806
3247.211232434142
3247.788433973042
3249.052567683645
3249.738077918149
3250.164515731440
3251.352989113703
3251.621623385368
3252.361781677468
3253.680063986180
3254.040525901844
3254.865168859946
3255.401884785952
3255.995104187794
3256.917071620584
3258.256056261500
3258.992070003048
3259.840532158916
3260.164336446026
3260.939813946980
3261.924924334898
3262.475979352314
3262.861062873309
3264.032153049280
3264.646774306164
3265.617728146135
3266.579160082008
3267.075525089196
3268.050725732089
3268.459710438733
3269.719106722140
3270.353766298588
3271.250647490499
3271.465526937158
3272.254613474814
3273.388704066350
3273.553782352624
3274.490483654369
3275.744810152744
3276.461542522666
3277.519154949043
3278.140213602732
3278.508204764178
3279.338424375532
3279.800443804163
3281.017106607743
3281.695444292921
3282.376398262186
3283.315779065011
3283.506651951620
3284.727791269436
3285.798108806300
3286.374960019917
3287.036137727662
3288.190780250912
3288.572654267699
3289.402170264960
3290.068049813708
3290.582319004919
3291.364704936168
3291.958759388828
3293.631146288610
3293.982527432509
3294.872444617407
3295.527029811309
3296.384910945704
3296.798161682413
3297.973285508942
3298.415786157418
3299.294232073004
3299.961553028876
3300.793497463634
3301.387764263004
3302.176540827360
3302.923044858383
3304.205517986625
3305.093563060800
3305.555684233051
3306.247472229687
3307.009486345777
3307.365341599373
3308.344336856021
3309.110515569002
3309.961534177498
3310.572270336258
3311.537775416929
3312.629972419079
3313.222782556302
3313.794065377787
3314.487595314266
3315.513088367498
3316.143169388512
3317.161808924931
3317.724301360799
3318.109734576101
3318.680695918741
3319.862865702934
3320.548418489178
3321.991890785720
3322.419059532048
3323.049332895013
3323.922712694227
3324.648183536457
3325.255993948697
3325.775277714673
3326.598170970900
3327.662011129430
3328.589911539368
3328.701705137798
3330.155769444136
3330.401641537545
3331.481525674591
3332.409295132739
3333.379272577959
3333.604321135470
3334.428131730578
3335.326431223100
3335.800722550522
3336.570901951030
3337.258099797870
3337.992746463484
3339.326296090623
3340.267114527273
3340.780035960756
3341.371355539548
3342.119983617901
3342.591204256223
3343.760761263724
3344.506575154986
3345.158820449304
3345.761158996697
3346.534962066934
3347.222338329297
3348.319561630727
3349.093251488895
3349.887123713448
3350.664288907901
3351.764284793094
3352.099775802544
3352.564519217319
3353.547961177038
3353.982777772774
3354.760779352181
3356.040492888991
3356.579762950621
3357.685599232175
3358.034310380794
3359.186734923585
3359.959724691904
3360.101594793246
3361.352873362209
3362.061585832601
3362.673334127925
3363.447010367454
3364.359872411261
3364.704094313777
3365.219475203747
3366.923367994543
3367.563394016342
3368.522341346178
3368.872862233798
3369.642592572292
3370.208876455220
3371.144173225205
3371.714993141753
3372.603840852464
3373.236008378993
3374.101415733244
3375.046622083911
3376.056023394816
3376.280473099258
3377.340622001864
3377.951489822713
3379.107696752215
3379.733214903683
3380.394652169850
3380.692243240101
3381.802810850145
3382.117755548036
3383.218007249844
3384.126283237752
3385.077908496804
3386.039536126302
3386.480099747521
3387.296243462786
3387.921798563096
3388.633763244187
3389.040874970038
3390.403112720807
3391.132240629912
3391.529576554900
3392.267000008267
3393.148198221340
3394.100704046649
3394.895205648412
3396.000531470475
3396.425517107919
3396.954702805855
3398.049159976235
3398.607941807833
3399.175118032854
3399.796332326891
3400.565738860008
3401.606425449430
3402.681615422260
3403.610176496226
3403.992252491805
3404.589342328150
3405.402750093710
3406.402457305649
3406.979784430842
3407.777668738427
3408.624483989953
3408.946620265766
3409.951433519020
3410.577524238532
3411.563301648084
3412.254725822908
3413.661209227696
3413.940843689962
3414.914483155768
3415.366119574643
3416.015255792746
3416.562180403942
3417.543956246535
3418.372404866408
3419.095018734008
3420.067761013243
3420.503834875291
3421.932877953658
3422.251799597751
3422.975109197626
3423.713715221270
3424.679362346331
3425.380806979189
3426.140605388667
3426.764563423977
3427.254540281612
3428.053954385533
3428.651298247131
3430.438661748159
3430.826069461949
3431.400291051361
3432.378468292105
3432.947361067071
3433.569389051206
3434.306046920972
3435.179418007553
3435.757852162531
3436.536945483870
3437.747669980959
3438.013108074967
3438.918247939596
3439.914040028443
3440.407385959338
3441.689671135571
3442.195570630895
3442.954872014006
3443.538151465586
3444.013284026112
3444.977771409713
3445.776432542417
3446.176782552540
3447.354771299681
3448.483173497028
3449.082317056604
3449.922760045428
3450.557418405988
3450.928294951796
3451.748602033621
3452.785089115676
3453.628077375074
3454.199337259677
3454.838086404917
3455.365226540745
3456.395589926887
3457.329897212870
3458.277130380703
3458.946937021643
3459.749636248333
3460.430694660252
3461.099909924381
3461.937309057283
3462.443624347629
3462.711747761608
3464.132638915632
3464.797162224475
3465.814961595709
3466.544591682334
3467.400772660553
3467.643954398253
3468.962073781347
3469.426368396872
3470.259284413440
3470.953857263269
3471.684438481959
3472.514898835115
3472.960639296111
3473.757661691388
3474.519048467748
3475.633316140342
3476.941066373748
3477.184846013635
3478.032633583314
3478.281400839121
3479.317407119530
3479.994993695136
3480.578020762553
3481.717891940282
3482.510474176950
3482.566775912939
3484.141794699522
3484.777419766097
3485.416165214025
3486.233585278825
3486.866771976607
3488.093807461694
3488.541228250645
3489.179817396818
3489.873147300011
3490.506938212689
3490.998315520773
3492.125820257435
3493.268482465918
3493.968505880544
3494.705907380472
3495.455840705588
3496.129317846076
3496.924913081086
3497.252827358581
3498.276280259506
3499.047167246887
3499.902353898776
3500.537465320576
3501.326349129172
3501.800943697770
3502.892533561593
3504.114926457247
3504.422010456283
3505.499253793215
3506.002578564808
3506.586911318151
3507.285874694795
3508.204676206472
3508.808874278132
3509.255386452407
3510.429567077457
3511.679814525432
3512.101103497241
3512.995324751859
3513.528952116542
3514.167100660727
3514.893921192874
3516.217567329983
3516.615285402871
3517.066547593725
3518.032594588215
3518.517967353771
3519.475492565086
3520.250509274375
3521.363468551649
3522.122234080291
3522.770568024975
3523.741929131342
3524.264081928182
3524.700584991486
3525.375360793319
3526.227451043488
3527.117781100008
3528.036798342122
3528.664189082873
3529.418596321450
3530.399681476359
3531.116225387278
3531.745661583184
3532.683043818245
3533.321092325374
3533.944108884471
3535.032477833317
3535.523631543773
3535.897066828505
3536.878898664473
3537.363330251935
3538.825502183471
3539.850189574982
3540.359361173090
3540.829997961646
3541.507003968278
3542.555852661543
3542.838866727897
3544.090708585409
3544.280092461097
3545.552220345645
3545.925113831266
3546.785254982271
3548.042089735478
3548.334051389588
3548.988434229368
3550.535891763625
3550.784177689191
3551.579264493411
3552.266709333196
3552.939617056404
3553.364078606061
3554.241658560274
3555.194894904964
3555.956211304831
3556.974280288600
3557.756834375820
3558.644698027256
3559.100388320786
3559.685199670649
3560.563769065332
3561.140415142821
3562.315966889885
3562.884859862640
3563.515409430708
3564.169636901368
3564.709742344940
3565.950975267800
3566.945002628654
3567.591934834738
3568.533167577777
3568.783931715522
3569.774534494263
3570.636974158104
3570.750855350097
3572.026171604220
3572.130610637455
3573.453949191362
3574.412155339643
3575.220552791135
3575.755407581310
3576.500115921004
3577.312346647473
3577.974828553335
3579.058618827149
3579.637539718811
3580.187350996061
3580.745369242393
3581.810808130430
3582.500505703932
3582.769044855774
3584.332702592472
3585.051785013261
3585.909336506531
3586.704384533457
3587.036990165938
3587.817075663350
3588.268546410002
3589.268065598358
3590.270568583592
3590.849253404694
3591.369958582050
3592.504363900180
3593.072821346738
3594.174045536886
3594.833567884332
3595.360939182541
3596.291329975120
3597.284173337371
3597.729327749555
3598.361248169566
3599.080613199159
3599.660552121600
3600.270205718477
3601.680601625359
3602.651187786671
3603.142100574649
3603.942825084177
3604.476423038045
3605.340930959253
3606.168543185985
3606.500969008486
3607.551589471273
3608.348560958043
3608.925744091291
3609.792370833490
3610.434362175155
3611.256456312998
3612.100515225966
3613.236693702086
3613.951292547335
3614.537016490376
3614.973698574907
3615.787586675467
3616.622325288627
3617.079959475808
3617.914529675219
3619.026919349951
3619.378614844385
3620.988212283975
3621.248164810921
3622.197486880616
3622.439016134651
3623.346001009115
3624.384573364823
3624.964935059805
3625.886366147557
3626.557412861784
3626.787055527825
3627.598051147319
3628.751522538493
3629.577559071641
3630.611408730162
3631.137030429608
3632.047807393200
3632.535851690170
3633.365460313061
3633.983270160435
3634.437313792212
3635.285640051358
3636.376440996401
3637.159531397559
3637.740861764413
3638.655025019134
3639.425942818380
3640.096683538892
3640.982347770660
3641.914314801889
3642.267770899764
3643.200344764764
3643.718632209642
3644.772077338156
3644.973755562134
3645.875740726669
3646.594655721448
3648.207184976728
3648.804412356016
3649.107877902507
3650.223024764795
3650.684108726176
3650.963770912746
3652.333195084351
3652.941407905174
3653.660754074303
3654.263412420250
3655.107449843752
3655.909852510214
3656.880840749026
3657.481932564210
3658.352939737606
3659.109741046982
3660.040326270690
3660.754766628019
3661.202718882260
3661.710119906801
3662.447870200256
3663.404608300118
3664.015735983071
3665.344702464834
3666.026796738842
3666.508125526067
3667.569247893998
3668.196376664718
3668.796593764607
3669.306109431693
3670.494120591385
3671.035460884639
3671.845911653046
3672.655158686118
3672.982721286725
3673.838801747467
3674.827575449890
3676.116005633912
3676.636300068889
3677.224436289002
3677.957257590001
3678.571647433278
3679.376074629597
3679.992587252471
3680.689333770016
3681.452859051370
3682.346051446162
3683.250789827688
3684.419988807689
3684.612028633834
3685.402174808806
3686.069753766600
3687.144951640023
3687.929533946514
3688.458822840410
3689.291587640164
3689.612811248811
3690.638931559959
3691.048015016112
3692.318305590773
3693.015977795260
3694.013802180350
3694.911195232256
3695.445735559509
3695.854897654785
3696.809704109215
3697.362911043996
3697.857181462056
3699.272996061068
3699.771569901396
3700.403398749149
3701.062686348942
3702.208179487825
3702.926142736859
3703.573941763360
3704.631990520507
3705.038345678457
3706.005322780465
3706.451378126144
3707.595407992751
3707.738746734588
3708.490759917328
3709.125510117839
3710.668206958964
3711.256580280225
3712.366407348791
3712.686101828477
3713.102004399060
3714.248985757086
3714.816553877584
3715.565885899383
3716.579406939643
3716.862229070455
3717.794557785617
3718.569689362174
3719.353499312820
3720.003715835604
3721.081981706167
3721.814978717026
3722.828509337001
3723.366602038666
3723.945747834709
3724.464738370997
3725.209957395135
3725.966176686585
3726.923734789472
3727.471365792456
3728.594521311496
3729.316190198671
3730.192380778685
3730.863353446970
3731.566532414103
3732.017521919046
3732.904589501416
3734.013183533145
3734.756608966820
3734.856623404156
3735.824884535889
3736.583703826979
3737.024383846227
3738.633802227280
3739.338099835631
3739.987990792003
3740.439298504599
3741.571868560315
3741.954626152582
3742.668259789250
3743.257115932712
3744.229765045246
3744.782994037771
3745.909451065272
3746.592915970221
3747.455408957537
3747.936040441816
3748.873367784203
3749.636458468435
3750.648581176521
3751.173005147425
3751.707168998672
3752.609813898220
3753.077989793449
3753.862554152478
3754.752976911097
3755.201157580882
3756.735502733916
3757.332442116245
3758.250287897853
3758.617894778708
3759.375086119742
3759.809456575941
3760.793048573410
3761.655911517110
3762.381572855031
3763.255120546005
3763.497662940093
3764.367375914072
3765.810239940869
3766.024547674514
3766.910360918433
3768.004456884370
3768.469347914645
3769.205558565995
3770.055244176725
3770.574220439448
3771.091346140335
3771.667007693824
3772.853590209527
3773.872505003197
3774.593323231527
3775.353711385777
3776.003888017618
3776.762442063558
3777.336606109502
3778.280268639935
3779.146240269705
3779.284785121349
3780.672663173909
3781.157810174639
3781.590740074184
3782.527716075010
3783.327063684022
3784.412324963418
3785.456178406200
3785.982316864262
3786.419374203571
3787.310838755817
3787.639047352196
3788.822896268647
3789.140592673120
3790.164304048503
3790.865826924725
3791.628691767840
3792.928715377436
3793.200139557345
3794.252491531574
3794.542501467909
3795.428266314761
3796.523355832102
3797.241788701435
3797.684749836768
3798.369494129551
3798.937480501784
3799.769709547189
3800.514363543474
3801.804664339185
3802.583488459916
3803.105685947904
3803.923286603266
3804.802857957094
3805.199917039585
3805.857967818990
3806.444774994978
3807.631928934592
3808.227230127993
3809.004155959200
3809.741137017048
3810.568929193299
3811.100381434829
3812.405599584908
3813.017636927198
3813.515578396094
3814.579699424851
3815.048113233565
3815.609553682398
3816.534611600890
3817.222829386820
3817.549462288519
3818.639610190671
3819.923620098468
3820.825430143539
3821.118597649833
3821.778165184505
3822.620571908271
3823.146138124913
3824.096030604470
3824.951964186587
3825.725580782085
3826.009155303564
3826.831854665411
3827.927226816053
3828.367763329115
3829.604104011843
3830.040591100536
3831.255765705884
3831.757354094464
3832.523150271200
3833.085031433559
3833.562638147016
3834.460073743925
3834.926093390184
3836.273313920722
3836.838820305914
3837.574650004651
3838.609456493636
3839.340817507882
3839.780493251414
3840.719260530740
3841.337265536996
3842.107831360835
3842.988579862052
3843.578592785927
3844.538500215926
3844.742596352394
3845.345739160398
3846.648786068288
3847.744702776458
3848.415752857494
3849.228347437846
3849.588253348537
3850.241131299255
3851.150523671318
3851.941451291962
3852.305039566261
3853.245311633093
3854.098463107999
3854.882284760785
3855.676812817338
3856.609005789289
3857.298736501222
3857.534754192122
3859.021206816576
3859.674695567016
3860.117098725091
3860.932931984451
3861.464692060547
3862.113920098728
3863.007714075295
3863.604143778527
3864.777898197470
3865.625039842790
3866.439264925697
3867.109511788201
3867.849477678566
3868.289673592561
3868.885459089405
3869.778807180158
3870.944760218157
3871.227054969200
3872.253098878474
3872.583641161897
3873.455832905318
3874.588309617363
3875.269421269290
3876.219406200783
3876.812112373673
3877.353432283579
3878.425242338880
3879.040694623692
3879.244662269091
3880.217101130592
3880.910860765302
3881.631414633111
3883.146363237776
3883.773059986549
3883.989904702054
3885.086599352285
3885.606178469063
3886.472738524952
3887.143349944235
3888.168727917994
3888.510627014531
3889.317657903247
3889.986293653136
3890.879582712392
3891.469268240684
3892.271942850305
3893.620096101979
3894.189700027815
3894.885601339127
3895.549274842750
3896.120352949242
3896.748848357052
3897.315109233582
3898.483007705768
3899.151396621738
3899.694080831361
3900.731341688169
3901.528416169753
3902.449042216621
3902.998152937570
3903.549464854609
3904.514020415847
3905.248409198454
3906.200251684181
3906.615416753843
3907.302754113755
3907.968464138811
3908.375739633227
3909.626114011473
3910.884720962138
3911.277471781563
3912.231864938469
3912.676784399709
3913.489854140853
3914.117274344803
3914.990634384503
3915.352883225174
3916.260771892454
3917.361953560822
3917.791371931911
3918.564880803309
3919.510769670447
3920.061493464454
3921.069925380319
3921.835238389905
3922.910992605251
3923.304785315398
3923.499987275393
3924.706300309725
3925.353419839644
3925.886343611020
3926.542663194977
3927.722062217427
3928.509107513915
3929.592599023130
3930.199316085176
3930.758309297275
3931.104582139683
3932.117575241687
3932.900794752626
3933.838660100603
3934.450166329066
3934.965604358782
3935.719124613317
3936.359223486910
3937.501221165729
3938.290196467757
3939.162078128295
3939.686725995849
3940.776307520262
3941.269206941401
3941.764557542152
3942.584565014118
3943.162472676215
3943.685109232656
3945.100391638455
3945.549793111334
3946.618206189165
3947.290723022235
3947.805457832779
3948.810532423849
3949.566934355697
3949.981718816223
3951.095613909419
3951.571377433671
3952.411254549117
3952.965109084825
3953.788326196501
3954.329277391817
3955.056699888792
3956.787835611071
3957.049767858991
3957.881011564562
3958.402385666805
3959.070833783973
3959.901494818822
3960.266688919737
3961.509598557904
3961.980679276260
3962.755259786559
3963.398519201839
3964.663560923388
3965.206745662119
3965.791038264931
3966.697283090286
3967.414777721116
3968.335001178570
3969.100415712312
3969.629386867986
3970.254965537519
3970.628639673901
3971.682485177802
3972.377738025299
3973.452104901336
3974.439308792861
3975.027367093671
3975.651226572921
3976.607358444212
3977.131243781085
3977.550113783054
3978.472403351097
3979.347224058864
3980.118546756640
3980.929030369816
3981.357246640584
3982.004484599936
3983.239125603055
3983.813731476218
3985.089640665336
3985.398278908799
3986.230095263832
3986.667771146193
3987.682250484057
3988.175511278199
3988.883812515612
3989.462725906361
3990.319662225666
3991.580728196926
3992.247942594881
3993.069743143296
3993.665171090451
3994.198149482539
3994.809469314946
3997.232910129572
3997.941778573910
3998.731277977324
3999.192078327308
4000.105983904396
4001.248261080466
4001.735499489038
4002.875898051370
4003.756615159720
4003.930194694701
4004.862443022863
4005.350828368915
4005.896572325217
4006.967249207245
4007.594655975254
4008.744078017121
4009.070148837006
4009.927388251735
4011.046353891250
4011.605448781113
4012.232643988595
4013.024244592998
4013.920261317058
4014.469400779907
4015.359588619801
4015.935845837479
4016.509999810742
4017.130145392261
4017.811354723919
4019.308971511126
4020.220203166134
4020.522972830623
4021.384466415539
4021.854218115481
4022.774675698350
4023.397487420942
4024.022136288754
4024.953999721929
4025.718083583471
4026.107772961208
4027.431132077900
4027.820467846007
4028.678586616548
4029.391775500960
4030.454074355433
4031.228070720368
4031.758051946085
4032.562529942514
4033.148176235156
4033.429150950947
4034.606934710971
4035.175840767959
4036.023638245577
4036.963696793139
4037.995479783352
4038.707105861939
4039.132393373343
4039.959830232875
4040.703043587387
4041.002473892740
4042.261541538757
4043.215997555798
4043.569717412544
4043.902343781770
4045.071169076302
4045.559975142795
4046.757961790908
4047.804865279451
4048.186990587090
4048.950172901933
4049.829262709491
4050.251672841888
4051.190607775331
4051.658656882035
4052.110214832276
4053.225107496765
4054.116464813904
4054.944025195249
4055.855017703231
4056.317970239670
4057.020307399277
4057.848353449721
4058.731224405647
4059.429695269447
4060.106518450267
4060.666112444389
4061.456607851743
4062.203959578359
4062.827765966133
4063.408790472618
4064.758146496369
4065.494135248144
4066.481584755837
4066.966205518145
4067.633243373523
4067.893405156259
4068.898092101109
4069.756637018429
4070.318049467276
4071.456363058408
4071.739654136317
4072.580650077616
4073.562436220214
4074.626512809948
4074.893669196659
4075.640927910874
4076.698956035608
4077.475885970993
4078.000166395017
4078.648404074993
4079.348468877354
4079.994169577030
4080.349319799281
4081.796858513132
4082.735540417923
4083.498143646212
4083.874681627722
4084.940074322108
4085.489171681346
4085.993758682576
4086.924568239118
4087.617193460382
4088.248355494292
4089.249644766390
