25.696134218249
26.199810670373
26.733289302225
27.473587767471
28.169790642799
28.703973408636
30.038669198556
30.891451939549
31.588867754375
32.197933624423
32.803213864944
33.625124942328
34.472077026799
34.942034739785
35.591826171443
36.440169038217
37.443896497338
37.857229869444
38.243914778272
39.147650151799
40.065733026944
41.069869750296
41.949371667724
42.427131320484
42.931277401844
43.544334647962
44.458778600574
44.910897080648
45.498053406419
46.256683473779
47.361252215244
47.620950551237
48.601940149021
49.604505720206
50.298660571720
50.604024618621
51.173276761538
52.055883674585
53.056102285021
53.680589445026
54.083667057116
54.859000291009
55.184153536726
55.914363098931
56.752979814941
57.742010548534
58.345848467186
59.174792699302
60.018194133206
60.629051786578
60.912571730954
61.782397336253
62.364925056644
62.661112073270
63.815601338201
64.433841480371
64.997610391179
65.827498031984
66.598467116248
66.924406171774
67.910188643676
68.616120191970
69.385189738183
70.036537554773
70.648268700788
71.256800288978
71.677346517618
72.678816266731
73.159862296100
73.622396541950
74.226944643360
74.854609196276
76.407485683777
76.874426295882
77.475925432676
77.743973326773
78.657503925206
79.263385928332
79.795621565604
80.420796459347
81.374225255003
81.990450991984
82.326010178327
83.017896772466
83.849242911741
84.447875231880
85.002168759816
86.187939006270
86.532204578214
87.178404385494
88.193789302930
88.661190029839
89.183176736325
89.928359367818
90.145162192552
90.567777801241
91.896508029762
92.159494430350
93.276291619312
93.505227867034
94.615508344956
95.076803689485
95.949680964141
96.438089975176
96.907033498410
97.494094012936
98.297298280681
99.106942629868
99.656745268415
100.175741481132
100.815485748009
101.225585192025
102.012494926534
102.547199232639
103.533249423201
104.593323792697
104.974243061797
105.587082432107
106.136509113651
106.625377860792
107.151668094056
108.312880472499
108.397896103292
108.979839460302
109.753824560434
110.492200090106
111.224361187487
111.888647036490
112.755606419697
113.088813097714
113.716656434734
114.231363452904
115.404383982272
116.002929145385
116.254907902462
116.855549783743
117.660449647167
118.234172964333
