7.617497633186
8.532047592020
10.350839235745
11.527565099764
11.842852216904
13.326405604496
15.166255388740
16.133450674000
17.634502600301
18.072013874794
19.096196648800
20.101530640133
21.247477031303
22.722922973028
23.610394297023
24.762222846311
25.713512881035
27.097895145157
27.885785306440
28.513290485767
29.897437478689
30.624939017752
31.187819694996
33.452833717769
34.184291469522
34.977301190344
35.797081834212
36.609460413173
37.808357310699
38.718053296898
39.661871804630
40.538078302213
41.694599375652
42.989370303587
43.508214662182
44.935461551783
45.672232970434
46.698662645185
47.108717879877
47.738703103311
49.315380462738
50.307535200115
51.550686224657
52.175598487403
53.486635161157
53.747985158065
54.772077623215
55.882533229901
56.959876899885
57.447428514624
58.327480315497
