8.050766329253
9.261002975368
10.105944731889
10.940894434859
12.273586247588
14.009813155763
15.101941141339
16.519822117593
17.284393499637
17.849659227761
19.872507259342
20.253549577219
21.528949771389
22.089229668062
23.952621539958
25.175592763051
25.992210244619
27.052430547775
27.729410642518
28.686037750462
29.758138874670
30.576565257975
32.459850795649
32.998276284788
33.975218852333
34.874516645360
36.306112282140
37.092710870748
37.623219580805
38.771881476306
39.726694157431
40.389892326858
42.029910373158
43.504488668946
43.672364891254
44.724819096814
45.716658212730
46.082290542276
47.549560101357
48.587644070299
49.193383782212
50.200669041952
51.744122885697
52.132675323937
53.392407020850
54.104958426946
55.274042881834
55.997124254229
56.666588773914
57.031613457683
58.754405489458
