25.594996457440
26.097645422339
27.120671847311
28.219635875242
28.940283617386
29.564343210798
30.208105086863
30.867233287479
31.524109969387
32.146037015302
33.208005639739
33.729457028183
34.736676681781
35.034226379860
35.708586470436
36.587379888571
37.697918368508
38.330413069291
39.333282904797
39.684604359915
40.072115888807
41.235776996314
41.960393517541
42.156831835638
42.807491654555
43.496795146450
44.786755020584
45.301858746282
46.306190493374
47.000059343512
47.241765860166
48.151996850604
48.833491798806
49.512376237862
50.517908438221
50.739980687208
51.732962672667
52.042699988401
54.521370583320
55.089632435515
55.725538664086
57.031897876225
57.395812114361
57.930804047960
58.475930201555
59.067340596429
59.703147742935
60.301005400205
61.501537004962
61.900490116028
62.358089903050
63.306403891745
64.064869025942
64.986962505268
65.407741096564
65.914136449519
66.747513214086
67.625774879010
68.099938945900
68.856752930590
69.344765097407
69.942947365072
70.702772390093
71.045776715367
71.663341328438
73.145370533919
73.718758264669
74.511272417101
74.767469631578
75.309367455328
76.351064147854
76.762151061956
77.328802609522
78.035445082469
78.733304388050
79.275539128909
80.142795877230
80.833580553650
81.457236388768
81.851653220599
82.731321879476
83.663709894641
84.335376221030
84.829618833075
85.627166676654
86.133701559552
86.766554658381
87.144527529366
87.797728259608
88.664529735589
89.122491016111
89.804707818225
90.818013674575
91.570043061271
92.033694477782
93.020583996926
93.388488872051
93.871361626251
94.356036836922
95.098461238285
96.107556707070
96.809492931814
97.233771363149
97.549060393607
98.155851350094
99.066200173696
99.692534164654
100.563318088387
101.241136735482
102.039850437803
102.406544821743
103.297520235714
103.806066953759
104.390672351570
104.727071918293
105.483504578061
106.187506287648
106.512986869862
107.712861153144
108.066675563394
109.111055324791
109.482526172848
110.339990020936
110.703930813532
111.265064563792
112.326150977403
112.896621397470
113.437573977123
113.704330934461
114.681421497432
115.239941656892
115.932983221085
116.206251100728
117.049302077316
117.381881302667
