7.706759169212
9.166955079228
9.900913398465
11.991777770683
13.456840305403
14.119290292588
15.386319253446
15.813367122555
17.773390551968
18.591584791378
19.140090864376
20.836018321189
22.110035328277
23.050497816527
24.201733793117
25.274090692659
25.991222048616
26.498689968989
27.904200272325
29.206797759083
30.669502176899
31.280637270545
32.083498113582
33.404187959052
34.123958298138
35.338147264476
35.924722170836
37.107638679280
37.928868998127
38.858745151757
40.767216390604
41.469907996461
41.948692981622
42.931501323205
43.793469072779
44.759375471103
45.674798347617
46.735697472918
47.880638632144
48.946859912354
49.770623123781
50.462290013013
51.727401767609
52.590881484855
53.508007470667
54.258863743212
54.598886276817
55.878502890174
57.738149598450
57.947355194029
