23.926361907510
24.771524122631
25.443919219219
26.455983648708
27.421889932185
28.787148767826
29.414535989543
30.125070530801
31.164288913924
32.117643990640
32.668095150316
34.194740257669
34.993115433956
35.596337556975
36.550570214611
37.315241606160
38.302085529921
39.233497997619
40.348829890736
41.016798271972
41.987556427387
42.574125194517
43.326669451310
44.656106650772
45.376709596496
46.283160168887
47.205703973511
47.823558414189
48.915536113920
49.121226514418
50.732371324043
51.531407299700
52.094954974438
53.119579977048
53.936839463809
54.424112393016
55.547978436782
56.336750955363
57.583963765844
58.106779326705
58.895479339955
59.504338876216
60.693074731805
61.189341834640
62.247934257118
63.264464885363
