25.644423996425
26.435917498230
26.769426153317
27.369373332515
28.402025637049
29.146094490521
30.083270247207
31.107908829209
31.715057676157
32.502342531903
32.853003979654
33.821398545964
34.267976717003
34.949152231887
35.599632080491
36.719917625150
37.248746389357
38.098773919259
38.862879969823
39.227705084232
40.475631294465
40.976174286049
41.836537936115
42.524668533625
42.969396113020
43.734558645439
44.468458725085
45.318308110786
45.597423263001
45.954946438618
47.258287354194
48.480603412470
48.923138934829
49.497168455012
50.266345219911
50.890394049713
51.264179223081
52.086425489699
52.907793649003
53.718869108559
54.254791401661
54.661612547844
55.644637483030
56.162529698274
57.054067605400
57.946073527267
58.541882634933
58.902254238057
60.355533764971
60.735958271838
61.067305913927
61.685155609370
62.285258403146
62.952224646967
63.676896626458
64.599426676801
65.130720281473
66.099734927914
66.711930739177
67.498073548063
68.056578251995
68.655816405901
69.254523340832
69.803162901647
70.917246425950
71.294500579554
71.866249352855
72.726179998092
73.188950766265
73.796531317231
74.288114933817
75.371330975127
76.464254228696
77.065305628161
77.429266998056
77.970181082427
78.675042242126
79.259636865739
80.213123017273
80.459507697928
80.969391456393
81.883537508706
82.644890947366
83.245092233487
84.411978284641
84.574588061022
85.291280425380
85.911123899393
86.629792801632
87.644605949370
87.888444128761
88.619128173380
89.409936383442
89.890801787677
90.242362426305
90.953053987904
91.631437434582
92.542593172716
93.139915061499
94.105586141419
94.657584056842
95.453091059296
95.891184072303
96.489138759993
97.074916503338
97.488070359608
98.073889387572
99.259272090010
99.708961514532
100.471807165268
100.805824778780
101.148833296235
102.607373504048
103.089204743456
103.388101589916
104.435431426178
105.133232262007
105.475200879046
106.303923016922
106.935721744206
107.342878387567
108.025280564968
108.428773629300
109.300424207035
109.562219092186
110.698720384407
111.702043850054
112.168725974472
112.725738301619
113.268453125604
113.875560542960
114.298512559763
115.404282744700
115.739280272377
116.539683491272
116.891590772786
117.510896112155
