7.859189825085
9.583272401426
10.459291665411
11.460628692531
13.172047781097
14.789933725442
15.213196279725
16.724139811198
17.694501878342
18.121741843116
19.351669395432
21.316838105361
21.993132002929
23.354309173975
23.924537921831
25.223654586546
26.285201100999
27.143984267208
28.125312444482
28.948853465505
30.112126143603
31.466987533403
32.823419667560
33.671913208355
34.297538977291
34.779953117543
36.326728928936
37.083227117415
38.134731811536
39.182433023415
40.555889722805
41.349681582198
41.859440994975
43.483566762528
44.141674751283
44.962633739708
45.901070128555
46.482403474932
47.413116029806
49.566910951980
49.719567013737
50.904059267155
51.628331926444
52.717813900326
53.249781560841
54.171870726466
55.342200205705
56.380222177231
56.992455793229
57.973047075133
