parsed 27 points from /tmp/osc

==== window N>=500 (19 pts), ymean=0.211388, RMS0(const)=0.001253 ====
pair  P=2pi/dg      Amp      RMS    RMS/M0 resid@700 RMS@700rel
g1-g2    0.9123 0.000825 0.001130     0.902 -0.001663      1.47
g1-g3    0.5777 0.001027 0.001076     0.858 -0.001636      1.52
g1-g4    0.3857 0.000774 0.001123     0.896 -0.001917      1.71
g1-g5    0.3342 0.000357 0.001231     0.982 -0.002459      2.00
g1-g6    0.2679 0.000861 0.001120     0.894 -0.001928      1.72
g2-g3    1.5752 0.001839 0.000709     0.566 -0.001603      2.26
g2-g4    0.6682 0.001361 0.000868     0.692 -0.001461      1.68
g2-g5    0.5274 0.000605 0.001191     0.950 -0.001757      1.48
g2-g6    0.3793 0.000774 0.001129     0.901 -0.002000      1.77
g3-g4    1.1605 0.001096 0.001010     0.806 -0.001829      1.81
g3-g5    0.7929 0.001256 0.000952     0.759 -0.001297      1.36
g3-g6    0.4996 0.000528 0.001199     0.957 -0.001802      1.50
g4-g5    2.5031 0.001231 0.001020     0.814 -0.001699      1.67
g4-g6    0.8774 0.001042 0.001078     0.860 -0.001458      1.35
g5-g6    1.3509 0.001447 0.000856     0.683 -0.001817      2.12
best-RMS pair: g2-g3 P=1.5752 RMS=0.000709 (RMS/M0=0.566)

==== window N>=300 (23 pts), ymean=0.211643, RMS0(const)=0.001289 ====
pair  P=2pi/dg      Amp      RMS    RMS/M0 resid@700 RMS@700rel
g1-g2    0.9123 0.000909 0.001138     0.883 -0.001728      1.52
g1-g3    0.5777 0.000782 0.001187     0.921 -0.002152      1.81
g1-g4    0.3857 0.000672 0.001196     0.927 -0.002102      1.76
g1-g5    0.3342 0.000189 0.001282     0.995 -0.002606      2.03
g1-g6    0.2679 0.000736 0.001206     0.936 -0.002197      1.82
g2-g3    1.5752 0.001465 0.000722     0.560 -0.001653      2.29
g2-g4    0.6682 0.001038 0.001094     0.849 -0.001866      1.70
g2-g5    0.5274 0.000514 0.001244     0.965 -0.002158      1.73
g2-g6    0.3793 0.000648 0.001204     0.934 -0.002182      1.81
g3-g4    1.1605 0.001164 0.000975     0.757 -0.001748      1.79
g3-g5    0.7929 0.000996 0.001104     0.856 -0.001690      1.53
g3-g6    0.4996 0.000538 0.001240     0.962 -0.002125      1.71
g4-g5    2.5031 0.001264 0.001013     0.786 -0.001829      1.81
g4-g6    0.8774 0.000993 0.001119     0.868 -0.001650      1.48
g5-g6    1.3509 0.001375 0.000805     0.624 -0.001777      2.21
best-RMS pair: g2-g3 P=1.5752 RMS=0.000722 (RMS/M0=0.560)

==== window full (27 pts), ymean=0.212068, RMS0(const)=0.001671 ====
pair  P=2pi/dg      Amp      RMS    RMS/M0 resid@700 RMS@700rel
g1-g2    0.9123 0.001103 0.001489     0.891 -0.002070      1.39
g1-g3    0.5777 0.001030 0.001527     0.914 -0.002432      1.59
g1-g4    0.3857 0.000781 0.001575     0.942 -0.002957      1.88
g1-g5    0.3342 0.000569 0.001626     0.973 -0.002878      1.77
g1-g6    0.2679 0.000282 0.001663     0.995 -0.002716      1.63
g2-g3    1.5752 0.001210 0.001437     0.860 -0.002228      1.55
g2-g4    0.6682 0.000686 0.001603     0.959 -0.002548      1.59
g2-g5    0.5274 0.000507 0.001636     0.979 -0.002537      1.55
g2-g6    0.3793 0.000921 0.001532     0.916 -0.002789      1.82
g3-g4    1.1605 0.001234 0.001416     0.847 -0.002238      1.58
g3-g5    0.7929 0.001085 0.001481     0.886 -0.001934      1.31
g3-g6    0.4996 0.000551 0.001634     0.978 -0.002618      1.60
g4-g5    2.5031 0.001670 0.001224     0.732 -0.001779      1.45
g4-g6    0.8774 0.001282 0.001453     0.869 -0.001843      1.27
g5-g6    1.3509 0.001331 0.001377     0.824 -0.002390      1.74
best-RMS pair: g4-g5 P=2.5031 RMS=0.001224 (RMS/M0=0.732)

==== B2 divisor structure near N=700 = 2^2*5^2*7 ====
    n   d(n)   sigma(n)    sumd<=n
  680     16       1620       4548
  681      4        912       4552
  682      8       1152       4560
  683      2        684       4562
  684     18       1820       4580
  685      4        828       4584
  686      8       1200       4592
  687      4        920       4596
  688     10       1364       4606
  689      4        756       4610
  690     16       1728       4626
  691      2        692       4628
  692      6       1218       4634
  693     12       1248       4646
  694      4       1044       4650
  695      4        840       4654
  696     16       1800       4670
  697      4        756       4674
  698      4       1050       4678
  699      4        936       4682
  700     18       1736       4700
  701      2        702       4702
  702     16       1680       4718
  703      4        760       4722
  704     14       1524       4736
  705      8       1152       4744
  706      4       1062       4748
  707      4        816       4752
  708     12       1680       4764
  709      2        710       4766
  710      8       1296       4774
  711      6       1040       4780
  712      8       1350       4788
  713      4        768       4792
  714     16       1728       4808
  715      8       1008       4816
  716      6       1260       4822
  717      4        960       4826
  718      4       1080       4830
  719      2        720       4832
  720     30       2418       4862
max d(n) in [680,720]: d(720)=30
top-5 divisor counts in [680,720]: [(720, 30), (684, 18), (700, 18), (680, 16), (690, 16)]
700 factors: 2^2 * 5^2 * 7 ; d(700)=(2+1)(2+1)(1+1)=18; sigma(700)=(1+2+4)(1+5+25)(1+7)=1736
