# g0-2 moment oracle. k, M_k, b_k, gamma(k) ~210 bits
0	4.9712077818831410991277373968539771980729360955770518593323423313e-1	4.9712077818831410991277373968539771980729360955770518593323423313e-1	4.9712077818831410991277373968539771980729360955770518593323423313e-1
1	2.2971944315145437535249876497632170264593013837589063499144622005e-2	1.1485972157572718767624938248816085132296506918794531749572311002e-2	1.1485972157572718767624938248816085132296506918794531749572311002e-2
2	2.9628484336876321653682989958764273152638439163591269350306654148e-3	1.2345201807031800689034579149485113813599349651496362229294439233e-4	2.4690403614063601378069158298970227627198699302992724458588878467e-4
3	5.9929594659757949184342628260812690661090897615244145382546630793e-4	8.3235548138552707200475872584462070362626246687839090809092542754e-7	4.9941328883131624320285523550677242217575748012703454485455525664e-6
4	1.6096657455019561088492289700544516005465988476450405535233924276e-4	3.9922265513441371747252702630318740092921598403894854998100010588e-9	9.5813437232259292193406486312764976223011836169347651995440025484e-8
5	5.3038634278290654777521183707488595689757588872269938618371957839e-5	1.4616025760110960862412142776534555690519617744783382555768286447e-11	1.7539230912133153034894571331841466828623541293740059066921943730e-9
6	2.0475115210762215936783578983840568947868798970635291025613749300e-5	4.2745400455368449576752100585552467774364008326141898118114322176e-14	3.0776688327865283695261512421597776797542085994822166645042311952e-11
7	8.9877558932685897627607261094316656264924797064085928088990255992e-6	1.0309626134618006555697120740801656853871069804140176595820939419e-16	5.1960515718474753040713488533640350543510191812866490042937534658e-13
8	4.3933042509078660141512921008835618193194592319267123654984529462e-6	2.0997698081495287509103776843718222494628433521105731640650565167e-19	8.4662718664588999236706428233871873098341843957098309975103078715e-15
9	2.3548833835791711510305454085923397859279548287057670666360990037e-6	3.6781410955007701776728594440235906510599999868464395856344005810e-22	1.3347238407353194820739272350472805754566527952268359968350112829e-16
10	1.3679861515888761492361449770475141173354833461620414074361040958e-6	5.6228575873227442903802972318572583751673928258892890870580254531e-25	2.0404225612876774480932022594963619191807435086587052239116162757e-18
11	8.5331439116908115339774508103359547073665225964636226259745849118e-7	7.5917601304072826919576772312342024467370926310851651746052240234e-28	3.0303877077344142175833621050372941222591517913650032124168180620e-20
12	5.6729724757872184761506810686894884392180754149815406011645130765e-7	9.1433428790204245681688792882168605800410930693540865668694680766e-31	4.3796758683993898008322022492627373648166116459695184320689822003e-22
13	3.9950482181964270021734907092410014900409103315532877729398697383e-7	9.9061066332427456868691660907684233712727020909468433246258562993e-34	6.1685532052220548841244584125869660316121238392529485076786359427e-24
14	2.9649456826603730935079641684280325213491006892987444617337323860e-7	9.7246934330544408459924854094578618541984540554803740680071295451e-37	8.4778215593754774952510724603746871485468477023848900638565414309e-26
15	2.3089199551171180687076834099551405075204520741919600536961763456e-7	8.7045996667177112326279112929408225178236622198463333873374266629e-40	1.1382781867868093670533204879156452947395226228783031069403768610e-27
16	1.8796716106229202689437729692122987325525892807326949253961319305e-7	7.1434866111742716359332746895036965449142398714716408202443060289e-43	1.4946166943334043839006993711627428180855219581003326623257559178e-29
17	1.5945436289793426626947672689910187904252141358769731970522064489e-7	5.4009704686146401624635356812585657561167015076591613287061575509e-46	1.9210572952039892475191626058495864821628471396902127383798352350e-31
18	1.4055599169494654411257141360622435087707782449922232768265159189e-7	3.7784546542237145125737367645139789749579570436263962328333675558e-49	2.4191078726487491971003848299869756458759854350402569812763426526e-33
19	1.2842339050377177316188584198505083610148568594454140582766437918e-7	2.4554079730973118540058599415998609391190774861727296900152186282e-52	2.9868834943206916266904843307883297556938844017516100724183969627e-35
20	1.2135730923034926098157832976040310197872594272236288768321552703e-7	1.4873763455841228354907825806023679058558751871783099483224220482e-55	3.6186408980860445370681580635000145627491159683738679203831735021e-37
21	1.1837577134588388513776875024628677138841621323874366642488454551e-7	8.4252851179901024651179062434949654399212787380744136425206937096e-59	4.3045575474339647106981039087585437162604669508102947529269774084e-39
22	1.1897898195824902682076153406930424298204645770305339472048544375e-7	4.4758023629590081238984704687345323034539864453177958492900505733e-62	5.0308051133546612940598591233714872558284375759592586671346173749e-41
23	1.2302648724117361377822829638415055490274964966157089461178853568e-7	2.2357793006339161426464175963150909275369336070592263011329062247e-65	5.7799403904440546583440136293636445133100558273235952273696074459e-43
24	1.3068418806953816449454257073208035008447536710551895688058974121e-7	1.0527233498197190119606626425781457738744279427772367797300759120e-68	6.5316051986290657806328493689081447336339206410989493898461406886e-45
25	1.4242125692774369180331379353449786118353179274913948334941367132e-7	4.6827388863173599340297501229626107302365417727334801950426956678e-72	7.2634946443742389632070893082125144402067511218568881895093155196e-47
26	1.5905025528900536330679210424657381620752347758243723303109958206e-7	1.9719049551012068163842720979040034180904367914411835307004403450e-75	7.9525243054555937999459910381900452996701951071391543523790763257e-49
27	1.8181316498519889451786404973574654941896759267921712792162469739e-7	7.8760289789506966773331440903656783576299533850181423190281652846e-79	8.5761051339505887847644788902332153314910545211228722051399398340e-51
28	2.1252471256618335551526800194507203096760513195602944226349385701e-7	2.9891017536663751481601468674887157760425655622241557744105776335e-82	9.1134228555131202057237580518523913242562981621690603177773790416e-53
29	2.5379455535521299186312027380071725968487885597377637671943294411e-7	1.0797189249118556911948454666810237283735809974186884329419613094e-85	9.5466177542071367246223608204363545857212564280971649951863680757e-55
30	3.0936393386540795583335575305109415722964264354253367433688551959e-7	3.7178754115806638441458897887269372145911801525729834598131823294e-89	9.8617708534719796018722815145019000840076269078478226853395874133e-57
31	3.8461333397221307269206666972244562010665761558123060384547357704e-7	1.2221597101143258376989157350090573697173091822640913883376950435e-92	1.0049622105906963356715772683911089249292733878095504538837432831e-58
32	4.8733013559957000610020350237661024672023836506829980289552155838e-7	3.8406644971576056109885977926871990008398247145030151254598327378e-96	1.0105972635186039807167085555174688028884423754461657983472267205e-60
33	6.2887645146141406558978666075570984854988683937093096627546583830e-7	1.1552903431549031846550357589841186462126124322914528128772217390e-99	1.0031752991560201154409425834736434791390248893923672996221598081e-62
34	8.2597927192803209931728676065065593322840625110950403375879585259e-7	3.3305138486702585457054858210328026915820607959411837067346527017e-103	9.8327692578308499805998125968701718875223520398911765872470430901e-65
35	1.1034972672044728679496149674527378833490636853804903949729297139e-6	9.2122608405050893203010850131203438814180131870102618013674667233e-107	9.5191654369883881937045163161579201844944809714590874944658527981e-67
36	1.4987338856090072286909839300739600406777874609978376272374993056e-6	2.4475335053746927516850308435409027368194916596387915965249606081e-110	9.1046613109408052861659690330448613685556938596972002642707354663e-69
37	2.0682197173969045600927110723548091626722859123589321537502193609e-6	6.2523922123703431003143530840573976374658122784980758040664743288e-114	8.6056382640571836288576835685581298088928196941478697035789439500e-71
38	2.8984715545664798647829720866024342868369387224835087671584272278e-6	1.5372472550600904279978137767131359093817413507990294533686239205e-117	8.0401508303487626616912421631308162420784284642203137883649997137e-73
39	4.1232099024919766681813224685634584868371532937101557981293885058e-6	3.6410345501020752868721514695515838534190821535568701373519206608e-121	7.4269393406547916305499853922878840155150991874049576112069743072e-75
40	5.9511535306316430709283617002836986920142755562819571084453242198e-6	8.3152140259841693273662912504097523126322170046634227034711883954e-125	6.7845102072777655878983115428487236933863948724558957236941735248e-77
41	8.7112806537030999560223932285874764856457051430396005641211037591e-6	1.8325482237750742789398764588680045376810246353669082323110689156e-128	6.1303368225741736067406781341296839342787900654885223515141616283e-79
42	1.2927173344134655313308158896771183839068026681634267648163928479e-5	3.9004938746932386156238721616027982375067126435874332028652917937e-132	5.4802177562016351861393468372401450805045798119923494793269224715e-81
43	1.9440186975521988549199544323932579360686042653607115671248638161e-5	8.0241509217911588774766024713589152984263250794784172716942848847e-136	4.8478118880022651630445829230947865557022753026081553013222344528e-83
44	2.9615258660022426754828394442182008245620654067621908022493919598e-5	1.5966593045900578381274408967635471403342373307217481080679756282e-139	4.2443540440132425357994929298287040576044608261019676630688772789e-85
45	4.5687724036802925132652441770255499662243206461029264059385986598e-5	3.0751317969945515200246079713287603966049878783744443095440919102e-143	3.6785409501054324669624191330881653228006633303093193668041314461e-87
46	7.1352680650189592188826026085490870315296265289416988986767216368e-5	5.7364773625271654456026683508737012325892762311508836444579702739e-147	3.1565667454302386697607087591260819679024054373274506300596056440e-89
47	1.1277489188750556613222935026313452775471427278255583605959037710e-4	1.0371381452062798625215057902118032130254360731225378766310540522e-150	2.6822802900812873035885892029837986679122744732607177709599356914e-91
48	1.8033363385885381639066450923325371667001333696628136056647264796e-4	1.8184697623863258104110154306786596504176240879737943056276247806e-154	2.2574330137842977047858090191216747561787691679756674305654500432e-93
49	2.9166204199543668232104887541782391328296385737660766432139157056e-4	3.0939368986725446924640753789402995873761864901655195600393836732e-158	1.8819857039289362821655230231867125872612381914210887856189905861e-95
50	4.7698430706389972001690601575520028776884413473574363714007884870e-4	5.1109359229336537681257791596495571149210823748925079831559680306e-162	1.5544448150808912851297410027889316509433056326260328260421158570e-97
51	7.8856323555524998037616556936150912785117761361630345283452829225e-4	8.2018406109003722508798209634826008933013962926168974617309452674e-166	1.2722028783041607269816858355235697473676366601103802812139787242e-99
52	1.3175565690657726886059473830900619652195167377548888652581959739e-3	1.2793032593978392441395742178079272940036899801036221528648540052e-169	1.0318626639327037340651140289908939591059356207201706656813354635e-101
53	2.2243283035271896816397290158792865920582926111292949675168158447e-3	1.9404745870243869700783929175383858119069032572590055394815079729e-173	8.2953023752138332408276240774379253826501073944598614648447078781e-104
54	3.7933784913233315063403802028134385106931756186963896098513875800e-3	2.8637012931489129498658027306775535542102968201405714183682219920e-177	6.6106739458566181682575192854225060655823059732173840747880056240e-106
55	6.5336509213124793228173793070684214638691663370409001749787909689e-3	4.1137536674891528214203552164368239326808847697366757735742978914e-181	5.2229875860033311977669559844580025206922331585861668993178139321e-108
56	1.1363096267945384072746533900635637790686202891946152625069220156e-2	5.7549034212713926363134701212683441404943119176912428664283738602e-185	4.0917282054773373406722322486386911977494633053795478718389043532e-110
57	1.9950810708705608591823548312558278812047032916261510315222627854e-2	7.8436572360229022554109789552122799334307497512524674020877546001e-189	3.1787926542814787635875548003829509878592035417850720920561148557e-112
58	3.5355986359474058331126150592751656079408624254207118974610286611e-2	1.0419939249657499779518061592736828138239038395869357693316096668e-192	2.4492706274561651509369185349708512088354837553067898842163343562e-114
59	6.3229904408174307858123935262395218911260657999339909032022629383e-2	1.3497610310228258602792406984885289812297529964134106463726576229e-196	1.8718906907369109477887450775816522682345701369440174755631770397e-116
60	1.1409348806674381717114141650463505627710957545901282566690581736e-1	1.7055600325303825094789783886937454318555360513277320973619008844e-200	1.4191943050692099008394458457772809152662478603566836908553387243e-118
61	2.0768369383378576686229898378298790952024096184843242468887069554e-1	2.1031165998857418606039995708674718444246423233591850832969491778e-204	1.0675003735787466654579063934015458731867361839665365480941184914e-120
62	3.8130656816652475410714121541745416295398130508206015338927865080e-1	2.5316778471590101817097228268301547316553258657081306647584131555e-208	7.9671834154010550226250408531212023430415326998493550725736811533e-123
63	7.0600244660862221280979877053422468872245220874554378326990694721e-1	2.9761841751130588436121187195413583898144658414751553813769950451e-212	5.9006074937542546470338579294942542386075553363424591280282974073e-125
64	1.3180451023287929807515060028581295850354570129492231917641899781	3.4179852020658447927051981729870961845486941374082920199004403831e-216	4.3369765654688442993845300301519408103049453741013099727599894002e-127
65	2.4807380050460608933299780547804402661871401107829424337526120603	3.8360807801893428263148174143770221679185317178182850213720393823e-220	3.1638653918004819373092511449710534377829931374784439148881332406e-129
66	4.7064635587337890367606918606092928561987168045986982032309071059	4.2087808947500799196372708254076998897041260932794645783451131613e-224	2.2910285797430385623098783479116716981797591703210112685350850670e-131
67	8.9993339510774271364260589861946539061620238035898785470951754505	4.5156008462413061011974764701798333287512825061796701282108786322e-228	1.6468897932553336565725764547289714715228195563765470268576717479e-133
68	17.340778337088173292580547010939554755321988198409947113445071760	4.7391569042871503163509438291113319323025770243611049495927268718e-232	1.1753277563817033710549813873708813642853386926738946642408923107e-135
69	33.667582665646326379140731571839176035371492469827791099302705580	4.8668143775327835644199730534501990193164052122147393695824669143e-236	8.3282121179594792373211491427347709233888080420368553614700464705e-138
70	65.854400399858220663749869813102188023351083190855623572662626930	4.8918689177153049954047661520712165808359019261581415128316346569e-240	5.8597602430950828156405228821297864402092161216779717831222583773e-140
71	129.75774630903482211752198356734870932515741093317163988851595429	4.8141082121357061356731310843323545501592174657710795229225457949e-244	4.0942959574701304647912879948111983441688208632323532812028819033e-142
72	257.51657001534331679001970260663217527625325284883987491279915498	4.6396925599927742253186926882296208336335848114113956714260376052e-248	2.8410906094642558677996370971559805505343698670767004631850384562e-144
73	514.69481579619092379260105216664835326324128721938179672468774326	4.3803918330426653996160444693605845981843847539860585538593787526e-252	1.9580857260367907575242348437379230665774031592814906123026108282e-146
74	1035.9003608669855614563158630125744205223984214763754438049776319	4.0523047710204317685050605612869797588922399541173344829210145683e-256	1.3404559956658036996974251601273292688624569544943060594928119856e-148
75	2099.2397436522439911461044445571399270865875398204048541308086739	3.6742493759479901057485096971036529329496673965129543257937935395e-260	9.1154970144075354338534927186938014585586948648300691748278385615e-151
76	4282.8773003270958664242086826880025744088628580980076037590141787	3.2660414063898751258302378929989101528082642331893794807303472863e-264	6.1581037671700448013317429940872300917372809706689509101765342760e-153
77	8796.1729141622900591249938906161026089810080122468329166305375385	2.8468701597493483088891530072665806348351589626935074324749600057e-268	4.1331741239547053067329465234085376908296250605614995954128612350e-155
78	18184.136502844264941284568449197041417595786534910406534037808097	2.4339423562975510352656222024400055254046943158985652669399649219e-272	2.7562647614259443986149693833877625079882113606266646276992880036e-157
79	37834.664853089265543503498774226775922767927571619209852311322925	2.0415064554681177108599023767074028745619574158020815673294507236e-276	1.8263688571786964552210585063027004224332537788995480379263741713e-159
80	79221.678024562164019176370597114185218675842694656198592326804736	1.6803037492969091161469108309586723929202824371542176620667741547e-280	1.2025842700998115767368710841158914832913024595581499078989034549e-161
81	166922.50643565532418180209261081688500051604752996539838696897837	1.3574310092046002042908444583362118583759881040334680535845001796e-284	7.8691986248293478273117070904080025579736603369797476700572540646e-164
82	353885.95563155305278455864783258871158068820744611944614032032141	1.0765513348849398803095599505557323387833656046894968887336790863e-288	5.1175410800280749250844125931404100005414967738409339862584820025e-166
83	754833.59514151619946913659512774526814493010739674111844757687450	8.3836010806220193209229258091950159746885638875068692854912766475e-293	3.3077699016170193306756477810110736817287582931559688828508214915e-168
84	1619725.6816667894256837648962147853870044804042831253555151914441	6.4120234117681799060293062513071819289518375159670791786217441129e-297	2.1250985335054768132614375257821319983049344250367784006143426574e-170
85	3496213.2954759284071582398245790716426919160437430490313552912739	4.8174356834427373297928292210173594226015930232178867685117979200e-301	1.3571217884590213498701192433117161152862066934540863810240952598e-172
86	7590761.5840189708717883826866535183105151466471727451366680708356	3.5561395800681128327916009523258488348677666856926360178370291828e-305	8.6154932803964065486438315484670521836778979849389734257228606759e-175
87	16575606.413921035041576674010274531948808485730580142383454129221	2.5796900131417356676862637492105496968626829738520019345116035989e-309	5.4373604527562731237590312520165261152981240195576396315785830792e-177
88	36401280.978473945247728895060599946946729711003342840681431874644	1.8393486034242484122888084746377601726972380266136484797296645146e-313	3.4116723899558530188501647669481403918347712216111516063254612058e-179
89	80388592.163946250043802914270642217649725168296190629475647937824	1.2892838253280894994694413659647093487126354450412413266027056582e-317	2.1283439578200637923661423722430879821899039482035665211298674401e-181
90	178513407.51041525684618513118277606813706181130795009006885990851	8.8858589506294831418295880682374205524174973447562496949437392853e-322	1.3201862501083375665821579404236262355763938446273815332713230338e-183
91	398579385.27319150649552779467312046796217272850275787345636974619	6.0227307108028919278990406477594515738329983835082089677039156771e-326	8.1427411218011436393950580184327551634529058192890292303141846348e-186
92	894738364.29954414986347434857215894878407957575649329154917425445	4.0151868366695927549492786141392103990822085912202025573489169275e-330	4.9942556381241833528062911019311545515165433430508314167317904800e-188
93	2019225827.8098024239168281645539837494961905701296668283199795961	2.6333580909624909112212773793971269202756915346900763391665637523e-334	3.0461962409264061557892234557200333823723579822271434163862845916e-190
94	4580916747.6665460701568652144464835245350410642617143201650633331	1.6993309616548308028375337713659629653319766161441513560900055703e-338	1.8477949766624206190734252329385240691717712259513881185413185177e-192
95	10446488090.011678617306737507357176848272445402744072602628645751	1.0791466814133060226262221446043981403740196255946202468908891341e-342	1.1147562004654020660585296603620250371348690044072969962056555376e-194
96	23944789141.511834618557962495141855293388870285417254628581612205	6.7450719566357444092402238627263374989999411103537994731204582169e-347	6.6889390285124909306354929728502925621160728666692210531243407595e-197
97	55162954153.779450822796864764221689570711316411625129255388066625	4.1501524210362199116352768963423553985678991064527658326332425322e-351	3.9921461448240845425415606032457319400277630932420300148143744763e-199
98	127718385941.58220424442137172731699319988590897308989159213787920	2.5140810231387124300167955974274263079125023876654446087811013362e-355	2.3699966384744951581553041166553090511013846167686834876644461270e-201
99	297168607591.38447555089939724251854005350024868151947403576957681	1.4996757239811350923558928569205154964112959630894869740946544172e-359	1.3995905971231633815336979542446730651077193707121761792592682803e-203
100	694817585975.82234407023764658766709440490063036265125721281656085	8.8101268589061989633101372832650549591219777189662943400681950963e-364	8.2221579732275889267805190403101603346967959052061994187673367032e-206
101	1632421665167.0201808516212309947748604070588008757840869507108562	5.0979583512999309452898115055737957526877376574498397607840832445e-368	4.8053089101184840241530755939446882278085691315628276287203961378e-208
102	3853571444047.6008446521884561318075156004462144460140377423256697	2.9060370224393939738340175313166528432663731180003016891487478984e-372	2.7939996224903340693206218389913801675011632525796858192041105482e-210
103	9139877047313.7093861763408938534055578878451332716307848683998871	1.6321384642472692012945962915349127526323197339355938502163981288e-376	1.6162905166998936318265413027289654349675430528845213886514674844e-212
104	21779104574934.674595655633510574552614199140858226518363620882683	9.0328123074429398462072955771445822020972399005327993669605508942e-381	9.3029085210112352601119821205658832675507555084503252974572942028e-215
105	52136245586694.043626025815941135055832399452296235874453963034828	4.9267115831718398259097340436422724433659036930050761656376527928e-385	5.3277299348269189074784187842392110952427059295173783105357593674e-217
106	125376852030146.05796182997595369218006628675705544384597868464695	2.6486003382876567540342450770051997499074098304108389083824792230e-389	3.0360390888803144363275671028414245564684388942360077855722775778e-219
107	302866406891779.23308631452893547745524584499719111776722828498034	1.4036434302876744794569075413111521860175362761613078883037846461e-393	1.7215970253313625809426541810802939357294223561565649725780426656e-221
108	734885517860674.75995560310157120967100643055562162049506937938500	7.3338693676496589581965237946681977504310371253565867454723018530e-398	9.7147500627854786726164038687838289668597760824922096580086002567e-224
109	1791027459521840.4327833568153935321648526192977109227486377811097	3.7783266184358918078679823473365215808841442059681757408819479436e-402	5.4553730964977337496485235819926124457884544497652935625025638055e-226
110	4384078473522102.4725901012131698792350578793461869330928072110540	1.9195913185148270773819278196766546642681577627462131620192693248e-406	3.0487823531769376582933631130378172587905794282172704128585085632e-228
111	10777744039522232.278687384957265221978970005133715337675067184558	9.6186268111368463741742781057917272476476304070817531188291502691e-411	1.6957182674678728268928445084442408303444162880968355968095774161e-230
112	26609163778247140.358041476297867399827278965657596430173584074799	4.7540479190397731278365480172541135515893035329027606546322799729e-415	9.3869002157016093981865723536735966795726253243961685909252084891e-233
113	65973439784982592.889793940776717116197885331841638779089254245925	2.3179843496784042106086622515120464005495488179234271596099641771e-419	5.1718698725093893134378844293117165481799686025555028447731616957e-235
114	164256538474578930.86490746478796459586278056512756607298199427330	1.1150730850486184719599341098430044126872695249043043022099341115e-423	2.8362549990082739285967943381541748639189579026076412312236767395e-237
115	410651389387853114.92078491477221970877699482651513743894186207796	5.2928629048202006473930598998925519386812655843804622875311682257e-428	1.5482119903412692673421585113864714552356686849712118174616415108e-239
116	1030867446320523394.8798346855613617647964731429509204799404287773	2.4792493557292526262774398606272802410793781993722049529449632746e-432	8.4123625198467005632277723815703431996384030699910039315817888071e-242
117	2598324566471418080.1032143051147396397633677501903644752036232061	1.1461435238069869348145390680156539430728416599091183949773295471e-436	4.5501177667816123169870800617453441680660404602169127631628826290e-244
118	6575480550119094364.5801490306138341674830243654241154816658068503	5.2298982260220009858337616779350074917744485415231597703545288728e-441	2.4499593431384171427564705998663422497665384964548875738722689361e-246
119	16706594061763863519.692931329757515621092901627802962255018609991	2.3557454296686993204270160216879448822100772046666288677561589397e-445	1.3132304929261024785142836591507923560742572935360573791700451551e-248
120	42614537805725206715.834888933103261345445129246400474377443628703	1.0475845309347456638095796853496591182480662302733112905548872751e-449	7.0078197717722182889218531373109943722528925280719985589858827384e-251
121	109124057240177041676.97746706897676044388204547848396862621545848	4.5995928532949829580485151109193466494932109929432602146487593394e-454	3.7230477649283851818050078919316169868531886927474250171426105527e-253
122	280517400003841863185.51392527438768022234542094155661900297064099	1.9941718932160502826465295294952162302488934833715869721276828502e-458	1.9692535589568521097624751167700587514056964783807846819683788982e-255
123	723868521501673939213.88916088878329554514652271848000539624055701	8.5381009524211778041040178025363188716496281718285508143068550150e-463	1.0370637288449647851405638300738078508442726356102054573580751271e-257
124	1875013735034446706755.9833459082577630535570046755121435256819539	3.6104174013932720822681274002142745275351182825798729941336365946e-467	5.4378003525165905666493985129998524719901270856812053884055758376e-260
125	4875045319109313198707.5109204174165384019948736249433570530619200	1.5079684729745477146052693118322051103547937363416552771246246479e-471	2.8390178275372263444281322555271937299493799807097682086077770301e-262
126	12722344061144549088287.481309128450305902200201451263991281157834	6.2216629294173972373648980995239195834070307622943696832809435482e-476	1.4758862327382639460528471451438680996853742347438388074753121651e-264
127	33323835782769158841565.647150393350963641173879098004811541748549	2.5359465173471604204821492022685257334896129650939065440602401857e-480	7.6399446817587337534101872610034690239542119173557146423740039863e-267
128	87604729888879216360159.473029805912448757404498301138014727344888	1.0212510443009457865938648890784678648431580841828543203141475145e-484	3.9381532031661970162283286261328798172157765844667788525672933272e-269
129	231137516505591341294345.29523867034520935757861481126025017811205	4.0637087310956919841014681461337005106851474092458253927346684461e-489	2.0214936241753339599680419315664637765098415362444963427509286337e-271
130	612025460917522363797818.36568108856161241897279363968302634727998	1.5978959905823490106679881691373106388816766300222189672696003037e-493	1.0333362457900850003480386412572768121811604934258522618534811232e-273
131	1626337864316632837056760.9554641012774555292368612842823078217995	6.2093764766582430071720685708534238929247011893014955593893538877e-498	5.2603233862055134596998785913991241850181638458745072111311816307e-276
132	4336911919025418554475408.1076549256199619204423496797483002950225	2.3848339481540530289986076563893835898042927256249999637873888951e-502	2.6668373458497114662512532050680954389548472476322910937432116077e-278
133	11605544166595840682907768.373363451004882246406569716698159867280	9.0534798949219411230869927062357045476373682051055108918938920365e-507	1.3464975435898382612453026154374171685574422511265977417366077328e-280
134	31163931925640460033833954.494791282982825680370318600178238372760	3.3974746457328775288911336260250225662918543684558864248296401824e-511	6.7709724504810144134323030138373911350292805750013960880684197473e-283
135	83970702162970164856647062.138320315311918754347224120824598459931	1.2604212543300602214327480969540582336187132607137519962647086991e-515	3.3911289844986101849047659496427951477053414995537421870385477000e-285
136	227027935315731808775478290.86154312848569977155799674223510893657	4.6230547618604920763112601478445374623149764793768676686594663231e-520	1.6915955619262468454819938443968289297897900263934681457348716103e-287
137	615877266428238425008977963.17927548792969484742626530206162542930	1.6766047876021668250642455861205758297012030495009048980471405425e-524	8.4046332750748843132252707267646095298564811108956100632339535639e-290
138	1676331820333367809191495175.6909021663839219566844284437630022992	6.0124951838815162909097443349981706593758521350787789293213107496e-529	4.1593157849745377424095110245556521230661283230461794141986557170e-292
139	4577881255332979769848072818.5088782164676693960001046859126953166	2.1322332478793850317060830393090872925946105683983035071920839852e-533	2.0502964702922841723554340750511410990207951796565821291787389254e-294
140	12542836047939834972886263320.557041635056654384676626552917169303	7.4783140357653198404067791494360905249543286315456739443743769221e-538	1.0067315684680620619505109241115524769222250920333532279588854121e-296
141	34477979748248120256919073734.696812374470466870974187864864832776	2.5941455234257118305609972528280856506169958855502901081237858840e-542	4.9240611354259017906698309527554919143777261212307410336042911493e-299
142	95080412045961679285274609019.686881711863851761974575734218690071	8.9010000675404325789576025361825029774994098437580347970469541631e-547	2.3991436373388596705189946179882359203494842004242086602608702230e-301
143	263046178025031197831022166546.32965462306356166034918452235407996	3.0211260946342344162946282936999375440060910429809349841951469324e-551	1.1644539952066786505835387524395329109644031746775972879166282213e-303
144	730051206482184990727551819414.07530804761202405424653428380845858	1.0144153086505612058784904730517393649426414333753843200436395265e-555	5.6303030314395482006051391246589663696438812928003193670741458681e-306
145	2032562443978566887752857072066.2815302320972715877320096631813980	3.3698496729831669487173688346308045766149555638639930150545311619e-560	2.7120300992964700109963885586850578126024515194530244044306533848e-308
146	5676658190252263872778326376422.0246478954124113085316522969921985	1.1076014999768431105353823753528093011023715785738131663192796872e-564	1.3014286660519701345876794589739730416611545008348124947837814674e-310
147	15903366132123198504897811129810.275476534908697227622018445547988	3.6021757418071642851978335111903809159184238071133882306159029785e-569	6.2218432467318149413816100457800833731735566745956122694790800488e-313
148	44691217419176922429804538127112.890707675542530841918303127025285	1.1592692012851724339318125643998476316226613931791646187285242129e-573	2.9634675864986596240328089719157395023654100008366364219285725553e-315
149	125974207385600816442714315324725.57804102549037768209156280403514	3.6920794136551802946974310788250680669725588749363484860930528173e-578	1.4062844858601016644668389056131030175874112860483992958081045283e-317
150	356169777062993936271261462363727.39529567293368027162432316070315	1.1637347976974812383664853516530390094656298696113509895588786718e-582	6.6488637227225515505475833388733204718898548654780753257464110745e-320
151	1010039327499869507837292466598673.6713363485630245135583738674770	3.6304612173626082954205913738353685830829889633720657406058739475e-587	3.1320750499405403129714906923090811270845651263764750307462968416e-322
152	2872865201335248088752752661594498.0354812648006819838330960586087	1.1210437308971568279983494379741304531875251436956125057601587920e-591	1.4700648737459051846451301952129763055158907670025501658008540105e-324
153	8195549118962995242576643165633866.5362087728944488490264141246067	3.4266054181671729298612676299462611866940159489699920512010428236e-596	6.8749488959075494912786414403890457297096983984292566666861897248e-327
154	23448601692318781214188362558374103.157514916442527071415446290094	1.0368451424005259400940392869151961723822572968897334598314320214e-600	3.2036126152543745770094310378868419627463834450944269249905815961e-329
155	67285626719553152034362006818570457.039893093480277557241443621649	3.1059830146436954401122885365087504932602251262113447169811722860e-605	1.4874996506646726570408656265709395850203709437055379554152418105e-331
156	193635341670567459305409680177058144.64507838865027841423196062455	9.2118406683499463225230636983665409912919751067487184257327734730e-610	6.8822241300134324136789107034214638576805266644802218179542526824e-334
157	558849113092250472204252569225846595.99359672397109965132003959767	2.7050940669681125484749644111775111389561230542943684311046987710e-614	3.1729586953458254271521375312419180840932953179081867152798306933e-336
158	1617494805078437708046362271472985146.2201136786923666268279777465	7.8656218615660433427382430061018564280734677576961209770706957879e-619	1.4577135732115291622240790601807671773300965378194607890122010867e-338
159	4694836922115041952516241505223085375.2369385482947310986504527930	2.2647710171588694889438934144501669823179165204318143709014855257e-623	6.6736059029429401622723071318026192008133063742404294010075908152e-341
160	13665277038544834050222602511750052637.134464685775278786074234219	6.4577550319091079936545059746719988634134187829099846832314995638e-628	3.0446530284388539626186170776517387365776901826599450758084983087e-343
161	39886674401618685854755409065899297306.732033279629084517242040984	1.8236019576673481186830002872718008792936480389791427067210406352e-632	1.3842424596453581386277767064708816694811769788855536241524018341e-345
162	116745443291949175455891230517265120321.50618368076492016457041277	5.1002871485411977166445880100162804321959088378696419208013021339e-637	6.2717936204722224127408589871905921506280930142727751531800566363e-348
163	342646385105473949852038931964296746059.92136564560359897915800442	1.4128624488141917377951694661380186875383493440654340917814468045e-641	2.8319437198448227855348663236759199658496394653812268771950753780e-350
164	1008411924010630836731907747068222698521.2748510277198374439807245	3.8767706078744706706010208372133878795266413065103833786749142793e-646	1.2743792394058051245189786197328845412258337259188302609121171617e-352
165	2975822353953551388245385535818563526035.4898837472864222324171186	1.0537298812352333886784352114213741206556913752499500287709446776e-650	5.7153367420533546560885901690415941262023814936688033357351579850e-355
166	8805316326967323623422230162437401720302.2148601283459756914642932	2.8372733504594644226391377044935043531800581906483092013433045086e-655	2.5545934532558077355757888882725119752774618222137590525693641853e-357
167	26124241035780614422260174523828013013752.744734393093749655076532	7.5684892480756586501904485572367702742774179167989496689156587222e-660	1.1380105425984739003211867237993251639328680964631261114816058247e-359
168	77713254182561334751599553402046721139123.330574777612891628693448	2.0002142953955355904250573526567847706652756332954035522897233618e-664	5.0526928163473186678708858252669734033953537313192649377572548362e-362
169	231788155536866616463967409364670835226322.19515721742651939665084	5.2375245320252564599058297670732186593395533261056449942563949935e-669	2.2359348426046362325928824427638866687475008132418676009215242774e-364
170	693145257498176444024975098376923975830058.85609712413922428044233	1.3588780123230911304909201855281514600267665803475629489851850217e-673	9.8619425059322970201064373515805977506883707785960627651128421675e-367
171	2078195430685251757996512646842899013246386.2741976938780427884971	3.4935110068236765809663442243310441455543275326900751477171427028e-678	4.3355102879725008777810841175689200974972414193613549223564846504e-369
172	6246977867393992584758697917359209794537167.9771492409667330018947	8.9000641086969973020075252788555982531915046252976396259436607349e-683	1.8997641462180521669792432285061971993570165129499715043503674521e-371
173	18826406730909857881888143969647842755306453.558492573802519992588	2.2469603602776731337089865118426680658957390555098249631600049265e-687	8.2975153812940962397324550329435909590884745562098142504420497925e-374
174	56881537368457720531286013353620845988994746.884408734721562864829	5.6219966290970836969571623665938438286256306472790039805673100615e-692	3.6123721419851090864827122477302675705675498336216750841171505654e-376
175	172295628001132952479299202124950242499882648.64230413445905848479	1.3941196260964047581857275600678668401466442497080357776526543411e-696	1.5676171040767393452301237903036274060542341510559555356206885078e-378
176	523201459945125321684639475989591330981481531.52369916809737296782	3.4264543565548521973645740908999068736099729896599600194076325586e-701	6.7810597491236295212694521697076546930290986471469547758537501229e-381
177	1592752151409654772475226841598433790547882483.1119974345092764126	8.3473041240059587570466537175131539903178143023785733470330734097e-706	2.9239646862434222877555000765649887895416826459513593352221234138e-383
178	4860768192966125462991647472190932337488613738.5129469296384798413	2.0156939658524681981458837762484134443089072059050766942906597355e-710	1.2568124796493647732968909041101357557319029737503412492905860732e-385
179	14870722075649972811502598754446605442628025831.583057929596066754	4.8250353516057741401111679446537089041632271290572745731833953648e-715	5.3851700197595891236308328161003166297201843995342653489573647350e-388
180	45606075876460228274121273003064937901734836275.074488681943535168	1.1449702402178133313606015192729721555414049774085728531189200116e-719	2.3002001293844663950061554165473695604368310977708803090241343348e-390
181	140207099270210733122416796445781157127944717729.00204230973896202	2.6935542389348011503350425965481119878651933086307294792343847984e-724	9.7943523772103562143434738147833601532242579371498255070833313058e-393
182	432083004675803218373393869340571719996211582470.33262355067461602	6.2822453925761707932828401545293311578275756701026506029709441648e-729	4.1575385434666800664017333545260016463161702044371639713115149084e-395
183	1334773442048988857836699618548757269015339083685.1152095652495975	1.4527180050515244264189568808242995114814226008045074728627211813e-733	1.7593562842747877246613829225621844427345555339707610090394613968e-397
184	4133181842253932015538175903162374597013323085267.0595471693987442	3.3307680660036772894296098648360508678061194369725163179514456647e-738	7.4222348609540491525186998495656248662875862162243577807961445348e-400
185	12828962054429522595262827518160605440801357745627.745035852930513	7.5722215073746845886707222956543579201608458098281110212293621864e-743	3.1216581240831030685262194181756224893893299180161243633425728835e-402
186	39913712566438144843112425886653321247455737586462.978567353848490	1.7070139298891127690143385757960434780117756690140517868549158576e-747	1.3089167886025661078316621681142639387726487670945190967876721099e-404
187	124471507091791658076901107665975642225735079763752.40945313365023	3.8159656232211677881299241016659123370992924684348050198972791170e-752	5.4716843157631666466012257692334171186128248806342314223818959709e-407
188	389070839960365279603899396690171254312755375999820.12701197434490	8.4594879388153132556539097938163260697562586788162576405169653285e-757	2.2804392346188294821373670740893714795806576870229413816139156113e-409
189	1218967415228958646132500631011863737810600991396958.4027723886920	1.8598346703146377669028767577245154110718088008435666103869848999e-761	9.4756840690908729418358084575383453288684130779635413206021125733e-412
190	3827842221040209712858419732178287806226457029453566.4011337012926	4.0552110792376580789266956508176558969751673826490702203795416231e-766	3.9255751763290612421208489072150097943748189677267826417950568474e-414
191	12047817700755539700508643749916806158880151489318768.030356225034	8.7695939525070029972712836236578447853915955624382368993780342503e-771	1.6214467345525855522339697218319470065077581943315377886158017237e-416
192	38005736406312620564002192426900460905866822571725411.975055223826	1.8810063053700764378014575618907499618489103820214368435997414848e-775	6.6775120629558943518206338237467275645264566514408652852924159832e-419
193	120162890876330517198641592715127355726387259082929274.23295407905	4.0018742086988101814341439068112507542135373939640346321185738724e-780	2.7418593455846229385478816272786711137130630894798661159523870432e-421
194	380773002881276372725721998614720215358136232681543044.57696114108	8.4453280434469928863304714123637179524054238055809826478497553224e-785	1.1225352623506175696809111385620323223374612476258271992287489849e-423
195	1209290590692409785483351645534851497258243627933399881.4134464720	1.7679372239995692312322059020092064699897992732529557988040953828e-789	4.5823147868699584328751695137533612887866259579725431870886221374e-426
196	3849091063643040303378775249481933702431576434234912667.8399000801	3.6713985143625955987692315578137970545855343460087281828730276162e-794	1.8651152770617848654031704447829462481328578890265732763019145442e-428
197	12278434368388263098096464796032238077841652309435562949.389854401	7.5635827522864627895433621126818054706516812609095749032111748413e-799	7.5695130235208292440011749489614043697542144901381433283457169079e-431
198	39253597532074509727208947006529163207141049635074866325.970270932	1.5458656729008534427771401619257209969496141453724128167967450855e-803	3.0632138814633766228694498602394063747469059181475702456261759785e-433
199	125765648407980109632691980847260915558814669783505458098.79583943	3.1345899982718300073588913179321640534674036464444524738080078254e-808	1.2360595315500319018450198676026267307778952216591558016721580414e-435
200	403817552544932491353067345941389160569212713561857592856.95469522	6.3062475457521589632503632314890819006765022611457046998596941383e-813	4.9734717405073418163427475968850818716366879885584937091103656552e-438
201	1299401882462077639949133716526147027606913773297956778488.7804565	1.2588062431605511944496315250038422644126544885378927500715085902e-817	1.9954625687845332558214528060283228261649295984543824118651026642e-440
202	4190169034358746446442021136015119120417485162952540971646.9185104	2.4932195771523778801980713929093083505259265398374614034771929144e-822	7.9835600318788225656631334577706472529402705230954012051865899991e-443
203	13540790393751471912386230723553177553696035839478620425308.251862	4.8999533342894992093100218699907949403464812198440234914512680112e-827	3.1851071630859324911533640882177179841349617136660943791042657127e-445
204	43850609518130135033061714736073650109074549588942934586770.804443	9.5558426656366717384272395733454776819296834437004020786342039811e-832	1.2671594386364070987535903283204023919744274435771714390012414132e-447
205	142305334892052942761041753419893995676714246076405345649843.12549	1.8493000148929981454114167417634529139875339017285544409629499604e-836	5.0271692450487426659172198973525868998771679974450648613732945518e-450
206	462780972356433131462382064514469584326096580781926848541556.38770	3.5515885551729977791040447912712342112622798981335916317343356899e-841	1.9888681890662117068459058626221870673330731848880256587779997323e-452
207	1508111540772802068357761953380311413757432428852178061662663.1670	6.7690889990988138327756576147289738902720390670323421518599716219e-846	7.8466435315231755803074624748732165962065796228768535348076206367e-455
208	4924816280774507677978738658078445332686918871465518330916553.8320	1.2803991210123083868861111008791339205881937480059014560317983162e-850	3.0871831944524943598471404027028263195609556540690425697537592917e-457
209	16115367108435792740296757482559884709596317008520812465244680.312	2.4037162524578870035643094384560990234448988177576416811985546134e-855	1.2112855047161013247563531960100338601379404663011582334139917252e-459
210	52841972503926342022935038785865501950448949536354591070966813.250	4.4787694179897106327541945797987232606506881694012896176714473955e-860	4.7395959426582448660594652488419900211684695937805486634012706330e-462
211	173620733631746315092636892273782176643366691821028257700909210.25	8.2829821136826863114970591936945186059277370875173092805863024643e-865	1.8494891751209190542281926035711502665069689294191508851047748232e-464
212	571614257664422596708231399933111506602702138784775226903718505.00	1.5204843883352888664654538266977136741382300204106610699743450451e-869	7.1975202681468696510674539506147865388675625541524149328167620559e-467
213	1885726127828988566640758131969868009616486550356045903469965216.0	2.7705054061194718426278878740960901041696305425779147699533961043e-874	2.7934412150969646825398546663855123514139259879893690326010941814e-469
214	6233378999005796983344807059558501875291956448460553673848858356.0	5.0110908081791363122392778050326834926969455734983993287868248789e-879	1.0812511460767417094710889378468704246593454138650905003395259849e-471
215	20645865560712231642789519066079932529867949724041886471682747104	8.9973804882546513344356430076820809392028215515536265413910748174e-884	4.1739654946544486709500134075247174910553127431674132740514244645e-474
216	68517679781806018529390083280998064323713432692139487004657272512	1.6037055148020605112487952162395491432696147859316600722770717566e-888	1.6069824790443846395668848702354725229476975914747547042817893021e-476
217	2.2783874718923918261717212900812659810279622337122873723309368038e65	2.8377356272149767026029839544145934393265435055050246856563862270e-893	6.1704691531452603756632210142136606654768066158458237831673048978e-479
218	7.5910760147013654858479510153259059355417863229961506538086033254e65	4.9850778269579508522028290662999045340233278605463473859307890649e-898	2.3630596763048602144277924408664057047686219265300439136881618323e-481
219	2.5341096352354259890511310270457584596974497630071128681648622346e66	8.6943767479812224236084451669850662043523048202999680881990522401e-903	9.0257919091876557445574280338615208777444118945643829907935773791e-484
220	8.4759676621059088471873030946600086176052304204194299065979783250e66	1.5055152168464989345801837066757244995920055574680981071974528146e-907	3.4383864888716493323776839806281524533538420728839605158349091407e-486
221	2.8404724723136096458546745003648100578740867037076322477442988114e67	2.5883653914844013727179349093437175659255433952468750851477621622e-912	1.3064337765948528166293896161025842301443715638671954447237219055e-488
222	9.5372879786607036678823884036117180212342681463550273090241904181e67	4.4184831136713814149957071008428627251202805601209416764955511486e-917	4.9509437237926171848250726793843481145394695336495054817933348579e-491
223	3.2083953910503289014588955771916898326675703933444149570735076986e68	7.4893015480412148094523499007275277925470909732032460051323691147e-922	1.8713756344956035878082684533998182627098268631076964494061137183e-493
224	1.0813723162898636213156984221442228330607599864233199416061609514e69	1.2605008520836725418145105763156046173346084249631688179511393032e-926	7.0552241346547326472870347323431457002149622963931726998000538747e-496
225	3.6515960479091068263634359782478804460426355863228927725417728783e69	2.1066470036942968049007582909951204570141864872570936477564350111e-931	2.6530287709016022640651955101829597781078760404630850912399608167e-498
226	1.2353957702022661834063092164683110030043003603624984101145055655e70	3.4962314485282394932749984162151488736193034336713014940597827472e-936	9.9508184762266271998353529639171840891437405497375457336884529731e-501
227	4.1873688255608144151813954231018132227355096321254740767992111616e70	5.7621057634825636661862251286630729156670416699502595418475622768e-941	3.7227657663920361910089433622583934737131870275402704300706898810e-503
228	1.4219486317352709385892130774215417932585371470983429742885848274e71	9.4307814025645920245854954481167664071041764328818875358530481602e-946	1.3892071551777731532906926385972384659560609490473215693547745246e-505
229	4.8376014874232867110351935966257640899199328625040258690202550352e71	1.5328942027975223764606402351172088149695356019154169568009638174e-950	5.1709102179359719449729588125241593434123072525045219000053125831e-508
230	1.6488293177621676801913110459706230312513887127676687594748197099e72	2.4744989646718258150285024626170862703194070869482777290130355882e-955	1.9198616252763273095880342047164022837188201572140002258181079799e-510
231	5.6301079602266714697480152591549314757575792756141404380716031897e72	3.9672118931000966722085905914657860647707940400336186458112236796e-960	7.1101707204547865145519472528859312910260083313588699226098894620e-513
232	1.9259684633043161113555942649942576613562857402205992090700254930e73	6.3171163284881471291810659877093422978987890579256946065945459701e-965	2.6266456670078547193262210637891779954618112038540844124909260025e-515
233	6.6003824617972458678144252238137602917697935783313559428072147779e73	9.9907924037911380576067938464072001500757720069827678548626177663e-970	9.6791779026743268808899827742816239473778498041838791982714158465e-518
234	2.2660662582694644636154056728658555063027697726792610232433243219e74	1.5694254969045054839049525229356147435766083986434504852640287871e-974	3.5579111508728573913010321894318684940423333269241744876045044827e-520
235	7.7939175365115008847975452454264719408443122171388760715925289863e74	2.4487993734432515308526061898210275073636617023125196517955139757e-979	1.3045942571591031165625285221666938190592365868497222080639597122e-522
236	2.6854364000356441638766642887370653196395193051288694875546590615e75	3.7953284379776912999933768503654054622136646706061048479601968723e-984	4.7718152909867367015731026122139334611146018098567562558662687053e-525
237	9.2692799105016699724668137368257992096414670742766840616919153498e75	5.8430689062206573916946270372371083536271104450947506122032650037e-989	1.7410995923136373718315931875969950976783524241076358396176997390e-527
238	3.2051282830671263719295893321880396194740186307774943747426762398e76	8.9359322016905047994224691307515570656256298301061147971655121673e-994	6.3372293957111638467461284620750688499383254071482859043597275346e-530
239	1.1102208958935005500161866583422898362190244642935077281332655369e77	1.3575554261590272236241027129831754743482947974983261455528655892e-998	2.3009916035049797565897212028899350894238883911364483411435211087e-532
240	3.8524254192797666564139296623342548460475384285159550496607714689e77	2.0488287601803518881784463298766761242168724082482195433738815444e-1003	8.3344005261568019728859964543644460432258825045779672195650818240e-535
241	1.3391100797879243467555963641214101412280584402647893104009237920e78	3.0718187472008124730384925944916238466610338890002102925091655387e-1008	3.0114893716850734385478749834988329928963232539403184118044223341e-537
242	4.6628546990171643335323742641423240694497931162641710949260532997e78	4.5755014521101365214843816374036827668087693316043730221008989943e-1013	1.0855249546813716096276216103103062100085223853880709460314976734e-539
243	1.6264377650143128157673057068727128971308114192931842693637184557e79	6.7708977755731427150003503257055763298872206668716700824730210810e-1018	3.9034951566122866775356836517759352518624101611196414241181537613e-542
244	5.6828921397609194893463108837290016715342457151958792644872521975e79	9.9547289004926345051371595220813760087342049188108870062233587649e-1023	1.4003179356849746609161506547290354994010774359859989749688361114e-544
245	1.9890432957869835786522155314771660860218024856946993409830868902e80	1.4541168982983090804526514269130427615902626875036159730316687057e-1027	5.0114409788336363853985827159833623315802894510170294327751183034e-547
246	6.9736221866527635589355418089931805017169778007510552371251678937e80	2.1104103331597127500151964247320341842360806669731001835532271714e-1032	1.7892264522744637413264614037664580709149485937150294731172945222e-549
247	2.4491110259897566379917297337946462669888295357268906561399734636e81	3.0432882923757370898295001533048006738012887359830369752030980238e-1037	6.3729198145862733781899678138651956795183536703392849135658905669e-552
248	8.6157079564047212070023873627991474736645340240547305250773873245e81	4.3605243471409185586602308776775128213408367549518426368105697318e-1042	2.2645700299600189663411864138513604203766168364206874963039376572e-554
249	3.0360050443206658899617567021128824207387124892896543447176076528e82	6.2081829055746012824427979011842521676264934841787698976978063651e-1047	8.0280651900622982944275994532725969565122181378369349965596956997e-557
250	1.0716171313686490407929697861470008430174213490575813355887267674e83	8.7827619701436407251408109873291272803662652185641078935700975688e-1052	2.8393407023253278835653184962707639821209385432387989439568400247e-559
251	3.7887774154882653545334351251897666488127641145950886162842841518e83	1.2346649338846349634449041627326954329042966926095488464080134640e-1056	1.0018650596701017960995122451365572858964323968748256215830808693e-561
252	1.3417682020799583184185167705814782222717688497759724707893074938e84	1.7247612877362556003072557452449543106609547044122543226832680079e-1061	3.5268716378336718093894081534391687812687375361325851703361428256e-564
253	4.7596121183844060058341539566283232178254303976879445868126467858e84	2.3943143421552921063199519456134783271923038023659969261826747943e-1066	1.2386891853259095060999193256860005538092374334137916839653038779e-566
254	1.6911340013124569144877164067031606638960298315087848130925167162e85	3.3030561398382735667896790819712724702626688582539851293362222298e-1071	4.3404109523722200131607240687797858377281425124662463444739714223e-569
255	6.0185744063074639886096142660005594215161939677605994553692718291e85	4.5283877753900667423139334699034202227091977004350689223372568468e-1076	1.5173951278807934741360835278006238292239150867968872090615517824e-571
256	2.1454341340724785620508005685953777349669765010404121296487614036e86	6.1698456605761045913745006415621638372096738622868117274189172533e-1081	5.2926032787640855205171724363533450741455485161145856737943891067e-574
257	7.6601891088127939558280607273152927543611084623922069537394328796e86	8.3544549482921755929932892787574710189572032461349497142042480221e-1086	1.8418161891921213896973708712127242443936473510826606025671820173e-576
258	2.7394500777516454293195891324624047467627397348307397010980925270e87	1.1243074539142565215933948404598632795128882885521047940925079275e-1090	6.3948882629783745586002480153909697051147967085465088341822079724e-579
259	9.8125922086002144869213733022055598656236955453795251005335796817e87	1.5037829187814729841725632353583405097864528791199338509075117692e-1095	2.2153011965818965698691769579806642435049464990324409027971793095e-581
260	3.5204442052077704017840626762526615160280945225108486090283793905e88	1.9990707320453568646139348357295975558669299440407395270144761356e-1100	7.6568324433988566400270165250037434757081312614628940867046268960e-584
261	1.2650318334391720600969226595367078982433030350474274295823706748e89	2.6413376574487778925718329715613159842697657420658723341069534115e-1105	2.6404953868466942716099826061944602721099290608679100505026456524e-586
262	4.5529476998731287730351487323602058541862714156751881409461171098e89	3.4688231151677554206982484845750562171100828762804273450526377694e-1110	9.0854184764300565157780091302982281846249986473307008828694102639e-589
263	1.6412247497956624707300815064244111600388876572307072417104638498e90	4.5280634409873455970510209220434023380061103591436610609858942729e-1115	3.1191124537968101807965453034814451891206353753007226512231575212e-591
264	5.9254950176286711225504709287635930103135661446193039261729817868e90	5.8752255652475326124234681908286903086516791461671932910870394685e-1120	1.0684322822814380626047928130060583890283016624011083626638794087e-593
265	2.1426903836157488519964129126308396469732573297067076512411724966e91	7.5775321303110367707690093782692560824317253799513221048729868553e-1125	3.6517086236205343290614783121082162904318039904993820588763292298e-596
266	7.7601381209921864967040637534084486157709099146117386019424137304e91	9.7147507825350940982081246934458803566743820941681398433672818561e-1130	1.2453219158019086101222444525177840954758471222328588694537623514e-598
267	2.8148275798032971002051799818255580761170996413212195802732925845e92	1.2380709806571053902422707235297906756349414180029653149413945880e-1134	4.2374713292363099793688923505456040003990970533899491722148102166e-601
268	1.0225947330380454660995027700088650359961683380039565554898585633e93	1.5684790650536162372532756052219904166813853553213326929575430060e-1139	1.4387149252611735872385240214554606961865190098082205026788958512e-603
269	3.7206757899743800985622846030333934446829929661394661879491485202e93	1.9753335583823680684284189182973898204224756213378430070747714898e-1144	4.8740361336019935817751653748027017195766042035046628171294805922e-606
270	1.3558254033634492002276650171339054755551313378378956654797830185e94	2.4730896237854861442092673758713894675463516624194763296658787597e-1149	1.6476005264732091956144003409052340300755220066407493882378578263e-608
271	4.9481918351640465292065629110466675910227681511591932423441016948e94	3.0781236748056683502689047790786478958442165510206297955080696045e-1154	5.5573458216062967276532799919034755876630128462910076131844174960e-611
272	1.8086198677123611020994447082586248148408547650261082013076893807e95	3.8087994420481121469567279526859780186579450421154673719080969645e-1159	1.8704166788020150283526561637538773031999322068409150360924628920e-613
273	6.6206904088515787170429382466230955830347462261803067057666833527e95	4.6854892180640200691438016661215289365853762406358393357885927106e-1164	6.2815649052623120416091823551275444066558963785397077593925950161e-616
274	2.4272343305572025235453095825553650178036910802145707740041011526e96	5.7305391498982305523529096369674257966527356482351465560398863589e-1169	2.1050332272084478402140169025219107199251554720178771270554585011e-618
275	8.9118901688350506938202364100924445258145096053073951907248146629e96	6.9681673036617967079810619299376138356558421531194903304787901723e-1174	7.0390610968680332791995207041351804178921908641305410098820716286e-621
276	3.2769884524692500507547100031127930071386822537979037920115501423e97	8.4242835903308809763991378643517612583583752140137530746875329204e-1179	2.3487577476722640155025690103488980120474679680872639227996459657e-623
277	1.2067693081383537776490167901147473962185121621793932200636989517e98	1.0126221606162473953017010276638616165394896038334269946583944345e-1183	7.8204626085938581939083872625699717528223856120868287520714352957e-626
278	4.4505652850826692186303011729299324963161567720658168969389266673e98	1.2102374077019223207767750691671173901742677223123162218226524278e-1188	2.5983663601210336578384453027859867875621575645532481312139927908e-628
279	1.6437849748866744404490912168063321162603648809544834468445408230e99	1.4381725950635711933509759314905789666038832689610405276698560557e-1193	8.6147965314161688033107790193276430915466148247679214490670946109e-631
280	6.0801053426878893307465998711333324859871033224389960027196166277e99	1.6993282268324172501835365433081339960827750407295196581194333568e-1198	2.8501605092883799210010440556031042760481606484280654393947941164e-633
281	2.2522201787901156507918780349906285801383118487292603866205761683e100	1.9965391741279072118865917017984197444010735641792311054585972635e-1203	9.4097092161353498228311448153486780020135585517836443949191728799e-636
282	8.3549071482026396265188602932200307534309700163775958808753811932e100	2.3324971383890470971668951911160893701254576490485221794816529929e-1208	3.1000492599206811150693305156163592999006825261743824112036415123e-638
283	3.1038510267317348860633495096919423020839459898826804552863692440e101	2.7096642495189703963062044045019470488925251250391271848133846503e-1213	1.0191764788081399744551002970040621044177688527608600046100750312e-640
284	1.1547447717392449628854074987216764154812281211535242239268552195e102	3.1301793557498567974399622205357004597062516887796176137510958915e-1218	3.3436551023945639005760964680199662605840810319871686663325695263e-643
285	4.3022385979894350350450517059041335634291532242978402906102982640e102	3.5957591018990681260203797844775879583335879541183373235768591517e-1223	1.0946813000025048754112427821904910371368664907140766419192210997e-645
286	1.6051802492224959163943986422423617309921307025719797983548123324e103	4.1075964183829348863165592613030566706273389250652288300140435224e-1228	3.5764397277027653401736116947258625741464573874147099840489122651e-648
287	5.9975164074796544964865573702310082818443438904129564505694705448e103	4.6662595258887009373427229738319365652904727290600769106852940154e-1233	1.1660412925881927737946495085805735860849171706555899508222097833e-650
288	2.2440623438887938772170007881837511877015884864092362542871912084e104	5.2715949692117731647359770913692934599142293399681061544174817026e-1238	3.7938448232588615239307596254462488053035629771985555226881085092e-653
289	8.4083689570743013814423059983864922576569087345076844590242042661e104	5.9226384976942234048393928840452483247028876894962160291879737369e-1243	1.2318294887656368119452139024828574533761651978753509172742079770e-655
290	3.1550011480442444529166898990653313048084845270387182378197074192e105	6.6175377801260854005682690217726541373275358397088212852609630976e-1248	3.9914417759728846171581720964689621386639395104468475981284464617e-658
291	1.1854842044319896783730107756228156081870357124214497096628692545e106	7.3534909540124858006596248985666152251213057207858408092843055462e-1253	1.2906839828914052274642442270232766316669862454542767822011455212e-660
292	4.4606494838559413866148803352666219489441184692697699858145252239e106	8.1267048438264199786992901244074884885637183392263590315534025659e-1258	4.1650833456287749424092907634636779980405132505954332798020945299e-663
293	1.6807538131578502489759350859781569271352053860379355288588121562e107	8.9323763290836687562761827781624187896914060229242277998040581599e-1263	1.3413553379671963376603209761222803761188259642355187639374362888e-665
294	6.3417835718735362441813713115946641059913285728062389441711675318e107	9.7646997988870136466015528696201933460858312168962006447338177539e-1268	4.3110499654317861028531329764097078641947785664239338644249575086e-668
295	2.3961702538524422398040081724197087109049060234315886624734087027e108	1.0616902903397601759856556581866297731537909450547562804117143306e-1272	1.3827511292739400966761918981711230236970042849803466911193330734e-670
296	9.0661005324603433943883626533970002641402676124262187850399783770e108	1.1481311923682093100133504089088604873210059457562202157521317487e-1277	4.4261833823397013595025397830807436828400418453006301445119460414e-673
297	3.4349282169810545621752343593637531428334469711779835261984194659e109	1.2349447059305210964737453250450426431063343299914946170739553719e-1282	1.4139753855953818817025505950577021091668952565383334061870069278e-675
298	1.3031870913561601047288521076252115023398438010690260033758404412e110	1.3212146817296907979536968120221652018628053919987910765019551612e-1287	4.5080008761875760111911590484702823362018254652237251769971802076e-678
299	4.9509159164420578593823928443244455535193678682243734772084519667e110	1.4059719524177125674701210729050758370300855191944077827240065067e-1292	1.4343609266768565225340623740285331740008194032028700345959572627e-680
300	1.8834397595270583830108003575272253193936767716597105599662500228e111	1.4882118827823424617448298675784388725641437676631726189688731038e-1297	4.5547842649530889783838420092629123459784761308768975545038877439e-683
