1 0.023095708966121033814310247906495291621932127152051
2 0.092345735228046670385728486192067886774132216628247
3 0.20763892055432474828034081535997618580105267463859
4 0.36879047949224141654590656460644798753583307579679
5 0.57554271446117695283074532417242064293320597431066
6 0.82756601228237857578003681566874870600775370568607
7 1.1244601175709590464936102579543594710071037069033
8 1.4657556771470617428785391671342892115515159526949
9 1.8509160483825390958185044498675023118722128110543
10 2.2793393631931694565459438527699468073889369524281
11 2.7503608382202162386580196550739216128157489411858
12 3.263255320624643440318359274488330882307339049321
13 3.8172400578479489291953832079504592246929519444166
14 4.4114776786805149122868870225712642537017835134514
15 5.0450793720264807780980135700113038869014395326426
16 5.7171082488679937229305464072008666580495822659192
17 6.4265828721155419936229139189439914841269026213291
18 7.17248093828883696225603324752561433748891910731
19 7.9537430943079363783988912267959747179401307967762
20 8.7692768720901690106867973114472419101834846866905
21 9.6179607231477179630187018024370040515616414964724
22 10.498648134965830546082825029914264681694607615732
23 11.410171810614506199856045843692780165946303640955
24 12.351347892808651781642487765749581348897693811883
25 13.320980213483943989166171749673670167840454614134
26 14.317864549897871216512578143944959035511199776292
27 15.340792868295668959728481060536822038372196932218
28 16.388557536293459284789928626325653838515363437313
29 17.459955485312807885087895167817930205536610807081
30 18.553792304624603859978260892417601199596247803558
31 19.668886248770777674078140106761517402700048333062
32 20.804072140225060553223133521318845345640345128024
33 21.958205148935173359531535562488836268669850307941
34 23.130164429510487170960063457975796208943927077209
35 24.318856594667243149606894296588026686766548617679
36 25.523218999045666147411052801116068077464702050851
37 26.742222798802544422672218888589709339302863554313
38 27.974875736194667362614063847211451707942746984966
39 29.220224568951039899716891250187748800841115096253
40 30.477357011363598237322440725939899867387250430901
41 31.745402959431915932280802480586123907885337611968
42 33.023534603359330489695852693370939270926309165898
43 34.310964728941571846776821124112747616810064385415
44 35.606941972452016604056964201425288238034552202861
45 36.910740845416960543379801695609396578860791934647
46 38.221642694612796870879450796647074109932687659175
47 39.538900955092112391314289804454225601980416755691
48 40.861679462307074477686653043696690569840735571346
49 42.188945563150618673274044178137891092487160253528
50 43.51929031301779588498835108921142581065226990487
