1 0.094361507680
2 0.221459957543
3 0.313998564176
4 0.485033310957
5 0.535747427515
6 0.644799088829
7 0.724653285622
8 0.815863219352
9 0.871368539934
10 11.197465161854
11 16.152219566157
12 22.097977280110
13 26.272247349539
14 31.231795974330
15 34.193310213183
16 38.498237486891
17 41.736725364867
18 44.541704967128
19 48.622533948079
20 50.839007468171
21 53.968732024023
22 57.262936461207
23 59.930698245816
24 62.109905644047
25 65.758319922665
26 67.926451880363
27 70.418404402624
28 73.060541835024
29 76.225436448357
30 77.997869534482
31 80.407879897952
32 83.531440811400
33 85.589733726495
34 87.981861558129
35 89.980049875502
36 93.136992827673
37 95.150231534284
38 96.952200256959
39 99.629882158164
40 102.065420723133
41 104.335726752216
42 106.147662544516
43 108.275387861812
44 111.372722403328
45 112.810416304407
46 115.030674264996
47 117.110040737922
48 119.563127671561
49 121.913571647336
50 123.510175143316
51 125.388033186988
52 128.163585171192
53 130.147385818046
54 131.918200333508
55 134.018417379946
56 135.847215553173
57 138.647975621574
58 140.287758482109
59 141.931582228403
60 144.036183062949
61 146.525476841503
62 148.248823774310
63 150.418757763422
64 151.826545533603
65 153.974270632738
66 156.609581950608
67 158.117534298077
68 159.746611716749
69 161.873678625876
70 163.848154407145
71 166.105492533300
72 167.830024635611
73 169.466018935875
74 171.145974374646
75 173.885933709988
76 175.398947431934
77 177.151810180106
78 178.989190588529
79 180.764968803494
80 182.959173601894
81 185.173279640206
82 186.328228338302
83 188.089983986386
84 190.217360096842
85 192.440245975166
86 193.882578875877
87 195.841490689109
88 197.378451357397
89 199.105275392673
90 201.704696219680
91 203.122891511899
92 204.706214803915
93 206.338834112995
94 208.511902672790
95 210.294319482711
96 212.255095046631
97 213.834716104763
98 215.256868094063
99 217.128901901027
100 219.575047696924
101 221.033303807136
102 222.416180851038
103 224.419819164877
104 225.920452329802
105 228.065942113953
106 229.934111599831
107 231.568660233318
108 232.779498480248
109 234.644615384294
110 236.981157753606
111 238.430876407667
112 240.128653983697
113 241.716828504415
114 243.357597476856
115 245.054829880132
116 247.499022675099
117 248.699635687732
118 250.184156143285
119 251.822904835513
120 253.792432775117
121 255.732685898466
122 257.164900104865
123 259.070075622183
124 260.305702214524
125 261.885007545923
126 264.179836651268
127 265.960951631954
128 267.181985535106
129 268.722645210914
130 270.562535858605
131 272.222154483197
132 274.119846745959
133 275.939065720527
134 277.165397846664
135 278.693740952140
136 280.311987014941
137 282.765018232488
138 283.889995738862
139 285.508723836470
140 287.169763681813
141 288.609840397999
142 290.374276484438
143 292.405611350820
144 294.036097667025
145 295.250846940324
146 296.625627210484
147 298.637408263270
148 300.442987243651
149 302.075929981870
150 303.464793071999
151 305.225548621284
152 306.417532128563
153 308.167748461364
154 310.490840416508
155 311.683576176844
156 313.066236982580
157 314.607448322839
158 316.269144258743
159 318.179850920123
160 319.630018096709
161 321.538794660921
162 322.707317000811
163 324.091258959679
164 325.776289938983
165 327.950366351870
166 329.410756525743
167 330.612834341616
168 332.217870157013
169 333.904301723563
170 335.256366315142
171 337.359898546791
172 338.878910727748
173 340.321226199291
174 341.515776326425
175 343.064702119991
176 345.205391718574
177 346.732098085776
178 348.036997591680
179 349.751174456798
180 351.031728587820
181 352.552677109506
182 354.292665826584
183 356.403839943533
184 357.509326945735
185 358.737713224554
186 360.372820000195
187 362.020497354047
188 363.844212817452
189 365.302380290763
190 366.830763176546
191 368.385815886890
192 369.486552839931
193 371.097570335546
194 373.380849282947
195 374.547964048481
196 376.054801908227
197 377.249021624198
198 378.997783031922
199 380.509944727113
200 382.165206153551
201 383.947340094826
202 385.330899454162
203 386.471868124999
204 387.926774911221
205 389.665135465476
206 391.762951562780
207 392.774154027097
208 394.205483669512
209 395.920480707156
210 397.076308770936
211 398.698808397108
212 400.577774205800
213 402.229017366819
214 403.406714595652
215 404.653839237160
216 406.105843250909
217 408.082217515861
218 409.530064761882
219 411.055807876086
220 412.484541919696
221 413.880390766466
222 415.227739829296
223 416.630325117529
224 418.850816623916
225 420.187917417635
226 421.278159271212
227 422.736518920184
228 424.276328404446
229 425.816260417102
230 427.586699112954
231 428.892589800299
232 430.688891502715
233 431.691121758224
234 432.951188558997
235 434.682158307156
236 436.636758368770
237 437.995872193452
238 439.180109286780
239 440.603908742006
240 442.175200204556
241 443.513412342342
242 445.120012332256
243 447.105549653559
244 448.127976664413
245 449.560482490366
246 450.724785001965
247 452.311942065924
248 454.359947167012
249 455.527655264793
250 456.937417942092
251 458.458487929441
252 459.778695537316
253 460.991486774585
254 462.761478463780
255 464.569891598181
256 466.018791799974
257 466.983103140116
258 468.321478640192
259 470.037197358950
260 471.493242417627
261 473.209074966096
262 474.490337361461
263 476.048496819960
264 477.290278544327
265 478.486458143771
266 479.987408891048
267 482.188492300580
268 483.268605081635
269 484.517396510453
270 485.965401580706
271 487.277298115491
272 488.895314819308
273 490.329429233159
274 491.995331903449
275 493.584311191686
276 494.570402769604
277 495.850309263787
278 497.296659894740
279 499.157151256090
280 500.752643571470
281 501.910975061681
282 503.146398585876
283 504.864060531855
284 505.910150987224
285 507.371755239751
286 509.300809654622
287 510.732056144582
288 511.989775822630
289 513.103405343621
290 514.440700611101
291 516.135645495224
292 517.866097345417
293 518.988321909971
294 520.609703033265
295 521.918044334205
296 523.094124495030
297 524.464068600653
298 525.985175733254
299 528.114768894733
300 529.008135922576
301 530.273901088260
302 531.597392068100
303 533.146517152893
304 534.509098399360
305 536.181236990833
306 537.590323263380
307 539.002216953397
308 540.402699820044
309 541.269031553026
310 542.807255902884
311 544.785599798329
312 546.132678245649
313 547.402897691878
314 548.591161783899
315 550.065189516887
316 551.433118980228
317 552.763560719620
318 554.425068353311
319 556.170668216852
320 557.202045998177
321 558.321511570457
322 559.734468524259
323 561.132538254048
324 563.042317046059
325 564.322876303857
326 565.424256515245
327 567.098605122407
328 568.235707901146
329 569.445071045576
330 570.926763239391
331 572.848129644647
332 574.127798387643
333 575.402021419628
334 576.399340777091
335 577.840669364450
336 579.521911962047
337 580.823454975084
338 582.426243801537
339 583.747147866137
340 585.083265643113
341 586.322269516623
342 587.417688208496
343 589.006806680393
344 591.027181116751
345 592.089994366831
346 593.191087055056
347 594.612546587895
348 596.016706142165
349 597.237279268068
350 598.922062756101
351 600.256424592858
352 601.963110915804
353 603.015324982075
354 604.090295219959
355 605.401073593581
356 607.070126485554
357 608.788105750352
358 609.944496762800
359 611.242617604306
360 612.483381528574
361 614.009886371644
362 615.070694890168
363 616.496864867842
364 618.493446503532
365 619.624578281486
366 620.820745705023
367 622.018865481395
368 623.230230543850
369 624.895504343586
370 626.477858663362
371 627.715510200973
372 629.027920882115
373 630.625728579456
374 631.498616278998
375 632.818483149925
376 634.306746401890
377 636.074835056509
378 637.618267473550
379 638.414049669374
380 639.677590802530
381 641.196672848819
382 642.504010845028
383 643.929030305346
384 645.492798982949
385 646.860982749230
386 648.173694545530
387 649.326247256701
388 650.427912293097
389 651.817794366301
390 653.913794496862
391 654.885899587270
392 656.209964766175
393 657.469225399863
394 658.766467493918
395 660.115545979193
396 661.388813767651
397 662.958624299720
398 664.638190299085
399 665.782390691426
400 666.814172190225
401 667.983870325432
402 669.530545902571
403 671.013141874129
404 672.704850152128
405 673.638457119684
406 675.011134574825
407 676.534331272766
408 677.504340293556
409 678.714309564402
410 680.423599035448
411 682.178790744526
412 683.167652306523
413 684.419824652235
414 685.520073762953
415 686.891520547658
416 688.484182149799
417 689.827516686227
418 691.154828682795
419 692.748886983628
420 693.749862779149
421 695.022184612945
422 696.153897166896
423 697.570823356750
424 699.530128002958
425 700.691153917109
426 701.723539119259
427 702.959515598591
428 704.467051796614
429 705.605582691116
430 706.970694604711
431 708.653713501302
432 709.879313973175
433 711.429605647000
434 712.297690126918
435 713.395586184584
436 714.873060043092
437 716.599804478505
438 717.947206237200
439 719.148841052034
440 720.342531591479
441 721.740181763982
442 722.902163638008
443 724.179406072810
444 725.510514786394
445 727.460760784976
446 728.569574174089
447 729.515220951457
448 730.850529807271
449 732.044623780134
450 733.526108991256
451 735.169259361730
452 736.297732410657
453 737.630425556774
454 739.047663153294
455 740.204120572184
456 741.163968369393
457 742.607765004669
458 744.390236945464
459 745.769027089101
460 746.938588629258
461 747.946986807282
462 749.176707786611
463 750.801812293049
464 751.845193367695
465 753.427460320019
466 754.851581811589
467 756.209911335309
468 757.297045543477
469 758.462748761401
470 759.565408868859
471 761.101649883695
472 763.017470217681
473 763.921054748652
474 765.050340160845
475 766.528123250628
476 767.678617573371
477 768.888761126238
478 770.268244954641
479 771.729318026527
480 773.363684369116
481 774.491554925606
482 775.481139883518
483 776.608255886521
484 778.028089174691
485 779.620839888662
486 780.940092452537
487 782.345238397677
488 783.341019787173
489 784.802102992865
490 786.048984483249
491 786.967213408742
492 788.417155611285
493 790.361681147125
494 791.395957509876
495 792.638839780049
496 793.622343146933
497 794.970557804211
498 796.276431516268
499 797.790379503080
500 799.108135457330
501 800.349397228094
502 801.945404647623
503 802.865735449043
504 803.935530546719
505 805.259083506905
506 806.675811205779
507 808.516014919250
508 809.566000030351
509 810.580903263449
510 811.833095712930
511 813.256107745804
512 814.420977126103
513 815.653556339826
514 817.280049448984
515 818.714187441346
516 819.784916899861
517 821.095391802757
518 821.954753735401
519 823.249052688458
520 825.035176161899
521 826.391972676913
522 827.482474183109
523 828.789136678133
524 830.000794602048
525 831.279632864766
526 832.353438892607
527 833.695687952183
528 835.280437414924
529 836.948297674974
530 837.758175580212
531 838.811414902407
532 840.108288511515
533 841.474327023264
534 842.789768383792
535 844.435039459091
536 845.412939853180
537 846.790374727776
538 848.198136026903
539 849.102202228889
540 850.239188324708
541 851.607900948387
542 853.508773001473
543 854.567449749635
544 855.754692229779
545 856.858587782699
546 858.009288251880
547 859.461331542462
548 860.750484970002
549 861.962342168775
550 863.610206939120
551 864.804323580743
552 865.949763148606
553 866.982030945729
554 868.152167883091
555 869.518563031818
556 871.293123185614
557 872.540657383993
558 873.477665817713
559 874.691475466132
560 876.245044903790
561 877.112608640161
562 878.394162040245
563 879.931995183068
564 881.366014767453
565 882.762688431517
566 883.765631235588
567 884.715542898242
568 885.972398181191
569 887.462951805134
570 888.942333644300
571 890.175150040143
572 891.391051949811
573 892.703351788773
574 893.788092813580
575 895.117476687805
576 896.029756642394
577 897.511972642441
578 899.469830851459
579 900.298650257476
580 901.417672816710
581 902.625267688150
582 903.783024963793
583 905.177309621536
584 906.485672638066
585 907.949665920955
586 909.049642287539
587 910.573358860895
588 911.651841155008
589 912.572215588732
590 913.739706904257
591 915.332801923587
592 916.851243494041
593 918.190744572285
594 919.122919987113
595 920.208899123045
596 921.657262088582
597 922.849644650235
598 923.958696781230
599 925.422564031540
600 926.992725339844
601 928.184821565544
602 929.179603324313
603 930.348985287500
604 931.415606982194
605 932.776664412842
606 934.634886022482
607 935.532940120003
608 936.761625771876
609 938.066924812817
610 939.306131125716
611 940.317068089240
612 941.567633085574
613 942.874922476582
614 944.598214179483
615 945.796255802652
616 946.912455809186
617 947.740797907453
618 949.071295416237
619 950.528106852761
620 951.712551426943
621 953.214264652228
622 954.436212751249
623 955.533740879282
624 957.001906507476
625 957.918859988760
626 958.930783401809
627 960.329034521140
628 962.122362681514
629 963.356435680510
630 964.238658376049
631 965.500262162493
632 966.650290182331
633 967.905599137437
634 969.214998223254
635 970.533450831185
636 971.793519892514
637 973.452780826561
638 974.282546982109
639 975.364095244079
640 976.524827691362
641 977.736088761363
642 979.350285889811
643 980.861835922066
644 981.771592480703
645 982.909425826365
646 984.180617198116
647 985.550024494528
648 986.437768242827
649 987.705851203494
650 989.432924343424
651 990.662966553579
652 991.847431230559
653 992.950316145123
654 993.822369741336
655 995.156661834618
656 996.699434073472
657 998.003133485189
658 999.230195668458
659 1000.390897972312
660 1001.751310289432
661 1002.787270109211
662 1003.873620224284
663 1005.080144982268
664 1006.419964753909
665 1008.297975325619
666 1009.205358581218
667 1010.165327916125
668 1011.317396820805
669 1012.699942391183
670 1013.776378877652
671 1015.217279417261
672 1016.535381957789
673 1017.783330713102
674 1019.082012561237
675 1020.292956931544
676 1021.213810690739
677 1022.224585449632
678 1023.696862303968
679 1025.459650476926
680 1026.390989056005
681 1027.747015388843
682 1028.644963122895
683 1029.887462056111
684 1031.276551906898
685 1032.288917109664
686 1033.555572683306
687 1035.134939355969
688 1036.517522743986
689 1037.470197338108
690 1038.525947482342
691 1039.618321957546
692 1040.865473860043
693 1042.302621792925
694 1043.942180131033
695 1044.795198815227
696 1045.913521771050
697 1047.436722950659
698 1048.408309044823
699 1049.442849489616
700 1050.687587032038
701 1052.179796701310
702 1053.698870509253
703 1054.885715222452
704 1055.740609062175
705 1056.886347111286
706 1058.009972812613
707 1059.541515665980
708 1060.699064206654
709 1062.034214731119
710 1063.354920709952
711 1064.502254809152
712 1065.643397401622
713 1066.842347554967
714 1067.705630128703
715 1069.038138976418
716 1070.908985363491
717 1071.988659255805
718 1072.988070519051
719 1074.086579387387
720 1075.327992192481
721 1076.564684060773
722 1077.666491406525
723 1079.111624742854
724 1080.350347733045
725 1081.713764495629
726 1083.103881166008
727 1083.755358662771
728 1084.869739608042
729 1086.197849154392
730 1087.578151287767
731 1089.136943095412
732 1090.216799767982
733 1091.252983845825
734 1092.403700638252
735 1093.787155017490
736 1094.786015535686
737 1095.891030784695
738 1097.243817228730
739 1099.056569616483
740 1099.887144551099
741 1101.060532742201
742 1102.158308244626
743 1103.129047286800
744 1104.476400188527
745 1106.044214587637
746 1107.190275983217
747 1108.332671078678
748 1109.639764779517
749 1110.841339231995
750 1111.870112245078
751 1112.890892107530
752 1114.130092668861
753 1115.659395146535
754 1117.180018140822
755 1118.259633770159
756 1119.068998494455
757 1120.215365928495
758 1121.639116778560
759 1122.757001798471
760 1123.936107546696
761 1125.515985177721
762 1126.508869802405
763 1127.969340977286
764 1128.942148801310
765 1130.028542928178
766 1130.953091178000
767 1132.346954463393
768 1134.101636708927
769 1135.178104234555
770 1136.151486444246
771 1137.407129993068
772 1138.526686674454
773 1139.663096210847
774 1140.968392144337
775 1142.004123832267
776 1143.488842185274
777 1145.057616222812
778 1145.940599543177
779 1146.983578751152
780 1148.016419216257
781 1149.221794617328
782 1150.595532455629
783 1152.046743246943
784 1153.307782094947
785 1154.261990285068
786 1155.424435462223
787 1156.924486709410
788 1157.708896941069
789 1158.744825547457
790 1160.192956148081
791 1161.795624312417
792 1162.938443897518
793 1164.088544290921
794 1164.993075105177
795 1166.050180699803
796 1167.423612504985
797 1168.687218691082
798 1170.027258231102
799 1171.123544448673
800 1172.550440049934
801 1173.680174146437
802 1174.668326859435
803 1175.780317303991
804 1176.863331055821
805 1178.131729160330
806 1180.022553266183
807 1180.927290088689
808 1181.859671384039
809 1183.064345304533
810 1184.269541340181
811 1185.477071732545
812 1186.536975453469
813 1187.920615167011
814 1189.290069884063
815 1190.494278000268
816 1191.780187981389
817 1192.677229063057
818 1193.589132096225
819 1194.821631271889
820 1196.442633459841
821 1197.635187705643
822 1198.966438707856
823 1199.879557766086
824 1201.061526392566
825 1202.308767043447
826 1203.453527847955
827 1204.406216553639
828 1205.739324380669
829 1207.356288673097
830 1208.686950972760
831 1209.425890526176
832 1210.526640831561
833 1211.733172637175
834 1212.800454548061
835 1214.226967831445
836 1215.704200988293
837 1216.632073058967
838 1217.840782573958
839 1219.288622197300
840 1220.142658196009
841 1221.216770680618
842 1222.293394086120
843 1223.693181858764
844 1225.340986620717
845 1226.357747847114
846 1227.519963276322
847 1228.347444605936
848 1229.541316906230
849 1230.974432599019
850 1232.002606609125
851 1233.226040541676
852 1234.717834046173
853 1235.873925263251
854 1236.961441386665
855 1238.189787580907
856 1238.977251150522
857 1240.123460527151
858 1241.561078916899
859 1243.273991268654
860 1244.095543623253
861 1245.211353206005
862 1246.323021968639
863 1247.665577871827
864 1248.577656155053
865 1249.788992879296
866 1251.099505812158
867 1252.354947940622
868 1253.959809552320
869 1254.834432461509
870 1255.768857673689
871 1256.812152859063
872 1258.078553448050
873 1259.387494808939
874 1260.803494281898
875 1261.992482458441
876 1263.031975350985
877 1264.195234688306
878 1265.424413202761
879 1266.564916841843
880 1267.386265855373
881 1268.666543730754
882 1270.478424826253
883 1271.517919697036
884 1272.556950585176
885 1273.654503747375
886 1274.621470289119
887 1275.817659452976
888 1277.227436273146
889 1278.368449289817
890 1279.682763322245
891 1280.792534991476
892 1282.212956454609
893 1283.159048611800
894 1284.060897353399
895 1285.244667723723
896 1286.441649516484
897 1287.975278157257
898 1289.472909886706
899 1290.255802441163
900 1291.179979881942
901 1292.513150002610
902 1293.768251407166
903 1294.704598615595
904 1295.966789788398
905 1297.341435749176
906 1298.682684181007
907 1299.823279642746
908 1300.893844949341
909 1301.874173056076
910 1302.809775819582
911 1304.125028650872
912 1305.790818152552
913 1306.839116305346
914 1307.901847156189
915 1309.185984235061
916 1310.129987444013
917 1311.430798637945
918 1312.436563049816
919 1313.513460626659
920 1314.837219313381
921 1316.530354205909
922 1317.496702018230
923 1318.508457490746
924 1319.420186337165
925 1320.614639868355
926 1321.915120854511
927 1323.042830019003
928 1324.593653145625
929 1325.572550154176
930 1326.655406688261
931 1328.067295685199
932 1329.121434903755
933 1329.874815655259
934 1331.078521100191
935 1332.496404636601
936 1334.054633867227
937 1335.123380983640
938 1336.116060399028
939 1337.136526623145
940 1338.237356647745
941 1339.498622521271
942 1340.750977653927
943 1341.801992165272
944 1343.172833671953
945 1344.569651965628
946 1345.598224678583
947 1346.503861461950
948 1347.744602378934
949 1348.574821761191
950 1349.933229215291
951 1351.636416877248
952 1352.662762176449
953 1353.674075119196
954 1354.674788254081
955 1356.052739814165
956 1357.080970911519
957 1358.099572208424
958 1359.275363019631
959 1360.791435941298
960 1361.960932527786
961 1363.336280416196
962 1364.189395033092
963 1365.034708406733
964 1366.212988865637
965 1367.599629290743
966 1368.855954986520
967 1370.149887328013
968 1371.284114489015
969 1372.305123110475
970 1373.586378790850
971 1374.624106861866
972 1375.683988783150
973 1376.662822156930
974 1378.027763587911
975 1379.873428648759
976 1380.576403397043
977 1381.611508058618
978 1382.754893774325
979 1383.807315426954
980 1384.978124610699
981 1386.265703067557
982 1387.589439181184
983 1388.604320086121
984 1389.992619692773
985 1391.132652156344
986 1392.183501081130
987 1393.029466687475
988 1394.127769558034
989 1395.523531908211
990 1396.997616230676
991 1398.212569064647
992 1399.230847790957
993 1400.123462539319
994 1401.258262557554
995 1402.745841734696
996 1403.499763816834
997 1404.721092223488
998 1406.179255062040
999 1407.482919373330
1000 1408.576814497880
1001 1409.627891123574
1002 1410.562646109113
1003 1411.598366805940
1004 1412.791410468759
1005 1414.358311792721
1006 1415.678266163366
1007 1416.445332331241
1008 1417.690985806022
1009 1418.995747208710
