1 14.1347251417348900304205017164349556
2 21.0220396388392458675298257730901241
3 25.0108575779062931587759521789848804
4 30.4248761541664585195121617289260030
5 32.9350616400806615047258674167096615
6 37.5861770208319398989260662347078323
7 40.9187160909778597783770237583667040
8 43.3270742709445286777736328076571226
9 48.0051510630425042336355545558035374
10 49.7738350687533426253139623440802097
11 52.9703232881465737591497600078582764
12 56.4462491165477757704138639383018017
13 59.3470440431402579406494623981416225
14 60.8317768003997230152890551835298538
15 65.1125449681901500298408791422843933
16 67.0798092701752040056817349977791309
17 69.5463996485298565630728262476623058
18 72.0671569481877014595738728530704975
19 75.7046890577266822219826281070709229
20 77.1448383973316254014207515865564346
21 79.3373760690361109482182655483484268
22 82.9103814886094596658949740231037140
23 84.7354940670707605931966099888086319
24 87.4252762928788342833286151289939880
25 88.8091129109895973670063540339469910
26 92.4919004252366221408010460436344147
27 94.6513447324022365592099959030747414
28 95.8706332464972774687339551746845245
29 98.8311937336356720607000170275568962
30 101.3178521221585413059074198827147484
31 103.7255376207272377087065251544117928
32 105.4466225768560718734079273417592049
33 107.1686105809111779763043159618973732
34 111.0295342086902792289038188755512238
35 111.8746571981870658873958745971322060
36 114.3202209730826552913640625774860382
37 116.2266797369755693125625839456915855
38 118.7907829604469895912188803777098656
39 121.3701229659214959610835649073123932
40 122.9468306097027721079939510673284531
41 124.2568201723628362742601893842220306
42 127.5166842467575065711571369320154190
43 129.5787031954456836047029355540871620
44 131.0876897592831653582834405824542046
45 133.4977379996738306999759515747427940
46 134.7565094481047651697736000642180443
47 138.1160427523637679314560955390334129
48 139.7362106914075354779924964532256126
49 141.1237088631077938316593645140528679
50 143.1118451827460091863031266257166862
51 146.0009821046694753476913319900631905
52 147.4227645710193712602631421759724617
53 150.0535191236824346106004668399691582
54 150.9252559320676425613783067092299461
55 153.0246929557765440677030710503458977
56 156.1129091473365804176864912733435631
57 157.5975910015984595702320802956819534
58 158.8499881177912982366251526400446892
59 161.1889645615233064290805486962199211
60 163.0307096024764348385360790416598320
61 165.5370693259581003076164051890373230
62 167.1844397405463666927971644327044487
63 169.0945170546698363978066481649875641
64 169.9119770460725646898936247453093529
65 173.4115371005640042767481645569205284
66 174.7541927463434205947123700752854347
67 176.4414351990118632329540560021996498
68 178.3774087502738723287620814517140388
69 179.9164850329209741630620555952191353
70 182.2070788556248714940011268481612206
71 184.8744691799264785458944970741868019
72 185.5987822234724831105268094688653946
73 187.2289222379697264386777533218264580
74 189.4161581712858719583891797810792923
75 192.0266577085494361654127715155482292
76 193.0797255048627505402691895142197609
77 195.2653965356797698404989205300807953
78 196.8764808179893464057386154308915138
79 198.0153093253206009194400394335389137
80 201.2647512010782691049826098605990410
81 202.4935930999593836077110609039664268
82 204.1896703041253715582570293918251991
83 205.3946978349981407063751248642802238
84 207.9062580872694354638952063396573067
85 209.5765097613417253796797012910246849
86 211.6908615136981666182691697031259537
87 213.3479197876576449743879493325948715
88 214.5470457954174321457685437053442001
89 216.1695387573892901400540722534060478
90 219.0675958301295622732141055166721344
91 220.7149204710488277214608388021588326
92 221.4307063692396866372291697189211845
93 224.0070008987010794498928589746356010
94 224.9833245099481189299694960936903954
95 227.4214448199810476580751128494739532
96 229.3374139615284263982175616547465324
97 231.2501905069620136146113509312272072
98 231.9872335505233991170825902372598648
99 233.6934036629999695833248551934957504
100 236.5242297147646581834123935550451279
