1 14.1347251417348900304205017164349556
2 21.0220396388392600783845409750938416
3 25.0108575779063109223443461814895272
4 30.4248761541664478613711253274232149
5 32.9350616400806615047258674167096615
6 37.5861770208319541097807814367115498
7 40.9187160909778953055138117633759975
8 43.3270742709444931506368448026478291
9 48.0051510630424758119261241517961025
10 49.7738350687532857818951015360653400
11 52.9703232881466163917139056138694286
12 56.4462491165478041921232943423092365
13 59.3470440431402579406494623981416225
14 60.8317768003996803827249095775187016
15 65.1125449681901358189861639402806759
16 67.0798092701752608491005958057940006
17 69.5463996485298565630728262476623058
18 72.0671569481877014595738728530704975
19 75.7046890577266680111279129050672054
20 77.1448383973316396122754667885601521
21 79.3373760690360967373635503463447094
22 82.9103814886094738767496892251074314
23 84.7354940670707463823418947868049145
24 87.4252762928788484941833303309977055
25 88.8091129109895831561516388319432735
26 92.4919004252366363516557612456381321
27 94.6513447324022507700647111050784588
28 95.8706332464972348361698095686733723
29 98.8311937336356862715547322295606136
30 101.3178521221585270950527046807110310
31 103.7255376207272519195612403564155102
32 105.4466225768560576625532121397554874
33 107.1686105809111921871590311639010906
34 111.0295342086902934397585340775549412
35 111.8746571981870232548317289911210537
36 114.3202209730826695022187777794897556
37 116.2266797369755266799984383396804333
38 118.7907829604470322237830259837210178
39 121.3701229659215385936477105133235455
40 122.9468306097028431622675270773470402
41 124.2568201723628220634054741822183132
42 127.5166842467575207820118521340191364
43 129.5787031954456836047029355540871620
44 131.0876897592831369365740101784467697
45 133.4977379996738306999759515747427940
46 134.7565094481047935914830304682254791
47 138.1160427523637679314560955390334129
48 139.7362106914075070562830660492181778
49 141.1237088631077938316593645140528679
50 143.1118451827459807645936962217092514
51 146.0009821046694753476913319900631905
52 147.4227645710193712602631421759724617
53 150.0535191236824346106004668399691582
54 150.9252559320676425613783067092299461
55 153.0246929557765440677030710503458977
56 156.1129091473365804176864912733435631
57 157.5975910015984879919415106996893883
58 158.8499881177912982366251526400446892
59 161.1889645615233348507899791002273560
60 163.0307096024764348385360790416598320
61 165.5370693259581003076164051890373230
62 167.1844397405463666927971644327044487
63 169.0945170546698079760972177609801292
64 169.9119770460725646898936247453093529
65 173.4115371005640042767481645569205284
66 174.7541927463434205947123700752854347
67 176.4414351990118632329540560021996498
68 178.3774087502738723287620814517140388
69 179.9164850329209741630620555952191353
70 182.2070788556248714940011268481612206
71 184.8744691799264785458944970741868019
72 185.5987822234724831105268094688653946
73 187.2289222379697264386777533218264580
74 189.4161581712859003800986101850867271
75 192.0266577085494361654127715155482292
76 193.0797255048627505402691895142197609
77 195.2653965356797414187894901260733604
78 196.8764808179893464057386154308915138
79 198.0153093253206009194400394335389137
80 201.2647512010782975266920402646064758
81 202.4935930999593836077110609039664268
82 204.1896703041253999799664597958326340
83 205.3946978349981407063751248642802238
84 207.9062580872694354638952063396573067
85 209.5765097613417253796797012910246849
86 211.6908615136981381965597392991185188
87 213.3479197876576449743879493325948715
88 214.5470457954174037240591133013367653
89 216.1695387573892901400540722534060478
90 219.0675958301295338515046751126646996
91 220.7149204710488277214608388021588326
92 221.4307063692397150589386001229286194
93 224.0070008987011078716022893786430359
94 224.9833245099480905082600656896829605
95 227.4214448199809908146562520414590836
96 229.3374139615283979765081312507390976
97 231.2501905069619851929019205272197723
98 231.9872335505234275387920206412672997
99 233.6934036629999980050342855975031853
100 236.5242297147646297617029631510376930
101 237.7698202690048105978348758071660995
102 239.5554767426762907689408166334033012
103 241.0491568654649370273546082898974419
104 242.8232714896898301049077417701482773
105 244.0708984629894189311016816645860672
106 247.1369909781024887251987820491194725
107 248.1019891854221270932612242177128792
108 249.5736886127129707801941549405455589
109 251.0149469196218205979675985872745514
110 253.0699865529405485631286865100264549
111 255.3062564164925731802213704213500023
112 256.3807141775479294665274210274219513
113 258.6104382963746957102557644248008728
114 259.8744082825329542174586094915866852
115 260.8050854093501129682408645749092102
116 263.5738942729535665421281009912490845
117 265.5578513986515645228791981935501099
118 266.6149742392052530703949742019176483
119 267.9219154421580242342315614223480225
120 269.9704496556246340333018451929092407
121 271.4940557223982295909081585705280304
122 273.4596097493963497981894761323928833
123 275.5874936774276875439682044088840485
124 276.4520495780317332901176996529102325
125 278.2507447090600862793507985770702362
126 279.2292502994382630276959389448165894
127 282.4651154809823765390319749712944031
128 283.2111845705526320671197026968002319
129 284.8359635503809386136708781123161316
130 286.6674460471549537032842636108398438
131 287.9119197224307526994380168616771698
132 289.5798544563635914528276771306991577
133 291.8462908764868188882246613502502441
134 293.5584339639234485730412416160106659
135 294.9653682057600008192821405827999115
136 295.5732561016485533400555141270160675
137 297.9792765594755792335490696132183075
138 299.8403257131525379008962772786617279
139 301.6493245235772064916091039776802063
140 302.6967503136207824354642070829868317
141 304.8643702883199466668884269893169403
142 305.7289126267804704184527508914470673
143 307.2194965816009926129481755197048187
144 310.1094623502601734799100086092948914
145 311.1651425253478464583167806267738342
146 312.4278021747807088104309514164924622
147 313.9852861556489642680389806628227234
148 315.4756164507259654783410951495170593
149 317.7348059620549065584782510995864868
150 318.8531044435793546654167585074901581
151 321.1601346639149596740026026964187622
152 322.1445582984697466599754989147186279
153 323.4669693464502415736205875873565674
154 324.8628660776730612269602715969085693
155 327.4439016074639994258177466690540314
156 329.0330729047886961780022829771041870
157 329.9532386445658858065144158899784088
158 331.4744669813089785748161375522613525
159 333.6453797666811169619904831051826477
160 334.2113547007249962916830554604530334
161 336.8418505922866188484476879239082336
162 338.3399921771072058618301525712013245
163 339.8582158615572552662342786788940430
164 341.0422598458720813141553662717342377
165 342.0548780887368138792226091027259827
166 344.6617026192017192443017847836017609
167 346.3478698836322564602596685290336609
168 347.2726774657177202243474312126636505
169 349.3162600197822484915377572178840637
170 350.4084199529328316202736459672451019
171 351.8786491748666094281361438333988190
172 353.4889008323899588503991253674030304
173 356.0175742226988404581788927316665649
174 357.1513006476988039139541797339916229
175 357.9526859202090918188332580029964447
176 359.7437555120840215749922208487987518
177 361.2893618454705801923410035669803619
178 363.3313309328887044102884829044342041
179 364.7360244048772983660455793142318726
180 366.2127107847493334702448919415473938
181 367.9935763568024640335352160036563873
182 368.9684394660554289657738991081714630
183 370.0509186571108557473053224384784698
184 373.0619283611471246331348083913326263
185 373.8648736215765211454709060490131378
186 375.8259145662407263444038107991218567
187 376.3240914928202300870907492935657501
188 378.4366799467519513200386427342891693
189 379.8729752704858810830046422779560089
190 381.4844682252564780355896800756454468
191 383.4435295767972320390981622040271759
192 384.9561157844232184288557618856430054
193 385.8612999850529376999475061893463135
194 387.2228895882848291876143775880336761
195 388.8461284429815805196994915604591370
196 391.4560836235241367830894887447357178
197 392.2450821663278475170955061912536621
198 393.4277441496199116954812780022621155
199 395.5828690784443324446328915655612946
200 396.3818534483846178773092105984687805
201 397.9187365236083451236481778323650360
202 399.9851194965627882993430830538272858
203 401.8392282193726714467629790306091309
204 402.8619177665788129161228425800800323
205 404.2364413558989326702430844306945801
206 405.1343876568109863001154735684394836
207 407.5814602767103451697039417922496796
208 408.9472459783175963821122422814369202
209 410.5138696612378907957463525235652924
210 411.9722680346336574075394310057163239
211 413.2627364935389095990103669464588165
212 415.0188111274453603982692584395408630
213 415.4552149901887787564191967248916626
214 418.3877061543593072201474569737911224
215 419.8613653808002936784760095179080963
216 420.6438267693785064693656750023365021
217 422.0767098673862847135751508176326752
218 423.7165800490103038100642152130603790
219 425.0698821141285179692204110324382782
220 427.2088256429253760870778933167457581
221 428.1279135657388223989983089268207550
222 430.3287459103596575005212798714637756
223 431.3013068343522036229842342436313629
224 432.1386419856461316157947294414043427
225 433.8892181692831400141585618257522583
226 436.1610060661631678158300928771495819
227 437.5816974526038620751933194696903229
228 438.6217376725523990899091586470603943
229 439.9184425290642366235260851681232452
230 441.6831987476223275734810158610343933
231 442.9045458161583610490197315812110901
232 444.3193365446863936085719615221023560
233 446.8606221331149299658136442303657532
234 447.4417031188876308078761212527751923
235 449.1485457970958350415457971394062042
236 450.1269463912040009745396673679351807
237 451.4033086836797110663610510528087616
238 453.9867374756180424810736440122127533
239 454.9746836519369708184967748820781708
240 456.3284272536398020747583359479904175
241 457.9038935218205779165145941078662872
242 459.5134162118943095265422016382217407
243 460.0879438247430925912340171635150909
244 462.0653675870438519268645904958248138
245 464.0572872344457664439687505364418030
246 465.6715400219392222425085492432117462
247 466.5702884753080752489040605723857880
248 467.4390454012836926267482340335845947
249 469.5360047950885018508415669202804565
250 470.7736557510289685524185188114643097
251 472.7991749006774853114620782434940338
252 473.8352323989039405205403454601764679
253 475.6003389352116528243641369044780731
254 476.7690146219329108134843409061431885
255 478.0752632993313682163716293871402740
256 478.9421809401308109954698011279106140
257 481.8303397182606886417488567531108856
258 482.8347830336314245869289152324199677
259 483.8514268017479480477049946784973145
260 485.5391474202820063510444015264511108
261 486.5287176054523570201126858592033386
262 488.3805668045986294600879773497581482
263 489.6617612243754820156027562916278839
264 491.3988215602621494326740503311157227
265 493.3144405937741794332396239042282104
266 493.9579970084473643510136753320693970
267 495.3588295262733254276099614799022675
268 496.4296967082884748379001393914222717
269 498.5807821550624794326722621917724609
270 500.3090848487865969218546524643898010
271 501.6044464176384281017817556858062744
272 502.2762711029748743385425768792629242
273 504.4997736132075942805386148393154144
274 505.4152325777599799039307981729507446
275 506.4641532376734858189593069255352020
276 508.8007005585936894931364804506301880
277 510.2642279470966286680777557194232941
278 511.5622904662966448086081072688102722
279 512.6231452512627129181055352091789246
280 513.6689858422053021058673039078712463
281 515.4350570708884333726018667221069336
282 517.5896691087320959923090413212776184
283 518.2342237616755937779089435935020447
284 520.1063105908408488176064565777778625
285 521.5251941943504334631143137812614441
286 522.4566954922863715182757005095481873
287 523.9605304132735454913927242159843445
288 525.0773853424227581854211166501045227
289 527.9036423358036245190305635333061218
290 528.4062127898325798014411702752113342
291 529.8062260392373445938574150204658508
292 530.8669177819522246863925829529762268
293 532.6881825719719927292317152023315430
294 533.7796303055647513247095048427581787
295 535.6643137432492949301376938819885254
296 537.0697586329424666473641991615295410
297 538.4285261286795503110624849796295166
298 540.2131646191276104218559339642524719
299 540.6313907045046107668895274400711060
300 541.8474371710544801317155361175537109
