32000 27260.1703572494417011199688107220359
32001 27260.8441777192033189112952474450190
32002 27261.8938735418047805203340055614252
32003 27262.5284163534242083520021719205268
32004 27263.3785088053595872367598737157576
32005 27263.6874488422957851720119011016152
32006 27264.7435512961365297867303020146012
32007 27265.7832735876542765389187611782190
32008 27266.0066505330096798885825133689450
32009 27267.2612403817417057289330079906412
32010 27267.7768181205938940925989677400603
32011 27268.4112023891358112332060031617891
32012 27269.7479325107502543145219184957152
32013 27270.4801014432851713661237233483231
32014 27270.6207440908114639473334420469396
32015 27271.6079353841666497335517373053199
32016 27272.2619824793361149921782399380195
32017 27272.8363035806722846582897547402113
32018 27273.5714013477379880598240161387224
32019 27274.2243155378341263159909589912762
32020 27275.4461387475818913121510935562290
32021 27276.1956765864059978419330466524967
32022 27276.9335789341130435147752343479500
32023 27277.9324056019778100987573957456506
32024 27278.5209918523067175225219830181030
32025 27278.9256070385048694823473431072144
32026 27279.6603325160883835702236635746380
32027 27280.4143786061453041857868420179062
32028 27281.4837823859424351207057898983962
32029 27282.1390461605267656160079256666370
32030 27282.9712418798334806367611191768234
32031 27283.1766113326308550864770272384576
32032 27283.8384340603044561634512897059277
32033 27285.2719179826798507140382420552609
32034 27285.8844503639027003709878304917956
32035 27286.8846402502065678033414094457189
32036 27287.4029693581364526860061694692680
32037 27288.2345757563665411059272221979870
32038 27288.9516232949181866329323544224760
32039 27289.6948706487375622313009887870927
32040 27290.0356888739568661922498324672335
32041 27290.7417264993982787447744606011875
32042 27291.8550920889439429484003803317679
32043 27292.1354819223096533746147486339306
32044 27293.4991970115282399379125304306516
32045 27294.2686092066634785604436333131017
32046 27294.9867197764920993298266997909113
32047 27295.5997338977320011201348343980638
32048 27296.2627113287339923371264943886721
32049 27297.0444346508165949750098918864106
32050 27298.1513553962142828341419422410182
32051 27298.5368279716567993182073944865757
32052 27299.4400179836181509331884228192667
32053 27299.8077203652287163446930753354936
32054 27300.6234731312452988562045941260479
32055 27301.6790712918076537483229359492144
32056 27302.0439428324574951282646692285337
32057 27302.6454398557783285366413731614533
32058 27304.2241561780711634896662242294222
32059 27305.0867926412195364475700610314752
32060 27305.4256079472944115722245421977468
32061 27306.0802645533875504455433887683646
32062 27306.9188435938460703703307718572795
32063 27307.4204337448690222081731025139449
32064 27307.9794399713206437457969526544302
32065 27309.2446736571622741815947293787892
32066 27309.5962259923662990907435566240867
32067 27310.6179230785371312632565550242377
32068 27311.0612068854931622519802941521384
32069 27312.2927277796576346162473873934469
32070 27312.6945631753777121668759139447958
32071 27313.8232049074415360575529294345945
32072 27314.3999720904282521127815672250380
32073 27315.0672514624351575848587566133111
32074 27315.8735939833824950194303027572189
32075 27316.8461367093467632138522020564695
32076 27317.4055603358716466174291046906783
32077 27318.0506004014896102622386920204129
32078 27318.4290972306994594890849741379249
32079 27319.1210338837778235123259716629386
32080 27320.1189465939782616110242403711635
32081 27321.4003843002614643073260336452541
32082 27322.0735349479399456166987838417103
32083 27322.6337572151673276671051513844517
32084 27323.4751977365935506071082835116755
32085 27324.2457184504014547710886681010027
32086 27324.7377088876849837845692779864839
32087 27325.7543249807347856158311151600274
32088 27325.8179379092625734875878535169345
32089 27327.2714705618596653481331732900384
32090 27327.7389445151357416425391937794563
32091 27328.4955850927751446114086672277596
32092 27329.1784234395273605801528621831069
32093 27329.9376045556641586988805118125302
32094 27330.8244248989574575979877397987284
32095 27331.6240274423437748736464912311201
32096 27332.5209153903961470303108522536457
32097 27333.6745721019490951598893673530680
32098 27333.8500674138893705430163601011783
32099 27334.4206175267944538669979290829936
32100 27335.0746539300055423835888539337482
32101 27336.1764648861120812922188264687177
32102 27336.5766397533435504508279382453014
32103 27337.2417812124098073787895715084569
32104 27338.2924288454474036652092599130541
32105 27338.9267453945042392421263838216292
32106 27340.3329819794179358945772444695695
32107 27340.9665501209951418729646344248312
32108 27341.1367744421104282788201124617577
32109 27342.0220643009167639891041373339930
32110 27342.5929346797436024509456494791130
32111 27343.9859924966230833587963443735147
32112 27344.2471600002058156330870829447985
32113 27345.0318632251019332720840480137567
32114 27345.8078206131083361573628851402636
32115 27346.3524646598643055951639426385290
32116 27347.0716867797395958306837310913451
32117 27347.7763077669650579670719462730401
32118 27349.1139109117682834825518929994905
32119 27349.7214859678906911306955699225056
32120 27350.5050461036831060798494385346474
32121 27351.3753364789706935504820773974131
32122 27351.8705642219080099491401815988742
32123 27352.5090818590713372724194361447703
32124 27353.4129010317011557667836656578321
32125 27353.8671027850190420435802877669489
32126 27354.2469589419193526941877330970038
32127 27355.7020044334526150465891402427166
32128 27356.4917926163683348441313163798554
32129 27356.8999162722742386212281216436603
32130 27357.9086633718685891537816224063405
32131 27358.4926774152955524224843353285335
32132 27359.7063559450173021232342590881854
32133 27359.9802985757978294365736061851904
32134 27360.9350498623537955470714418398823
32135 27361.5742088205592996584549825585535
32136 27362.4594350813658924032975306815923
32137 27363.0150691890787654734785659462987
32138 27363.8021920795867994319262369402399
32139 27364.3221053634846707736200507969766
32140 27364.9456052681490332923607146172174
32141 27365.7974834350929386295717645076440
32142 27367.0809829486933831100782358490711
32143 27368.1264062457521025514889920318268
32144 27368.3273186536309679057461625029673
32145 27369.2972698228348344771373621475675
32146 27369.7913142540379210682603186202991
32147 27370.3883394697569219161628229473004
32148 27371.1013976779961570611329495218267
32149 27372.2224768092700796231962167656035
32150 27372.8096251820806426170316551550382
32151 27373.4940281705914908956054156351251
32152 27373.9096108219946631379692512494792
32153 27375.1648279040598581576280373034061
32154 27376.0352615451626182714410999382149
32155 27376.4464602949485774501236908612950
32156 27377.2504632479472621376453271380990
32157 27378.3763468383088083169555357379276
32158 27378.9464069006812889334465495897803
32159 27379.9642809890159544934388951592231
32160 27380.2312761077776925611310809663099
32161 27380.8919723283919346893568884653078
32162 27381.4288600531054187416216549001817
32163 27382.4494223620460851952709847532423
32164 27383.1274829240387196962231466352450
32165 27383.8785123410015848458367075556838
32166 27385.2319393853602713065492609689092
32167 27385.8069242369491336002061004166750
32168 27386.2246673580735198134792103174601
32169 27387.3269406169315726297059605959025
32170 27387.8209794360151312043443137763439
32171 27388.4561612648872729374448993237715
32172 27389.2116140608932630502765772629837
32173 27390.0327526655419538144307924645817
32174 27390.9036339641422670286591756070884
32175 27391.6774854898343713801521012000727
32176 27392.0355207744432869732719244808965
32177 27392.7761701233409464416842064907482
32178 27393.5535075816241874831342482927523
32179 27394.8035346786156968729974499522657
32180 27395.8536811968757987604137171195338
32181 27396.2516087931402963097263955712134
32182 27396.6215288750244260594876689903996
32183 27397.6898044796264092833644228084768
32184 27398.4660318683191898935246345676495
32185 27398.8503877667574841808919240512513
32186 27399.5707708755015456956581968152336
32187 27400.3175838687508882696997800395679
32188 27401.0786854943739539778935733738919
32189 27402.3307528564884008473425229621925
32190 27402.7374079177322003056911267858122
32191 27403.8409617773152790547169189505739
32192 27404.4595272850652647946867267607242
32193 27404.9439700749032528781407128752694
32194 27405.6841279261479400611273035260364
32195 27406.7924954771784780963335579529088
32196 27407.5186075893582827953328468014625
32197 27408.0357310386966890432916841215006
32198 27408.6918282984107081265664992692623
32199 27409.3905199343692755115050376885344
32200 27409.9681988373765593614428772432528
32201 27410.8864173808011138054367864239164
32202 27411.8926485330141753635508532713028
32203 27412.5140818387769675564755327400950
32204 27413.7013316454397313849725382080573
32205 27414.3401620417738140467959008836438
32206 27415.1614465342117764295984361905011
32207 27415.4285936127503730378424480365417
32208 27415.9163135795704032888126528719327
32209 27416.9967779550984414820678391755375
32210 27417.6433797333318249299622997653576
32211 27418.6665730383549000979291011116081
32212 27419.1604516289738334247304788017707
32213 27420.0523625997226909436773981905119
32214 27420.5531972553922473085347317545404
32215 27421.7999525385040429799837070245598
32216 27422.5422878037352063377601727167151
32217 27422.8007633031254739567978426600915
32218 27424.2471481818593838233056974977158
32219 27424.5221878626505293163956017724424
32220 27425.3651046893398275139889630543129
32221 27426.0003284546407171327709166220963
32222 27426.8272292594542456657013678865844
32223 27427.5105706951410304916952544394974
32224 27427.8401499932902694520153385983922
32225 27428.5179941991335981945446670683898
32226 27430.2230433131221444599105267232380
32227 27430.8098184482804840223490377706867
32228 27431.5111289543239305684654038556400
32229 27432.2021942460112866778170610419773
32230 27432.5554306460991916423757443434657
32231 27433.7844528902820811176590096541750
32232 27434.2019359475986283936497113045025
32233 27434.9134359102286400944983166781769
32234 27435.8340744297446657313982756910093
32235 27436.3555576168707057702300344428769
32236 27437.3680002879154144389675062834265
32237 27437.9002636959452383840684872527317
32238 27438.6248822510653881147638088191531
32239 27439.4513076026640757304021447409045
32240 27440.4664845845434064270349254588280
32241 27441.2675893345131719015824891644679
32242 27442.0362196325098729441660432406739
32243 27442.7515237857524587020364460501359
32244 27443.3757376121040004359489744757224
32245 27443.8545178935003511306612955680222
32246 27444.5887475276308517638964468767081
32247 27445.1863855649331024054975017061342
32248 27446.3042089987856623540545030912831
32249 27446.9434207852491297530789966787263
32250 27447.6641816265717150396674928409642
32251 27448.7833895692615366535918212214559
32252 27449.6425698688615526944123579614191
32253 27450.0528618957819186888073938639576
32254 27450.8758381464361065240690655785799
32255 27451.4041561705279666535604649368948
32256 27452.0590872957379177434060214785649
32257 27453.4755666065178266014091860355593
32258 27453.9390826674021256315350709171812
32259 27454.3462692191275528976506545770551
32260 27454.8254529563828455774853025686897
32261 27456.0209196435407351889016107501620
32262 27456.4012365719865168254713962697757
32263 27457.6711590427532701910376678203171
32264 27458.6157486269638834327183010998015
32265 27459.2882600330118161723924666691894
32266 27459.8989988332104012124189450255051
32267 27460.5986643779171444205153510791080
32268 27461.2761228363850979586480614566509
32269 27462.0926709212513446782790505056868
32270 27462.4590546990815154054437089329056
32271 27463.2552903463543994473124691193530
32272 27464.3664648066347977743260625827416
32273 27464.7480403966345610902199493887607
32274 27466.0986675384461314209384575677120
32275 27466.5745548235725464707700124517886
32276 27467.2447476673469089995183597505519
32277 27467.8527498967001230790132014932731
32278 27469.1673725776984438687308825180772
32279 27469.5906212135923424925675438198811
32280 27470.4297536080851564666970230088947
32281 27470.9823646073601425251559025452040
32282 27471.6276284562175316534375418006902
32283 27472.5815400162648473790613846035021
32284 27473.0545600654472887971629223128895
32285 27473.7790993887401546553317826984759
32286 27474.3397658183924970350909387458864
32287 27475.8383720136961429123861814572046
32288 27476.5963603991718154722479931570358
32289 27477.3069083702198512036218674455838
32290 27477.8828410752802839124187128925959
32291 27478.5162723905832736373627891042195
32292 27479.1244221403938837923732783267311
32293 27479.8780321437662438800958731176721
32294 27480.6860071412050001977603924654746
32295 27481.5885315770625989441172052179275
32296 27482.2887053132422573898945188647294
32297 27482.9785187322867265465065951285529
32298 27483.2905438811784908442553842703122
32299 27484.6625281039922348664654817600486
32300 27485.4669571857919275060786275882140
32301 27486.1437408268488866659611789326559
32302 27486.6167323236994278427706961665775
32303 27487.8900981523048871356086869283664
32304 27488.4524947590574469561410391046504
32305 27489.0392550156105724678157599011024
32306 27489.6934264109282784135352298157068
32307 27490.3286047319547414709449157915949
32308 27490.7436063044188882737956341781119
32309 27491.8381303441584266287151000254715
32310 27492.8597934390126203980151540196493
32311 27493.7824340891413920495112772227761
32312 27494.2136282245636512885177806423802
32313 27495.3086215454851578644419558086214
32314 27496.0804489570975459781985068603768
32315 27496.1882258310475835778535681852347
32316 27497.1729983943908591837459847988996
32317 27498.2252296054992556019878140112984
32318 27498.6720599540366911283056774471064
32319 27499.3156543870638839562645471725388
32320 27500.4526656215886727291252653453803
32321 27500.7906190841773801336521961642135
32322 27501.4815457329808933174198238214352
32323 27502.3283740501852363207616687317060
32324 27503.2287933105310516766246872464345
32325 27504.5045309950621995975941333448521
32326 27505.1108535745515322132930339891511
32327 27505.5466416467652988356136938731410
32328 27506.2737692255380585156649804000722
32329 27506.7766105405286018575619521053927
32330 27507.6651401017285587281307039573580
32331 27508.6126997869060735822483806628065
32332 27508.8684602735603982913701598541183
32333 27509.7541500530263633535445854477606
32334 27510.7166976317370316751935369183223
32335 27511.7558295393092912026436296938086
32336 27512.4363936385433267482561806580201
32337 27512.9709079355298994796952781077718
32338 27513.9063841957404827040485628481122
32339 27514.2542035138749207818895014062352
32340 27515.4660767436861693087215452022034
32341 27516.1550928363354932668129653283239
32342 27516.6942806894161588047021588019765
32343 27517.6767796659722826040325557916406
32344 27517.9763851246965705365844085400168
32345 27518.4991428684794208398809467596223
32346 27519.6059006149303833258808535132434
32347 27520.3654956325310542803619909855010
32348 27521.7351817254282640533646660860999
32349 27522.0666884767687592208410042152925
32350 27522.8231779510969147728724091418050
32351 27523.6622414326934375592156370667495
32352 27524.5534727985636496530372896144355
32353 27524.9909123828612198678811191708143
32354 27525.1175887247698085915753545480398
32355 27526.2927450915129870473646080122852
32356 27527.5434465923092676773477925247738
32357 27527.8212279403816063272732981436227
32358 27528.6555068193011099325746840946722
32359 27529.2609028997086542990108913709077
32360 27530.4533739965484709298077138703199
32361 27530.8809303265732656252234966624987
32362 27531.9916461229497878908271370141186
32363 27532.6213467842169525300191834035488
32364 27533.2553372699753726262505601511925
32365 27534.1373018037748824596474798659401
32366 27534.7345108705930160722220193412099
32367 27535.4410851119685815034693539986054
32368 27535.8764977022968877756330515840899
32369 27536.8471690120536951948791840804575
32370 27537.3679539569644622827366478475736
32371 27538.3427026889746678380788180926472
32372 27539.8432823803801296860790597716839
32373 27540.2001255710625337933929284384177
32374 27540.8877984245831766631070656608688
32375 27541.2407773402312221325997530640573
32376 27542.2095957326572246483763896405103
32377 27542.8653923637279685771209841779902
32378 27543.8614572906370527539562917559757
32379 27544.5048222234107101330043503179304
32380 27545.0739121462525243846167676333243
32381 27545.7317157206655377072520913392100
32382 27546.6087751834547305796779514232639
32383 27547.5636372808155206682511058994749
32384 27547.9924137757068258321746689130381
32385 27549.0309837944977710942936676209726
32386 27549.9226551207207687300113421292550
32387 27550.9068457653928286591886121249814
32388 27551.2944765200793038110899092615691
32389 27551.9394652726384108364876295438925
32390 27552.7098455043422175312084485555993
32391 27553.1626918633922023396068383771342
32392 27554.1454448293433967285853692956717
32393 27554.4552611956379727538787200136435
32394 27555.9258640331356241150572532556546
32395 27556.3972936735767723284016556988774
32396 27557.2884065733841177345746645651476
32397 27558.0998818489701975437275439739819
32398 27558.8711365949283871077460211793200
32399 27559.5683302560980837188641308491833
32400 27560.1460893030979106192134942397846
32401 27560.8435525837010213632018403341770
32402 27561.7176264439255305885859547382800
32403 27562.7539815965031611651898800165437
32404 27562.9935313275603848957889579038589
32405 27563.9928046419021149858786569339772
32406 27564.4179181198597013288675136280503
32407 27564.7665895023408312345797960619176
32408 27566.6653130548345883250610345786796
32409 27567.1137918872600005689724348349734
32410 27567.7990439243496412590128777010810
32411 27568.8242044569282602387257325924048
32412 27569.1809291752860188218741607388817
32413 27569.8378003300179047463981236636038
32414 27570.6973591463468539805550803106043
32415 27571.2433279221848052922363872603011
32416 27572.0289882054906608313701944445227
32417 27572.7488143997572749071170101397062
32418 27573.7391520784894398343256760391336
32419 27574.3238110569874098893300155570225
32420 27575.3580816990343465982695850564010
32421 27576.1233263128144821800840512988639
32422 27576.5970353627534537283965074234421
32423 27577.3131112436071440797357543136384
32424 27578.4150376245391437084243480639051
32425 27579.3354385832649993472602004013088
32426 27579.8156722863442127171490551115051
32427 27580.0905111127990038721214358673385
32428 27580.9175043699727556548390689544140
32429 27581.9276012478020588860228915475595
32430 27582.4393638919156403110313862378603
32431 27583.0889601392446242540451048298926
32432 27584.3000808313329392408947807839433
32433 27585.1736666070565950959721546924976
32434 27586.1440484117166364173108239079048
32435 27586.5414856979874376187863373094107
32436 27587.1185103509356000479454171668786
32437 27587.7954495880246301559783373708281
32438 27588.5254473018391747476992856839965
32439 27589.3066675717551605140130522300927
32440 27590.2954519198799810694795731047605
32441 27590.9414352252346420099064371677185
32442 27591.4080867838018688131779997339522
32443 27592.3725799039276712789628208383831
32444 27592.9421804738804615637971938309732
32445 27594.0281946764134134039078853013489
32446 27594.8461281611342983081847191841789
32447 27595.6670818120102661501421259910609
32448 27596.3802799437573722570509347565920
32449 27596.6815427600873959809185490619860
32450 27598.0519801417761464185673363727158
32451 27598.4625002018966177011929600641455
32452 27598.7453836749880424678475488033292
32453 27599.6591360214231840332425810181119
32454 27600.1983308301013219968376331321524
32455 27601.4643381271753846847502404507406
32456 27602.4546281529707745802270042828951
32457 27603.2298682813691523036027668374311
32458 27603.5475574224287792899350606796408
32459 27604.4189521373083812153592836581336
32460 27605.3078014314172374788688357120343
32461 27605.8861037718596033174607724603155
32462 27606.5679270686390656779524125462122
32463 27607.3726889541472172613945607597708
32464 27608.3736577113290832734688788318638
32465 27608.6629902263239530372667410600799
32466 27609.4730440864783343399366616334364
32467 27610.1188781557283829983846085711991
32468 27611.2995375990771295082851452565414
32469 27611.5585553184952389487280920353136
32470 27613.0983310589345068605784628915677
32471 27613.6260357948473188670856668823659
32472 27614.4910679759073730436968312041645
32473 27614.7911147298158188841178333444260
32474 27615.7512863823901813453012950198244
32475 27615.9973269510834898934831417808967
32476 27616.8569485979190998092912250506128
32477 27617.9861527901495806766499977417095
32478 27618.6363569320122490692454421552264
32479 27618.9957285869658955725642797240798
32480 27620.2119816554353546685434183452460
32481 27621.1471421667209211441430371359933
32482 27621.8520720301545663497490537487944
32483 27622.4776414163406901294351423299446
32484 27622.7596890807828808623629673412161
32485 27624.1501666514901084029438674390489
32486 27624.7483647230001202054022415405752
32487 27625.4209620452409878627969079191674
32488 27626.2117292168307355448383218894584
32489 27626.6038399280335371017830865752345
32490 27627.3949661043895339424017160042151
32491 27627.9735071409451820712064734505744
32492 27629.0002520109395737616402225555102
32493 27630.2356113232265800242967804536421
32494 27631.1164150747282376724345957753604
32495 27631.2334092488434349549233682348850
32496 27632.2580297506719483847672733612085
32497 27632.9500492518018245448017538439782
32498 27633.5440786644345189659135367413829
32499 27634.2675265247458234648927136110798
32500 27635.0112887895057016548246912120160
32501 27635.5123213432724598393168508014923
32502 27636.7489237199704681107375814086230
32503 27637.5295394314262228986140547035444
32504 27637.8825576429550203456232256456059
32505 27638.6772703114602441918984632435696
32506 27639.7443751979190741508418813910686
32507 27640.4882997427530430132300474641108
32508 27641.2867813992087190543132946743875
32509 27642.1278155824749544063135308298639
32510 27642.6404555007662330122916465092246
32511 27643.1820244203198850779267804938931
32512 27644.1164946185659120738848726254012
32513 27644.7712764727627317569032996159008
32514 27645.2691869271228481007205810095332
32515 27645.9532929800189588743415335232643
32516 27647.1132617224572319305205436848378
32517 27648.2296130113647200661988689186096
32518 27648.6599293620862827208802495402517
32519 27649.7298323063812750097124377827002
32520 27650.1683825017370860205211164654763
32521 27650.7568831234897329546448294194947
32522 27651.1813287096724388177378204069687
32523 27652.5595683757749075872556783624244
32524 27653.1687290176794367167073442811423
32525 27653.8760046058258174231093585267889
32526 27654.3592876999927629198305102855436
32527 27655.0351000866801450572908706959642
32528 27655.9284431307971580731010026542902
32529 27656.9734084906077301854377399417954
32530 27657.6490881247142303892601140341484
32531 27658.4166766988627025883309649558794
32532 27659.2463325208770252795091788469293
32533 27660.2920012905680341923507474257975
32534 27660.6804986445733375672467036713878
32535 27661.0354362876986365055154961108273
32536 27662.0332820688792325956004707910595
32537 27662.4380879915138517235401480153762
32538 27663.3387922374695734657375562733793
32539 27664.3608956504273303845054065333458
32540 27664.9856042034528783859160345589971
32541 27666.0633957144315807819537717232740
32542 27666.7695017350593024939328812669864
32543 27667.2369762023338628660199348959264
32544 27668.0939695182595337663890563001600
32545 27669.0168125861922715511914252853605
32546 27669.5227096802639433968837083467461
32547 27670.2716550118596250683359269998586
32548 27671.1888607175496182882976466937811
32549 27671.6402708832303453343204428992736
32550 27672.6331511065432216197618855873772
32551 27673.0921192873542570660441661267812
32552 27673.6355521800057078599520694573474
32553 27674.5566967371082151013751052415602
32554 27676.1984102842141780439441944251188
32555 27676.5700007715313725793209768262566
32556 27677.2378060801336517781093982462464
32557 27677.6838809939668735788086424742395
32558 27678.4986607855197909345213000444558
32559 27679.3650090488680202362421987066019
32560 27680.0038613608245297802604823382479
32561 27680.3748675190136843168316005461722
32562 27681.6329484743809650458768514678818
32563 27682.2395272820845220807924735275269
32564 27682.7575437654174544976852277399865
32565 27684.0993066405123358790878948658048
32566 27684.6719656444452889443759447035915
32567 27685.0910697129297077794217645855586
32568 27686.2574624011453264236882572942970
32569 27686.7301463577657861359125771201494
32570 27687.7586661657078128886661444924688
32571 27688.4838747164251297871977258985949
32572 27689.1112936655851418607016466430666
32573 27689.6424168322576972174017455703848
32574 27690.0336604633722841015306108322967
32575 27691.0318297204004657850376152801618
32576 27691.9149274338779263529550534123881
32577 27692.9721701356411763707667155418676
32578 27693.5377111449818213112299055214762
32579 27694.6151710207491745841458059911883
32580 27695.3291150895547001220502121340265
32581 27695.7163582748849917779630299658238
32582 27696.7045377745701504749158517104091
32583 27696.8834921154070999872049122818701
32584 27697.7992481850660020298968651166229
32585 27699.0287562408510430028163588899754
32586 27699.4374475807302973641585157334663
32587 27700.2072758981203151046508463212282
32588 27700.7551667359906786145810387337609
32589 27701.6099152276684407212050801801954
32590 27702.6203449888636441352149009018299
32591 27703.2709193217074586604435307309122
32592 27704.3892602135926165884416197565986
32593 27704.9134689905926150782470568106241
32594 27705.5849505338334088420977140418318
32595 27706.3957711192608289478331171376403
32596 27706.6739218059808598378983427595305
32597 27707.9585097762440910770763527631204
32598 27708.2116066728563840414569466782796
32599 27708.8367631610341629271268214687929
32600 27709.6861886033487379046261837820677
32601 27711.2120631722310682377844089410934
32602 27711.6516370904239842644600295071551
32603 27712.4342390607386158158008827955706
32604 27713.0142360246971262563362882515905
32605 27713.6067760711162391459303283248583
32606 27714.4499490304575027423705098715737
32607 27715.4505168500067463005838781312154
32608 27716.2170010876141057025851542509334
32609 27716.4011836713736683740007808470562
32610 27717.4013562787341416540327587323036
32611 27718.2067214135721989618362807056374
32612 27718.8492894627030606039212724823387
32613 27719.3174629920030652918257215504994
32614 27720.6336210482424909818164140391247
32615 27721.4413653508370888913486085111592
32616 27722.1891769552944811029262823910625
32617 27723.0143532184818137198655729326075
32618 27723.6172294717025659243503291921751
32619 27724.2220508158449513544244551159034
32620 27724.9015505527655261839307695673840
32621 27725.1956553900750738317064046364901
32622 27726.5465240988169068774649988637368
32623 27726.9757347850953943488515970839521
32624 27728.1699081344823814261378911392687
32625 27728.6080936568065465195405135859542
32626 27729.2899824308499469385356264207435
32627 27730.6496066207786076403156844670740
32628 27731.0759563953967166337184026826579
32629 27731.6456401629369313628808579373775
32630 27732.3326033732300904888265385107782
32631 27733.4350947350381414906702982026766
32632 27734.0175598429207248116499587771561
32633 27734.8908114868756084369120145435202
32634 27735.2948788525605702268669385247814
32635 27735.8236098469615501109217577512726
32636 27736.6226668696477745847489447737344
32637 27737.4675823666955362221528570226759
32638 27738.7575819895602088490703445619022
32639 27739.5024565593380454585945015243501
32640 27740.3315371110885471068197063392941
32641 27740.5455416865899535475762008097850
32642 27741.5802358669943596395007625723156
32643 27742.0916681421672797798526607110796
32644 27742.8182298480860095272886322919971
32645 27743.6031211034359737667696151066279
32646 27744.4806038534668521407105389989904
32647 27744.9124986010589360983414764627462
32648 27745.8895904871412421266467568319586
32649 27746.7074087863822021737383407781585
32650 27747.5243141208871475913297263796583
32651 27748.1528472358031491612158721165523
32652 27748.7083496857582224278697667119874
32653 27750.1868921406607830885584923302108
32654 27750.8116325529380717743913942677685
32655 27751.0199236164247220889908756240949
32656 27751.8709776597472645778339391819418
32657 27752.6668168710940181372340869723800
32658 27753.1886545121432119742801821809589
32659 27753.8935698217690235865427475582050
32660 27754.8729485289823577167362699052572
32661 27755.3157929248143929085212156389747
32662 27756.6604380683760670882645748629885
32663 27757.5888519533529745662582882425980
32664 27758.0273972046413448777903473350423
32665 27758.7129631413372958000762461382589
32666 27759.3464345110412727793177002799854
32667 27760.2490016301285983173451811400598
32668 27760.6072759875934965552259003743702
32669 27761.7122633999353344527438305228170
32670 27762.6226778294391570939923218784271
32671 27763.2420590008555539870522380773013
32672 27763.4485454834680431151426769573570
32673 27764.3269119267992716760346276726225
32674 27765.3239038554365977304987324390296
32675 27766.4858596203704318395518526353890
32676 27766.9634001473762478123180083200829
32677 27768.0392005988009542633035190735079
32678 27768.2472357143792407848149613751367
32679 27769.3843503018153646293748003425422
32680 27769.9672198128798097398249225539090
32681 27770.6007480560027366355208923357267
32682 27771.0003844443657019467963031146819
32683 27771.7031906886369360443916749339212
32684 27772.9365983958946636215473639398706
32685 27773.7078452890209244122488953790304
32686 27774.3655255014407038383010180741613
32687 27775.4699528095970572086868647015931
32688 27775.7947206236672465842823744072894
32689 27776.7079976621025176806412756980171
32690 27777.3765951029221150346476410127144
32691 27778.1143384462335489278934048223562
32692 27779.2710797849316101077235027256241
32693 27779.4363619749100910702840476236063
32694 27780.2625813182191023643381089615263
32695 27780.9747779991087480670389795880245
32696 27781.7423633666290975769454322900650
32697 27782.5006622556975901067143279579959
32698 27782.9220694364013361324215723896861
32699 27784.4426650189483883190660526906205
32700 27785.0854621860413652248932142250946
32701 27786.0852099807059854039956687772420
32702 27786.5506835938848377947865994592951
32703 27786.9864461050619768333170283672549
32704 27787.4515599940589990368835107903876
32705 27788.6585555436053323296281579980604
32706 27789.2695801888953253527849152285926
32707 27790.0400095530949399944448577469505
32708 27790.7101213834283811034626080896803
32709 27791.4042579505206168490372050668090
32710 27792.5120904441899475916418453096521
32711 27793.1161170656462933697898983396400
32712 27793.9183323087344680867267179079492
32713 27794.7099471578939284479238223501594
32714 27795.2626151288204360515901653394357
32715 27796.3128517378459398443439053731993
32716 27797.1036067820458802965109142155036
32717 27797.5906902909630485245773152724496
32718 27798.0977136188663574770594232047932
32719 27799.0051255952162854607116152303264
32720 27799.6747539059191426795665691321528
32721 27799.8850305407029294833517844206334
32722 27801.7126848411147244718260975121161
32723 27802.2996449524508280811984326596319
32724 27802.9818007978430320551950043156412
32725 27803.5294746737021273779268451356879
32726 27804.6516268433425013820264030885712
32727 27805.0738990642946327839739350269524
32728 27805.6757451508860387542375159277033
32729 27806.4221481591800003130980835329092
32730 27807.1507349969481116868732793350864
32731 27808.1933828679079420349065153824397
32732 27808.9214592645927048482043693873966
32733 27809.2544813285781071298806235765608
32734 27810.1785529806800874495379644464796
32735 27810.8633312492231569218554156448417
32736 27812.0124048076641219800319945977172
32737 27812.8644696486493682730381903533625
32738 27813.4051026967663148574168808478595
32739 27814.2912725811443650064357574959644
32740 27814.8590089570203109347189944712921
32741 27815.3792609170248853408885913073636
32742 27816.2335770270507991939080807749058
32743 27816.7872785725342344312663647378693
32744 27817.5650124803856176511256799044402
32745 27818.4586662809676545624368821505106
32746 27819.0905232521782776199952684535824
32747 27820.3949846361907012575061751678323
32748 27821.1563051763921278486710793362529
32749 27821.6548856361003138224483785669690
32750 27822.1028222570071730596209297953059
32751 27822.8629436089181453718538651355448
32752 27823.8526048816649059060761837820699
32753 27824.7783420110102290942007625976651
32754 27825.3344290392795922973916339405295
32755 27825.8745589994528221871093147765728
32756 27826.6028155776658793222538482617821
32757 27827.1078975954731639169522010576852
32758 27828.3853366036256860073549433934617
32759 27828.8409350438862619405763130934560
32760 27829.8268705744646500531924490283321
32761 27831.0616369068716906327020744677109
32762 27831.4279612435807187356116248545949
32763 27831.9600009718950695178476827607118
32764 27832.9786575907661992025104207583495
32765 27833.3405711165698645443732706693610
32766 27834.0804989977874144730281818326351
32767 27834.6352539118194252779612520434675
32768 27835.6861582836404881227073049476961
32769 27836.6698165652566567233603801846076
32770 27837.0791283263324512671846786373318
32771 27838.1375224843197422794807383592564
32772 27838.6997589030334350424146358178718
32773 27839.6158573035621755158262360896966
32774 27840.2821960580885838961241167901019
32775 27841.2857895247777561009961874513423
32776 27841.7539974961886446022243737239442
32777 27842.3009801253972937535002952738320
32778 27843.4189305199915722067925068670171
32779 27844.0510823509782584508221270575324
32780 27844.6246893580109797409396038949430
32781 27844.9438572259897474229606939423718
32782 27845.8587567250369677128696794923454
32783 27847.1161477135688017207274241228359
32784 27848.2730286262126864870096846177225
32785 27848.7570415174244882321762180902363
32786 27849.0667525830203085867677783294837
32787 27850.2816358528347679811375440041567
32788 27850.4815172005100684467470480460743
32789 27851.3953958383436363188825977897719
32790 27852.0460525946247488506688578718193
32791 27853.2040043856216270866605505992642
32792 27853.3913203268142312596298637572891
32793 27854.4295143070995793380732217062441
32794 27855.0496572381246300396180280118084
32795 27855.8938110698840066043052169861817
32796 27857.1032867164283902082892629440160
32797 27857.2522638749652739716630115583960
32798 27858.1335340893408560856527096366169
32799 27859.3735566705246775491773846165248
32800 27859.9210319947260818055247343313227
32801 27860.5789583259037707117012660170634
32802 27861.0848678999298885837053549554376
32803 27861.5115430458988712107962761781883
32804 27862.4926878052366100602297780615372
32805 27863.3944493512632534040908860201282
32806 27863.8857341900744588062525636523670
32807 27865.1502762363496819632809785644208
32808 27865.7941594904785697187096194721429
32809 27866.6801438196627096763746968410645
32810 27867.4320556192445804314945074566085
32811 27867.9718088584001780518536325007265
32812 27868.4626139780851485394954898820888
32813 27869.2492201513667471994069178310134
32814 27870.4668035215014035315473720826142
32815 27870.8688380954835777804602462032378
32816 27871.4714591116907632400593818270266
32817 27872.5387323653821976139964645350847
32818 27872.9398153231588283325819436185559
32819 27873.4583845903689327982805832934303
32820 27874.7246028767017564042464757803933
32821 27875.9929016518233752606653634921029
32822 27876.2050878999372357985846606745582
32823 27877.1184780144133833948201951456932
32824 27877.5846895304926521002624974453289
32825 27878.4930261925308650145269292495474
32826 27879.0606947440487095405371605975623
32827 27879.8820855664153602924765221781092
32828 27880.3412083228934140068987274346380
32829 27881.0060514745966516558164990866726
32830 27882.1572521207334696462708262399299
32831 27883.2054642137432199745087333878821
32832 27883.7781252968625008831629883144302
32833 27884.3038082151665569155230480398759
32834 27885.2855653295859714186450700723874
32835 27885.7572468985321674016258266477212
32836 27886.9339996555506874398240814218521
32837 27887.2884363347190267464541279447380
32838 27888.2920633933935246003011990534359
32839 27888.9613068772189518411865304549183
32840 27889.2970508193166601772105532037988
32841 27890.2402471696301755908070649462012
32842 27890.8892848813282926548167938379557
32843 27891.5934729444427970817492945714337
32844 27892.8851264417069026734534608702114
32845 27893.4242055498145892185992401483732
32846 27894.5538462977923030099013469653859
32847 27895.1109138421169427880264885917728
32848 27895.6263205151859251529311903281488
32849 27896.2391807779266016744444603305055
32850 27896.9959823061219105129316121884528
32851 27897.4288918064882696582815723992244
32852 27898.8220899127737721949845630573856
32853 27899.4605890491554650839825049595505
32854 27899.8858791725453640402423918084998
32855 27900.4676683299262552606450215838613
32856 27901.9596093018271297307436520132736
32857 27902.4389754925251539511006153693449
32858 27902.9908676390248903947819739755054
32859 27904.0031154781471266065248022271001
32860 27904.6690225835988969792860700153897
32861 27905.5427630794918805718153750734884
32862 27906.1272605524885578723682135289906
32863 27906.8797404343369883942358017998769
32864 27907.3592637416896174665972747659057
32865 27908.0689779304254094670390287228815
32866 27908.6340322712391117481269831920768
32867 27909.7655312839621258253318451240616
32868 27910.8540049441381797795586099694341
32869 27911.7167702349845712176902245135030
32870 27912.2013844170826368378972200601348
32871 27912.9568235821409819006364176012212
32872 27913.2109898957415877664858883086595
32873 27914.6948711053742310387588985930602
32874 27914.9403742545949485462084829313378
32875 27915.5489626212947628646447189515702
32876 27916.5749188239111571990760002136818
32877 27917.2438722284397725830299016437752
32878 27917.9877257261598340025140453469950
32879 27918.7342410845941332125694621571503
32880 27919.4091677670596271336263756353080
32881 27920.1408253736215555522946003304660
32882 27921.3756728372089341333823987697038
32883 27922.1774043456791002571479991917321
32884 27922.6634785445585029784181382678441
32885 27923.4596492944248170788333677800390
32886 27923.7694084092428454147515335053231
32887 27924.8704149836177825025672830555514
32888 27925.2406716629299069070587011357020
32889 27926.0542187829522794908017187242898
32890 27926.8107980177362119492579381960607
32891 27927.8332605457259807749303608244209
32892 27928.5603616923968306525293569904423
32893 27929.5359852048147744790317787935922
32894 27930.1770400646119401630420069559923
32895 27930.9929833735697042904450243029483
32896 27931.4214049196670770361850649622197
32897 27931.9879300417748425714031604278277
32898 27933.1593624409327502800773970094228
32899 27934.0825704518375132073253129988713
32900 27934.4291799756175931996814593860556
32901 27935.1589238435494694768564409218456
32902 27935.6371857067930412098074685096338
32903 27936.4114008432929698821542730154771
32904 27937.4760303834797390008662854067037
32905 27938.6220398926595194660174434146367
32906 27939.1544704076685646345445956456392
32907 27939.7736492054163831466414950466533
32908 27940.8494844140330215626638330597970
32909 27941.3534952729283812442720002663588
32910 27942.0772823364234063811602251430558
32911 27942.2380824315353218607741109372535
32912 27943.4011622349190633160198725302434
32913 27944.0750203941274132483793304791149
32914 27944.8932630551596413423452766946653
32915 27945.7286405213378443873953956888327
32916 27946.6832893383199222777936869571046
32917 27947.1408526330060068173321053501755
32918 27947.9981623692541375441717186677014
32919 27948.8607668298628069068299207211162
32920 27949.4442966525935419979262914339368
32921 27950.5565268301963659671350381573256
32922 27951.1556322341092422011240576803369
32923 27951.4876746318132610466354889299725
32924 27952.2944582756824326253202752257596
32925 27953.3640418981506897304110313216724
32926 27953.6008635877941084231442792748287
32927 27954.5534739591757001566411865192270
32928 27954.9651847572505731782589413948614
32929 27956.8745077697738196999584838829884
32930 27957.1969641103343459633476318623155
32931 27957.8083403245452449198131286271733
32932 27958.5090050819739897279591540254243
32933 27959.1481562152168277030387004042204
32934 27959.7636594902315129201638267163167
32935 27960.6099179672192970692430051618024
32936 27961.5905048157133399466108684970282
32937 27962.0164302991190039459724191759081
32938 27962.8174913084858625288516069682907
32939 27963.7020943917023635032192777145141
32940 27964.1141775868787852900841178968859
32941 27965.4299908071266235322699175928134
32942 27965.8769008981638347753730188405299
32943 27966.7994568819324225329359006848897
32944 27967.5817263363452948048093515553569
32945 27968.3606753083453121564637189063273
32946 27968.9985080286789783674648546616524
32947 27969.8526516747860835319695108473302
32948 27970.3394845113359653822693650417081
32949 27970.7263429378986398116238571511893
32950 27971.4196279960671835771237728022587
32951 27972.7254033793938634251457870243627
32952 27973.5198463332746207942312209390438
32953 27974.1891675083230279838225581029748
32954 27975.2478656461517996132621743047484
32955 27975.5790944131427776075235935348532
32956 27976.7123006759632568380097199380720
32957 27977.0983678583437554270836136619759
32958 27977.6545450261656739488038430572038
32959 27978.7557153531251631719412799135542
32960 27979.2283058741768241107741415721346
32961 27980.4609043553407146421397334213044
32962 27980.7674083317368766395362828191027
32963 27981.2090567419803866580031114078445
32964 27982.1595865356255668408503155778988
32965 27983.1363099957625978499612762501453
32966 27983.8926219037347969653668316870976
32967 27985.1024358551065714767374507777389
32968 27985.6836905888505767802640952687959
32969 27986.2746068795966873130306637679793
32970 27986.5864685261627079474778225862024
32971 27987.6242289230203914189275050624289
32972 27988.2712975371387112962299690324503
32973 27988.9301108665168460603253794281096
32974 27989.6764401242451510925329694335558
32975 27990.4544144628216833173117007003720
32976 27991.2381861400489476475469935270693
32977 27992.4264129248514789865331227428721
32978 27993.1702975837487302495068893392830
32979 27993.6275368802956992050932904076292
32980 27993.9867072057532423260144196924268
32981 27995.2465236449186022371523269894795
32982 27996.0618240049769928654677141241031
32983 27996.7529522541186148064449459540003
32984 27997.2935239320100027185238591690577
32985 27997.9010718960013936412479225790389
32986 27998.6706680524005043042646553463870
32987 27999.4425466449821572327845499958571
32988 27999.9067331452642902618974346858950
32989 28001.1461022400742217594308347920369
32990 28002.1906733053362753665229488361322
32991 28002.6970601209409905481406096825379
32992 28003.5869207716342405515608442371710
32993 28004.1407644793820695348298170236951
32994 28004.9259658039832693062895967137418
32995 28005.4013154286101421773698382900281
32996 28006.0402895825802739950657269712848
32997 28006.8433593281786153295854010268805
32998 28007.9436795616766088592362424370526
32999 28008.6277690638936818441578672671152
