4520 5000.0
6814 7100.0
9209 9200.0
11681 11300.0
14215 13400.0
16802 15500.0
19435 17600.0
22106 19700.0
24815 21800.0
27555 23900.0
30324 26000.0
33121 28100.0
35943 30200.0
38787 32300.0
41654 34400.0
44541 36500.0
47446 38600.0
50372 40700.0
53313 42800.0
56271 44900.0
59245 47000.0
62233 49100.0
65236 51200.0
68253 53300.0
71283 55400.0
74326 57500.0
77380 59600.0
80447 61700.0
83525 63800.0
86614 65900.0
89713 68000.0
92823 70100.0
95943 72200.0
99073 74300.0
102211 76400.0
105360 78500.0
108517 80600.0
111682 82700.0
114857 84800.0
118040 86900.0
121231 89000.0
124429 91100.0
127635 93200.0
130849 95300.0
134071 97400.0
137299 99500.0
140534 101600.0
143777 103700.0
147025 105800.0
150281 107900.0
153544 110000.0
156813 112100.0
160087 114200.0
163368 116300.0
166656 118400.0
169948 120500.0
173248 122600.0
176553 124700.0
179863 126800.0
183178 128900.0
186500 131000.0
189826 133100.0
193158 135200.0
196495 137300.0
199836 139400.0
203184 141500.0
206536 143600.0
209893 145700.0
213256 147800.0
216622 149900.0
219993 152000.0
223369 154100.0
226750 156200.0
230134 158300.0
233524 160400.0
236917 162500.0
240315 164600.0
243718 166700.0
247124 168800.0
250535 170900.0
253950 173000.0
257369 175100.0
260791 177200.0
264219 179300.0
267650 181400.0
271084 183500.0
274522 185600.0
277965 187700.0
281410 189800.0
284860 191900.0
288314 194000.0
291770 196100.0
295231 198200.0
298695 200300.0
302162 202400.0
305634 204500.0
309108 206600.0
312586 208700.0
316067 210800.0
319552 212900.0
323039 215000.0
326530 217100.0
330025 219200.0
333522 221300.0
337023 223400.0
340527 225500.0
344034 227600.0
347544 229700.0
351057 231800.0
354573 233900.0
358093 236000.0
361615 238100.0
365139 240200.0
368668 242300.0
372198 244400.0
375732 246500.0
379269 248600.0
382809 250700.0
386350 252800.0
389895 254900.0
393444 257000.0
396994 259100.0
400547 261200.0
404103 263300.0
407661 265400.0
411222 267500.0
414786 269600.0
418353 271700.0
421922 273800.0
425494 275900.0
429067 278000.0
432644 280100.0
436224 282200.0
439805 284300.0
443389 286400.0
446975 288500.0
450564 290600.0
454155 292700.0
457750 294800.0
461346 296900.0
464944 299000.0
468545 301100.0
472148 303200.0
475755 305300.0
479361 307400.0
482972 309500.0
486584 311600.0
490199 313700.0
493816 315800.0
497435 317900.0
501056 320000.0
504679 322100.0
508305 324200.0
511933 326300.0
515563 328400.0
519195 330500.0
522830 332600.0
526466 334700.0
530104 336800.0
533745 338900.0
537387 341000.0
541032 343100.0
544679 345200.0
548328 347300.0
551979 349400.0
555632 351500.0
559286 353600.0
562943 355700.0
566602 357800.0
570262 359900.0
573925 362000.0
577589 364100.0
581256 366200.0
584924 368300.0
588595 370400.0
592268 372500.0
595941 374600.0
599618 376700.0
603295 378800.0
606974 380900.0
610656 383000.0
614339 385100.0
618024 387200.0
621712 389300.0
625400 391400.0
629091 393500.0
632784 395600.0
636478 397700.0
640174 399800.0
643872 401900.0
647571 404000.0
651272 406100.0
654975 408200.0
658680 410300.0
662386 412400.0
666094 414500.0
669803 416600.0
673515 418700.0
677229 420800.0
680943 422900.0
684659 425000.0
688378 427100.0
692098 429200.0
695818 431300.0
699542 433400.0
703266 435500.0
706991 437600.0
710720 439700.0
714449 441800.0
718180 443900.0
721913 446000.0
725647 448100.0
729383 450200.0
733121 452300.0
736859 454400.0
740600 456500.0
744342 458600.0
748084 460700.0
751829 462800.0
755576 464900.0
759324 467000.0
763074 469100.0
766825 471200.0
770577 473300.0
774331 475400.0
778087 477500.0
781843 479600.0
785601 481700.0
789362 483800.0
793123 485900.0
796886 488000.0
800650 490100.0
804416 492200.0
808182 494300.0
811952 496400.0
815721 498500.0
819492 500600.0
823265 502700.0
827038 504800.0
830814 506900.0
834591 509000.0
838369 511100.0
842149 513200.0
845930 515300.0
849712 517400.0
853495 519500.0
857281 521600.0
861067 523700.0
864855 525800.0
868644 527900.0
872434 530000.0
876226 532100.0
880019 534200.0
883813 536300.0
887608 538400.0
891405 540500.0
895204 542600.0
899004 544700.0
902805 546800.0
906606 548900.0
910410 551000.0
914215 553100.0
918020 555200.0
921827 557300.0
925637 559400.0
929445 561500.0
933256 563600.0
937069 565700.0
940883 567800.0
944697 569900.0
948513 572000.0
952330 574100.0
956148 576200.0
959968 578300.0
963789 580400.0
967611 582500.0
971434 584600.0
975258 586700.0
979084 588800.0
982911 590900.0
986740 593000.0
990568 595100.0
994398 597200.0
998230 599300.0
1002063 601400.0
1005897 603500.0
1009731 605600.0
1013567 607700.0
1017405 609800.0
1021243 611900.0
1025083 614000.0
1028925 616100.0
1032766 618200.0
1036608 620300.0
1040454 622400.0
1044298 624500.0
1048145 626600.0
1051993 628700.0
1055841 630800.0
1059690 632900.0
1063542 635000.0
1067394 637100.0
1071247 639200.0
1075101 641300.0
1078956 643400.0
1082813 645500.0
1086671 647600.0
1090529 649700.0
1094388 651800.0
1098249 653900.0
1102111 656000.0
1105973 658100.0
1109838 660200.0
1113703 662300.0
1117568 664400.0
1121436 666500.0
1125304 668600.0
1129173 670700.0
1133044 672800.0
1136915 674900.0
1140787 677000.0
1144661 679100.0
1148535 681200.0
1152411 683300.0
1156287 685400.0
1160164 687500.0
1164043 689600.0
1167923 691700.0
1171803 693800.0
1175684 695900.0
1179567 698000.0
1183450 700100.0
1187334 702200.0
1191221 704300.0
1195107 706400.0
1198995 708500.0
1202883 710600.0
1206772 712700.0
1210663 714800.0
1214555 716900.0
1218447 719000.0
1222340 721100.0
1226235 723200.0
1230130 725300.0
1234027 727400.0
1237925 729500.0
1241823 731600.0
1245721 733700.0
1249622 735800.0
1253524 737900.0
1257425 740000.0
1261329 742100.0
1265232 744200.0
1269137 746300.0
1273044 748400.0
1276951 750500.0
1280858 752600.0
1284767 754700.0
1288676 756800.0
1292586 758900.0
1296498 761000.0
1300411 763100.0
1304324 765200.0
1308239 767300.0
1312153 769400.0
1316069 771500.0
1319987 773600.0
1323904 775700.0
1327823 777800.0
1331742 779900.0
1335663 782000.0
1339585 784100.0
1343508 786200.0
1347431 788300.0
1351355 790400.0
1355280 792500.0
1359206 794600.0
1363133 796700.0
1367061 798800.0
1370989 800900.0
1374918 803000.0
1378849 805100.0
1382780 807200.0
1386712 809300.0
1390645 811400.0
1394579 813500.0
1398513 815600.0
1402449 817700.0
1406385 819800.0
1410322 821900.0
1414261 824000.0
1418199 826100.0
1422140 828200.0
1426081 830300.0
1430022 832400.0
1433963 834500.0
1437907 836600.0
1441851 838700.0
1445796 840800.0
1449742 842900.0
1453689 845000.0
1457636 847100.0
1461584 849200.0
1465533 851300.0
1469483 853400.0
1473433 855500.0
1477384 857600.0
1481336 859700.0
1485290 861800.0
1489244 863900.0
1493199 866000.0
1497155 868100.0
1501111 870200.0
1505067 872300.0
1509026 874400.0
1512985 876500.0
1516944 878600.0
1520904 880700.0
1524865 882800.0
1528827 884900.0
1532791 887000.0
1536754 889100.0
1540719 891200.0
1544684 893300.0
1548650 895400.0
1552616 897500.0
1556584 899600.0
1560552 901700.0
1564521 903800.0
1568491 905900.0
1572461 908000.0
1576432 910100.0
1580405 912200.0
1584378 914300.0
1588351 916400.0
1592326 918500.0
1596301 920600.0
1600277 922700.0
1604255 924800.0
1608231 926900.0
1612208 929000.0
1616189 931100.0
1620168 933200.0
1624148 935300.0
1628130 937400.0
1632111 939500.0
1636094 941600.0
1640078 943700.0
1644063 945800.0
1648048 947900.0
1652033 950000.0
1656019 952100.0
1660006 954200.0
1663994 956300.0
1667983 958400.0
1671972 960500.0
1675963 962600.0
1679954 964700.0
1683945 966800.0
1687938 968900.0
1691930 971000.0
1695923 973100.0
1699919 975200.0
1703914 977300.0
1707909 979400.0
1711906 981500.0
1715903 983600.0
1719901 985700.0
1723901 987800.0
1727900 989900.0
1731901 992000.0
1735901 994100.0
1739902 996200.0
1743904 998300.0
1747908 1000400.0
1751912 1002500.0
1755916 1004600.0
1759921 1006700.0
1763927 1008800.0
1767933 1010900.0
1771941 1013000.0
1775949 1015100.0
1779957 1017200.0
1783966 1019300.0
1787977 1021400.0
1791987 1023500.0
1795999 1025600.0
1800010 1027700.0
1804023 1029800.0
1808036 1031900.0
1812050 1034000.0
1816065 1036100.0
1820081 1038200.0
1824097 1040300.0
1828114 1042400.0
1832132 1044500.0
1836149 1046600.0
1840168 1048700.0
1844188 1050800.0
1848207 1052900.0
1852228 1055000.0
1856250 1057100.0
1860272 1059200.0
1864295 1061300.0
1868319 1063400.0
1872342 1065500.0
1876367 1067600.0
1880393 1069700.0
1884419 1071800.0
1888445 1073900.0
1892472 1076000.0
1896501 1078100.0
1900529 1080200.0
1904559 1082300.0
1908589 1084400.0
1912619 1086500.0
1916651 1088600.0
1920683 1090700.0
1924715 1092800.0
1928749 1094900.0
1932782 1097000.0
1936816 1099100.0
1940852 1101200.0
1944887 1103300.0
1948924 1105400.0
1952961 1107500.0
1956999 1109600.0
1961037 1111700.0
1965076 1113800.0
1969116 1115900.0
1973156 1118000.0
1977197 1120100.0
1981238 1122200.0
1985280 1124300.0
1989323 1126400.0
1993366 1128500.0
1997410 1130600.0
2001455 1132700.0
2005500 1134800.0
2009546 1136900.0
2013593 1139000.0
2017640 1141100.0
2021686 1143200.0
2025735 1145300.0
2029783 1147400.0
2033833 1149500.0
2037883 1151600.0
2041934 1153700.0
2045985 1155800.0
2050037 1157900.0
2054090 1160000.0
2058143 1162100.0
2062197 1164200.0
2066251 1166300.0
2070306 1168400.0
2074361 1170500.0
2078418 1172600.0
2082475 1174700.0
2086532 1176800.0
2090590 1178900.0
2094648 1181000.0
2098708 1183100.0
2102768 1185200.0
2106828 1187300.0
2110889 1189400.0
2114950 1191500.0
2119011 1193600.0
2123075 1195700.0
2127138 1197800.0
2131202 1199900.0
2135266 1202000.0
2139331 1204100.0
2143397 1206200.0
2147463 1208300.0
2151530 1210400.0
2155597 1212500.0
2159665 1214600.0
2163733 1216700.0
2167803 1218800.0
2171872 1220900.0
2175943 1223000.0
2180013 1225100.0
2184084 1227200.0
2188157 1229300.0
2192229 1231400.0
2196302 1233500.0
2200376 1235600.0
2204450 1237700.0
2208525 1239800.0
2212601 1241900.0
2216676 1244000.0
2220753 1246100.0
2224829 1248200.0
2228907 1250300.0
2232985 1252400.0
2237064 1254500.0
2241143 1256600.0
2245223 1258700.0
2249304 1260800.0
2253385 1262900.0
2257467 1265000.0
2261549 1267100.0
2265631 1269200.0
2269714 1271300.0
2273798 1273400.0
2277882 1275500.0
2281967 1277600.0
2286053 1279700.0
2290138 1281800.0
2294225 1283900.0
2298312 1286000.0
2302399 1288100.0
2306488 1290200.0
2310576 1292300.0
2314665 1294400.0
2318755 1296500.0
2322846 1298600.0
2326936 1300700.0
2331027 1302800.0
2335119 1304900.0
2339211 1307000.0
2343305 1309100.0
2347398 1311200.0
2351492 1313300.0
2355586 1315400.0
2359682 1317500.0
2363778 1319600.0
2367874 1321700.0
2371971 1323800.0
2376068 1325900.0
2380165 1328000.0
2384264 1330100.0
2388363 1332200.0
2392462 1334300.0
2396563 1336400.0
2400662 1338500.0
2404763 1340600.0
2408866 1342700.0
2412967 1344800.0
2417069 1346900.0
2421172 1349000.0
2425276 1351100.0
2429379 1353200.0
2433485 1355300.0
2437590 1357400.0
2441695 1359500.0
2445801 1361600.0
2449907 1363700.0
2454015 1365800.0
2458123 1367900.0
2462231 1370000.0
2466339 1372100.0
2470449 1374200.0
2474558 1376300.0
2478668 1378400.0
2482780 1380500.0
2486891 1382600.0
2491002 1384700.0
2495115 1386800.0
2499228 1388900.0
2503341 1391000.0
2507455 1393100.0
2511569 1395200.0
2515684 1397300.0
2519799 1399400.0
2523915 1401500.0
2528031 1403600.0
2532148 1405700.0
2536265 1407800.0
2540383 1409900.0
2544502 1412000.0
2548621 1414100.0
2552740 1416200.0
2556860 1418300.0
2560980 1420400.0
2565100 1422500.0
2569222 1424600.0
2573343 1426700.0
2577465 1428800.0
2581588 1430900.0
2585712 1433000.0
2589835 1435100.0
2593960 1437200.0
2598084 1439300.0
2602209 1441400.0
2606336 1443500.0
2610461 1445600.0
2614588 1447700.0
2618716 1449800.0
2622842 1451900.0
2626970 1454000.0
2631100 1456100.0
2635229 1458200.0
2639358 1460300.0
2643488 1462400.0
2647618 1464500.0
2651749 1466600.0
2655881 1468700.0
2660013 1470800.0
2664145 1472900.0
2668278 1475000.0
2672411 1477100.0
2676545 1479200.0
2680680 1481300.0
2684815 1483400.0
2688949 1485500.0
2693085 1487600.0
2697222 1489700.0
2701358 1491800.0
2705495 1493900.0
2709633 1496000.0
2713770 1498100.0
2717910 1500200.0
2722048 1502300.0
2726188 1504400.0
2730329 1506500.0
2734468 1508600.0
2738610 1510700.0
2742751 1512800.0
2746892 1514900.0
2751035 1517000.0
2755178 1519100.0
2759321 1521200.0
2763464 1523300.0
2767608 1525400.0
2771753 1527500.0
2775898 1529600.0
2780043 1531700.0
2784190 1533800.0
2788336 1535900.0
2792483 1538000.0
2796631 1540100.0
2800778 1542200.0
2804927 1544300.0
2809075 1546400.0
2813224 1548500.0
2817374 1550600.0
2821524 1552700.0
2825674 1554800.0
2829826 1556900.0
2833977 1559000.0
2838129 1561100.0
2842282 1563200.0
2846434 1565300.0
2850587 1567400.0
2854741 1569500.0
2858895 1571600.0
2863050 1573700.0
2867204 1575800.0
2871359 1577900.0
2875515 1580000.0
2879673 1582100.0
2883829 1584200.0
2887986 1586300.0
2892144 1588400.0
2896302 1590500.0
2900460 1592600.0
2904619 1594700.0
2908779 1596800.0
2912938 1598900.0
2917099 1601000.0
2921259 1603100.0
2925421 1605200.0
2929583 1607300.0
2933744 1609400.0
2937907 1611500.0
2942070 1613600.0
2946233 1615700.0
2950397 1617800.0
2954562 1619900.0
2958726 1622000.0
2962890 1624100.0
2967056 1626200.0
2971222 1628300.0
2975389 1630400.0
2979556 1632500.0
2983723 1634600.0
2987891 1636700.0
2992059 1638800.0
2996228 1640900.0
3000396 1643000.0
3004566 1645100.0
3008735 1647200.0
3012905 1649300.0
3017077 1651400.0
3021248 1653500.0
3025419 1655600.0
3029592 1657700.0
3033764 1659800.0
3037936 1661900.0
3042110 1664000.0
3046283 1666100.0
3050457 1668200.0
3054631 1670300.0
3058806 1672400.0
3062982 1674500.0
3067158 1676600.0
3071334 1678700.0
3075510 1680800.0
3079688 1682900.0
3083864 1685000.0
3088042 1687100.0
3092221 1689200.0
3096399 1691300.0
3100578 1693400.0
3104758 1695500.0
3108938 1697600.0
3113118 1699700.0
3117299 1701800.0
3121480 1703900.0
3125661 1706000.0
3129844 1708100.0
3134026 1710200.0
3138209 1712300.0
3142392 1714400.0
3146575 1716500.0
3150759 1718600.0
3154945 1720700.0
3159129 1722800.0
3163313 1724900.0
3167500 1727000.0
3171685 1729100.0
3175872 1731200.0
3180059 1733300.0
3184247 1735400.0
3188433 1737500.0
3192622 1739600.0
3196811 1741700.0
3200999 1743800.0
3205189 1745900.0
3209378 1748000.0
3213568 1750100.0
3217759 1752200.0
3221950 1754300.0
3226141 1756400.0
3230333 1758500.0
3234525 1760600.0
3238717 1762700.0
3242911 1764800.0
3247103 1766900.0
3251297 1769000.0
3255491 1771100.0
3259685 1773200.0
3263881 1775300.0
3268076 1777400.0
3272272 1779500.0
3276467 1781600.0
3280664 1783700.0
3284860 1785800.0
3289058 1787900.0
3293256 1790000.0
3297454 1792100.0
3301652 1794200.0
3305851 1796300.0
3310050 1798400.0
3314249 1800500.0
3318450 1802600.0
3322650 1804700.0
3326850 1806800.0
3331052 1808900.0
3335254 1811000.0
3339455 1813100.0
3343658 1815200.0
3347860 1817300.0
3352063 1819400.0
3356267 1821500.0
3360470 1823600.0
3364675 1825700.0
3368880 1827800.0
3373085 1829900.0
3377290 1832000.0
3381496 1834100.0
3385702 1836200.0
3389908 1838300.0
3394115 1840400.0
3398323 1842500.0
3402530 1844600.0
3406739 1846700.0
3410947 1848800.0
3415155 1850900.0
3419365 1853000.0
3423574 1855100.0
3427784 1857200.0
3431995 1859300.0
3436205 1861400.0
3440415 1863500.0
3444628 1865600.0
3448839 1867700.0
3453052 1869800.0
3457265 1871900.0
3461477 1874000.0
3465691 1876100.0
3469905 1878200.0
3474119 1880300.0
3478333 1882400.0
3482548 1884500.0
3486763 1886600.0
3490978 1888700.0
3495195 1890800.0
3499411 1892900.0
3503628 1895000.0
3507844 1897100.0
3512062 1899200.0
3516280 1901300.0
3520498 1903400.0
3524717 1905500.0
3528935 1907600.0
3533155 1909700.0
3537375 1911800.0
3541594 1913900.0
3545815 1916000.0
3550035 1918100.0
3554255 1920200.0
3558478 1922300.0
3562700 1924400.0
3566922 1926500.0
3571145 1928600.0
3575367 1930700.0
3579590 1932800.0
3583815 1934900.0
3588039 1937000.0
3592263 1939100.0
3596488 1941200.0
3600713 1943300.0
3604938 1945400.0
3609164 1947500.0
3613390 1949600.0
3617617 1951700.0
3621844 1953800.0
3626071 1955900.0
3630298 1958000.0
3634527 1960100.0
3638756 1962200.0
3642983 1964300.0
3647213 1966400.0
3651442 1968500.0
3655672 1970600.0
3659902 1972700.0
3664132 1974800.0
3668363 1976900.0
3672595 1979000.0
3676826 1981100.0
3681058 1983200.0
3685291 1985300.0
3689522 1987400.0
3693755 1989500.0
3697989 1991600.0
3702223 1993700.0
3706457 1995800.0
3710691 1997900.0
3714926 2000000.0
3719161 2002100.0
3723397 2004200.0
3727633 2006300.0
3731868 2008400.0
3736105 2010500.0
3740342 2012600.0
3744578 2014700.0
3748816 2016800.0
3753054 2018900.0
3757291 2021000.0
3761530 2023100.0
3765770 2025200.0
3770008 2027300.0
3774249 2029400.0
3778489 2031500.0
3782728 2033600.0
3786970 2035700.0
3791210 2037800.0
3795452 2039900.0
3799693 2042000.0
3803935 2044100.0
3808177 2046200.0
3812421 2048300.0
3816663 2050400.0
3820907 2052500.0
3825151 2054600.0
3829395 2056700.0
3833639 2058800.0
3837884 2060900.0
3842130 2063000.0
3846374 2065100.0
3850620 2067200.0
3854866 2069300.0
3859112 2071400.0
3863360 2073500.0
3867607 2075600.0
3871854 2077700.0
3876102 2079800.0
3880350 2081900.0
3884598 2084000.0
3888848 2086100.0
3893097 2088200.0
3897346 2090300.0
3901596 2092400.0
3905846 2094500.0
3910096 2096600.0
3914348 2098700.0
3918599 2100800.0
3922850 2102900.0
3927102 2105000.0
3931354 2107100.0
3935607 2109200.0
3939860 2111300.0
3944112 2113400.0
3948366 2115500.0
3952620 2117600.0
3956874 2119700.0
3961128 2121800.0
3965383 2123900.0
3969639 2126000.0
3973894 2128100.0
3978150 2130200.0
3982406 2132300.0
3986662 2134400.0
3990919 2136500.0
3995176 2138600.0
3999433 2140700.0
4003691 2142800.0
4007949 2144900.0
4012208 2147000.0
4016467 2149100.0
4020726 2151200.0
4024986 2153300.0
4029245 2155400.0
4033505 2157500.0
4037765 2159600.0
4042026 2161700.0
4046287 2163800.0
4050548 2165900.0
4054811 2168000.0
4059072 2170100.0
4063334 2172200.0
4067597 2174300.0
4071861 2176400.0
4076124 2178500.0
4080387 2180600.0
4084651 2182700.0
4088915 2184800.0
4093180 2186900.0
4097445 2189000.0
4101710 2191100.0
4105976 2193200.0
4110241 2195300.0
4114507 2197400.0
4118775 2199500.0
4123041 2201600.0
4127308 2203700.0
4131576 2205800.0
4135844 2207900.0
4140112 2210000.0
4144380 2212100.0
4148649 2214200.0
4152918 2216300.0
4157187 2218400.0
4161457 2220500.0
4165727 2222600.0
4169998 2224700.0
4174268 2226800.0
4178539 2228900.0
4182810 2231000.0
4187082 2233100.0
4191353 2235200.0
4195626 2237300.0
4199898 2239400.0
4204171 2241500.0
4208444 2243600.0
4212718 2245700.0
4216992 2247800.0
4221266 2249900.0
4225540 2252000.0
4229815 2254100.0
4234090 2256200.0
4238365 2258300.0
4242641 2260400.0
4246916 2262500.0
4251193 2264600.0
4255469 2266700.0
4259746 2268800.0
4264024 2270900.0
4268301 2273000.0
4272579 2275100.0
4276858 2277200.0
4281136 2279300.0
4285414 2281400.0
4289694 2283500.0
4293972 2285600.0
4298252 2287700.0
4302532 2289800.0
4306812 2291900.0
4311093 2294000.0
4315374 2296100.0
4319655 2298200.0
4323937 2300300.0
4328219 2302400.0
4332501 2304500.0
4336783 2306600.0
4341066 2308700.0
4345349 2310800.0
4349632 2312900.0
4353916 2315000.0
4358200 2317100.0
4362484 2319200.0
4366769 2321300.0
4371054 2323400.0
4375339 2325500.0
4379624 2327600.0
4383909 2329700.0
4388195 2331800.0
4392482 2333900.0
4396769 2336000.0
4401056 2338100.0
4405344 2340200.0
4409630 2342300.0
4413918 2344400.0
4418207 2346500.0
4422496 2348600.0
4426784 2350700.0
4431073 2352800.0
4435362 2354900.0
4439652 2357000.0
4443941 2359100.0
4448232 2361200.0
4452522 2363300.0
4456813 2365400.0
4461104 2367500.0
4465396 2369600.0
4469688 2371700.0
4473980 2373800.0
4478272 2375900.0
4482565 2378000.0
4486858 2380100.0
4491151 2382200.0
4495445 2384300.0
4499738 2386400.0
4504031 2388500.0
4508326 2390600.0
4512621 2392700.0
4516916 2394800.0
4521212 2396900.0
4525506 2399000.0
4529803 2401100.0
4534099 2403200.0
4538395 2405300.0
4542693 2407400.0
4546989 2409500.0
4551286 2411600.0
4555583 2413700.0
4559882 2415800.0
4564180 2417900.0
4568478 2420000.0
4572777 2422100.0
4577076 2424200.0
4581375 2426300.0
4585675 2428400.0
4589975 2430500.0
4594275 2432600.0
4598576 2434700.0
4602876 2436800.0
4607177 2438900.0
4611479 2441000.0
4615780 2443100.0
4620082 2445200.0
4624385 2447300.0
4628687 2449400.0
4632990 2451500.0
4637294 2453600.0
4641596 2455700.0
4645899 2457800.0
4650204 2459900.0
4654508 2462000.0
4658813 2464100.0
4663117 2466200.0
4667422 2468300.0
4671728 2470400.0
4676034 2472500.0
4680339 2474600.0
4684645 2476700.0
4688952 2478800.0
4693259 2480900.0
4697565 2483000.0
4701874 2485100.0
4706181 2487200.0
4710488 2489300.0
4714797 2491400.0
4719105 2493500.0
4723414 2495600.0
4727724 2497700.0
4732033 2499800.0
4736342 2501900.0
4740652 2504000.0
4744962 2506100.0
4749273 2508200.0
4753584 2510300.0
4757894 2512400.0
4762205 2514500.0
4766517 2516600.0
4770829 2518700.0
4775141 2520800.0
4779453 2522900.0
4783765 2525000.0
4788079 2527100.0
4792392 2529200.0
4796706 2531300.0
4801019 2533400.0
4805333 2535500.0
4809648 2537600.0
4813962 2539700.0
4818278 2541800.0
4822593 2543900.0
4826908 2546000.0
4831224 2548100.0
4835540 2550200.0
4839856 2552300.0
4844173 2554400.0
4848490 2556500.0
4852806 2558600.0
4857124 2560700.0
4861441 2562800.0
4865760 2564900.0
4870078 2567000.0
4874396 2569100.0
4878714 2571200.0
4883033 2573300.0
4887353 2575400.0
4891672 2577500.0
4895992 2579600.0
4900312 2581700.0
4904632 2583800.0
4908953 2585900.0
4913274 2588000.0
4917595 2590100.0
4921917 2592200.0
4926238 2594300.0
4930560 2596400.0
4934883 2598500.0
4939205 2600600.0
4943528 2602700.0
4947852 2604800.0
4952174 2606900.0
4956498 2609000.0
4960822 2611100.0
4965146 2613200.0
4969470 2615300.0
4973795 2617400.0
4978120 2619500.0
4982446 2621600.0
4986772 2623700.0
4991097 2625800.0
4995423 2627900.0
4999749 2630000.0
5004076 2632100.0
5008402 2634200.0
5012730 2636300.0
5017056 2638400.0
5021383 2640500.0
5025713 2642600.0
5030041 2644700.0
5034369 2646800.0
5038698 2648900.0
5043027 2651000.0
5047355 2653100.0
5051685 2655200.0
5056015 2657300.0
5060345 2659400.0
5064675 2661500.0
5069005 2663600.0
5073336 2665700.0
5077668 2667800.0
5081999 2669900.0
5086330 2672000.0
5090663 2674100.0
5094995 2676200.0
5099326 2678300.0
5103660 2680400.0
5107992 2682500.0
5112325 2684600.0
5116658 2686700.0
5120992 2688800.0
5125326 2690900.0
5129661 2693000.0
5133995 2695100.0
5138329 2697200.0
5142665 2699300.0
5147000 2701400.0
5151336 2703500.0
5155672 2705600.0
5160007 2707700.0
5164343 2709800.0
5168680 2711900.0
5173017 2714000.0
5177354 2716100.0
5181692 2718200.0
5186029 2720300.0
5190367 2722400.0
5194705 2724500.0
5199043 2726600.0
5203382 2728700.0
5207720 2730800.0
5212059 2732900.0
5216399 2735000.0
5220739 2737100.0
5225079 2739200.0
5229419 2741300.0
5233760 2743400.0
5238100 2745500.0
5242441 2747600.0
5246783 2749700.0
5251124 2751800.0
5255465 2753900.0
5259807 2756000.0
5264149 2758100.0
5268491 2760200.0
5272835 2762300.0
5277177 2764400.0
5281520 2766500.0
5285865 2768600.0
5290208 2770700.0
5294552 2772800.0
5298896 2774900.0
5303240 2777000.0
5307584 2779100.0
5311930 2781200.0
5316275 2783300.0
5320620 2785400.0
5324966 2787500.0
5329312 2789600.0
5333659 2791700.0
5338005 2793800.0
5342353 2795900.0
5346699 2798000.0
5351046 2800100.0
5355394 2802200.0
5359741 2804300.0
5364090 2806400.0
5368437 2808500.0
5372786 2810600.0
5377135 2812700.0
5381484 2814800.0
5385833 2816900.0
5390183 2819000.0
5394532 2821100.0
5398882 2823200.0
5403233 2825300.0
5407583 2827400.0
5411934 2829500.0
5416285 2831600.0
5420635 2833700.0
5424987 2835800.0
5429339 2837900.0
5433692 2840000.0
5438043 2842100.0
5442396 2844200.0
5446748 2846300.0
5451101 2848400.0
5455455 2850500.0
5459808 2852600.0
5464161 2854700.0
5468516 2856800.0
5472870 2858900.0
5477224 2861000.0
5481580 2863100.0
5485934 2865200.0
5490289 2867300.0
5494645 2869400.0
5499000 2871500.0
5503356 2873600.0
5507713 2875700.0
5512069 2877800.0
5516425 2879900.0
5520782 2882000.0
5525139 2884100.0
5529497 2886200.0
5533855 2888300.0
5538212 2890400.0
5542570 2892500.0
5546928 2894600.0
5551288 2896700.0
5555646 2898800.0
5560005 2900900.0
5564364 2903000.0
5568723 2905100.0
5573084 2907200.0
5577443 2909300.0
5581803 2911400.0
5586164 2913500.0
5590525 2915600.0
5594886 2917700.0
5599248 2919800.0
5603609 2921900.0
5607970 2924000.0
5612333 2926100.0
5616695 2928200.0
5621057 2930300.0
5625420 2932400.0
5629783 2934500.0
5634146 2936600.0
5638510 2938700.0
5642873 2940800.0
5647237 2942900.0
5651602 2945000.0
5655965 2947100.0
5660329 2949200.0
5664695 2951300.0
5669060 2953400.0
5673425 2955500.0
5677790 2957600.0
5682157 2959700.0
5686522 2961800.0
5690889 2963900.0
5695256 2966000.0
5699622 2968100.0
5703989 2970200.0
5708355 2972300.0
5712724 2974400.0
5717091 2976500.0
5721459 2978600.0
5725826 2980700.0
5730196 2982800.0
5734564 2984900.0
5738933 2987000.0
5743303 2989100.0
5747672 2991200.0
5752041 2993300.0
5756411 2995400.0
5760781 2997500.0
5765151 2999600.0
5769521 3001700.0
5773892 3003800.0
5778263 3005900.0
5782634 3008000.0
5787006 3010100.0
5791378 3012200.0
5795749 3014300.0
5800122 3016400.0
5804494 3018500.0
5808867 3020600.0
5813240 3022700.0
5817612 3024800.0
5821986 3026900.0
5826359 3029000.0
5830732 3031100.0
5835107 3033200.0
5839481 3035300.0
5843855 3037400.0
5848230 3039500.0
5852605 3041600.0
5856980 3043700.0
5861356 3045800.0
5865731 3047900.0
5870107 3050000.0
5874483 3052100.0
5878859 3054200.0
5883236 3056300.0
5887613 3058400.0
5891990 3060500.0
5896366 3062600.0
5900744 3064700.0
5905122 3066800.0
5909499 3068900.0
5913878 3071000.0
5918256 3073100.0
5922635 3075200.0
5927014 3077300.0
5931393 3079400.0
5935772 3081500.0
5940152 3083600.0
5944531 3085700.0
5948910 3087800.0
5953292 3089900.0
5957671 3092000.0
5962052 3094100.0
5966433 3096200.0
5970814 3098300.0
5975195 3100400.0
5979577 3102500.0
5983959 3104600.0
5988340 3106700.0
5992722 3108800.0
5997105 3110900.0
6001488 3113000.0
6005871 3115100.0
6010254 3117200.0
6014637 3119300.0
6019021 3121400.0
6023405 3123500.0
6027788 3125600.0
6032173 3127700.0
6036557 3129800.0
6040941 3131900.0
6045327 3134000.0
6049712 3136100.0
6054097 3138200.0
6058483 3140300.0
6062869 3142400.0
6067254 3144500.0
6071641 3146600.0
6076028 3148700.0
6080414 3150800.0
6084801 3152900.0
6089188 3155000.0
6093575 3157100.0
6097963 3159200.0
6102351 3161300.0
6106739 3163400.0
6111127 3165500.0
6115516 3167600.0
6119904 3169700.0
6124294 3171800.0
6128683 3173900.0
6133072 3176000.0
6137461 3178100.0
6141852 3180200.0
6146241 3182300.0
6150631 3184400.0
6155022 3186500.0
6159412 3188600.0
6163804 3190700.0
6168195 3192800.0
6172586 3194900.0
6176977 3197000.0
6181370 3199100.0
6185761 3201200.0
6190154 3203300.0
6194546 3205400.0
6198938 3207500.0
6203331 3209600.0
6207725 3211700.0
6212118 3213800.0
6216512 3215900.0
6220906 3218000.0
6225299 3220100.0
6229693 3222200.0
6234088 3224300.0
6238482 3226400.0
6242877 3228500.0
6247272 3230600.0
6251667 3232700.0
6256063 3234800.0
6260459 3236900.0
6264855 3239000.0
6269251 3241100.0
6273647 3243200.0
6278043 3245300.0
6282441 3247400.0
6286838 3249500.0
6291235 3251600.0
6295632 3253700.0
6300030 3255800.0
6304428 3257900.0
6308826 3260000.0
6313225 3262100.0
6317623 3264200.0
6322021 3266300.0
6326421 3268400.0
6330819 3270500.0
6335219 3272600.0
6339618 3274700.0
6344018 3276800.0
6348418 3278900.0
6352818 3281000.0
6357218 3283100.0
6361619 3285200.0
6366021 3287300.0
6370421 3289400.0
6374822 3291500.0
6379225 3293600.0
6383626 3295700.0
6388028 3297800.0
6392430 3299900.0
6396832 3302000.0
6401235 3304100.0
6405638 3306200.0
6410041 3308300.0
6414444 3310400.0
6418847 3312500.0
6423251 3314600.0
6427655 3316700.0
6432059 3318800.0
6436464 3320900.0
6440868 3323000.0
6445273 3325100.0
6449677 3327200.0
6454082 3329300.0
6458488 3331400.0
6462893 3333500.0
6467299 3335600.0
6471705 3337700.0
6476111 3339800.0
6480517 3341900.0
6484925 3344000.0
6489330 3346100.0
6493738 3348200.0
6498145 3350300.0
6502552 3352400.0
6506960 3354500.0
6511368 3356600.0
6515777 3358700.0
6520184 3360800.0
6524594 3362900.0
6529002 3365000.0
6533410 3367100.0
6537820 3369200.0
6542229 3371300.0
6546638 3373400.0
6551048 3375500.0
6555458 3377600.0
6559868 3379700.0
6564279 3381800.0
6568689 3383900.0
6573100 3386000.0
6577512 3388100.0
6581922 3390200.0
6586333 3392300.0
6590745 3394400.0
6595157 3396500.0
6599569 3398600.0
6603981 3400700.0
6608393 3402800.0
6612805 3404900.0
6617219 3407000.0
6621632 3409100.0
6626045 3411200.0
6630459 3413300.0
6634872 3415400.0
6639286 3417500.0
6643701 3419600.0
6648114 3421700.0
6652529 3423800.0
6656944 3425900.0
6661358 3428000.0
6665773 3430100.0
6670189 3432200.0
6674605 3434300.0
6679020 3436400.0
6683436 3438500.0
6687852 3440600.0
6692268 3442700.0
6696685 3444800.0
6701101 3446900.0
6705518 3449000.0
6709936 3451100.0
6714352 3453200.0
6718770 3455300.0
6723189 3457400.0
6727606 3459500.0
6732024 3461600.0
6736443 3463700.0
6740862 3465800.0
6745280 3467900.0
6749699 3470000.0
6754118 3472100.0
6758538 3474200.0
6762957 3476300.0
6767377 3478400.0
6771797 3480500.0
6776217 3482600.0
6780638 3484700.0
6785058 3486800.0
6789479 3488900.0
6793900 3491000.0
6798321 3493100.0
6802743 3495200.0
6807163 3497300.0
6811585 3499400.0
6816008 3501500.0
6820430 3503600.0
6824852 3505700.0
6829275 3507800.0
6833698 3509900.0
6838121 3512000.0
6842544 3514100.0
6846967 3516200.0
6851391 3518300.0
6855815 3520400.0
6860238 3522500.0
6864662 3524600.0
6869087 3526700.0
6873511 3528800.0
6877936 3530900.0
6882362 3533000.0
6886787 3535100.0
6891212 3537200.0
6895638 3539300.0
6900064 3541400.0
6904489 3543500.0
6908915 3545600.0
6913342 3547700.0
6917768 3549800.0
6922195 3551900.0
6926622 3554000.0
6931049 3556100.0
6935477 3558200.0
6939904 3560300.0
6944331 3562400.0
6948760 3564500.0
6953187 3566600.0
6957616 3568700.0
6962045 3570800.0
6966473 3572900.0
6970902 3575000.0
6975331 3577100.0
6979761 3579200.0
6984190 3581300.0
6988620 3583400.0
6993050 3585500.0
6997480 3587600.0
7001910 3589700.0
7006341 3591800.0
7010771 3593900.0
7015203 3596000.0
7019633 3598100.0
7024064 3600200.0
7028496 3602300.0
7032928 3604400.0
7037359 3606500.0
7041792 3608600.0
7046224 3610700.0
7050657 3612800.0
7055089 3614900.0
7059522 3617000.0
7063954 3619100.0
7068388 3621200.0
7072821 3623300.0
7077255 3625400.0
7081689 3627500.0
7086122 3629600.0
7090557 3631700.0
7094991 3633800.0
7099426 3635900.0
7103861 3638000.0
7108296 3640100.0
7112730 3642200.0
7117166 3644300.0
7121602 3646400.0
7126038 3648500.0
7130473 3650600.0
7134909 3652700.0
7139346 3654800.0
7143782 3656900.0
7148220 3659000.0
7152656 3661100.0
7157093 3663200.0
7161531 3665300.0
7165967 3667400.0
7170405 3669500.0
7174844 3671600.0
7179281 3673700.0
7183719 3675800.0
7188158 3677900.0
7192597 3680000.0
7197035 3682100.0
7201474 3684200.0
7205913 3686300.0
7210352 3688400.0
7214792 3690500.0
7219232 3692600.0
7223672 3694700.0
7228113 3696800.0
7232552 3698900.0
7234773 3699950.0
7236993 3701000.0
7241434 3703100.0
7245874 3705200.0
7250315 3707300.0
7254757 3709400.0
7259198 3711500.0
7263640 3713600.0
7268082 3715700.0
7272524 3717800.0
7276966 3719900.0
7281408 3722000.0
7285851 3724100.0
7290293 3726200.0
7294737 3728300.0
7299180 3730400.0
7303623 3732500.0
7308067 3734600.0
7312510 3736700.0
7316954 3738800.0
7321398 3740900.0
7325843 3743000.0
7330286 3745100.0
7334732 3747200.0
7339176 3749300.0
7343621 3751400.0
7348067 3753500.0
7352512 3755600.0
7356958 3757700.0
7361404 3759800.0
7365850 3761900.0
7370296 3764000.0
7374742 3766100.0
7379188 3768200.0
7383635 3770300.0
7388082 3772400.0
7392529 3774500.0
7396976 3776600.0
7401424 3778700.0
7405871 3780800.0
7410319 3782900.0
7414768 3785000.0
7419216 3787100.0
7423664 3789200.0
7428113 3791300.0
7432561 3793400.0
7437010 3795500.0
7441459 3797600.0
7445908 3799700.0
7450357 3801800.0
7454808 3803900.0
7459258 3806000.0
7463707 3808100.0
7468159 3810200.0
7472608 3812300.0
7477059 3814400.0
7481510 3816500.0
7485961 3818600.0
7490411 3820700.0
7494863 3822800.0
7499314 3824900.0
7503766 3827000.0
7508219 3829100.0
7512670 3831200.0
7517122 3833300.0
7521575 3835400.0
7526027 3837500.0
7530480 3839600.0
7534933 3841700.0
7539387 3843800.0
7543839 3845900.0
7548293 3848000.0
7552747 3850100.0
7557201 3852200.0
7561656 3854300.0
7566110 3856400.0
7570563 3858500.0
7575018 3860600.0
7579473 3862700.0
7583928 3864800.0
7588384 3866900.0
7592838 3869000.0
7597294 3871100.0
7601750 3873200.0
7606205 3875300.0
7610662 3877400.0
7615119 3879500.0
7619574 3881600.0
7624031 3883700.0
7628488 3885800.0
7632944 3887900.0
7637402 3890000.0
7641859 3892100.0
7646316 3894200.0
7650774 3896300.0
7655232 3898400.0
7659690 3900500.0
7664148 3902600.0
7668607 3904700.0
7673066 3906800.0
7677524 3908900.0
7681984 3911000.0
7686443 3913100.0
7690902 3915200.0
7695361 3917300.0
7699821 3919400.0
7704281 3921500.0
7708741 3923600.0
7713201 3925700.0
7717661 3927800.0
7722123 3929900.0
7726583 3932000.0
7731044 3934100.0
7735505 3936200.0
7739966 3938300.0
7744427 3940400.0
7748889 3942500.0
7753351 3944600.0
7757812 3946700.0
7762275 3948800.0
7766737 3950900.0
7771200 3953000.0
7775663 3955100.0
7780126 3957200.0
7784588 3959300.0
7789051 3961400.0
7793515 3963500.0
7797978 3965600.0
7802443 3967700.0
7806906 3969800.0
7811370 3971900.0
7815835 3974000.0
7820300 3976100.0
7824764 3978200.0
7829229 3980300.0
7833694 3982400.0
7838159 3984500.0
7842625 3986600.0
7847090 3988700.0
7851556 3990800.0
7856022 3992900.0
7860487 3995000.0
7864954 3997100.0
7869420 3999200.0
7873887 4001300.0
7878354 4003400.0
7882821 4005500.0
7887288 4007600.0
7891754 4009700.0
7896223 4011800.0
7900690 4013900.0
7905158 4016000.0
7909625 4018100.0
7914094 4020200.0
7918562 4022300.0
7923031 4024400.0
7927500 4026500.0
7931968 4028600.0
7936438 4030700.0
7940907 4032800.0
7945376 4034900.0
7949846 4037000.0
7954315 4039100.0
7958785 4041200.0
7963255 4043300.0
7967726 4045400.0
7972196 4047500.0
7976667 4049600.0
7981137 4051700.0
7985608 4053800.0
7990079 4055900.0
7994551 4058000.0
7999022 4060100.0
8003494 4062200.0
8007966 4064300.0
8012437 4066400.0
8016910 4068500.0
8021382 4070600.0
8025854 4072700.0
8030327 4074800.0
8034800 4076900.0
8039273 4079000.0
8043747 4081100.0
8048220 4083200.0
8052693 4085300.0
8057167 4087400.0
8061640 4089500.0
8066115 4091600.0
8070589 4093700.0
8075063 4095800.0
8079538 4097900.0
8084012 4100000.0
8088488 4102100.0
8092963 4104200.0
8097438 4106300.0
8101913 4108400.0
8106388 4110500.0
8110864 4112600.0
8115341 4114700.0
8119816 4116800.0
8124292 4118900.0
8128769 4121000.0
8133246 4123100.0
8137723 4125200.0
8142200 4127300.0
8146677 4129400.0
8151154 4131500.0
8155631 4133600.0
8160109 4135700.0
8164587 4137800.0
8169065 4139900.0
8173543 4142000.0
8178021 4144100.0
8182500 4146200.0
8186978 4148300.0
8191458 4150400.0
8195937 4152500.0
8200416 4154600.0
8204894 4156700.0
8209375 4158800.0
8213854 4160900.0
8218334 4163000.0
8222814 4165100.0
8227293 4167200.0
8231774 4169300.0
8236255 4171400.0
8240735 4173500.0
8245216 4175600.0
8249697 4177700.0
8254178 4179800.0
8258660 4181900.0
8263142 4184000.0
8267623 4186100.0
8272105 4188200.0
8276587 4190300.0
8281069 4192400.0
8285551 4194500.0
8290034 4196600.0
8294517 4198700.0
8298999 4200800.0
8303482 4202900.0
8307965 4205000.0
8312449 4207100.0
8316933 4209200.0
8321416 4211300.0
8325900 4213400.0
8330384 4215500.0
8334868 4217600.0
8339352 4219700.0
8343837 4221800.0
8348322 4223900.0
8352806 4226000.0
8357292 4228100.0
8361777 4230200.0
8366262 4232300.0
8370747 4234400.0
8375233 4236500.0
8379719 4238600.0
8384205 4240700.0
8388691 4242800.0
8393178 4244900.0
8397664 4247000.0
8402151 4249100.0
8406638 4251200.0
8411125 4253300.0
8415612 4255400.0
8420099 4257500.0
8424587 4259600.0
8429074 4261700.0
8433562 4263800.0
8438051 4265900.0
8442538 4268000.0
8447026 4270100.0
8451515 4272200.0
8456004 4274300.0
8460493 4276400.0
8464982 4278500.0
8469470 4280600.0
8473959 4282700.0
8478450 4284800.0
8482939 4286900.0
8487429 4289000.0
8491919 4291100.0
8496408 4293200.0
8500899 4295300.0
8505390 4297400.0
8509881 4299500.0
8514371 4301600.0
8518862 4303700.0
8523353 4305800.0
8527845 4307900.0
8532337 4310000.0
8536828 4312100.0
8541319 4314200.0
8545811 4316300.0
8550303 4318400.0
8554795 4320500.0
8559289 4322600.0
8563781 4324700.0
8568273 4326800.0
8572766 4328900.0
8577259 4331000.0
8581753 4333100.0
8586246 4335200.0
8590739 4337300.0
8595232 4339400.0
8599727 4341500.0
8604221 4343600.0
8608715 4345700.0
8613210 4347800.0
8617703 4349900.0
8622199 4352000.0
8626694 4354100.0
8631189 4356200.0
8635684 4358300.0
8640179 4360400.0
8644674 4362500.0
8649170 4364600.0
8653666 4366700.0
8658162 4368800.0
8662658 4370900.0
8667154 4373000.0
8671651 4375100.0
8676148 4377200.0
8680645 4379300.0
8685142 4381400.0
8689637 4383500.0
8694135 4385600.0
8698632 4387700.0
8703130 4389800.0
8707629 4391900.0
8712125 4394000.0
8716623 4396100.0
8721122 4398200.0
8725620 4400300.0
8730119 4402400.0
8734618 4404500.0
8739116 4406600.0
8743616 4408700.0
8748115 4410800.0
8752614 4412900.0
8757113 4415000.0
8761613 4417100.0
8766112 4419200.0
8770613 4421300.0
8775114 4423400.0
8779614 4425500.0
8784113 4427600.0
8788615 4429700.0
8793115 4431800.0
8797616 4433900.0
8802117 4436000.0
8806618 4438100.0
8811119 4440200.0
8815621 4442300.0
8820123 4444400.0
8824625 4446500.0
8829127 4448600.0
8833629 4450700.0
8838131 4452800.0
8842634 4454900.0
8847137 4457000.0
8851639 4459100.0
8856142 4461200.0
8860645 4463300.0
8865148 4465400.0
8869652 4467500.0
8874156 4469600.0
8878660 4471700.0
8883163 4473800.0
8887667 4475900.0
8892171 4478000.0
8896676 4480100.0
8901181 4482200.0
8905685 4484300.0
8910190 4486400.0
8914694 4488500.0
8919199 4490600.0
8923706 4492700.0
8928211 4494800.0
8932716 4496900.0
8937222 4499000.0
8941728 4501100.0
8946234 4503200.0
8950741 4505300.0
8955247 4507400.0
8959753 4509500.0
8964260 4511600.0
8968766 4513700.0
8973274 4515800.0
8977781 4517900.0
8982288 4520000.0
8986796 4522100.0
8991304 4524200.0
8995812 4526300.0
9000320 4528400.0
9004828 4530500.0
9009335 4532600.0
9013844 4534700.0
9018352 4536800.0
9022862 4538900.0
9027370 4541000.0
9031879 4543100.0
9036388 4545200.0
9040898 4547300.0
9045408 4549400.0
9049917 4551500.0
9054427 4553600.0
9058937 4555700.0
9063447 4557800.0
9067957 4559900.0
9072468 4562000.0
9076978 4564100.0
9081488 4566200.0
9086000 4568300.0
9090511 4570400.0
9095022 4572500.0
9099534 4574600.0
9104045 4576700.0
9108557 4578800.0
9113068 4580900.0
9117580 4583000.0
9122092 4585100.0
9126605 4587200.0
9131117 4589300.0
9135629 4591400.0
9140143 4593500.0
9144656 4595600.0
9149168 4597700.0
9153682 4599800.0
9158195 4601900.0
9162708 4604000.0
9167222 4606100.0
9171736 4608200.0
9176249 4610300.0
9180764 4612400.0
9185277 4614500.0
9189793 4616600.0
9194308 4618700.0
9198822 4620800.0
9203336 4622900.0
9207852 4625000.0
9212367 4627100.0
9216882 4629200.0
9221398 4631300.0
9225913 4633400.0
9230429 4635500.0
9234945 4637600.0
9239461 4639700.0
9243977 4641800.0
9248494 4643900.0
9253010 4646000.0
9257526 4648100.0
9262044 4650200.0
9266561 4652300.0
9271077 4654400.0
9275595 4656500.0
9280112 4658600.0
9284630 4660700.0
9289148 4662800.0
9293666 4664900.0
9298183 4667000.0
9302702 4669100.0
9307220 4671200.0
9311739 4673300.0
9316258 4675400.0
9320776 4677500.0
9325295 4679600.0
9329814 4681700.0
9334334 4683800.0
9338853 4685900.0
9343373 4688000.0
9347892 4690100.0
9352411 4692200.0
9356932 4694300.0
9361453 4696400.0
9365972 4698500.0
9370493 4700600.0
9375013 4702700.0
9379534 4704800.0
9384055 4706900.0
9388576 4709000.0
9393097 4711100.0
9397619 4713200.0
9402139 4715300.0
9406661 4717400.0
9411184 4719500.0
9415705 4721600.0
9420228 4723700.0
9424750 4725800.0
9429271 4727900.0
9433794 4730000.0
9438317 4732100.0
9442840 4734200.0
9447362 4736300.0
9451886 4738400.0
9456410 4740500.0
9460933 4742600.0
9465457 4744700.0
9469980 4746800.0
9474503 4748900.0
9479028 4751000.0
9483552 4753100.0
9488076 4755200.0
9492601 4757300.0
9497125 4759400.0
9501649 4761500.0
9506175 4763600.0
9510700 4765700.0
9515225 4767800.0
9519751 4769900.0
9524276 4772000.0
9528801 4774100.0
9533327 4776200.0
9537853 4778300.0
9542380 4780400.0
9546905 4782500.0
9551431 4784600.0
9555958 4786700.0
9560485 4788800.0
9565012 4790900.0
9569538 4793000.0
9574066 4795100.0
9578593 4797200.0
9583120 4799300.0
9587649 4801400.0
9592176 4803500.0
9596703 4805600.0
9601231 4807700.0
9605759 4809800.0
9610288 4811900.0
9614816 4814000.0
9619344 4816100.0
9623873 4818200.0
9628402 4820300.0
9632931 4822400.0
9637460 4824500.0
9641990 4826600.0
9646519 4828700.0
9651048 4830800.0
9655578 4832900.0
9660108 4835000.0
9664638 4837100.0
9669168 4839200.0
9673699 4841300.0
9678229 4843400.0
9682760 4845500.0
9687290 4847600.0
9691821 4849700.0
9696352 4851800.0
9700883 4853900.0
9705414 4856000.0
9709947 4858100.0
9714478 4860200.0
9719009 4862300.0
9723541 4864400.0
9728073 4866500.0
9732605 4868600.0
9737138 4870700.0
9741670 4872800.0
9746202 4874900.0
9750736 4877000.0
9755269 4879100.0
9759801 4881200.0
9764335 4883300.0
9768867 4885400.0
9773402 4887500.0
9777935 4889600.0
9782469 4891700.0
9787003 4893800.0
9791537 4895900.0
9796071 4898000.0
9800605 4900100.0
9805140 4902200.0
9809675 4904300.0
9814209 4906400.0
9818743 4908500.0
9823279 4910600.0
9827814 4912700.0
9832350 4914800.0
9836886 4916900.0
9841420 4919000.0
9845957 4921100.0
9850492 4923200.0
9855028 4925300.0
9859566 4927400.0
9864101 4929500.0
9868637 4931600.0
9873174 4933700.0
9877710 4935800.0
9882248 4937900.0
9886785 4940000.0
9891322 4942100.0
9895859 4944200.0
9900396 4946300.0
9904934 4948400.0
9909472 4950500.0
9914010 4952600.0
9918548 4954700.0
9923086 4956800.0
9927624 4958900.0
9932163 4961000.0
9936701 4963100.0
9941240 4965200.0
9945779 4967300.0
9950318 4969400.0
9954858 4971500.0
9959397 4973600.0
9963936 4975700.0
9968476 4977800.0
9973015 4979900.0
9977555 4982000.0
9982095 4984100.0
9986635 4986200.0
9991175 4988300.0
9995716 4990400.0
10000256 4992500.0
10004798 4994600.0
10009339 4996700.0
10013879 4998800.0
10018420 5000900.0
10022962 5003000.0
10027503 5005100.0
10032044 5007200.0
10036586 5009300.0
10041128 5011400.0
10045670 5013500.0
10050212 5015600.0
10054755 5017700.0
10059297 5019800.0
10063839 5021900.0
10068382 5024000.0
10072925 5026100.0
10077469 5028200.0
10082011 5030300.0
10086554 5032400.0
10091098 5034500.0
10095640 5036600.0
10100184 5038700.0
10104729 5040800.0
10109273 5042900.0
10113816 5045000.0
10118360 5047100.0
10122905 5049200.0
10127449 5051300.0
10131994 5053400.0
10136539 5055500.0
10141083 5057600.0
10145628 5059700.0
10150174 5061800.0
10154719 5063900.0
10159265 5066000.0
10163810 5068100.0
10168356 5070200.0
10172902 5072300.0
10177449 5074400.0
10181994 5076500.0
10186540 5078600.0
10191087 5080700.0
10195633 5082800.0
10200180 5084900.0
10204727 5087000.0
10209274 5089100.0
10213821 5091200.0
10218368 5093300.0
10222916 5095400.0
10227464 5097500.0
10232011 5099600.0
10236558 5101700.0
10241106 5103800.0
10245654 5105900.0
10250202 5108000.0
10254751 5110100.0
10259300 5112200.0
10263849 5114300.0
10268397 5116400.0
10272946 5118500.0
10277495 5120600.0
10282044 5122700.0
10286594 5124800.0
10291143 5126900.0
10295693 5129000.0
10300242 5131100.0
10304792 5133200.0
10309342 5135300.0
10313893 5137400.0
10318443 5139500.0
10322993 5141600.0
10327544 5143700.0
10332094 5145800.0
10336645 5147900.0
10341196 5150000.0
10345747 5152100.0
10350298 5154200.0
10354849 5156300.0
10359401 5158400.0
10363952 5160500.0
10368505 5162600.0
10373057 5164700.0
10377609 5166800.0
10382161 5168900.0
10386713 5171000.0
10391266 5173100.0
10395818 5175200.0
10400371 5177300.0
10404924 5179400.0
10409477 5181500.0
10414029 5183600.0
10418583 5185700.0
10423137 5187800.0
10427690 5189900.0
10432244 5192000.0
10436797 5194100.0
10441352 5196200.0
10445906 5198300.0
10450460 5200400.0
10455014 5202500.0
10459568 5204600.0
10464123 5206700.0
10468678 5208800.0
10473233 5210900.0
10477788 5213000.0
10482343 5215100.0
10486898 5217200.0
10491454 5219300.0
10496009 5221400.0
10500565 5223500.0
10505121 5225600.0
10509676 5227700.0
10514232 5229800.0
10518789 5231900.0
10523345 5234000.0
10527902 5236100.0
10532459 5238200.0
10537015 5240300.0
10541572 5242400.0
10546129 5244500.0
10550686 5246600.0
10555244 5248700.0
10559801 5250800.0
10564358 5252900.0
10568916 5255000.0
10573474 5257100.0
10578032 5259200.0
10582590 5261300.0
10587149 5263400.0
10591707 5265500.0
10596266 5267600.0
10600825 5269700.0
10605383 5271800.0
10609941 5273900.0
10614500 5276000.0
10619060 5278100.0
10623619 5280200.0
10628179 5282300.0
10632738 5284400.0
10637298 5286500.0
10641858 5288600.0
10646418 5290700.0
10650978 5292800.0
10655538 5294900.0
10660099 5297000.0
10664659 5299100.0
10669220 5301200.0
10673780 5303300.0
10678341 5305400.0
10682902 5307500.0
10687464 5309600.0
10692025 5311700.0
10696586 5313800.0
10701148 5315900.0
10705709 5318000.0
10710271 5320100.0
10714833 5322200.0
10719395 5324300.0
10723958 5326400.0
10728520 5328500.0
10733082 5330600.0
10737645 5332700.0
10742207 5334800.0
10746771 5336900.0
10751334 5339000.0
10755896 5341100.0
10760459 5343200.0
10765023 5345300.0
10769586 5347400.0
10774151 5349500.0
10778714 5351600.0
10783278 5353700.0
10787842 5355800.0
10792407 5357900.0
10796971 5360000.0
10801535 5362100.0
10806100 5364200.0
10810664 5366300.0
10815229 5368400.0
10819795 5370500.0
10824359 5372600.0
10828924 5374700.0
10833490 5376800.0
10838055 5378900.0
10842620 5381000.0
10847187 5383100.0
10851753 5385200.0
10856318 5387300.0
10860885 5389400.0
10865451 5391500.0
10870018 5393600.0
10874584 5395700.0
10879151 5397800.0
10883717 5399900.0
10888284 5402000.0
10892851 5404100.0
10897418 5406200.0
10901986 5408300.0
10906553 5410400.0
10911121 5412500.0
10915689 5414600.0
10920257 5416700.0
10924825 5418800.0
10929393 5420900.0
10933961 5423000.0
10938529 5425100.0
10943098 5427200.0
10947667 5429300.0
10952235 5431400.0
10956804 5433500.0
10961373 5435600.0
10965942 5437700.0
10970512 5439800.0
10975081 5441900.0
10979649 5444000.0
10984220 5446100.0
10988789 5448200.0
10993359 5450300.0
10997930 5452400.0
11002500 5454500.0
11007070 5456600.0
11011640 5458700.0
11016211 5460800.0
11020782 5462900.0
11025353 5465000.0
11029923 5467100.0
11034494 5469200.0
11039066 5471300.0
11043637 5473400.0
11048208 5475500.0
11052780 5477600.0
11057351 5479700.0
11061923 5481800.0
11066496 5483900.0
11071068 5486000.0
11075639 5488100.0
11080212 5490200.0
11084784 5492300.0
11089357 5494400.0
11093930 5496500.0
11098502 5498600.0
11103075 5500700.0
11107649 5502800.0
11112222 5504900.0
11116795 5507000.0
11121370 5509100.0
11125942 5511200.0
11130516 5513300.0
11135090 5515400.0
11139664 5517500.0
11144238 5519600.0
11148813 5521700.0
11153387 5523800.0
11157961 5525900.0
11162536 5528000.0
11167111 5530100.0
11171686 5532200.0
11176261 5534300.0
11180836 5536400.0
11185411 5538500.0
11189987 5540600.0
11194562 5542700.0
11199137 5544800.0
11203714 5546900.0
11208289 5549000.0
11212865 5551100.0
11217442 5553200.0
11222017 5555300.0
11226594 5557400.0
11231170 5559500.0
11235747 5561600.0
11240324 5563700.0
11244902 5565800.0
11249479 5567900.0
11254055 5570000.0
11258633 5572100.0
11263209 5574200.0
11267788 5576300.0
11272365 5578400.0
11276943 5580500.0
11281520 5582600.0
11286100 5584700.0
11290677 5586800.0
11295255 5588900.0
11299834 5591000.0
11304412 5593100.0
11308991 5595200.0
11313570 5597300.0
11318149 5599400.0
11322728 5601500.0
11327307 5603600.0
11331886 5605700.0
11336466 5607800.0
11341046 5609900.0
11345625 5612000.0
11350205 5614100.0
11354785 5616200.0
11359365 5618300.0
11363945 5620400.0
11368525 5622500.0
11373106 5624600.0
11377685 5626700.0
11382267 5628800.0
11386848 5630900.0
11391429 5633000.0
11396010 5635100.0
11400591 5637200.0
11405172 5639300.0
11409754 5641400.0
11414335 5643500.0
11418916 5645600.0
11423499 5647700.0
11428080 5649800.0
11432662 5651900.0
11437245 5654000.0
11441827 5656100.0
11446409 5658200.0
11450992 5660300.0
11455574 5662400.0
11460157 5664500.0
11464741 5666600.0
11469324 5668700.0
11473907 5670800.0
11478490 5672900.0
11483073 5675000.0
11487656 5677100.0
11492240 5679200.0
11496824 5681300.0
11501408 5683400.0
11505992 5685500.0
11510577 5687600.0
11515160 5689700.0
11519746 5691800.0
11524329 5693900.0
11528913 5696000.0
11533498 5698100.0
11538083 5700200.0
11542668 5702300.0
11547254 5704400.0
11551839 5706500.0
11556424 5708600.0
11561010 5710700.0
11565595 5712800.0
11570181 5714900.0
11574767 5717000.0
11579353 5719100.0
11583939 5721200.0
11588526 5723300.0
11593112 5725400.0
11597698 5727500.0
11602285 5729600.0
11606872 5731700.0
11611459 5733800.0
11616046 5735900.0
11620633 5738000.0
11625219 5740100.0
11629807 5742200.0
11634394 5744300.0
11638982 5746400.0
11643570 5748500.0
11648158 5750600.0
11652745 5752700.0
11657334 5754800.0
11661922 5756900.0
11666511 5759000.0
11671099 5761100.0
11675687 5763200.0
11680276 5765300.0
11684865 5767400.0
11689454 5769500.0
11694042 5771600.0
11698632 5773700.0
11703220 5775800.0
11707811 5777900.0
11712400 5780000.0
11716990 5782100.0
11721580 5784200.0
11726170 5786300.0
11730760 5788400.0
11735350 5790500.0
11739941 5792600.0
11744530 5794700.0
11749120 5796800.0
11753711 5798900.0
11758302 5801000.0
11762893 5803100.0
11767484 5805200.0
11772076 5807300.0
11776666 5809400.0
11781258 5811500.0
11785849 5813600.0
11790441 5815700.0
11795033 5817800.0
11799624 5819900.0
11804216 5822000.0
11808808 5824100.0
11813401 5826200.0
11817993 5828300.0
11822586 5830400.0
11827178 5832500.0
11831771 5834600.0
11836363 5836700.0
11840957 5838800.0
11845550 5840900.0
11850142 5843000.0
11854736 5845100.0
11859329 5847200.0
11863923 5849300.0
11868517 5851400.0
11873110 5853500.0
11877704 5855600.0
11882298 5857700.0
11886892 5859800.0
11891487 5861900.0
11896081 5864000.0
11900675 5866100.0
11905270 5868200.0
11909864 5870300.0
11914459 5872400.0
11919054 5874500.0
11923649 5876600.0
11928244 5878700.0
11932840 5880800.0
11937436 5882900.0
11942031 5885000.0
11946627 5887100.0
11951223 5889200.0
11955818 5891300.0
11960414 5893400.0
11965010 5895500.0
11969606 5897600.0
11974203 5899700.0
11978800 5901800.0
11983396 5903900.0
11987993 5906000.0
11992590 5908100.0
11997187 5910200.0
12001784 5912300.0
12006381 5914400.0
12010978 5916500.0
12015576 5918600.0
12020173 5920700.0
12024770 5922800.0
12029369 5924900.0
12033967 5927000.0
12038565 5929100.0
12043164 5931200.0
12047761 5933300.0
12052359 5935400.0
12056958 5937500.0
12061557 5939600.0
12066156 5941700.0
12070755 5943800.0
12075353 5945900.0
12079952 5948000.0
12084552 5950100.0
12089152 5952200.0
12093751 5954300.0
12098350 5956400.0
12102950 5958500.0
12107550 5960600.0
12112150 5962700.0
12116750 5964800.0
12121350 5966900.0
12125950 5969000.0
12130551 5971100.0
12135151 5973200.0
12139752 5975300.0
12144353 5977400.0
12148954 5979500.0
12153555 5981600.0
12158155 5983700.0
12162756 5985800.0
12167359 5987900.0
12171960 5990000.0
12176561 5992100.0
12181162 5994200.0
12185764 5996300.0
12190367 5998400.0
12194969 6000500.0
12199571 6002600.0
12204173 6004700.0
12208775 6006800.0
12213378 6008900.0
12217981 6011000.0
12222583 6013100.0
12227186 6015200.0
12231789 6017300.0
12236392 6019400.0
12240996 6021500.0
12245598 6023600.0
12250202 6025700.0
12254806 6027800.0
12259409 6029900.0
12264014 6032000.0
12268618 6034100.0
12273221 6036200.0
12277826 6038300.0
12282430 6040400.0
12287034 6042500.0
12291639 6044600.0
12296244 6046700.0
12300848 6048800.0
12305453 6050900.0
12310058 6053000.0
12314663 6055100.0
12319268 6057200.0
12323874 6059300.0
12328479 6061400.0
12333084 6063500.0
12337691 6065600.0
12342296 6067700.0
12346902 6069800.0
12351508 6071900.0
12356114 6074000.0
12360720 6076100.0
12365327 6078200.0
12369933 6080300.0
12374540 6082400.0
12379146 6084500.0
12383753 6086600.0
12388360 6088700.0
12392967 6090800.0
12397574 6092900.0
12402181 6095000.0
12406788 6097100.0
12411396 6099200.0
12416004 6101300.0
12420612 6103400.0
12425219 6105500.0
12429827 6107600.0
12434436 6109700.0
12439044 6111800.0
12443652 6113900.0
12448260 6116000.0
12452868 6118100.0
12457477 6120200.0
12462087 6122300.0
12466695 6124400.0
12471305 6126500.0
12475914 6128600.0
12480522 6130700.0
12485132 6132800.0
12489741 6134900.0
12494351 6137000.0
12498961 6139100.0
12503570 6141200.0
12508180 6143300.0
12512790 6145400.0
12517400 6147500.0
12522011 6149600.0
12526621 6151700.0
12531231 6153800.0
12535842 6155900.0
12540453 6158000.0
12545064 6160100.0
12549675 6162200.0
12554285 6164300.0
12558897 6166400.0
12563508 6168500.0
12568120 6170600.0
12572731 6172700.0
12577342 6174800.0
12581954 6176900.0
12586567 6179000.0
12591178 6181100.0
12595791 6183200.0
12600403 6185300.0
12605015 6187400.0
12609628 6189500.0
12614240 6191600.0
12618852 6193700.0
12623465 6195800.0
12628078 6197900.0
12632691 6200000.0
12637304 6202100.0
12641918 6204200.0
12646531 6206300.0
12651144 6208400.0
12655758 6210500.0
12660371 6212600.0
12664985 6214700.0
12669599 6216800.0
12674213 6218900.0
12678826 6221000.0
12683441 6223100.0
12688056 6225200.0
12692671 6227300.0
12697286 6229400.0
12701899 6231500.0
12706514 6233600.0
12711129 6235700.0
12715744 6237800.0
12720359 6239900.0
12724974 6242000.0
12729589 6244100.0
12734205 6246200.0
12738821 6248300.0
12743436 6250400.0
12748052 6252500.0
12752668 6254600.0
12757284 6256700.0
12761900 6258800.0
12766517 6260900.0
12771133 6263000.0
12775749 6265100.0
12780366 6267200.0
12784982 6269300.0
12789599 6271400.0
12794217 6273500.0
12798834 6275600.0
12803450 6277700.0
12808068 6279800.0
12812686 6281900.0
12817303 6284000.0
12821921 6286100.0
12826538 6288200.0
12831156 6290300.0
12835774 6292400.0
12840391 6294500.0
12845010 6296600.0
12849628 6298700.0
12854247 6300800.0
12858865 6302900.0
12863485 6305000.0
12868103 6307100.0
12872721 6309200.0
12877340 6311300.0
12881959 6313400.0
12886578 6315500.0
12891198 6317600.0
12895817 6319700.0
12900436 6321800.0
12905056 6323900.0
12909676 6326000.0
12914295 6328100.0
12918916 6330200.0
12923535 6332300.0
12928156 6334400.0
12932776 6336500.0
12937396 6338600.0
12942017 6340700.0
12946638 6342800.0
12951258 6344900.0
12955879 6347000.0
12960500 6349100.0
12965121 6351200.0
12969742 6353300.0
12974363 6355400.0
12978985 6357500.0
12983606 6359600.0
12988228 6361700.0
12992850 6363800.0
12997471 6365900.0
13002093 6368000.0
13006715 6370100.0
13011337 6372200.0
13015960 6374300.0
13020583 6376400.0
13025204 6378500.0
13029827 6380600.0
13034450 6382700.0
13039072 6384800.0
13043696 6386900.0
13048318 6389000.0
13052941 6391100.0
13057565 6393200.0
13062188 6395300.0
13066812 6397400.0
13071436 6399500.0
13076059 6401600.0
13080682 6403700.0
13085307 6405800.0
13089931 6407900.0
13094555 6410000.0
13099179 6412100.0
13103803 6414200.0
13108427 6416300.0
13113052 6418400.0
13117677 6420500.0
13122302 6422600.0
13126927 6424700.0
13131552 6426800.0
13136176 6428900.0
13140802 6431000.0
13145427 6433100.0
13150053 6435200.0
13154678 6437300.0
13159304 6439400.0
13163930 6441500.0
13168556 6443600.0
13173182 6445700.0
13177807 6447800.0
13182434 6449900.0
13187060 6452000.0
13191687 6454100.0
13196313 6456200.0
13200940 6458300.0
13205566 6460400.0
13210193 6462500.0
13214820 6464600.0
13219447 6466700.0
13224075 6468800.0
13228702 6470900.0
13233329 6473000.0
13237957 6475100.0
13242584 6477200.0
13247212 6479300.0
13251840 6481400.0
13256468 6483500.0
13261095 6485600.0
13265724 6487700.0
13270352 6489800.0
13274980 6491900.0
13279609 6494000.0
13284237 6496100.0
13288867 6498200.0
13293496 6500300.0
13298124 6502400.0
13302753 6504500.0
13307382 6506600.0
13312011 6508700.0
13316640 6510800.0
13321270 6512900.0
13325899 6515000.0
13330529 6517100.0
13335159 6519200.0
13339789 6521300.0
13344419 6523400.0
13349049 6525500.0
13353679 6527600.0
13358309 6529700.0
13362940 6531800.0
13367570 6533900.0
13372200 6536000.0
13376831 6538100.0
13381462 6540200.0
13386093 6542300.0
13390725 6544400.0
13395356 6546500.0
13399987 6548600.0
13404618 6550700.0
13409249 6552800.0
13413881 6554900.0
13418514 6557000.0
13423145 6559100.0
13427777 6561200.0
13432409 6563300.0
13437041 6565400.0
13441672 6567500.0
13446306 6569600.0
13450938 6571700.0
13455570 6573800.0
13460203 6575900.0
13464836 6578000.0
13469469 6580100.0
13474102 6582200.0
13478735 6584300.0
13483367 6586400.0
13488002 6588500.0
13492635 6590600.0
13497268 6592700.0
13501902 6594800.0
13506536 6596900.0
13511170 6599000.0
13515804 6601100.0
13520438 6603200.0
13525071 6605300.0
13529706 6607400.0
13534340 6609500.0
13538974 6611600.0
13543610 6613700.0
13548244 6615800.0
13552879 6617900.0
13557514 6620000.0
13562149 6622100.0
13566784 6624200.0
13571419 6626300.0
13576054 6628400.0
13580689 6630500.0
13585325 6632600.0
13589961 6634700.0
13594596 6636800.0
13599233 6638900.0
13603868 6641000.0
13608504 6643100.0
13613141 6645200.0
13617777 6647300.0
13622413 6649400.0
13627050 6651500.0
13631686 6653600.0
13636323 6655700.0
13640960 6657800.0
13645596 6659900.0
13650234 6662000.0
13654871 6664100.0
13659508 6666200.0
13664145 6668300.0
13668783 6670400.0
13673420 6672500.0
13678058 6674600.0
13682696 6676700.0
13687334 6678800.0
13691972 6680900.0
13696610 6683000.0
13701248 6685100.0
13705885 6687200.0
13710524 6689300.0
13715163 6691400.0
13719801 6693500.0
13724441 6695600.0
13729079 6697700.0
13733718 6699800.0
13738357 6701900.0
13742996 6704000.0
13747635 6706100.0
13752275 6708200.0
13756914 6710300.0
13761553 6712400.0
13766193 6714500.0
13770833 6716600.0
13775473 6718700.0
13780113 6720800.0
13784753 6722900.0
13789393 6725000.0
13794033 6727100.0
13798674 6729200.0
13803314 6731300.0
13807955 6733400.0
13812595 6735500.0
13817236 6737600.0
13821877 6739700.0
13826518 6741800.0
13831159 6743900.0
13835800 6746000.0
13840441 6748100.0
13845083 6750200.0
13849725 6752300.0
13854367 6754400.0
13859008 6756500.0
13863650 6758600.0
13868291 6760700.0
13872933 6762800.0
13877576 6764900.0
13882218 6767000.0
13886860 6769100.0
13891503 6771200.0
13896145 6773300.0
13900788 6775400.0
13905431 6777500.0
13910073 6779600.0
13914716 6781700.0
13919359 6783800.0
13924003 6785900.0
13928645 6788000.0
13933289 6790100.0
13937933 6792200.0
13942576 6794300.0
13947220 6796400.0
13951864 6798500.0
13956508 6800600.0
13961152 6802700.0
13965796 6804800.0
13970439 6806900.0
13975084 6809000.0
13979729 6811100.0
13984373 6813200.0
13989018 6815300.0
13993662 6817400.0
13998307 6819500.0
14002953 6821600.0
14007597 6823700.0
14012242 6825800.0
14016888 6827900.0
14021533 6830000.0
14026179 6832100.0
14030824 6834200.0
14035469 6836300.0
14040115 6838400.0
14044762 6840500.0
14049407 6842600.0
14054053 6844700.0
14058699 6846800.0
14063346 6848900.0
14067991 6851000.0
14072638 6853100.0
14077285 6855200.0
14081931 6857300.0
14086578 6859400.0
14091225 6861500.0
14095872 6863600.0
14100519 6865700.0
14105167 6867800.0
14109814 6869900.0
14114462 6872000.0
14119108 6874100.0
14123756 6876200.0
14128405 6878300.0
14133052 6880400.0
14137699 6882500.0
14142347 6884600.0
14146996 6886700.0
14151644 6888800.0
14156292 6890900.0
14160941 6893000.0
14165589 6895100.0
14170238 6897200.0
14174887 6899300.0
14179536 6901400.0
14184185 6903500.0
14188833 6905600.0
14193482 6907700.0
14198132 6909800.0
14202781 6911900.0
14207429 6914000.0
14212080 6916100.0
14216730 6918200.0
14221379 6920300.0
14226029 6922400.0
14230679 6924500.0
14235329 6926600.0
14239979 6928700.0
14244629 6930800.0
14249279 6932900.0
14253930 6935000.0
14258580 6937100.0
14263231 6939200.0
14267882 6941300.0
14272533 6943400.0
14277184 6945500.0
14281835 6947600.0
14286486 6949700.0
14291137 6951800.0
14295789 6953900.0
14300440 6956000.0
14305091 6958100.0
14309743 6960200.0
14314395 6962300.0
14319047 6964400.0
14323698 6966500.0
14328351 6968600.0
14333003 6970700.0
14337655 6972800.0
14342307 6974900.0
14346960 6977000.0
14351613 6979100.0
14356265 6981200.0
14360917 6983300.0
14365571 6985400.0
14370224 6987500.0
14374876 6989600.0
14379530 6991700.0
14384184 6993800.0
14388837 6995900.0
14393490 6998000.0
14398144 7000100.0
14402797 7002200.0
14407451 7004300.0
14412104 7006400.0
14416758 7008500.0
14421413 7010600.0
14426067 7012700.0
14430721 7014800.0
14435376 7016900.0
14440030 7019000.0
14444684 7021100.0
14449339 7023200.0
14453995 7025300.0
14458649 7027400.0
14463304 7029500.0
14467959 7031600.0
14472613 7033700.0
14477270 7035800.0
14481925 7037900.0
14486580 7040000.0
14491236 7042100.0
14495891 7044200.0
14500547 7046300.0
14505203 7048400.0
14509859 7050500.0
14514515 7052600.0
14519171 7054700.0
14523827 7056800.0
14528484 7058900.0
14533140 7061000.0
14537796 7063100.0
14542453 7065200.0
14547110 7067300.0
14551768 7069400.0
14556424 7071500.0
14561081 7073600.0
14565738 7075700.0
14570395 7077800.0
14575053 7079900.0
14579710 7082000.0
14584367 7084100.0
14589025 7086200.0
14593683 7088300.0
14598341 7090400.0
14602999 7092500.0
14607657 7094600.0
14612315 7096700.0
14616973 7098800.0
14621632 7100900.0
14626290 7103000.0
14630948 7105100.0
14635607 7107200.0
14640266 7109300.0
14644924 7111400.0
14649584 7113500.0
14654243 7115600.0
14658902 7117700.0
14663561 7119800.0
14668220 7121900.0
14672880 7124000.0
14677540 7126100.0
14682198 7128200.0
14686858 7130300.0
14691518 7132400.0
14696178 7134500.0
14700838 7136600.0
14705499 7138700.0
14710159 7140800.0
14714819 7142900.0
14719479 7145000.0
14724140 7147100.0
14728801 7149200.0
14733462 7151300.0
14738122 7153400.0
14742782 7155500.0
14747444 7157600.0
14752105 7159700.0
14756766 7161800.0
14761428 7163900.0
14766089 7166000.0
14770750 7168100.0
14775412 7170200.0
14780074 7172300.0
14784735 7174400.0
14789398 7176500.0
14794059 7178600.0
14798721 7180700.0
14803384 7182800.0
14808045 7184900.0
14812708 7187000.0
14817370 7189100.0
14822033 7191200.0
14826696 7193300.0
14831359 7195400.0
14836021 7197500.0
14840684 7199600.0
14845347 7201700.0
14850011 7203800.0
14854673 7205900.0
14859337 7208000.0
14864001 7210100.0
14868664 7212200.0
14873328 7214300.0
14877991 7216400.0
14882655 7218500.0
14887320 7220600.0
14891983 7222700.0
14896647 7224800.0
14901312 7226900.0
14905976 7229000.0
14910640 7231100.0
14915305 7233200.0
14919969 7235300.0
14924634 7237400.0
14929299 7239500.0
14933964 7241600.0
14938629 7243700.0
14943294 7245800.0
14947958 7247900.0
14952624 7250000.0
14957290 7252100.0
14961955 7254200.0
14966620 7256300.0
14971286 7258400.0
14975952 7260500.0
14980618 7262600.0
14985285 7264700.0
14989951 7266800.0
14994616 7268900.0
14999283 7271000.0
15003949 7273100.0
15008615 7275200.0
15013282 7277300.0
15017948 7279400.0
15022615 7281500.0
15027282 7283600.0
15031949 7285700.0
15036615 7287800.0
15041283 7289900.0
15045950 7292000.0
15050617 7294100.0
15055285 7296200.0
15059953 7298300.0
15064620 7300400.0
15069287 7302500.0
15073955 7304600.0
15078623 7306700.0
15083291 7308800.0
15087959 7310900.0
15092628 7313000.0
15097296 7315100.0
15101964 7317200.0
15106633 7319300.0
15111301 7321400.0
15115970 7323500.0
15120638 7325600.0
15125308 7327700.0
15129976 7329800.0
15134645 7331900.0
15139315 7334000.0
15143984 7336100.0
15148653 7338200.0
15153323 7340300.0
15157992 7342400.0
15162662 7344500.0
15167331 7346600.0
15172001 7348700.0
15176671 7350800.0
15181341 7352900.0
15186011 7355000.0
15190681 7357100.0
15195352 7359200.0
15200022 7361300.0
15204692 7363400.0
15209363 7365500.0
15214034 7367600.0
15218704 7369700.0
15223375 7371800.0
15228046 7373900.0
15232717 7376000.0
15237388 7378100.0
15242059 7380200.0
15246730 7382300.0
15251403 7384400.0
15256074 7386500.0
15260745 7388600.0
15265418 7390700.0
15270089 7392800.0
15274760 7394900.0
15279433 7397000.0
15284105 7399100.0
15288777 7401200.0
15293449 7403300.0
15298122 7405400.0
15302794 7407500.0
15307467 7409600.0
15312139 7411700.0
15316813 7413800.0
15321485 7415900.0
15326158 7418000.0
15330831 7420100.0
15335505 7422200.0
15340178 7424300.0
15344850 7426400.0
15349524 7428500.0
15354198 7430600.0
15358871 7432700.0
15363546 7434800.0
15368219 7436900.0
15372892 7439000.0
15377566 7441100.0
15382241 7443200.0
15386915 7445300.0
15391589 7447400.0
15396263 7449500.0
15400938 7451600.0
15405613 7453700.0
15410287 7455800.0
15414962 7457900.0
15419637 7460000.0
15424312 7462100.0
15428986 7464200.0
15433662 7466300.0
15438337 7468400.0
15443012 7470500.0
15447688 7472600.0
15452363 7474700.0
15457038 7476800.0
15461714 7478900.0
15466390 7481000.0
15471066 7483100.0
15475742 7485200.0
15480418 7487300.0
15485094 7489400.0
15489771 7491500.0
15494447 7493600.0
15499123 7495700.0
15503800 7497800.0
15508476 7499900.0
15513153 7502000.0
15517830 7504100.0
15522506 7506200.0
15527183 7508300.0
15531861 7510400.0
15536538 7512500.0
15541215 7514600.0
15545893 7516700.0
15550570 7518800.0
15555247 7520900.0
15559925 7523000.0
15564603 7525100.0
15569280 7527200.0
15573959 7529300.0
15578636 7531400.0
15583314 7533500.0
15587993 7535600.0
15592672 7537700.0
15597350 7539800.0
15602028 7541900.0
15606707 7544000.0
15611385 7546100.0
15616065 7548200.0
15620743 7550300.0
15625422 7552400.0
15630101 7554500.0
15634780 7556600.0
15639459 7558700.0
15644139 7560800.0
15648818 7562900.0
15653497 7565000.0
15658178 7567100.0
15662857 7569200.0
15667536 7571300.0
15672217 7573400.0
15676896 7575500.0
15681576 7577600.0
15686256 7579700.0
15690937 7581800.0
15695617 7583900.0
15700298 7586000.0
15704978 7588100.0
15709659 7590200.0
15714340 7592300.0
15719020 7594400.0
15723701 7596500.0
15728382 7598600.0
15733063 7600700.0
15737744 7602800.0
15742426 7604900.0
15747107 7607000.0
15751789 7609100.0
15756470 7611200.0
15761151 7613300.0
15765834 7615400.0
15770515 7617500.0
15775196 7619600.0
15779878 7621700.0
15784560 7623800.0
15789243 7625900.0
15793925 7628000.0
15798608 7630100.0
15803290 7632200.0
15807972 7634300.0
15812656 7636400.0
15817338 7638500.0
15822021 7640600.0
15826704 7642700.0
15831387 7644800.0
15836069 7646900.0
15840753 7649000.0
15845436 7651100.0
15850119 7653200.0
15854804 7655300.0
15859487 7657400.0
15864170 7659500.0
15868855 7661600.0
15873539 7663700.0
15878222 7665800.0
15882906 7667900.0
15887590 7670000.0
15892274 7672100.0
15896959 7674200.0
15901643 7676300.0
15906327 7678400.0
15911011 7680500.0
15915696 7682600.0
15920381 7684700.0
15925066 7686800.0
15929751 7688900.0
15934436 7691000.0
15939122 7693100.0
15943806 7695200.0
15948492 7697300.0
15953178 7699400.0
15957862 7701500.0
15962548 7703600.0
15967234 7705700.0
15971920 7707800.0
15976606 7709900.0
15981292 7712000.0
15985977 7714100.0
15990663 7716200.0
15995350 7718300.0
16000036 7720400.0
16004723 7722500.0
16009409 7724600.0
16014095 7726700.0
16018782 7728800.0
16023470 7730900.0
16028156 7733000.0
16032842 7735100.0
16037530 7737200.0
16042217 7739300.0
16046903 7741400.0
16051591 7743500.0
16056279 7745600.0
16060965 7747700.0
16065654 7749800.0
16070341 7751900.0
16075029 7754000.0
16079718 7756100.0
16084405 7758200.0
16089093 7760300.0
16093781 7762400.0
16098469 7764500.0
16103158 7766600.0
16107847 7768700.0
16112534 7770800.0
16117222 7772900.0
16121912 7775000.0
16126600 7777100.0
16131289 7779200.0
16135978 7781300.0
16140667 7783400.0
16145356 7785500.0
16150046 7787600.0
16154735 7789700.0
16159424 7791800.0
16164114 7793900.0
16168803 7796000.0
16173493 7798100.0
16178182 7800200.0
16182873 7802300.0
16187562 7804400.0
16192252 7806500.0
16196943 7808600.0
16201632 7810700.0
16206324 7812800.0
16211014 7814900.0
16215703 7817000.0
16220394 7819100.0
16225085 7821200.0
16229775 7823300.0
16234467 7825400.0
16239157 7827500.0
16243848 7829600.0
16248539 7831700.0
16253230 7833800.0
16257922 7835900.0
16262613 7838000.0
16267304 7840100.0
16271996 7842200.0
16276688 7844300.0
16281380 7846400.0
16286071 7848500.0
16290763 7850600.0
16295455 7852700.0
16300147 7854800.0
16304840 7856900.0
16309532 7859000.0
16314224 7861100.0
16318916 7863200.0
16323609 7865300.0
16328301 7867400.0
16332995 7869500.0
16337687 7871600.0
16342379 7873700.0
16347073 7875800.0
16351765 7877900.0
16356459 7880000.0
16361153 7882100.0
16365845 7884200.0
16370538 7886300.0
16375232 7888400.0
16379927 7890500.0
16384619 7892600.0
16389313 7894700.0
16394006 7896800.0
16398701 7898900.0
16403395 7901000.0
16408089 7903100.0
16412783 7905200.0
16417478 7907300.0
16422172 7909400.0
16426866 7911500.0
16431561 7913600.0
16436256 7915700.0
16440950 7917800.0
16445645 7919900.0
16450340 7922000.0
16455035 7924100.0
16459731 7926200.0
16464426 7928300.0
16469120 7930400.0
16473816 7932500.0
16478511 7934600.0
16483207 7936700.0
16487903 7938800.0
16492599 7940900.0
16497294 7943000.0
16501990 7945100.0
16506686 7947200.0
16511382 7949300.0
16516078 7951400.0
16520774 7953500.0
16525470 7955600.0
16530168 7957700.0
16534864 7959800.0
16539560 7961900.0
16544257 7964000.0
16548954 7966100.0
16553650 7968200.0
16558348 7970300.0
16563045 7972400.0
16567741 7974500.0
16572439 7976600.0
16577136 7978700.0
16581834 7980800.0
16586532 7982900.0
16591229 7985000.0
16595926 7987100.0
16600624 7989200.0
16605322 7991300.0
16610020 7993400.0
16614718 7995500.0
16619416 7997600.0
16624114 7999700.0
16628812 8001800.0
16633511 8003900.0
16638210 8006000.0
16642908 8008100.0
16647606 8010200.0
16652304 8012300.0
16657004 8014400.0
16661702 8016500.0
16666402 8018600.0
16671100 8020700.0
16675799 8022800.0
16680498 8024900.0
16685198 8027000.0
16689898 8029100.0
16694597 8031200.0
16699297 8033300.0
16703997 8035400.0
16708696 8037500.0
16713397 8039600.0
16718096 8041700.0
16722796 8043800.0
16727495 8045900.0
16732196 8048000.0
16736896 8050100.0
16741597 8052200.0
16746297 8054300.0
16750998 8056400.0
16755698 8058500.0
16760399 8060600.0
16765101 8062700.0
16769801 8064800.0
16774502 8066900.0
16779202 8069000.0
16783904 8071100.0
16788605 8073200.0
16793306 8075300.0
16798008 8077400.0
16802709 8079500.0
16807411 8081600.0
16812113 8083700.0
16816815 8085800.0
16821516 8087900.0
16826218 8090000.0
16830920 8092100.0
16835622 8094200.0
16840325 8096300.0
16845027 8098400.0
16849729 8100500.0
16854432 8102600.0
16859134 8104700.0
16863837 8106800.0
16868540 8108900.0
16873243 8111000.0
16877945 8113100.0
16882647 8115200.0
16887351 8117300.0
16892054 8119400.0
16896757 8121500.0
16901461 8123600.0
16906164 8125700.0
16910867 8127800.0
16915572 8129900.0
16920275 8132000.0
16924979 8134100.0
16929682 8136200.0
16934386 8138300.0
16939091 8140400.0
16943795 8142500.0
16948499 8144600.0
16953203 8146700.0
16957907 8148800.0
16962611 8150900.0
16967316 8153000.0
16972021 8155100.0
16976726 8157200.0
16981430 8159300.0
16986135 8161400.0
16990841 8163500.0
16995545 8165600.0
17000250 8167700.0
17004955 8169800.0
17009660 8171900.0
17014366 8174000.0
17019071 8176100.0
17023777 8178200.0
17028483 8180300.0
17033188 8182400.0
17037894 8184500.0
17042601 8186600.0
17047306 8188700.0
17052012 8190800.0
17056718 8192900.0
17061424 8195000.0
17066131 8197100.0
17070838 8199200.0
17075544 8201300.0
17080251 8203400.0
17084957 8205500.0
17089664 8207600.0
17094371 8209700.0
17099078 8211800.0
17103785 8213900.0
17108491 8216000.0
17113199 8218100.0
17117906 8220200.0
17122614 8222300.0
17127322 8224400.0
17132029 8226500.0
17136736 8228600.0
17141444 8230700.0
17146151 8232800.0
17150860 8234900.0
17155568 8237000.0
17160274 8239100.0
17164983 8241200.0
17169692 8243300.0
17174400 8245400.0
17179108 8247500.0
17183817 8249600.0
17188525 8251700.0
17193234 8253800.0
17197943 8255900.0
17202652 8258000.0
17207361 8260100.0
17212069 8262200.0
17216778 8264300.0
17221487 8266400.0
17226197 8268500.0
17230906 8270600.0
17235615 8272700.0
17240325 8274800.0
17245034 8276900.0
17249744 8279000.0
17254454 8281100.0
17259163 8283200.0
17263873 8285300.0
17268584 8287400.0
17273293 8289500.0
17278003 8291600.0
17282714 8293700.0
17287424 8295800.0
17292134 8297900.0
17296845 8300000.0
17301556 8302100.0
17306267 8304200.0
17310977 8306300.0
17315688 8308400.0
17320399 8310500.0
17325111 8312600.0
17329821 8314700.0
17334532 8316800.0
17339244 8318900.0
17343955 8321000.0
17348666 8323100.0
17353378 8325200.0
17358090 8327300.0
17362800 8329400.0
17367513 8331500.0
17372225 8333600.0
17376937 8335700.0
17381649 8337800.0
17386360 8339900.0
17391072 8342000.0
17395785 8344100.0
17400497 8346200.0
17405210 8348300.0
17409923 8350400.0
17414635 8352500.0
17419348 8354600.0
17424061 8356700.0
17428773 8358800.0
17433487 8360900.0
17438200 8363000.0
17442912 8365100.0
17447625 8367200.0
17452339 8369300.0
17457053 8371400.0
17461766 8373500.0
17466479 8375600.0
17471193 8377700.0
17475906 8379800.0
17480621 8381900.0
17485334 8384000.0
17490048 8386100.0
17494762 8388200.0
17499476 8390300.0
17504190 8392400.0
17508905 8394500.0
17513619 8396600.0
17518333 8398700.0
17523048 8400800.0
17527763 8402900.0
17532477 8405000.0
17537192 8407100.0
17541907 8409200.0
17546622 8411300.0
17551337 8413400.0
17556052 8415500.0
17560767 8417600.0
17565483 8419700.0
17570198 8421800.0
17574913 8423900.0
17579629 8426000.0
17584345 8428100.0
17589060 8430200.0
17593776 8432300.0
17598492 8434400.0
17603208 8436500.0
17607924 8438600.0
17612640 8440700.0
17617356 8442800.0
17622072 8444900.0
17626788 8447000.0
17631505 8449100.0
17636222 8451200.0
17640938 8453300.0
17645655 8455400.0
17650372 8457500.0
17655088 8459600.0
17659806 8461700.0
17664523 8463800.0
17669240 8465900.0
17673956 8468000.0
17678674 8470100.0
17683392 8472200.0
17688109 8474300.0
17692827 8476400.0
17697544 8478500.0
17702261 8480600.0
17706980 8482700.0
17711698 8484800.0
17716415 8486900.0
17721133 8489000.0
17725851 8491100.0
17730569 8493200.0
17735288 8495300.0
17740006 8497400.0
17744725 8499500.0
17749444 8501600.0
17754162 8503700.0
17758881 8505800.0
17763600 8507900.0
17768319 8510000.0
17773037 8512100.0
17777756 8514200.0
17782475 8516300.0
17787194 8518400.0
17791914 8520500.0
17796633 8522600.0
17801352 8524700.0
17806072 8526800.0
17810792 8528900.0
17815511 8531000.0
17820232 8533100.0
17824951 8535200.0
17829671 8537300.0
17834391 8539400.0
17839110 8541500.0
17843831 8543600.0
17848551 8545700.0
17853271 8547800.0
17857991 8549900.0
17862713 8552000.0
17867433 8554100.0
17872154 8556200.0
17876875 8558300.0
17881595 8560400.0
17886316 8562500.0
17891037 8564600.0
17895758 8566700.0
17900479 8568800.0
17905200 8570900.0
17909922 8573000.0
17914643 8575100.0
17919365 8577200.0
17924087 8579300.0
17928807 8581400.0
17933529 8583500.0
17938251 8585600.0
17942972 8587700.0
17947696 8589800.0
17952417 8591900.0
17957139 8594000.0
17961862 8596100.0
17966584 8598200.0
17971306 8600300.0
17976029 8602400.0
17980751 8604500.0
17985473 8606600.0
17990197 8608700.0
17994919 8610800.0
17999642 8612900.0
18004365 8615000.0
18009088 8617100.0
18013811 8619200.0
18018535 8621300.0
18023258 8623400.0
18027981 8625500.0
18032704 8627600.0
18037428 8629700.0
18042151 8631800.0
18046876 8633900.0
18051599 8636000.0
18056323 8638100.0
18061047 8640200.0
18065771 8642300.0
18070495 8644400.0
18075220 8646500.0
18079944 8648600.0
18084668 8650700.0
18089393 8652800.0
18094117 8654900.0
18098842 8657000.0
18103567 8659100.0
18108290 8661200.0
18113014 8663300.0
18117740 8665400.0
18122465 8667500.0
18127190 8669600.0
18131915 8671700.0
18136640 8673800.0
18141366 8675900.0
18146092 8678000.0
18150817 8680100.0
18155542 8682200.0
18160268 8684300.0
18164993 8686400.0
18169719 8688500.0
18174445 8690600.0
18179172 8692700.0
18183897 8694800.0
18188624 8696900.0
18193350 8699000.0
18198076 8701100.0
18202803 8703200.0
18207529 8705300.0
18212255 8707400.0
18216982 8709500.0
18221708 8711600.0
18226435 8713700.0
18231163 8715800.0
18235888 8717900.0
18240616 8720000.0
18245343 8722100.0
18250070 8724200.0
18254798 8726300.0
18259525 8728400.0
18264252 8730500.0
18268979 8732600.0
18273707 8734700.0
18278435 8736800.0
18283162 8738900.0
18287890 8741000.0
18292618 8743100.0
18297346 8745200.0
18302074 8747300.0
18306803 8749400.0
18311530 8751500.0
18316259 8753600.0
18320987 8755700.0
18325715 8757800.0
18330445 8759900.0
18335172 8762000.0
18339901 8764100.0
18344630 8766200.0
18349359 8768300.0
18354088 8770400.0
18358818 8772500.0
18363546 8774600.0
18368275 8776700.0
18373004 8778800.0
18377733 8780900.0
18382463 8783000.0
18387192 8785100.0
18391922 8787200.0
18396651 8789300.0
18401382 8791400.0
18406112 8793500.0
18410841 8795600.0
18415571 8797700.0
18420301 8799800.0
18425031 8801900.0
18429761 8804000.0
18434492 8806100.0
18439222 8808200.0
18443952 8810300.0
18448683 8812400.0
18453413 8814500.0
18458145 8816600.0
18462875 8818700.0
18467605 8820800.0
18472337 8822900.0
18477067 8825000.0
18481798 8827100.0
18486530 8829200.0
18491262 8831300.0
18495992 8833400.0
18500724 8835500.0
18505455 8837600.0
18510187 8839700.0
18514918 8841800.0
18519650 8843900.0
18524382 8846000.0
18529114 8848100.0
18533847 8850200.0
18538578 8852300.0
18543310 8854400.0
18548042 8856500.0
18552774 8858600.0
18557507 8860700.0
18562240 8862800.0
18566971 8864900.0
18571705 8867000.0
18576437 8869100.0
18581170 8871200.0
18585903 8873300.0
18590636 8875400.0
18595368 8877500.0
18600102 8879600.0
18604834 8881700.0
18609568 8883800.0
18614301 8885900.0
18619034 8888000.0
18623767 8890100.0
18628502 8892200.0
18633235 8894300.0
18637969 8896400.0
18642703 8898500.0
18647436 8900600.0
18652170 8902700.0
18656904 8904800.0
18661639 8906900.0
18666372 8909000.0
18671106 8911100.0
18675841 8913200.0
18680575 8915300.0
18685310 8917400.0
18690045 8919500.0
18694779 8921600.0
18699514 8923700.0
18704248 8925800.0
18708983 8927900.0
18713719 8930000.0
18718454 8932100.0
18723188 8934200.0
18727923 8936300.0
18732659 8938400.0
18737394 8940500.0
18742130 8942600.0
18746865 8944700.0
18751601 8946800.0
18756336 8948900.0
18761073 8951000.0
18765808 8953100.0
18770544 8955200.0
18775280 8957300.0
18780015 8959400.0
18784752 8961500.0
18789489 8963600.0
18794224 8965700.0
18798961 8967800.0
18803698 8969900.0
18808433 8972000.0
18813171 8974100.0
18817907 8976200.0
18822644 8978300.0
18827381 8980400.0
18832118 8982500.0
18836855 8984600.0
18841592 8986700.0
18846329 8988800.0
18851066 8990900.0
18855803 8993000.0
18860541 8995100.0
18865278 8997200.0
18870016 8999300.0
18874754 9001400.0
18879491 9003500.0
18884228 9005600.0
18888967 9007700.0
18893704 9009800.0
18898443 9011900.0
18903181 9014000.0
18907919 9016100.0
18912657 9018200.0
18917396 9020300.0
18922134 9022400.0
18926873 9024500.0
18931611 9026600.0
18936350 9028700.0
18941088 9030800.0
18945828 9032900.0
18950566 9035000.0
18955305 9037100.0
18960043 9039200.0
18964782 9041300.0
18969522 9043400.0
18974261 9045500.0
18979001 9047600.0
18983740 9049700.0
18988480 9051800.0
18993219 9053900.0
18997959 9056000.0
19002698 9058100.0
19007437 9060200.0
19012178 9062300.0
19016918 9064400.0
19021658 9066500.0
19026398 9068600.0
19031139 9070700.0
19035878 9072800.0
19040619 9074900.0
19045360 9077000.0
19050100 9079100.0
19054840 9081200.0
19059581 9083300.0
19064322 9085400.0
19069062 9087500.0
19073804 9089600.0
19078545 9091700.0
19083285 9093800.0
19088026 9095900.0
19092767 9098000.0
19097509 9100100.0
19102250 9102200.0
19106991 9104300.0
19111732 9106400.0
19116474 9108500.0
19121216 9110600.0
19125958 9112700.0
19130700 9114800.0
19135441 9116900.0
19140183 9119000.0
19144925 9121100.0
19149667 9123200.0
19154410 9125300.0
19159152 9127400.0
19163894 9129500.0
19168637 9131600.0
19173379 9133700.0
19178121 9135800.0
19182864 9137900.0
19187607 9140000.0
19192350 9142100.0
19197093 9144200.0
19201836 9146300.0
19206580 9148400.0
19211322 9150500.0
19216065 9152600.0
19220808 9154700.0
19225552 9156800.0
19230295 9158900.0
19235038 9161000.0
19239782 9163100.0
19244525 9165200.0
19249270 9167300.0
19254013 9169400.0
19258758 9171500.0
19263501 9173600.0
19268245 9175700.0
19272990 9177800.0
19277733 9179900.0
19282478 9182000.0
19287222 9184100.0
19291966 9186200.0
19296711 9188300.0
19301456 9190400.0
19306200 9192500.0
19310945 9194600.0
19315690 9196700.0
19320434 9198800.0
19325179 9200900.0
19329924 9203000.0
19334670 9205100.0
19339414 9207200.0
19344160 9209300.0
19348905 9211400.0
19353650 9213500.0
19358396 9215600.0
19363141 9217700.0
19367887 9219800.0
19372633 9221900.0
19377379 9224000.0
19382124 9226100.0
19386871 9228200.0
19391616 9230300.0
19396362 9232400.0
19401109 9234500.0
19405855 9236600.0
19410601 9238700.0
19415348 9240800.0
19420094 9242900.0
19424840 9245000.0
19429587 9247100.0
19434334 9249200.0
19439081 9251300.0
19443827 9253400.0
19448574 9255500.0
19453321 9257600.0
19458068 9259700.0
19462816 9261800.0
19467563 9263900.0
19472310 9266000.0
19477058 9268100.0
19481805 9270200.0
19486553 9272300.0
19491300 9274400.0
19496047 9276500.0
19500796 9278600.0
19505543 9280700.0
19510291 9282800.0
19515039 9284900.0
19519787 9287000.0
19524535 9289100.0
19529284 9291200.0
19534032 9293300.0
19538780 9295400.0
19543529 9297500.0
19548277 9299600.0
19553026 9301700.0
19557774 9303800.0
19562523 9305900.0
19567272 9308000.0
19572021 9310100.0
19576770 9312200.0
19581518 9314300.0
19586269 9316400.0
19591018 9318500.0
19595766 9320600.0
19600516 9322700.0
19605265 9324800.0
19610015 9326900.0
19614765 9329000.0
19619514 9331100.0
19624263 9333200.0
19629013 9335300.0
19633763 9337400.0
19638513 9339500.0
19643264 9341600.0
19648013 9343700.0
19652763 9345800.0
19657514 9347900.0
19662264 9350000.0
19667014 9352100.0
19671765 9354200.0
19676515 9356300.0
19681266 9358400.0
19686017 9360500.0
19690767 9362600.0
19695518 9364700.0
19700269 9366800.0
19705020 9368900.0
19709771 9371000.0
19714523 9373100.0
19719274 9375200.0
19724024 9377300.0
19728776 9379400.0
19733527 9381500.0
19738279 9383600.0
19743031 9385700.0
19747783 9387800.0
19752534 9389900.0
19757286 9392000.0
19762038 9394100.0
19766790 9396200.0
19771542 9398300.0
19776294 9400400.0
19781046 9402500.0
19785798 9404600.0
19790550 9406700.0
19795303 9408800.0
19800056 9410900.0
19804808 9413000.0
19809560 9415100.0
19814314 9417200.0
19819066 9419300.0
19823819 9421400.0
19828572 9423500.0
19833325 9425600.0
19838077 9427700.0
19842831 9429800.0
19847584 9431900.0
19852337 9434000.0
19857091 9436100.0
19861844 9438200.0
19866597 9440300.0
19871352 9442400.0
19876105 9444500.0
19880859 9446600.0
19885613 9448700.0
19890367 9450800.0
19895120 9452900.0
19899875 9455000.0
19904629 9457100.0
19909383 9459200.0
19914138 9461300.0
19918892 9463400.0
19923647 9465500.0
19928401 9467600.0
19933155 9469700.0
19937909 9471800.0
19942665 9473900.0
19947419 9476000.0
19952174 9478100.0
19956930 9480200.0
19961684 9482300.0
19966439 9484400.0
19971195 9486500.0
19975950 9488600.0
19980705 9490700.0
19985461 9492800.0
19990215 9494900.0
19994970 9497000.0
19999727 9499100.0
20004482 9501200.0
20009238 9503300.0
20013994 9505400.0
20018750 9507500.0
20023506 9509600.0
20028263 9511700.0
20033018 9513800.0
20037774 9515900.0
20042531 9518000.0
20047288 9520100.0
20052044 9522200.0
20056800 9524300.0
20061557 9526400.0
20066313 9528500.0
20071070 9530600.0
20075826 9532700.0
20080583 9534800.0
20085341 9536900.0
20090097 9539000.0
20094854 9541100.0
20099612 9543200.0
20104369 9545300.0
20109126 9547400.0
20113884 9549500.0
20118640 9551600.0
20123397 9553700.0
20128156 9555800.0
20132913 9557900.0
20137671 9560000.0
20142429 9562100.0
20147187 9564200.0
20151945 9566300.0
20156703 9568400.0
20161461 9570500.0
20166219 9572600.0
20170977 9574700.0
20175736 9576800.0
20180494 9578900.0
20185253 9581000.0
20190012 9583100.0
20194769 9585200.0
20199529 9587300.0
20204288 9589400.0
20209045 9591500.0
20213805 9593600.0
20218564 9595700.0
20223323 9597800.0
20228082 9599900.0
20232841 9602000.0
20237601 9604100.0
20242360 9606200.0
20247119 9608300.0
20251879 9610400.0
20256639 9612500.0
20261398 9614600.0
20266158 9616700.0
20270918 9618800.0
20275678 9620900.0
20280438 9623000.0
20285197 9625100.0
20289958 9627200.0
20294717 9629300.0
20299478 9631400.0
20304238 9633500.0
20308999 9635600.0
20313759 9637700.0
20318520 9639800.0
20323280 9641900.0
20328041 9644000.0
20332802 9646100.0
20337562 9648200.0
20342324 9650300.0
20347084 9652400.0
20351844 9654500.0
20356606 9656600.0
20361367 9658700.0
20366129 9660800.0
20370890 9662900.0
20375651 9665000.0
20380413 9667100.0
20385175 9669200.0
20389936 9671300.0
20394698 9673400.0
20399459 9675500.0
20404221 9677600.0
20408983 9679700.0
20413745 9681800.0
20418507 9683900.0
20423269 9686000.0
20428032 9688100.0
20432794 9690200.0
20437556 9692300.0
20442319 9694400.0
20447082 9696500.0
20451843 9698600.0
20456606 9700700.0
20461368 9702800.0
20466132 9704900.0
20470895 9707000.0
20475657 9709100.0
20480420 9711200.0
20485184 9713300.0
20489946 9715400.0
20494710 9717500.0
20499473 9719600.0
20504236 9721700.0
20508999 9723800.0
20513763 9725900.0
20518527 9728000.0
20523290 9730100.0
20528054 9732200.0
20532818 9734300.0
20537582 9736400.0
20542346 9738500.0
20547110 9740600.0
20551873 9742700.0
20556638 9744800.0
20561402 9746900.0
20566166 9749000.0
20570931 9751100.0
20575695 9753200.0
20580459 9755300.0
20585224 9757400.0
20589989 9759500.0
20594753 9761600.0
20599519 9763700.0
20604283 9765800.0
20609048 9767900.0
20613813 9770000.0
20618578 9772100.0
20623343 9774200.0
20628109 9776300.0
20632873 9778400.0
20637639 9780500.0
20642405 9782600.0
20647170 9784700.0
20651936 9786800.0
20656701 9788900.0
20661467 9791000.0
20666232 9793100.0
20670999 9795200.0
20675765 9797300.0
20680530 9799400.0
20685296 9801500.0
20690062 9803600.0
20694828 9805700.0
20699596 9807800.0
20704362 9809900.0
20709128 9812000.0
20713895 9814100.0
20718661 9816200.0
20723428 9818300.0
20728195 9820400.0
20732961 9822500.0
20737728 9824600.0
20742495 9826700.0
20747262 9828800.0
20752029 9830900.0
20756796 9833000.0
20761563 9835100.0
20766331 9837200.0
20771098 9839300.0
20775866 9841400.0
20780633 9843500.0
20785401 9845600.0
20790168 9847700.0
20794935 9849800.0
20799704 9851900.0
20804472 9854000.0
20809239 9856100.0
20814008 9858200.0
20818776 9860300.0
20823544 9862400.0
20828313 9864500.0
20833081 9866600.0
20837849 9868700.0
20842617 9870800.0
20847385 9872900.0
20852154 9875000.0
20856923 9877100.0
20861691 9879200.0
20866460 9881300.0
20871229 9883400.0
20875998 9885500.0
20880767 9887600.0
20885537 9889700.0
20890306 9891800.0
20895074 9893900.0
20899844 9896000.0
20904613 9898100.0
20909382 9900200.0
20914152 9902300.0
20918922 9904400.0
20923691 9906500.0
20928461 9908600.0
20933231 9910700.0
20938001 9912800.0
20942771 9914900.0
20947540 9917000.0
20952310 9919100.0
20957081 9921200.0
20961851 9923300.0
20966621 9925400.0
20971391 9927500.0
20976162 9929600.0
20980932 9931700.0
20985703 9933800.0
20990474 9935900.0
20995244 9938000.0
21000015 9940100.0
21004786 9942200.0
21009557 9944300.0
21014328 9946400.0
21019099 9948500.0
21023870 9950600.0
21028641 9952700.0
21033413 9954800.0
21038184 9956900.0
21042955 9959000.0
21047727 9961100.0
21052498 9963200.0
21057270 9965300.0
21062042 9967400.0
21066813 9969500.0
21071585 9971600.0
21076357 9973700.0
21081128 9975800.0
21085902 9977900.0
21090673 9980000.0
21095446 9982100.0
21100218 9984200.0
21104990 9986300.0
21109762 9988400.0
21114535 9990500.0
21119308 9992600.0
21124079 9994700.0
21128852 9996800.0
21133625 9998900.0
